%YAML:1.0
meanshape: [ 0., 6.25360031e+01, 6.48125458e+00, 9.61486740e+01,
    1.60102005e+01, 1.29305603e+02, 2.80910416e+01, 1.61253906e+02,
    4.59968719e+01, 1.90141113e+02, 7.00548248e+01, 2.14170410e+02,
    1.00820969e+02, 2.28108582e+02, 1.34937851e+02, 2.30923523e+02,
    1.67606934e+02, 2.21518494e+02, 1.94350281e+02, 2.00608154e+02,
    2.12772095e+02, 1.72133423e+02, 2.23141998e+02, 1.39079803e+02,
    2.27100403e+02, 1.05544670e+02, 2.29559357e+02, 7.13922653e+01,
    2.29134552e+02, 3.67625122e+01, 2.09353546e+02, 1.72155533e+01,
    1.85221924e+02, 0., 1.51364929e+02, 7.46943665e+00, 1.35281281e+02,
    2.35019226e+01, 1.57374298e+02, 1.81169662e+01, 1.84326447e+02,
    1.21583786e+01, 1.66759338e+01, 4.09694138e+01, 3.30708694e+01,
    1.76735001e+01, 6.63725586e+01, 1.64744034e+01, 9.06526031e+01,
    2.93974152e+01, 6.36423645e+01, 2.83747940e+01, 3.78720322e+01,
    2.86827621e+01, 4.13116455e+01, 5.68644943e+01, 6.02491455e+01,
    4.23298111e+01, 8.45590973e+01, 5.32398148e+01, 6.25499573e+01,
    6.07775116e+01, 6.09072876e+01, 5.06507034e+01, 1.87482117e+02,
    4.03707962e+01, 1.65093033e+02, 3.14028473e+01, 1.45068680e+02,
    4.65674362e+01, 1.68342987e+02, 4.94281082e+01, 1.64670746e+02,
    3.90069580e+01, 9.75900116e+01, 5.36356888e+01, 9.90477905e+01,
    8.69260483e+01, 9.18438263e+01, 1.11909279e+02, 1.00932281e+02,
    1.23610664e+02, 1.25296600e+02, 1.26778679e+02, 1.45951431e+02,
    1.19503487e+02, 1.52392578e+02, 1.04269890e+02, 1.39061417e+02,
    8.20932312e+01, 1.32688583e+02, 4.99529953e+01, 1.07686401e+02,
    1.18925301e+02, 1.37767044e+02, 1.15071999e+02, 8.04071350e+01,
    1.58208954e+02, 9.97861633e+01, 1.51012329e+02, 1.15913467e+02,
    1.46994507e+02, 1.26984818e+02, 1.49140564e+02, 1.37984344e+02,
    1.44282196e+02, 1.53535355e+02, 1.45440247e+02, 1.70672882e+02,
    1.47915283e+02, 1.60163681e+02, 1.62434692e+02, 1.46809158e+02,
    1.72089478e+02, 1.30594940e+02, 1.78198120e+02, 1.11516800e+02,
    1.76747498e+02, 9.61701050e+01, 1.70496429e+02, 1.07889069e+02,
    1.62620300e+02, 1.28800705e+02, 1.63285767e+02, 1.47552185e+02,
    1.57787048e+02, 1.46804565e+02, 1.52090240e+02, 1.28026276e+02,
    1.55823090e+02, 1.08567963e+02, 1.56385681e+02, 1.28491684e+02,
    1.59460754e+02, 1.21693054e+02, 1.05959663e+02 ]
shapeEigenvector: !!opencv-matrix
   rows: 136
   cols: 8
   dt: d
   data: [ 2.8152784705162048e-01, 1.0419201105833054e-01,
       -1.4527666568756104e-01, -1.2414324097335339e-02,
       -3.7161663174629211e-02, 4.1182152926921844e-02,
       -1.9017145037651062e-01, 8.9821517467498779e-02,
       2.4695260822772980e-01, 6.6309705376625061e-02,
       -7.2092659771442413e-02, -3.1331140547990799e-02,
       5.4327227175235748e-02, -1.9099276512861252e-02,
       -1.2400789558887482e-01, -6.4511276781558990e-02,
       2.2320756316184998e-01, 1.9506677985191345e-02,
       -4.1695132851600647e-02, -3.6366283893585205e-02,
       9.7648531198501587e-02, -5.0884131342172623e-03,
       -9.1246061027050018e-02, -1.1705348640680313e-01,
       1.9956952333450317e-01, -3.0075177550315857e-02,
       -2.9330562800168991e-02, -1.1745834723114967e-02,
       1.0238588601350784e-01, 9.2740580439567566e-02,
       -4.4871617108583450e-02, -1.0848484933376312e-01,
       1.6368733346462250e-01, -7.2219416499137878e-02,
       -2.5563884526491165e-02, 4.1294626891613007e-02,
       6.2800467014312744e-02, 9.8333209753036499e-02,
       -2.0329901599325240e-04, -9.9317118525505066e-02,
       1.3766847550868988e-01, -8.7592132389545441e-02,
       -1.4007125981152058e-02, 7.5352013111114502e-02,
       4.4167167507112026e-03, 7.2675339877605438e-02,
       7.4673198163509369e-02, -7.5874276459217072e-02,
       1.3997332751750946e-01, -2.7397669851779938e-02,
       7.8448113054037094e-03, 4.7543086111545563e-02,
       -5.0898720510303974e-03, 1.5452056191861629e-02,
       -3.1578145921230316e-02, -1.1636149138212204e-01,
       1.5511795878410339e-01, -1.4201323501765728e-02,
       -1.2433992698788643e-02, 4.7287691384553909e-02,
       9.6042662335094064e-05, 2.0892608910799026e-02,
       7.5636491179466248e-02, -6.3241638243198395e-02,
       1.6060087084770203e-01, 3.4459426999092102e-02,
       -1.8276793882250786e-02, 2.2637236863374710e-02,
       2.0633671432733536e-02, 7.0127048529684544e-03,
       6.7679926753044128e-02, -8.0098479986190796e-02,
       1.8014591932296753e-01, 8.5621856153011322e-02,
       1.2279331684112549e-02, -4.6167444437742233e-02,
       3.8667451590299606e-02, -1.6365578398108482e-02,
       9.4185076653957367e-02, 3.7684948183596134e-03,
       1.9621646404266357e-01, 4.6390287578105927e-02,
       9.0796612203121185e-02, -6.5501853823661804e-02,
       -1.7072128830477595e-03, -4.6722844243049622e-02,
       1.1871283501386642e-01, 1.9225521013140678e-02,
       1.8766674399375916e-01, -3.5938587039709091e-02,
       1.0385588556528091e-01, 3.4764368087053299e-02,
       -2.3939549922943115e-02, 6.3354969024658203e-02,
       1.7870117723941803e-01, 1.4091022312641144e-01,
       1.8914060294628143e-01, -8.3786688745021820e-02,
       1.4893995225429535e-01, 8.3572939038276672e-02,
       -1.7747273668646812e-03, 7.7044829726219177e-02,
       1.3309107720851898e-01, 1.3593341410160065e-01,
       2.0402842760086060e-01, -1.0012596845626831e-01,
       1.3343134522438049e-01, 7.6060123741626740e-02,
       -4.8246560618281364e-03, 6.4458571374416351e-02,
       1.1130192130804062e-01, 8.4025405347347260e-02,
       2.3089340329170227e-01, -1.3944895565509796e-01,
       1.4374844729900360e-01, 6.0421597212553024e-02,
       -9.9483327940106392e-03, 2.6514969766139984e-02,
       3.8743097335100174e-02, -3.9619742892682552e-03,
       4.8615917563438416e-02, -1.6892643272876740e-01,
       1.1177013069391251e-01, -4.2757511138916016e-02,
       5.4146055132150650e-02, -2.6554504036903381e-01,
       -1.8483687192201614e-02, -9.6118733286857605e-02,
       -3.9795236662030220e-03, -1.1620488762855530e-01,
       1.2971115112304688e-01, -7.4366539716720581e-02,
       8.9162386953830719e-02, -1.3690364360809326e-01,
       -9.3328341841697693e-02, 8.5115887224674225e-02,
       -7.9974345862865448e-02, -1.3835884630680084e-01,
       1.5460900962352753e-01, 1.1343988031148911e-01,
       -1.4216303825378418e-01, -1.8485863506793976e-01,
       4.2352806776762009e-02, 1.2499648332595825e-01,
       -1.1797952651977539e-01, -6.9286085665225983e-02,
       7.4917554855346680e-02, 1.8379208445549011e-01,
       -1.6955485939979553e-01, -1.5747219324111938e-01,
       5.1178861409425735e-02, -3.4545548260211945e-02,
       -7.9720966517925262e-02, -1.2919439375400543e-01,
       1.2811134755611420e-01, 1.2988008558750153e-01,
       -1.1189454048871994e-01, -1.1998730897903442e-01,
       -4.5496456325054169e-02, 1.3969309628009796e-01,
       -3.5936520434916019e-03, -1.3443671166896820e-01,
       7.0510968565940857e-02, 2.7084764093160629e-02,
       2.9947955626994371e-03, -1.3201566040515900e-01,
       -1.8357808887958527e-01, 2.0120075345039368e-01,
       9.2588238418102264e-02, 2.2582574188709259e-01,
       -1.3140590488910675e-01, 8.1820428371429443e-02,
       -1.5300175547599792e-01, 1.7443436384201050e-01,
       -2.6488047093153000e-02, 1.2662973999977112e-01,
       2.1406887099146843e-02, 1.0646743327379227e-01,
       -4.2414474301040173e-03, 1.2081508338451385e-01,
       -1.9838541746139526e-01, -5.3406748920679092e-02,
       2.1452248096466064e-01, 2.2624272853136063e-02,
       4.4790338724851608e-03, 9.8198696970939636e-02,
       -1.1699707806110382e-01, 5.3013451397418976e-02,
       -2.3811293765902519e-02, 9.8864465951919556e-02,
       -7.7779896557331085e-02, -6.1186298727989197e-02,
       -3.4225147217512131e-02, 1.1767037212848663e-01,
       -1.5989267826080322e-01, 1.4073976874351501e-01,
       -3.5699274390935898e-02, 8.1228441558778286e-04,
       -2.8570637106895447e-02, -4.8730075359344482e-02,
