%YAML:1.0
landmark: [ 8.67405624e+01, 2.38249847e+02, 9.27263641e+01,
    2.76712219e+02, 1.02874710e+02, 3.14674866e+02, 1.11299408e+02,
    3.50084808e+02, 1.33379440e+02, 3.83545319e+02, 1.59013535e+02,
    4.10254669e+02, 1.88972321e+02, 4.30992798e+02, 2.21940765e+02,
    4.44184723e+02, 2.56010803e+02, 4.44419586e+02, 2.83115143e+02,
    4.32834991e+02, 3.02357117e+02, 4.08925598e+02, 3.16310028e+02,
    3.80745453e+02, 3.25271057e+02, 3.50891785e+02, 3.29675781e+02,
    3.19509155e+02, 3.30524200e+02, 2.85894043e+02, 3.30941986e+02,
    2.53162827e+02, 3.30061371e+02, 2.22258957e+02, 1.25893066e+02,
    2.30346939e+02, 1.20032616e+02, 1.99911057e+02, 1.41318604e+02,
    1.69270798e+02, 1.78262970e+02, 1.64284790e+02, 2.07185120e+02,
    1.73948364e+02, 2.59249176e+02, 1.71615036e+02, 2.82956238e+02,
    1.63373489e+02, 3.05678986e+02, 1.65928467e+02, 3.19186981e+02,
    1.84062088e+02, 3.23016266e+02, 2.09689774e+02, 2.35562637e+02,
    2.06208237e+02, 2.38217728e+02, 2.31784836e+02, 2.40554214e+02,
    2.56191803e+02, 2.43616898e+02, 2.78556976e+02, 2.25074753e+02,
    2.98348907e+02, 2.35153152e+02, 2.99927917e+02, 2.47461014e+02,
    3.02060547e+02, 2.57899231e+02, 2.96819916e+02, 2.66020630e+02,
    2.91794373e+02, 1.59195572e+02, 2.13848007e+02, 1.71218567e+02,
    2.04946198e+02, 1.85376968e+02, 2.05049957e+02, 1.97344482e+02,
    2.15960083e+02, 1.85173126e+02, 2.20844772e+02, 1.68641846e+02,
    2.21539642e+02, 2.66285797e+02, 2.07558228e+02, 2.77752136e+02,
    1.96878494e+02, 2.90155548e+02, 1.97312332e+02, 2.98103851e+02,
    2.07378723e+02, 2.90390289e+02, 2.13301956e+02, 2.77100983e+02,
    2.12191956e+02, 2.11971573e+02, 3.54502411e+02, 2.24703629e+02,
    3.40714905e+02, 2.41115738e+02, 3.33717865e+02, 2.50209702e+02,
    3.36457184e+02, 2.60405426e+02, 3.30759125e+02, 2.71699036e+02,
    3.36678955e+02, 2.81625122e+02, 3.44844421e+02, 2.72427948e+02,
    3.59390594e+02, 2.62557770e+02, 3.68530975e+02, 2.51548538e+02,
    3.71655151e+02, 2.41657181e+02, 3.71538666e+02, 2.27264297e+02,
    3.65410797e+02, 2.17304932e+02, 3.53301849e+02, 2.41745453e+02,
    3.44097656e+02, 2.51081055e+02, 3.45286652e+02, 2.61247589e+02,
    3.41762268e+02, 2.73893005e+02, 3.45649933e+02, 2.61299805e+02,
    3.52638245e+02, 2.51566376e+02, 3.55012268e+02, 2.42418198e+02,
    3.57853302e+02 ]
noOfLandmarkPoint: 68
