%YAML:1.0
landmark: [ 1.34930298e+02, 1.56661285e+02, 1.38404358e+02,
    1.74479584e+02, 1.43671432e+02, 1.89160782e+02, 1.49722733e+02,
    2.06306793e+02, 1.53421356e+02, 2.23788849e+02, 1.60700485e+02,
    2.40513611e+02, 1.72696625e+02, 2.55054535e+02, 1.91411774e+02,
    2.65364349e+02, 2.12368134e+02, 2.67829651e+02, 2.34445190e+02,
    2.65027405e+02, 2.52152008e+02, 2.56959015e+02, 2.69297577e+02,
    2.47881165e+02, 2.85657745e+02, 2.35216614e+02, 2.89019196e+02,
    2.12915680e+02, 2.88458862e+02, 1.90726929e+02, 2.88307587e+02,
    1.71048706e+02, 2.88186371e+02, 1.47071259e+02, 1.41539139e+02,
    1.24771103e+02, 1.46751801e+02, 1.15459091e+02, 1.55912674e+02,
    1.11002625e+02, 1.66267929e+02, 1.10351242e+02, 1.77448303e+02,
    1.13699226e+02, 2.13352051e+02, 1.07811554e+02, 2.25051163e+02,
    1.01571159e+02, 2.38737030e+02, 9.95401154e+01, 2.50239716e+02,
    1.00966568e+02, 2.58951691e+02, 1.06391525e+02, 2.04634613e+02,
    1.29766037e+02, 2.05531006e+02, 1.41420883e+02, 2.05979431e+02,
    1.53859970e+02, 2.06427841e+02, 1.66859390e+02, 1.92917786e+02,
    1.79207077e+02, 2.00558121e+02, 1.80240036e+02, 2.08009018e+02,
    1.83234222e+02, 2.16214630e+02, 1.78931961e+02, 2.23058884e+02,
    1.75837784e+02, 1.60041046e+02, 1.40330200e+02, 1.67963242e+02,
    1.33468658e+02, 1.75834213e+02, 1.33328873e+02, 1.84575577e+02,
    1.38671295e+02, 1.76506500e+02, 1.40920486e+02, 1.67849655e+02,
    1.42151718e+02, 2.26780457e+02, 1.33250778e+02, 2.33519791e+02,
    1.27359062e+02, 2.42736984e+02, 1.24417946e+02, 2.52598602e+02,
    1.30550720e+02, 2.45679504e+02, 1.32683029e+02, 2.35228256e+02,
    1.34361053e+02, 1.86369293e+02, 2.16258591e+02, 1.92293503e+02,
    2.05970428e+02, 2.02324799e+02, 1.99274857e+02, 2.09753281e+02,
    2.00494614e+02, 2.18823334e+02, 1.96054703e+02, 2.30290176e+02,
    1.99843430e+02, 2.40939056e+02, 2.09336670e+02, 2.33322861e+02,
    2.16392288e+02, 2.22662079e+02, 2.19101379e+02, 2.12942337e+02,
    2.21739868e+02, 2.05238174e+02, 2.22239853e+02, 1.95089539e+02,
    2.20999405e+02, 1.90681442e+02, 2.14938583e+02, 2.03703217e+02,
    2.07677383e+02, 2.10874756e+02, 2.06025391e+02, 2.19840088e+02,
    2.04700897e+02, 2.35564514e+02, 2.09223099e+02, 2.21220276e+02,
    2.11013275e+02, 2.12030716e+02, 2.14150864e+02, 2.04245682e+02,
    2.14686630e+02 ]
noOfLandmarkPoint: 68
