%YAML:1.0
landmark: [ 5.12254486e+01, 9.30406799e+01, 5.18425674e+01,
    1.09640915e+02, 5.35714531e+01, 1.26773994e+02, 5.91939392e+01,
    1.39038300e+02, 6.73994827e+01, 1.49213516e+02, 7.61689148e+01,
    1.58184402e+02, 8.69763489e+01, 1.67821350e+02, 9.87394714e+01,
    1.72296219e+02, 1.07090919e+02, 1.72659439e+02, 1.13821945e+02,
    1.70131332e+02, 1.21511391e+02, 1.60973740e+02, 1.29057236e+02,
    1.49660889e+02, 1.36674500e+02, 1.37614090e+02, 1.41913330e+02,
    1.25424454e+02, 1.44585342e+02, 1.11360291e+02, 1.44069611e+02,
    1.01775169e+02, 1.42312088e+02, 9.17834167e+01, 7.21970978e+01,
    9.11067429e+01, 7.74756470e+01, 8.55825806e+01, 8.48623734e+01,
    8.20447006e+01, 9.45988312e+01, 8.38205795e+01, 1.03607452e+02,
    8.74709015e+01, 1.20769287e+02, 8.73549500e+01, 1.26038445e+02,
    8.36582413e+01, 1.31585678e+02, 8.13910065e+01, 1.36600677e+02,
    7.99788284e+01, 1.40298660e+02, 8.20436249e+01, 1.14054855e+02,
    1.00108604e+02, 1.15117943e+02, 1.07567421e+02, 1.16401360e+02,
    1.15256111e+02, 1.17899055e+02, 1.22865494e+02, 1.04572777e+02,
    1.26670189e+02, 1.09807678e+02, 1.27878242e+02, 1.14749001e+02,
    1.29782562e+02, 1.19027802e+02, 1.28025024e+02, 1.22433746e+02,
    1.25973923e+02, 8.39701920e+01, 9.77267990e+01, 8.96773911e+01,
    9.63974228e+01, 9.47615585e+01, 9.65065308e+01, 9.80544586e+01,
    9.96188965e+01, 9.37756577e+01, 1.00495689e+02, 8.89449005e+01,
    9.97314377e+01, 1.24710945e+02, 9.77483215e+01, 1.28550293e+02,
    9.47647934e+01, 1.32732269e+02, 9.34150696e+01, 1.37148605e+02,
    9.43086319e+01, 1.34962357e+02, 9.70749741e+01, 1.30373978e+02,
    9.84710999e+01, 8.48035507e+01, 1.34870667e+02, 9.70348206e+01,
    1.33297607e+02, 1.08844116e+02, 1.33040970e+02, 1.12412201e+02,
    1.34102982e+02, 1.15439835e+02, 1.32919388e+02, 1.20093002e+02,
    1.32014191e+02, 1.24816116e+02, 1.33222244e+02, 1.19275574e+02,
    1.46470871e+02, 1.13291862e+02, 1.51588882e+02, 1.08185486e+02,
    1.51632736e+02, 1.03594765e+02, 1.52080933e+02, 9.33392334e+01,
    1.49299835e+02, 8.67416077e+01, 1.35747467e+02, 1.08194756e+02,
    1.35675919e+02, 1.11825043e+02, 1.36150146e+02, 1.15168747e+02,
    1.35413696e+02, 1.20785324e+02, 1.34870667e+02, 1.13676003e+02,
    1.46048828e+02, 1.09008392e+02, 1.46393448e+02, 1.04546921e+02,
    1.46623886e+02 ]
noOfLandmarkPoint: 68
