%YAML:1.0
landmark: [ 2.02754288e+02, 1.82365631e+02, 2.03794235e+02,
    2.06688400e+02, 2.06674881e+02, 2.30797638e+02, 2.12335724e+02,
    2.54799881e+02, 2.23443451e+02, 2.76938995e+02, 2.37691589e+02,
    2.97950439e+02, 2.56194641e+02, 3.14940552e+02, 2.77796143e+02,
    3.29531525e+02, 3.04582123e+02, 3.36552368e+02, 3.26547729e+02,
    3.26703461e+02, 3.37487518e+02, 3.05984619e+02, 3.51073486e+02,
    2.83386749e+02, 3.63762817e+02, 2.62619476e+02, 3.69179504e+02,
    2.43352158e+02, 3.70589813e+02, 2.23567993e+02, 3.72252014e+02,
    2.03384415e+02, 3.76314941e+02, 1.79830750e+02, 2.26881287e+02,
    1.68414047e+02, 2.41804474e+02, 1.61260208e+02, 2.56592590e+02,
    1.60731476e+02, 2.71646515e+02, 1.61866501e+02, 2.85203949e+02,
    1.69819199e+02, 3.23083862e+02, 1.73285446e+02, 3.35371826e+02,
    1.64959015e+02, 3.49544800e+02, 1.61102753e+02, 3.63291901e+02,
    1.62493622e+02, 3.71081879e+02, 1.71544342e+02, 3.05463013e+02,
    1.87465775e+02, 3.05734253e+02, 2.05589722e+02, 3.06102020e+02,
    2.22528198e+02, 3.06365570e+02, 2.39794846e+02, 2.87055695e+02,
    2.44959564e+02, 2.96718719e+02, 2.48426193e+02, 3.04433533e+02,
    2.52353348e+02, 3.13538055e+02, 2.47133942e+02, 3.21726715e+02,
    2.44198624e+02, 2.45666031e+02, 1.89009476e+02, 2.57278473e+02,
    1.84269852e+02, 2.69479187e+02, 1.85535828e+02, 2.77507721e+02,
    1.91149353e+02, 2.67808777e+02, 1.91945389e+02, 2.56754944e+02,
    1.91992630e+02, 3.25152069e+02, 1.89605881e+02, 3.32919586e+02,
    1.82990005e+02, 3.44084320e+02, 1.82181442e+02, 3.54130676e+02,
    1.86402145e+02, 3.45566101e+02, 1.90198990e+02, 3.34426086e+02,
    1.90657867e+02, 2.60561340e+02, 2.66361786e+02, 2.77223907e+02,
    2.62222198e+02, 2.93392303e+02, 2.60874939e+02, 3.02654053e+02,
    2.60926819e+02, 3.14260284e+02, 2.59584229e+02, 3.24546600e+02,
    2.60271301e+02, 3.38992126e+02, 2.61954041e+02, 3.27444916e+02,
    2.84875153e+02, 3.14583191e+02, 2.95981476e+02, 3.03527985e+02,
    2.98111145e+02, 2.92677521e+02, 2.97545166e+02, 2.75202057e+02,
    2.85650787e+02, 2.65657227e+02, 2.67461487e+02, 2.93602783e+02,
    2.68386932e+02, 3.02904877e+02, 2.68514893e+02, 3.14875427e+02,
    2.67830139e+02, 3.31054535e+02, 2.66956024e+02, 3.14421906e+02,
    2.83371857e+02, 3.03202698e+02, 2.88779480e+02, 2.92952118e+02,
    2.86806000e+02 ]
noOfLandmarkPoint: 68
