%YAML:1.0
landmark: [ 9.21125031e+01, 1.97337494e+02, 9.13874969e+01,
    2.16912506e+02, 9.35821762e+01, 2.42287506e+02, 9.54296417e+01,
    2.64675720e+02, 9.78075409e+01, 2.84775513e+02, 1.08072342e+02,
    3.04363037e+02, 1.23287498e+02, 3.20557983e+02, 1.41412506e+02,
    3.35812500e+02, 1.63397614e+02, 3.41602661e+02, 1.84912506e+02,
    3.41632172e+02, 2.08102661e+02, 3.32902649e+02, 2.31557449e+02,
    3.24192810e+02, 2.53287766e+02, 3.10652924e+02, 2.68502930e+02,
    2.90568359e+02, 2.78897888e+02, 2.67632996e+02, 2.85687500e+02,
    2.45187500e+02, 2.91007446e+02, 2.20263031e+02, 1.02973000e+02,
    1.75949249e+02, 1.10949478e+02, 1.59537506e+02, 1.29774857e+02,
    1.59294540e+02, 1.46462845e+02, 1.65119171e+02, 1.62723175e+02,
    1.73710968e+02, 2.02032150e+02, 1.71228668e+02, 2.18478653e+02,
    1.69166519e+02, 2.33652771e+02, 1.68682709e+02, 2.48801559e+02,
    1.70281799e+02, 2.60791534e+02, 1.78630402e+02, 1.79455566e+02,
    1.90047394e+02, 1.77744171e+02, 2.05216629e+02, 1.76544281e+02,
    2.19812973e+02, 1.74879471e+02, 2.35313034e+02, 1.54672638e+02,
    2.40418991e+02, 1.63319366e+02, 2.44763565e+02, 1.73686523e+02,
    2.49482651e+02, 1.83721649e+02, 2.46955276e+02, 1.93640381e+02,
    2.43239563e+02, 1.21129341e+02, 1.87582748e+02, 1.32215775e+02,
    1.83172745e+02, 1.44021149e+02, 1.84637680e+02, 1.52618164e+02,
    1.92504700e+02, 1.41798141e+02, 1.93382156e+02, 1.30747025e+02,
    1.92075165e+02, 2.09247604e+02, 1.97140625e+02, 2.16679276e+02,
    1.89751068e+02, 2.29161911e+02, 1.91513229e+02, 2.41213821e+02,
    1.97978958e+02, 2.31125198e+02, 1.98863266e+02, 2.19932800e+02,
    1.98987961e+02, 1.32208008e+02, 2.69254211e+02, 1.47140869e+02,
    2.64345551e+02, 1.61771530e+02, 2.61872345e+02, 1.71137497e+02,
    2.64772339e+02, 1.84667557e+02, 2.64527405e+02, 2.03596268e+02,
    2.69622070e+02, 2.23232697e+02, 2.76827209e+02, 2.02929428e+02,
    2.91434326e+02, 1.82965851e+02, 2.98073975e+02, 1.69429398e+02,
    2.97342896e+02, 1.58516693e+02, 2.96098602e+02, 1.44246384e+02,
    2.87706726e+02, 1.36758820e+02, 2.70565338e+02, 1.61407608e+02,
    2.71108948e+02, 1.71043076e+02, 2.71536743e+02, 1.84347290e+02,
    2.73144104e+02, 2.17858185e+02, 2.77339447e+02, 1.83354004e+02,
    2.88213440e+02, 1.69715256e+02, 2.86668884e+02, 1.59707611e+02,
    2.85194672e+02 ]
noOfLandmarkPoint: 68
