%YAML:1.0
landmark: [ 8.73101807e+01, 1.11909210e+02, 8.50177002e+01,
    1.20678856e+02, 8.45254211e+01, 1.28948883e+02, 8.86588364e+01,
    1.39017990e+02, 9.51770782e+01, 1.49957245e+02, 1.03205688e+02,
    1.61035034e+02, 1.07352684e+02, 1.73692535e+02, 1.13015472e+02,
    1.79469742e+02, 1.25153542e+02, 1.79543243e+02, 1.36837204e+02,
    1.76457153e+02, 1.47853546e+02, 1.71104919e+02, 1.60359192e+02,
    1.63926392e+02, 1.70805801e+02, 1.54772583e+02, 1.75745224e+02,
    1.41633194e+02, 1.76231201e+02, 1.29195786e+02, 1.76895279e+02,
    1.17074287e+02, 1.77007187e+02, 1.04916451e+02, 8.26256790e+01,
    9.72144012e+01, 8.72321472e+01, 9.45092697e+01, 9.25937347e+01,
    9.34993591e+01, 9.85684891e+01, 9.53194122e+01, 1.03760689e+02,
    9.76066742e+01, 1.19642586e+02, 9.76366653e+01, 1.27563156e+02,
    9.50542145e+01, 1.34569458e+02, 9.37669601e+01, 1.42538712e+02,
    9.33555374e+01, 1.49688095e+02, 9.43750687e+01, 1.09790077e+02,
    1.11811600e+02, 1.08200943e+02, 1.17683228e+02, 1.06536232e+02,
    1.23705994e+02, 1.04871513e+02, 1.30160156e+02, 1.03555283e+02,
    1.36546097e+02, 1.06665337e+02, 1.37915863e+02, 1.10426163e+02,
    1.39285629e+02, 1.13974953e+02, 1.36833694e+02, 1.18613266e+02,
    1.34881393e+02, 9.05934143e+01, 1.08806503e+02, 9.27724457e+01,
    1.05696449e+02, 9.74789810e+01, 1.05696449e+02, 1.00952202e+02,
    1.08299530e+02, 9.71913834e+01, 1.10766159e+02, 9.29162445e+01,
    1.11409584e+02, 1.26315437e+02, 1.07929016e+02, 1.31672745e+02,
    1.05174789e+02, 1.37022705e+02, 1.04599594e+02, 1.41305191e+02,
    1.07134445e+02, 1.37749054e+02, 1.09306129e+02, 1.32679337e+02,
    1.09722984e+02, 1.02261093e+02, 1.48281998e+02, 1.04795944e+02,
    1.45089035e+02, 1.08756950e+02, 1.43809509e+02, 1.12733093e+02,
    1.44879959e+02, 1.17123550e+02, 1.43696503e+02, 1.32248245e+02,
    1.43714447e+02, 1.44341599e+02, 1.44872849e+02, 1.35630905e+02,
    1.54290085e+02, 1.21937683e+02, 1.59802734e+02, 1.17229034e+02,
    1.60323822e+02, 1.12531013e+02, 1.59842804e+02, 1.07439995e+02,
    1.55896667e+02, 1.04795944e+02, 1.48788971e+02, 1.09796173e+02,
    1.48401840e+02, 1.13483002e+02, 1.48152969e+02, 1.18397263e+02,
    1.47379745e+02, 1.42342621e+02, 1.45732590e+02, 1.20689034e+02,
    1.55733124e+02, 1.15608826e+02, 1.55805954e+02, 1.11721725e+02,
    1.54655136e+02 ]
noOfLandmarkPoint: 68
