%YAML:1.0
landmark: [ 2.63225677e+02, 1.33611755e+02, 2.65690796e+02,
    1.52751511e+02, 2.69504028e+02, 1.72581055e+02, 2.77655731e+02,
    1.91531738e+02, 2.84714966e+02, 2.10531403e+02, 2.92793152e+02,
    2.28890305e+02, 3.02243988e+02, 2.47462799e+02, 3.14427216e+02,
    2.62324829e+02, 3.30368988e+02, 2.68878540e+02, 3.50157471e+02,
    2.66101715e+02, 3.67960907e+02, 2.52337357e+02, 3.87301605e+02,
    2.35961044e+02, 4.00113922e+02, 2.14477844e+02, 4.09351166e+02,
    1.94917801e+02, 4.10156555e+02, 1.69139084e+02, 4.09844940e+02,
    1.45118103e+02, 4.09179688e+02, 1.23257545e+02, 2.65715302e+02,
    1.24595001e+02, 2.66916443e+02, 1.09335083e+02, 2.81889252e+02,
    1.06369293e+02, 2.94207886e+02, 1.12269463e+02, 3.05983734e+02,
    1.19377693e+02, 3.30015411e+02, 1.17420181e+02, 3.44404205e+02,
    1.07526657e+02, 3.60509827e+02, 1.03138336e+02, 3.76691620e+02,
    1.02153351e+02, 3.87376801e+02, 1.14209503e+02, 3.15391907e+02,
    1.29637863e+02, 3.14825531e+02, 1.44339859e+02, 3.14222809e+02,
    1.58985611e+02, 3.13794464e+02, 1.73605774e+02, 3.04036926e+02,
    1.81909393e+02, 3.08869141e+02, 1.85130875e+02, 3.15714752e+02,
    1.87144302e+02, 3.26989929e+02, 1.86338928e+02, 3.37862427e+02,
    1.80701340e+02, 2.79646576e+02, 1.32353180e+02, 2.81651184e+02,
    1.24332413e+02, 2.92169983e+02, 1.20914932e+02, 3.02643158e+02,
    1.32179123e+02, 2.94925598e+02, 1.35600479e+02, 2.86166931e+02,
    1.35782547e+02, 3.41852936e+02, 1.30184586e+02, 3.49277679e+02,
    1.19895973e+02, 3.58991119e+02, 1.19279694e+02, 3.67825653e+02,
    1.28548355e+02, 3.61708282e+02, 1.33201981e+02, 3.51463867e+02,
    1.33209061e+02, 3.02310577e+02, 2.10037628e+02, 3.04036926e+02,
    1.99627518e+02, 3.14576630e+02, 1.99273697e+02, 3.24849243e+02,
    2.01047089e+02, 3.41096649e+02, 1.98987747e+02, 3.52811859e+02,
    2.01804993e+02, 3.59441589e+02, 2.09408585e+02, 3.54952515e+02,
    2.27045090e+02, 3.44529327e+02, 2.36235580e+02, 3.25885742e+02,
    2.36479538e+02, 3.12023071e+02, 2.34438156e+02, 3.05223816e+02,
    2.24409164e+02, 3.05989624e+02, 2.09482086e+02, 3.14852600e+02,
    2.03132996e+02, 3.24969757e+02, 2.03699707e+02, 3.41298676e+02,
    2.02420273e+02, 3.56796692e+02, 2.09290741e+02, 3.43788116e+02,
    2.26495224e+02, 3.26163849e+02, 2.25235748e+02, 3.13467804e+02,
    2.21169312e+02 ]
noOfLandmarkPoint: 68
