%YAML:1.0
landmark: [ 1.10480232e+02, 1.33557495e+02, 1.11060646e+02,
    1.52761459e+02, 1.11112762e+02, 1.72493713e+02, 1.09919586e+02,
    1.86486526e+02, 1.13488319e+02, 2.05207092e+02, 1.27121742e+02,
    2.17235855e+02, 1.47838730e+02, 2.29525162e+02, 1.69331985e+02,
    2.39009430e+02, 1.89260101e+02, 2.40809967e+02, 2.04077805e+02,
    2.38367966e+02, 2.09701828e+02, 2.30461060e+02, 2.17218781e+02,
    2.15728210e+02, 2.26090302e+02, 2.01390381e+02, 2.32666046e+02,
    1.84709106e+02, 2.34589844e+02, 1.72238541e+02, 2.34433517e+02,
    1.59165771e+02, 2.35314011e+02, 1.46536835e+02, 1.43252914e+02,
    1.29726410e+02, 1.52756958e+02, 1.25232254e+02, 1.64570084e+02,
    1.22114555e+02, 1.76174759e+02, 1.23647346e+02, 1.86827042e+02,
    1.26889038e+02, 2.05933960e+02, 1.27437103e+02, 2.15509888e+02,
    1.24351753e+02, 2.25209793e+02, 1.24175652e+02, 2.33004944e+02,
    1.27208893e+02, 2.38171158e+02, 1.31846817e+02, 1.97727600e+02,
    1.41444595e+02, 2.00057480e+02, 1.51944977e+02, 2.02945648e+02,
    1.62335587e+02, 2.05098389e+02, 1.72883652e+02, 1.85470352e+02,
    1.77508987e+02, 1.91772232e+02, 1.81142410e+02, 1.97297852e+02,
    1.85284363e+02, 2.06854004e+02, 1.83535934e+02, 2.12104675e+02,
    1.79830643e+02, 1.54837830e+02, 1.36928574e+02, 1.62580856e+02,
    1.34299637e+02, 1.70075928e+02, 1.34547623e+02, 1.75137909e+02,
    1.39237640e+02, 1.68823456e+02, 1.40013931e+02, 1.61400269e+02,
    1.39009430e+02, 2.08171158e+02, 1.40666214e+02, 2.13128937e+02,
    1.36152298e+02, 2.20500000e+02, 1.36028305e+02, 2.26690475e+02,
    1.39785721e+02, 2.21960922e+02, 1.41390381e+02, 2.15418243e+02,
    1.41618591e+02, 1.53004944e+02, 1.90490112e+02, 1.68477463e+02,
    1.85385788e+02, 1.82760712e+02, 1.87288284e+02, 1.94121887e+02,
    1.92011932e+02, 2.03635422e+02, 1.89434509e+02, 2.10225571e+02,
    1.89187057e+02, 2.15599518e+02, 1.89580673e+02, 2.09775833e+02,
    2.04847702e+02, 2.03669815e+02, 2.11794693e+02, 1.92965408e+02,
    2.13451477e+02, 1.81765045e+02, 2.12375107e+02, 1.66410156e+02,
    2.06432617e+02, 1.56990570e+02, 1.90790207e+02, 1.82836243e+02,
    1.91811920e+02, 1.94005966e+02, 1.95718826e+02, 2.03689911e+02,
    1.92787827e+02, 2.12994949e+02, 1.91280975e+02, 2.03427017e+02,
    2.04228134e+02, 1.93317612e+02, 2.06889038e+02, 1.82293350e+02,
    2.04860291e+02 ]
noOfLandmarkPoint: 68
