%YAML:1.0
landmark: [ 6.93786850e+01, 1.45327148e+02, 6.68772583e+01,
    1.68714676e+02, 6.65909958e+01, 1.93920090e+02, 7.27522202e+01,
    2.17583160e+02, 8.55147705e+01, 2.40539993e+02, 1.05473907e+02,
    2.59022339e+02, 1.26401405e+02, 2.74345642e+02, 1.47563263e+02,
    2.88252930e+02, 1.73307297e+02, 2.95120300e+02, 1.94322174e+02,
    2.91725098e+02, 2.08606995e+02, 2.73435791e+02, 2.20180725e+02,
    2.55026245e+02, 2.29314636e+02, 2.35929825e+02, 2.33964798e+02,
    2.16371033e+02, 2.40447174e+02, 1.95950058e+02, 2.47572647e+02,
    1.76561523e+02, 2.48708679e+02, 1.57031631e+02, 1.09986870e+02,
    1.34889267e+02, 1.26479134e+02, 1.26622452e+02, 1.43040741e+02,
    1.22927681e+02, 1.60268402e+02, 1.24770844e+02, 1.75812469e+02,
    1.30741791e+02, 2.03874405e+02, 1.34653915e+02, 2.17896790e+02,
    1.31035889e+02, 2.30030441e+02, 1.28908234e+02, 2.41199860e+02,
    1.32640228e+02, 2.48297424e+02, 1.42666351e+02, 1.91411606e+02,
    1.47844528e+02, 1.91857452e+02, 1.67462234e+02, 1.92433716e+02,
    1.87045746e+02, 1.92427017e+02, 2.08156982e+02, 1.68789276e+02,
    2.09406616e+02, 1.75917145e+02, 2.12808395e+02, 1.85118317e+02,
    2.16684387e+02, 1.95230133e+02, 2.16238083e+02, 2.01975403e+02,
    2.11077576e+02, 1.33102371e+02, 1.43479019e+02, 1.43191589e+02,
    1.39575409e+02, 1.54212906e+02, 1.41264832e+02, 1.61924759e+02,
    1.49776978e+02, 1.52942841e+02, 1.53228424e+02, 1.41174484e+02,
    1.51222748e+02, 2.03700241e+02, 1.53167923e+02, 2.12615982e+02,
    1.45788467e+02, 2.23848709e+02, 1.46784485e+02, 2.31317856e+02,
    1.54287491e+02, 2.24467026e+02, 1.58201813e+02, 2.13815750e+02,
    1.57943451e+02, 1.43078033e+02, 2.42898270e+02, 1.62178925e+02,
    2.38912109e+02, 1.73573746e+02, 2.37981613e+02, 1.79662140e+02,
    2.42184769e+02, 1.90350937e+02, 2.37543152e+02, 1.99451767e+02,
    2.41541504e+02, 2.07098236e+02, 2.44995880e+02, 1.99572479e+02,
    2.52726364e+02, 1.90727753e+02, 2.56514221e+02, 1.80396866e+02,
    2.57197968e+02, 1.73326385e+02, 2.56927917e+02, 1.62418152e+02,
    2.53009384e+02, 1.47197845e+02, 2.43623932e+02, 1.73164566e+02,
    2.45891968e+02, 1.79713364e+02, 2.47032150e+02, 1.90911316e+02,
    2.46538712e+02, 2.03259293e+02, 2.45455978e+02, 1.90911316e+02,
    2.46538712e+02, 1.79713364e+02, 2.47032150e+02, 1.73164566e+02,
    2.45891968e+02 ]
noOfLandmarkPoint: 68
