%YAML:1.0
landmark: [ 2.59986755e+02, 2.33897720e+02, 2.61679321e+02,
    2.60251526e+02, 2.65144897e+02, 2.81066376e+02, 2.71622955e+02,
    3.09760315e+02, 2.80973175e+02, 3.35196960e+02, 2.89616669e+02,
    3.61940216e+02, 3.01331024e+02, 3.82419647e+02, 3.12486816e+02,
    4.04051422e+02, 3.35489960e+02, 4.09703552e+02, 3.62870392e+02,
    4.06644897e+02, 3.90620636e+02, 3.93205444e+02, 4.17956055e+02,
    3.75327850e+02, 4.43065125e+02, 3.55886841e+02, 4.61480591e+02,
    3.32449677e+02, 4.69831543e+02, 2.99031342e+02, 4.68628723e+02,
    2.64908386e+02, 4.67052734e+02, 2.22532440e+02, 2.53891251e+02,
    2.10624771e+02, 2.63586945e+02, 2.03347000e+02, 2.76733978e+02,
    2.03314560e+02, 2.90532623e+02, 2.07772049e+02, 3.03445587e+02,
    2.13237930e+02, 3.33075073e+02, 2.16614258e+02, 3.54017303e+02,
    2.09482574e+02, 3.73177185e+02, 2.06360565e+02, 3.91107361e+02,
    2.10589584e+02, 4.07360992e+02, 2.16964798e+02, 3.20109161e+02,
    2.33909393e+02, 3.19429962e+02, 2.54560532e+02, 3.18354950e+02,
    2.74809937e+02, 3.16738464e+02, 2.97155090e+02, 3.10763306e+02,
    3.05390137e+02, 3.18374542e+02, 3.09195801e+02, 3.27071533e+02,
    3.11269989e+02, 3.35284851e+02, 3.06237732e+02, 3.43166718e+02,
    3.02960724e+02, 2.72775848e+02, 2.25767746e+02, 2.79744659e+02,
    2.19407608e+02, 2.91919312e+02, 2.22014648e+02, 3.04279663e+02,
    2.31302780e+02, 2.89760284e+02, 2.35015732e+02, 2.77464569e+02,
    2.34226578e+02, 3.55420044e+02, 2.34011703e+02, 3.63879333e+02,
    2.22228088e+02, 3.79184326e+02, 2.23070053e+02, 3.91228485e+02,
    2.30863449e+02, 3.79161774e+02, 2.37290192e+02, 3.65996460e+02,
    2.38440170e+02, 3.06820831e+02, 3.38209869e+02, 3.12291626e+02,
    3.31457275e+02, 3.20200623e+02, 3.29383118e+02, 3.27972015e+02,
    3.31526093e+02, 3.37167175e+02, 3.30323273e+02, 3.54836334e+02,
    3.36558350e+02, 3.64473480e+02, 3.40858856e+02, 3.55854614e+02,
    3.46674164e+02, 3.36368866e+02, 3.53403931e+02, 3.27352936e+02,
    3.54090271e+02, 3.18634949e+02, 3.51640442e+02, 3.11638733e+02,
    3.47327728e+02, 3.10411316e+02, 3.36987732e+02, 3.20306396e+02,
    3.35214447e+02, 3.27515472e+02, 3.37623566e+02, 3.36227020e+02,
    3.37208710e+02, 3.60035339e+02, 3.39697723e+02, 3.36203735e+02,
    3.40985779e+02, 3.27343292e+02, 3.40638000e+02, 3.20038483e+02,
    3.38161560e+02 ]
noOfLandmarkPoint: 68
