%YAML:1.0
landmark: [ 5.46666679e+01, 2.28885422e+02, 5.11020546e+01,
    2.48399902e+02, 5.18426933e+01, 2.70055115e+02, 5.67500000e+01,
    2.93052979e+02, 6.50833359e+01, 3.11697906e+02, 7.75833359e+01,
    3.29406250e+02, 9.37291641e+01, 3.44510406e+02, 1.12479164e+02,
    3.55447906e+02, 1.33833328e+02, 3.58052094e+02, 1.56229172e+02,
    3.54406250e+02, 1.77062500e+02, 3.44510406e+02, 1.95291672e+02,
    3.27843750e+02, 2.09965881e+02, 3.12878174e+02, 2.19895233e+02,
    2.92646881e+02, 2.19665756e+02, 2.67173767e+02, 2.18346924e+02,
    2.46698822e+02, 2.17329102e+02, 2.28746826e+02, 7.89021759e+01,
    2.06245926e+02, 8.67146759e+01, 2.01615784e+02, 9.65292892e+01,
    1.99092850e+02, 1.06668777e+02, 2.02275208e+02, 1.15962563e+02,
    2.06117004e+02, 1.50361420e+02, 2.02982330e+02, 1.59516602e+02,
    1.99255280e+02, 1.69713470e+02, 1.98075027e+02, 1.78591492e+02,
    2.02275208e+02, 1.86518723e+02, 2.07263733e+02, 1.34719223e+02,
    2.13715454e+02, 1.35391220e+02, 2.25207047e+02, 1.34752838e+02,
    2.36212189e+02, 1.34131302e+02, 2.47835434e+02, 1.18862823e+02,
    2.53716110e+02, 1.26081490e+02, 2.57405609e+02, 1.34597397e+02,
    2.61926605e+02, 1.42482742e+02, 2.58159088e+02, 1.51537140e+02,
    2.57035492e+02, 8.87833710e+01, 2.18573776e+02, 9.56839905e+01,
    2.15916809e+02, 1.03519150e+02, 2.16530304e+02, 1.11075859e+02,
    2.18055634e+02, 1.03905731e+02, 2.19279999e+02, 9.59490128e+01,
    2.19563721e+02, 1.58920135e+02, 2.19426392e+02, 1.65610214e+02,
    2.15663055e+02, 1.73117538e+02, 2.16022507e+02, 1.79809998e+02,
    2.18688385e+02, 1.73175064e+02, 2.19737701e+02, 1.66082657e+02,
    2.20260620e+02, 1.02284492e+02, 2.86387695e+02, 1.14732872e+02,
    2.77369659e+02, 1.25649338e+02, 2.74459442e+02, 1.33882339e+02,
    2.76848236e+02, 1.43308502e+02, 2.75560913e+02, 1.56765305e+02,
    2.79806671e+02, 1.68127121e+02, 2.87056305e+02, 1.57882706e+02,
    3.01897217e+02, 1.43735825e+02, 3.09532715e+02, 1.34315140e+02,
    3.09777893e+02, 1.24591019e+02, 3.08701508e+02, 1.12929703e+02,
    3.01869690e+02, 1.05892090e+02, 2.85677643e+02, 1.25363602e+02,
    2.79203064e+02, 1.33880600e+02, 2.80120697e+02, 1.43558472e+02,
    2.79883514e+02, 1.64423920e+02, 2.87495911e+02, 1.43883759e+02,
    3.02025299e+02, 1.34076538e+02, 3.02647919e+02, 1.25012985e+02,
    3.01287964e+02 ]
noOfLandmarkPoint: 68
