%YAML:1.0
landmark: [ 5.60544548e+01, 1.42088547e+02, 5.98032799e+01,
    1.61945297e+02, 6.71771011e+01, 1.82948761e+02, 7.64218597e+01,
    1.97637192e+02, 9.14751892e+01, 2.10215042e+02, 1.09116058e+02,
    2.20771439e+02, 1.31795425e+02, 2.27317322e+02, 1.50232666e+02,
    2.32787125e+02, 1.68250610e+02, 2.31250778e+02, 1.82299561e+02,
    2.26136505e+02, 1.84664185e+02, 2.09408783e+02, 1.86863113e+02,
    1.94403397e+02, 1.85775620e+02, 1.79564240e+02, 1.84777847e+02,
    1.67777603e+02, 1.87044373e+02, 1.52696167e+02, 1.86138123e+02,
    1.43294495e+02, 1.81816833e+02, 1.34014847e+02, 9.64393616e+01,
    1.28692215e+02, 1.06091461e+02, 1.22032120e+02, 1.17887093e+02,
    1.18488342e+02, 1.28753189e+02, 1.15682861e+02, 1.41534607e+02,
    1.16507286e+02, 1.57242447e+02, 1.15681671e+02, 1.63258041e+02,
    1.11246292e+02, 1.70331680e+02, 1.08808540e+02, 1.76406250e+02,
    1.08596779e+02, 1.80607300e+02, 1.10470299e+02, 1.53320251e+02,
    1.27697563e+02, 1.58018707e+02, 1.37062973e+02, 1.63000549e+02,
    1.45991684e+02, 1.68737839e+02, 1.55480911e+02, 1.52755280e+02,
    1.67297180e+02, 1.58997284e+02, 1.67260773e+02, 1.64261139e+02,
    1.68785263e+02, 1.68397156e+02, 1.66867767e+02, 1.71779968e+02,
    1.64765106e+02, 1.11880371e+02, 1.35003128e+02, 1.17180168e+02,
    1.30857529e+02, 1.24542740e+02, 1.28617279e+02, 1.29799667e+02,
    1.31480377e+02, 1.26226524e+02, 1.35473526e+02, 1.19140144e+02,
    1.36790390e+02, 1.61603775e+02, 1.27958420e+02, 1.67122040e+02,
    1.23599220e+02, 1.74025238e+02, 1.22623207e+02, 1.76774536e+02,
    1.26027153e+02, 1.74001038e+02, 1.29670502e+02, 1.67645325e+02,
    1.30091217e+02, 1.40099548e+02, 1.94908401e+02, 1.51945068e+02,
    1.86570557e+02, 1.60199387e+02, 1.81488480e+02, 1.64040466e+02,
    1.82508301e+02, 1.68596619e+02, 1.80860977e+02, 1.73620728e+02,
    1.84020004e+02, 1.77253067e+02, 1.89934525e+02, 1.74528625e+02,
    1.94356384e+02, 1.70634644e+02, 1.98019455e+02, 1.66120316e+02,
    1.99708450e+02, 1.60999908e+02, 1.99571701e+02, 1.52618713e+02,
    1.99134125e+02, 1.43626816e+02, 1.94537659e+02, 1.60149948e+02,
    1.87477432e+02, 1.64397385e+02, 1.87900787e+02, 1.68971268e+02,
    1.87207962e+02, 1.74923126e+02, 1.89854401e+02, 1.69297989e+02,
    1.91721375e+02, 1.64739487e+02, 1.92611908e+02, 1.60827927e+02,
    1.92563446e+02 ]
noOfLandmarkPoint: 68
