%YAML:1.0
landmark: [ 9.85597687e+01, 1.40512756e+02, 9.94486771e+01,
    1.56754944e+02, 1.00827362e+02, 1.72105240e+02, 1.03143738e+02,
    1.86827362e+02, 1.06113297e+02, 2.00990952e+02, 1.15798531e+02,
    2.16127136e+02, 1.28219254e+02, 2.26944885e+02, 1.43464752e+02,
    2.38752060e+02, 1.57650543e+02, 2.41272079e+02, 1.71454803e+02,
    2.40663879e+02, 1.89415146e+02, 2.30866074e+02, 2.02726654e+02,
    2.20636093e+02, 2.13330322e+02, 2.07338196e+02, 2.18543060e+02,
    1.93290695e+02, 2.21707336e+02, 1.77476746e+02, 2.26541595e+02,
    1.59438599e+02, 2.30354065e+02, 1.40658249e+02, 1.07055191e+02,
    1.19482300e+02, 1.17557892e+02, 1.12132668e+02, 1.29385818e+02,
    1.10238670e+02, 1.41170898e+02, 1.10540329e+02, 1.52033020e+02,
    1.16765701e+02, 1.74620132e+02, 1.18141838e+02, 1.85892151e+02,
    1.12540833e+02, 1.98145798e+02, 1.12629379e+02, 2.09545837e+02,
    1.18310249e+02, 2.20079636e+02, 1.25461983e+02, 1.63045090e+02,
    1.35278000e+02, 1.62231247e+02, 1.48637039e+02, 1.61390793e+02,
    1.61870575e+02, 1.60686462e+02, 1.73735504e+02, 1.51217957e+02,
    1.80094269e+02, 1.56058472e+02, 1.82324844e+02, 1.60589676e+02,
    1.84083649e+02, 1.65628418e+02, 1.81828598e+02, 1.70914169e+02,
    1.80548447e+02, 1.21895805e+02, 1.37886459e+02, 1.28828323e+02,
    1.32295258e+02, 1.39307098e+02, 1.32974823e+02, 1.46101578e+02,
    1.41347092e+02, 1.37200455e+02, 1.43141037e+02, 1.27864136e+02,
    1.41556793e+02, 1.79988708e+02, 1.42149323e+02, 1.88852356e+02,
    1.33570648e+02, 1.99421005e+02, 1.33225937e+02, 2.05198410e+02,
    1.39643539e+02, 2.00321152e+02, 1.44684204e+02, 1.90166061e+02,
    1.44760315e+02, 1.33538864e+02, 2.00585220e+02, 1.44267105e+02,
    1.97745422e+02, 1.52775589e+02, 1.95696213e+02, 1.58216599e+02,
    1.96986282e+02, 1.63402924e+02, 1.95929230e+02, 1.74292694e+02,
    1.98247971e+02, 1.86884430e+02, 2.03270844e+02, 1.74214630e+02,
    2.13086533e+02, 1.64978516e+02, 2.15240387e+02, 1.59312378e+02,
    2.15393860e+02, 1.52343277e+02, 2.14982330e+02, 1.43874374e+02,
    2.09930618e+02, 1.36377701e+02, 2.02291382e+02, 1.52570633e+02,
    2.03749893e+02, 1.59031052e+02, 2.04792709e+02, 1.63923767e+02,
    2.04320114e+02, 1.82691772e+02, 2.04997147e+02, 1.63923767e+02,
    2.04320114e+02, 1.59031052e+02, 2.04792709e+02, 1.52570633e+02,
    2.03749893e+02 ]
noOfLandmarkPoint: 68
