%YAML:1.0
landmark: [ 2.80553375e+02, 9.68774719e+01, 2.76758881e+02,
    1.21067192e+02, 2.79130432e+02, 1.48577072e+02, 2.83873505e+02,
    1.74664032e+02, 2.88142303e+02, 1.99328064e+02, 2.92411072e+02,
    2.20671936e+02, 2.98102753e+02, 2.43913040e+02, 3.15177856e+02,
    2.49604736e+02, 3.46482208e+02, 2.49130432e+02, 3.76363647e+02,
    2.49130432e+02, 4.01027679e+02, 2.48181824e+02, 4.20948608e+02,
    2.42490112e+02, 4.39920959e+02, 2.25415024e+02, 4.56047424e+02,
    2.01699600e+02, 4.67430817e+02, 1.73715408e+02, 4.73596832e+02,
    1.46205536e+02, 4.79762848e+02, 1.17747040e+02, 2.82450592e+02,
    3.18972321e+01, 2.90513824e+02, 3.04743080e+01, 2.99525696e+02,
    3.23715439e+01, 3.10909088e+02, 3.37944641e+01, 3.19446625e+02,
    3.71146240e+01, 3.85375488e+02, 30., 4.09565216e+02, 2.33596840e+01,
    4.30434784e+02, 2.38339920e+01, 4.44189728e+02, 3.09486179e+01,
    4.52727264e+02, 3.75889320e+01, 3.48853760e+02, 7.64822159e+01,
    3.42213440e+02, 9.35573120e+01, 3.38893280e+02, 1.06837944e+02,
    3.35098816e+02, 1.18695648e+02, 3.17549408e+02, 1.45256912e+02,
    3.30355743e+02, 1.45731232e+02, 3.40316193e+02, 1.45256912e+02,
    3.49802368e+02, 1.45256912e+02, 3.68774719e+02, 1.45256912e+02,
    2.92411072e+02, 7.79051361e+01, 2.99051392e+02, 6.88932800e+01,
    3.15177856e+02, 7.03162079e+01, 3.27984192e+02, 8.02766800e+01,
    3.14229248e+02, 8.40711441e+01, 3.00474304e+02, 8.45454559e+01,
    3.88221344e+02, 7.88537521e+01, 3.96758881e+02, 6.74703598e+01,
    4.12411072e+02, 6.74703598e+01, 4.26166016e+02, 7.50592880e+01,
    4.12885376e+02, 8.07509842e+01, 3.97707520e+02, 8.02766800e+01,
    3.05217377e+02, 2.02173920e+02, 3.14703552e+02, 1.86996048e+02,
    3.27509888e+02, 1.81778656e+02, 3.40316193e+02, 1.87944656e+02,
    3.54071136e+02, 1.81304352e+02, 3.72094849e+02, 1.87944656e+02,
    3.95810272e+02, 2.05019760e+02, 3.81106720e+02, 2.12134384e+02,
    3.58814240e+02, 2.14980240e+02, 3.39841888e+02, 2.13557312e+02,
    3.24189728e+02, 2.12134384e+02, 3.10434784e+02, 2.11185776e+02,
    3.09486176e+02, 2.01699600e+02, 3.29407104e+02, 1.98379440e+02,
    3.40316193e+02, 1.99802368e+02, 3.56442688e+02, 1.99328064e+02,
    3.84426880e+02, 2.01699600e+02, 3.56442688e+02, 2.02173920e+02,
    3.39841888e+02, 2.02648224e+02, 3.28932800e+02, 2.00276688e+02 ]
noOfLandmarkPoint: 68
