%YAML:1.0
landmark: [ 9.01679077e+01, 1.68690292e+02, 9.46455231e+01,
    1.87720154e+02, 1.00242538e+02, 2.06750000e+02, 1.04720146e+02,
    2.25779846e+02, 1.09838905e+02, 2.42933746e+02, 1.22552185e+02,
    2.58014740e+02, 1.38358246e+02, 2.70194611e+02, 1.56422394e+02,
    2.81099670e+02, 1.76809204e+02, 2.79248871e+02, 1.94994476e+02,
    2.74006287e+02, 2.10659927e+02, 2.61985901e+02, 2.23504456e+02,
    2.49226730e+02, 2.34199585e+02, 2.34498932e+02, 2.36010193e+02,
    2.12620453e+02, 2.35989792e+02, 1.91955063e+02, 2.36147278e+02,
    1.71678192e+02, 2.35181992e+02, 1.52326126e+02, 1.00077988e+02,
    1.55071457e+02, 1.08704048e+02, 1.48531204e+02, 1.20459656e+02,
    1.47693390e+02, 1.30136017e+02, 1.48584488e+02, 1.42016373e+02,
    1.48465942e+02, 1.72057617e+02, 1.44113953e+02, 1.85093140e+02,
    1.39258530e+02, 1.96488525e+02, 1.36298584e+02, 2.07518814e+02,
    1.36502380e+02, 2.17280975e+02, 1.40217468e+02, 1.58504181e+02,
    1.61638031e+02, 1.60894455e+02, 1.75353943e+02, 1.63488800e+02,
    1.89958954e+02, 1.65727615e+02, 2.02832092e+02, 1.52904053e+02,
    2.12039581e+02, 1.60003983e+02, 2.13910019e+02, 1.67515030e+02,
    2.15048401e+02, 1.75478851e+02, 2.11886398e+02, 1.81200195e+02,
    2.08569138e+02, 1.14307526e+02, 1.67504074e+02, 1.22304420e+02,
    1.62112823e+02, 1.31933411e+02, 1.62128204e+02, 1.40079453e+02,
    1.67196930e+02, 1.31550964e+02, 1.69511581e+02, 1.22104454e+02,
    1.70538940e+02, 1.79943146e+02, 1.61585373e+02, 1.86553864e+02,
    1.54175781e+02, 1.97233063e+02, 1.53161652e+02, 2.05729385e+02,
    1.56338593e+02, 1.98226395e+02, 1.61484039e+02, 1.88722443e+02,
    1.62408051e+02, 1.36320358e+02, 2.32601807e+02, 1.49263489e+02,
    2.30281525e+02, 1.60322906e+02, 2.27871582e+02, 1.70085388e+02,
    2.30044556e+02, 1.78693298e+02, 2.25651428e+02, 1.94986008e+02,
    2.23218552e+02, 2.02608093e+02, 2.21426453e+02, 1.97564621e+02,
    2.29617569e+02, 1.80948624e+02, 2.40892029e+02, 1.71405746e+02,
    2.43242065e+02, 1.61360123e+02, 2.42990494e+02, 1.50184708e+02,
    2.42613754e+02, 1.41818756e+02, 2.34794754e+02, 1.60492432e+02,
    2.35660248e+02, 1.70591599e+02, 2.35739090e+02, 1.80086121e+02,
    2.32530594e+02, 1.99248367e+02, 2.24339706e+02, 1.80086121e+02,
    2.32530594e+02, 1.70591599e+02, 2.35739090e+02, 1.60492432e+02,
    2.35660248e+02 ]
noOfLandmarkPoint: 68
