%YAML:1.0
landmark: [ 7.19190445e+01, 2.26996170e+02, 7.72996216e+01,
    2.51396561e+02, 8.86232071e+01, 2.71854645e+02, 9.95440979e+01,
    2.90593689e+02, 1.10264091e+02, 3.10394897e+02, 1.25150803e+02,
    3.28988861e+02, 1.40037521e+02, 3.42956665e+02, 1.51419724e+02,
    3.51982086e+02, 1.64528137e+02, 3.55832581e+02, 1.79215820e+02,
    3.52497345e+02, 1.95512512e+02, 3.41546692e+02, 2.17121780e+02,
    3.23527496e+02, 2.36863449e+02, 3.05076752e+02, 2.52782547e+02,
    2.89124176e+02, 2.63558350e+02, 2.67079651e+02, 2.67890106e+02,
    2.43028809e+02, 2.67801758e+02, 2.09468628e+02, 7.16779633e+01,
    1.91207138e+02, 8.46294861e+01, 1.83769501e+02, 9.85377579e+01,
    1.81183899e+02, 1.12044250e+02, 1.84919067e+02, 1.25723724e+02,
    1.91068695e+02, 1.61362183e+02, 1.82993820e+02, 1.78317368e+02,
    1.72790939e+02, 1.93213837e+02, 1.64842819e+02, 2.08695328e+02,
    1.62128616e+02, 2.26915421e+02, 1.64944870e+02, 1.46161285e+02,
    2.11566132e+02, 1.48095093e+02, 2.29337662e+02, 1.49749939e+02,
    2.49793869e+02, 1.51262558e+02, 2.68572571e+02, 1.42238617e+02,
    2.78384033e+02, 1.49822586e+02, 2.80206909e+02, 1.56463501e+02,
    2.81517090e+02, 1.64997757e+02, 2.78023224e+02, 1.73674316e+02,
    2.75422150e+02, 8.92835541e+01, 2.12653778e+02, 9.92855377e+01,
    2.04433807e+02, 1.13050583e+02, 2.03743698e+02, 1.28430084e+02,
    2.13956039e+02, 1.14631706e+02, 2.18572739e+02, 1.00492767e+02,
    2.21331329e+02, 1.79898483e+02, 2.06301392e+02, 1.87227448e+02,
    1.92190353e+02, 2.02889832e+02, 1.87908310e+02, 2.17517990e+02,
    1.91874130e+02, 2.08780899e+02, 2.04203156e+02, 1.94956329e+02,
    2.07737427e+02, 1.32994476e+02, 3.11991669e+02, 1.43254364e+02,
    3.03711456e+02, 1.53553207e+02, 2.98611511e+02, 1.59348862e+02,
    3.01944122e+02, 1.67860580e+02, 2.98669250e+02, 1.83316299e+02,
    3.01621246e+02, 1.93701019e+02, 3.03533508e+02, 1.84030411e+02,
    3.18151367e+02, 1.69921997e+02, 3.24089813e+02, 1.60539902e+02,
    3.26979034e+02, 1.52257065e+02, 3.26520569e+02, 1.43295761e+02,
    3.19283600e+02, 1.38514053e+02, 3.12147156e+02, 1.52439514e+02,
    3.11255890e+02, 1.60282333e+02, 3.11937988e+02, 1.68582764e+02,
    3.11744659e+02, 1.89468369e+02, 3.05752167e+02, 1.68582764e+02,
    3.11744659e+02, 1.60282333e+02, 3.11937988e+02, 1.52439514e+02,
    3.11255890e+02 ]
noOfLandmarkPoint: 68
