%YAML:1.0
landmark: [ 1.29401184e+02, 2.00775253e+02, 1.36231262e+02,
    2.33290344e+02, 1.44764206e+02, 2.63202545e+02, 1.65893311e+02,
    2.89111511e+02, 1.86140976e+02, 3.07077423e+02, 2.07981567e+02,
    3.22343658e+02, 2.36924469e+02, 3.30805023e+02, 2.61335297e+02,
    3.31400055e+02, 2.83710907e+02, 3.27038635e+02, 3.03143616e+02,
    3.16166168e+02, 3.14329498e+02, 2.98028900e+02, 3.11749390e+02,
    2.69569519e+02, 3.14423279e+02, 2.47921509e+02, 3.13183533e+02,
    2.24891769e+02, 3.08030121e+02, 2.00827652e+02, 3.03153076e+02,
    1.81132660e+02, 2.94201813e+02, 1.64111572e+02, 1.58147995e+02,
    1.59208328e+02, 1.66849121e+02, 1.44569550e+02, 1.82335510e+02,
    1.34557693e+02, 1.98927292e+02, 1.32096771e+02, 2.12755615e+02,
    1.34307541e+02, 2.48250519e+02, 1.27888191e+02, 2.57362366e+02,
    1.19418633e+02, 2.67463806e+02, 1.17715759e+02, 2.78233704e+02,
    1.19489624e+02, 2.84858429e+02, 1.26185326e+02, 2.40750717e+02,
    1.57844177e+02, 2.47223083e+02, 1.69031067e+02, 2.54651291e+02,
    1.78484985e+02, 2.61739105e+02, 1.88746994e+02, 2.39194824e+02,
    2.16012741e+02, 2.51631424e+02, 2.15946365e+02, 2.62978882e+02,
    2.16403625e+02, 2.71101105e+02, 2.10118637e+02, 2.76922974e+02,
    2.05607513e+02, 1.81069550e+02, 1.81035477e+02, 1.88683884e+02,
    1.71718292e+02, 2.01914719e+02, 1.66770248e+02, 2.10402863e+02,
    1.74250198e+02, 2.04562393e+02, 1.79885300e+02, 1.93587128e+02,
    1.82738358e+02, 2.56327942e+02, 1.61179932e+02, 2.65510773e+02,
    1.50802139e+02, 2.78625824e+02, 1.51496811e+02, 2.82808228e+02,
    1.58674225e+02, 2.76780975e+02, 1.61848404e+02, 2.66474182e+02,
    1.62330109e+02, 2.26495712e+02, 2.69981415e+02, 2.44206039e+02,
    2.48243210e+02, 2.58062103e+02, 2.38754150e+02, 2.67865936e+02,
    2.38292664e+02, 2.76450562e+02, 2.34808762e+02, 2.86998199e+02,
    2.36232971e+02, 2.97652344e+02, 2.51121887e+02, 2.97999664e+02,
    2.64442291e+02, 2.89466736e+02, 2.68079590e+02, 2.80104767e+02,
    2.70701080e+02, 2.69432037e+02, 2.72172394e+02, 2.54729874e+02,
    2.73303986e+02, 2.39511581e+02, 2.60685272e+02, 2.61289093e+02,
    2.50279572e+02, 2.70882080e+02, 2.48328506e+02, 2.80097748e+02,
    2.46297195e+02, 2.90519714e+02, 2.49740158e+02, 2.82378906e+02,
    2.54893555e+02, 2.74488251e+02, 2.57470245e+02, 2.64920898e+02,
    2.60162720e+02 ]
noOfLandmarkPoint: 68
