%YAML:1.0
landmark: [ 8.29790878e+01, 1.30058929e+02, 8.45000000e+01,
    1.45941696e+02, 8.72084885e+01, 1.62671738e+02, 9.04378967e+01,
    1.78373886e+02, 9.90354843e+01, 1.91221802e+02, 1.08674904e+02,
    2.01513947e+02, 1.20175537e+02, 2.10493668e+02, 1.34197083e+02,
    2.19056396e+02, 1.45093796e+02, 2.19570343e+02, 1.58650192e+02,
    2.17653366e+02, 1.73782639e+02, 2.08541824e+02, 1.87255386e+02,
    1.96076050e+02, 1.97700256e+02, 1.84089355e+02, 2.03210739e+02,
    1.72778214e+02, 2.03576447e+02, 1.57660080e+02, 2.03752808e+02,
    1.42380524e+02, 2.03716766e+02, 1.25372154e+02, 8.86241531e+01,
    1.20195381e+02, 9.53476028e+01, 1.14005608e+02, 1.04595268e+02,
    1.10992889e+02, 1.14109192e+02, 1.13104034e+02, 1.24218033e+02,
    1.15716667e+02, 1.50511063e+02, 1.14722214e+02, 1.59881226e+02,
    1.10508034e+02, 1.69908356e+02, 1.07977280e+02, 1.80168076e+02,
    1.08260147e+02, 1.88998642e+02, 1.12717133e+02, 1.39839981e+02,
    1.26796448e+02, 1.40164963e+02, 1.39763809e+02, 1.40970627e+02,
    1.51373413e+02, 1.41806885e+02, 1.63566177e+02, 1.30953735e+02,
    1.70227509e+02, 1.36370728e+02, 1.70734467e+02, 1.41795746e+02,
    1.72390472e+02, 1.48218628e+02, 1.70067810e+02, 1.54107727e+02,
    1.69206589e+02, 1.03165520e+02, 1.30617233e+02, 1.08266808e+02,
    1.27008560e+02, 1.15310448e+02, 1.27026192e+02, 1.23378960e+02,
    1.30968170e+02, 1.15713837e+02, 1.32495636e+02, 1.08179573e+02,
    1.32555145e+02, 1.59537567e+02, 1.28713196e+02, 1.65956711e+02,
    1.24465446e+02, 1.73117996e+02, 1.23396980e+02, 1.79509644e+02,
    1.25676346e+02, 1.74075165e+02, 1.29594772e+02, 1.67548706e+02,
    1.30071899e+02, 1.19219177e+02, 1.83377182e+02, 1.28133881e+02,
    1.82954727e+02, 1.37948013e+02, 1.80077347e+02, 1.43140961e+02,
    1.81840256e+02, 1.49929611e+02, 1.79429611e+02, 1.60148529e+02,
    1.80501144e+02, 1.70269882e+02, 1.79553207e+02, 1.61290970e+02,
    1.88425629e+02, 1.51084076e+02, 1.93844879e+02, 1.43997040e+02,
    1.94774200e+02, 1.37778595e+02, 1.94942062e+02, 1.28975174e+02,
    1.93059448e+02, 1.22536758e+02, 1.84950577e+02, 1.38124756e+02,
    1.86190887e+02, 1.43308624e+02, 1.86638153e+02, 1.50434097e+02,
    1.85103302e+02, 1.65839569e+02, 1.81663788e+02, 1.50434097e+02,
    1.85103302e+02, 1.43308624e+02, 1.86638153e+02, 1.38124756e+02,
    1.86190887e+02 ]
noOfLandmarkPoint: 68
