%YAML:1.0
landmark: [ 5.53892326e+01, 1.03066154e+02, 5.24246140e+01,
    1.14820000e+02, 5.05574379e+01, 1.27562050e+02, 5.29805145e+01,
    1.40503586e+02, 5.49046135e+01, 1.53587692e+02, 5.83205147e+01,
    1.66329742e+02, 6.17364082e+01, 1.77204620e+02, 6.64112854e+01,
    1.89405136e+02, 7.77138443e+01, 1.96213333e+02, 9.21277008e+01,
    1.97151108e+02, 1.08646133e+02, 1.92848877e+02, 1.25001274e+02,
    1.85251404e+02, 1.39975388e+02, 1.73836411e+02, 1.49429749e+02,
    1.59084610e+02, 1.53995392e+02, 1.45211792e+02, 1.55577438e+02,
    1.31320007e+02, 1.55615387e+02, 1.17969742e+02, 5.45625648e+01,
    9.29702530e+01, 6.15023575e+01, 9.17040024e+01, 6.80649185e+01,
    9.22788773e+01, 7.46682816e+01, 9.54544830e+01, 8.05085068e+01,
    9.91818466e+01, 9.43216400e+01, 9.99095764e+01, 1.05804192e+02,
    9.85567551e+01, 1.16704903e+02, 1.00798309e+02, 1.27531494e+02,
    1.04508606e+02, 1.36631485e+02, 1.10003159e+02, 8.45741119e+01,
    1.08554420e+02, 8.14774017e+01, 1.19366570e+02, 7.83743668e+01,
    1.30558823e+02, 7.56984711e+01, 1.40834167e+02, 6.80599976e+01, 140.,
    7.19244156e+01, 1.45205643e+02, 7.79731293e+01, 1.48844513e+02,
    8.60051270e+01, 1.46676208e+02, 9.39008331e+01, 1.44479019e+02,
    6.14245682e+01, 1.04941032e+02, 6.64914017e+01, 1.02727585e+02,
    7.33213272e+01, 1.04634270e+02, 7.68244324e+01, 1.09946968e+02,
    7.13750229e+01, 1.09869843e+02, 6.53861084e+01, 1.08813240e+02,
    1.02490105e+02, 1.13316513e+02, 1.08148155e+02, 1.08743233e+02,
    1.15436905e+02, 1.09375671e+02, 1.20543877e+02, 1.14362160e+02,
    1.14856644e+02, 1.15550888e+02, 1.08379196e+02, 1.15293304e+02,
    6.60084305e+01, 1.54492050e+02, 7.11056366e+01, 1.54868103e+02,
    7.60151672e+01, 1.55750061e+02, 7.94886627e+01, 1.57889313e+02,
    8.57567978e+01, 1.57551620e+02, 9.30429459e+01, 1.58133530e+02,
    1.01250717e+02, 1.61335800e+02, 9.32368393e+01, 1.67385681e+02,
    8.56021347e+01, 1.70452225e+02, 7.92619781e+01, 1.70345688e+02,
    7.48459473e+01, 1.69238754e+02, 7.04036255e+01, 1.65150909e+02,
    6.85066681e+01, 1.57070251e+02, 7.57953796e+01, 1.61536514e+02,
    7.93625641e+01, 1.62714355e+02, 8.57097473e+01, 1.62714355e+02,
    9.77487183e+01, 1.61493332e+02, 8.57097473e+01, 1.62714355e+02,
    7.93625641e+01, 1.62714355e+02, 7.57953796e+01, 1.61536514e+02 ]
noOfLandmarkPoint: 68
