%YAML:1.0
landmark: [ 1.51797241e+02, 1.31183990e+02, 1.53561188e+02,
    1.45662216e+02, 1.57296295e+02, 1.62448990e+02, 1.61321228e+02,
    1.76967316e+02, 1.67974823e+02, 1.90356598e+02, 1.77404160e+02,
    2.01926346e+02, 1.88694611e+02, 2.11882126e+02, 2.01423874e+02,
    2.19463562e+02, 2.19243927e+02, 2.21440903e+02, 2.35319016e+02,
    2.17000305e+02, 2.46330048e+02, 2.05609741e+02, 2.55331573e+02,
    1.93139053e+02, 2.61309021e+02, 1.78615219e+02, 2.64656830e+02,
    1.63646317e+02, 2.66012177e+02, 1.47180603e+02, 2.64869324e+02,
    1.32858902e+02, 2.62067749e+02, 1.16686462e+02, 1.59504303e+02,
    1.21739502e+02, 1.65906174e+02, 1.14531143e+02, 1.76800400e+02,
    1.11540253e+02, 1.87526306e+02, 1.12532188e+02, 1.98452011e+02,
    1.15803162e+02, 2.17575958e+02, 1.10866432e+02, 2.27130188e+02,
    1.06170815e+02, 2.37550049e+02, 1.03697220e+02, 2.48230392e+02,
    1.03910553e+02, 2.55635544e+02, 1.10927727e+02, 2.10984756e+02,
    1.28966507e+02, 2.11914993e+02, 1.37053711e+02, 2.13164551e+02,
    1.45268372e+02, 2.14301498e+02, 1.54291824e+02, 2.02104477e+02,
    1.60071869e+02, 2.08129608e+02, 1.62165237e+02, 2.14583618e+02,
    1.63731461e+02, 2.20662033e+02, 1.61276199e+02, 2.25948578e+02,
    1.58591507e+02, 1.74583664e+02, 1.33366379e+02, 1.80822144e+02,
    1.29064423e+02, 1.89195435e+02, 1.27472771e+02, 1.95395737e+02,
    1.32996140e+02, 1.89844315e+02, 1.34941544e+02, 1.81952911e+02,
    1.35152664e+02, 2.28855408e+02, 1.27189362e+02, 2.33941040e+02,
    1.21457916e+02, 2.40977356e+02, 1.20951714e+02, 2.45733032e+02,
    1.24444687e+02, 2.43083618e+02, 1.28216995e+02, 2.36319641e+02,
    1.28758179e+02, 1.96859161e+02, 1.88959290e+02, 2.04286179e+02,
    1.82021408e+02, 2.11903351e+02, 1.78077301e+02, 2.16461517e+02,
    1.79261978e+02, 2.20787170e+02, 1.77221252e+02, 2.32300949e+02,
    1.78002991e+02, 2.38701569e+02, 1.83251740e+02, 2.34709396e+02,
    1.89791611e+02, 2.24737732e+02, 1.95276398e+02, 2.19769989e+02,
    1.96556702e+02, 2.14988419e+02, 1.96840515e+02, 2.06396729e+02,
    1.94949585e+02, 1.99929840e+02, 1.88694550e+02, 2.13389542e+02,
    1.86409637e+02, 2.18032440e+02, 1.86289139e+02, 2.22448441e+02,
    1.85356720e+02, 2.36659714e+02, 1.83644562e+02, 2.22448441e+02,
    1.85356720e+02, 2.18032440e+02, 1.86289139e+02, 2.13389542e+02,
    1.86409637e+02 ]
noOfLandmarkPoint: 68
