%YAML:1.0
landmark: [ 1.54650742e+02, 1.58830765e+02, 1.59067505e+02,
    1.81199829e+02, 1.64706650e+02, 2.02072067e+02, 1.72735077e+02,
    2.22656570e+02, 1.84827881e+02, 2.39828568e+02, 2.03106689e+02,
    2.53897079e+02, 2.24074417e+02, 2.62190063e+02, 2.47537140e+02,
    2.64014099e+02, 2.71513489e+02, 2.60845367e+02, 2.92953918e+02,
    2.56227814e+02, 3.11817169e+02, 2.48953049e+02, 3.25603577e+02,
    2.36093353e+02, 3.35139923e+02, 2.17838577e+02, 3.34704071e+02,
    1.97894638e+02, 3.34540314e+02, 1.75553589e+02, 3.32469879e+02,
    1.50488800e+02, 3.28819031e+02, 1.28147324e+02, 1.75480865e+02,
    1.46181610e+02, 1.82837189e+02, 1.33540253e+02, 1.94498978e+02,
    1.26020172e+02, 2.09047440e+02, 1.21988052e+02, 2.25958420e+02,
    1.20376434e+02, 2.50237717e+02, 1.18396706e+02, 2.64599335e+02,
    1.06795891e+02, 2.83046936e+02, 1.03624969e+02, 2.99938324e+02,
    1.08419586e+02, 3.14105957e+02, 1.17464233e+02, 2.45006195e+02,
    1.34759155e+02, 2.48390335e+02, 1.45147034e+02, 2.51698944e+02,
    1.55173386e+02, 2.54478134e+02, 1.67047134e+02, 2.41475021e+02,
    1.83333038e+02, 2.48338165e+02, 1.82698990e+02, 2.55818878e+02,
    1.81743301e+02, 2.62927826e+02, 1.80120422e+02, 2.69571564e+02,
    1.78861755e+02, 1.96732315e+02, 1.52176697e+02, 2.05658005e+02,
    1.46435471e+02, 2.15121704e+02, 1.44595963e+02, 2.21847122e+02,
    1.48676910e+02, 2.14299210e+02, 1.52762253e+02, 2.04639160e+02,
    1.54016785e+02, 2.67984741e+02, 1.39410141e+02, 2.74625458e+02,
    1.33433685e+02, 2.84771667e+02, 1.29980591e+02, 2.93018677e+02,
    1.33921509e+02, 2.87235382e+02, 1.37880463e+02, 2.77289886e+02,
    1.39317841e+02, 2.38061417e+02, 2.19939346e+02, 2.45383698e+02,
    2.09170074e+02, 2.52649170e+02, 2.02354370e+02, 2.58758728e+02,
    2.02856415e+02, 2.64695770e+02, 2.00105301e+02, 2.74168823e+02,
    2.03364609e+02, 2.88277374e+02, 2.10972260e+02, 2.76493896e+02,
    2.14587494e+02, 2.68693268e+02, 2.17126648e+02, 2.63354218e+02,
    2.18693695e+02, 2.57024200e+02, 2.19215683e+02, 2.48280304e+02,
    2.18220261e+02, 2.42766434e+02, 2.16388290e+02, 2.54619705e+02,
    2.10071747e+02, 2.60660248e+02, 2.08773865e+02, 2.66694611e+02,
    2.08475662e+02, 2.82283569e+02, 2.10154739e+02, 2.66694611e+02,
    2.08475662e+02, 2.60660248e+02, 2.08773865e+02, 2.54619705e+02,
    2.10071747e+02 ]
noOfLandmarkPoint: 68
