%YAML:1.0
landmark: [ 1.29119202e+02, 1.71335129e+02, 1.29945190e+02,
    1.88880844e+02, 1.31821838e+02, 2.07772156e+02, 1.33656769e+02,
    2.26059067e+02, 1.39389557e+02, 2.42132599e+02, 1.47378693e+02,
    2.55039505e+02, 1.60730560e+02, 2.67083038e+02, 1.76899200e+02,
    2.76757721e+02, 1.96274521e+02, 2.80988007e+02, 2.13149490e+02,
    2.77420959e+02, 2.28952148e+02, 2.68664825e+02, 2.39987656e+02,
    2.57386108e+02, 2.50750687e+02, 2.42954041e+02, 2.56752472e+02,
    2.26668686e+02, 2.60020752e+02, 2.09304092e+02, 2.63005432e+02,
    1.93546051e+02, 2.67332214e+02, 1.76661240e+02, 1.41688324e+02,
    1.58828568e+02, 1.52714767e+02, 1.52073456e+02, 1.65251526e+02,
    1.52898758e+02, 1.76415665e+02, 1.55931854e+02, 1.85170639e+02,
    1.62132828e+02, 2.13435303e+02, 1.63739838e+02, 2.23042603e+02,
    1.57798004e+02, 2.32843231e+02, 1.54115723e+02, 2.44154144e+02,
    1.53762939e+02, 2.53944641e+02, 1.60137146e+02, 1.99279831e+02,
    1.74617630e+02, 1.99149704e+02, 1.88738281e+02, 1.98649811e+02,
    2.02234863e+02, 1.98594635e+02, 2.15863083e+02, 1.85774628e+02,
    2.19284241e+02, 1.91615921e+02, 2.21771225e+02, 1.98570053e+02,
    2.23875244e+02, 2.05846603e+02, 2.21339371e+02, 2.12489822e+02,
    2.19454285e+02, 1.58003281e+02, 1.77055420e+02, 1.66121536e+02,
    1.72299759e+02, 1.75560120e+02, 1.72727463e+02, 1.82265701e+02,
    1.79655899e+02, 1.75100021e+02, 1.83262253e+02, 1.66036392e+02,
    1.83469788e+02, 2.16835907e+02, 1.79347656e+02, 2.23798843e+02,
    1.73426300e+02, 2.32652756e+02, 1.72757553e+02, 2.39188080e+02,
    1.77675171e+02, 2.34142181e+02, 1.83436905e+02, 2.25992569e+02,
    1.83548447e+02, 1.68870316e+02, 2.36314438e+02, 1.82078339e+02,
    2.39380417e+02, 1.90884247e+02, 2.38771545e+02, 1.97876083e+02,
    2.40473724e+02, 2.06231812e+02, 2.38835052e+02, 2.14189926e+02,
    2.39334137e+02, 2.25831711e+02, 2.37087250e+02, 2.14692383e+02,
    2.47696045e+02, 2.06805359e+02, 2.50978424e+02, 1.97854355e+02,
    2.51536804e+02, 1.90138550e+02, 2.50569260e+02, 1.81979279e+02,
    2.47855896e+02, 1.72637619e+02, 2.38897186e+02, 1.90601349e+02,
    2.44302658e+02, 1.97915009e+02, 2.44749878e+02, 2.06572250e+02,
    2.43686050e+02, 2.19728928e+02, 2.40016586e+02, 2.06572250e+02,
    2.43686050e+02, 1.97915009e+02, 2.44749878e+02, 1.90601349e+02,
    2.44302658e+02 ]
noOfLandmarkPoint: 68
