%YAML:1.0
landmark: [ 1.14962990e+02, 2.25793594e+02, 1.20308029e+02,
    2.51984314e+02, 1.29929108e+02, 2.73898987e+02, 1.40084686e+02,
    2.96348175e+02, 1.51309280e+02, 3.16124847e+02, 1.63602890e+02,
    3.33228973e+02, 1.76334503e+02, 3.49021271e+02, 1.91543488e+02,
    3.65542114e+02, 2.14915314e+02, 3.65931335e+02, 2.36829987e+02,
    3.63161224e+02, 2.60483307e+02, 3.50069183e+02, 2.78106934e+02,
    3.28872742e+02, 2.90727173e+02, 3.04213013e+02, 2.97327637e+02,
    2.77745056e+02, 2.98475372e+02, 2.51718903e+02, 2.96788116e+02,
    2.26297333e+02, 2.93856689e+02, 2.00786087e+02, 1.13768448e+02,
    2.13139587e+02, 1.26414497e+02, 2.06558395e+02, 1.41869919e+02,
    2.05903839e+02, 1.56938278e+02, 2.09628815e+02, 1.71961884e+02,
    2.09783691e+02, 1.97995895e+02, 2.03967728e+02, 2.13686996e+02,
    1.93287735e+02, 2.30269440e+02, 1.87074356e+02, 2.48838058e+02,
    1.80840149e+02, 2.67102325e+02, 1.88059723e+02, 1.87022232e+02,
    2.20341492e+02, 1.90333527e+02, 2.40477432e+02, 1.93632706e+02,
    2.59951996e+02, 1.97227875e+02, 2.80116791e+02, 1.81435593e+02,
    2.86192596e+02, 1.90862610e+02, 2.87892609e+02, 2.01406326e+02,
    2.91341400e+02, 2.11466522e+02, 2.87843811e+02, 2.20698364e+02,
    2.81624908e+02, 1.33134766e+02, 2.25364929e+02, 1.41183105e+02,
    2.18402588e+02, 1.54605209e+02, 2.17122925e+02, 1.67253738e+02,
    2.22977921e+02, 1.56604492e+02, 2.25635208e+02, 1.44368439e+02,
    2.27746094e+02, 2.17676514e+02, 2.17736313e+02, 2.24586899e+02,
    2.09623459e+02, 2.37764267e+02, 2.07130234e+02, 2.49856079e+02,
    2.11681824e+02, 2.40571365e+02, 2.17384888e+02, 2.29954178e+02,
    2.18168823e+02, 1.71828735e+02, 3.14451385e+02, 1.82665344e+02,
    3.09664001e+02, 1.91374954e+02, 3.07808624e+02, 2.03704941e+02,
    3.12393921e+02, 2.17034775e+02, 3.05493439e+02, 2.31436157e+02,
    3.07426392e+02, 2.43340530e+02, 3.09225067e+02, 2.32651535e+02,
    3.20498444e+02, 2.19505707e+02, 3.29366058e+02, 2.04975815e+02,
    3.32306274e+02, 1.92402496e+02, 3.31735077e+02, 1.82690643e+02,
    3.25873932e+02, 1.76527481e+02, 3.15833191e+02, 1.91881729e+02,
    3.16707031e+02, 2.03933578e+02, 3.17582001e+02, 2.17685410e+02,
    3.13695190e+02, 2.39841858e+02, 3.10536957e+02, 2.17685410e+02,
    3.13695190e+02, 2.03933578e+02, 3.17582001e+02, 1.91881729e+02,
    3.16707031e+02 ]
noOfLandmarkPoint: 68
