%YAML:1.0
landmark: [ 1.25900978e+02, 1.10346642e+02, 1.26617371e+02,
    1.23166336e+02, 1.28566483e+02, 1.35672638e+02, 1.32661606e+02,
    1.48205780e+02, 1.37643234e+02, 1.58691345e+02, 1.41711548e+02,
    1.69006805e+02, 1.48091995e+02, 1.78642715e+02, 1.60190445e+02,
    1.82518906e+02, 1.78018600e+02, 1.82480087e+02, 1.93424438e+02,
    1.79310211e+02, 2.10151871e+02, 1.76355850e+02, 2.24085419e+02,
    1.69871399e+02, 2.31228470e+02, 1.58562897e+02, 2.35389252e+02,
    1.45644745e+02, 2.35604172e+02, 1.31866898e+02, 2.34619202e+02,
    1.16680267e+02, 2.33314865e+02, 1.02830795e+02, 1.27282959e+02,
    9.27838898e+01, 1.30920227e+02, 8.20705338e+01, 1.39535522e+02,
    7.62600937e+01, 1.49388336e+02, 7.32603836e+01, 1.60402206e+02,
    7.44602661e+01, 1.70499908e+02, 7.25499802e+01, 1.83274796e+02,
    7.01502151e+01, 1.95027451e+02, 6.88412933e+01, 2.05149155e+02,
    6.99173584e+01, 2.15061050e+02, 7.81855698e+01, 1.67156830e+02,
    8.83425598e+01, 1.67756775e+02, 9.72044067e+01, 1.68076157e+02,
    1.05081284e+02, 1.68571640e+02, 1.14223686e+02, 1.63585297e+02,
    1.25262215e+02, 1.68631287e+02, 1.25739037e+02, 1.73827835e+02,
    1.25386833e+02, 1.79624329e+02, 1.23867569e+02, 1.84749237e+02,
    1.21324524e+02, 1.36840393e+02, 9.75543900e+01, 1.40526489e+02,
    9.09900665e+01, 1.48827209e+02, 8.98946457e+01, 1.55098114e+02,
    9.54895172e+01, 1.50051208e+02, 9.92214203e+01, 1.43114029e+02,
    9.97630997e+01, 1.86229691e+02, 8.87604065e+01, 1.91106857e+02,
    8.21938629e+01, 1.99016556e+02, 8.16655655e+01, 2.05341354e+02,
    8.75276947e+01, 1.99756027e+02, 9.00075684e+01, 1.92339554e+02,
    9.11601715e+01, 1.61426697e+02, 1.57802750e+02, 1.62959152e+02,
    1.46072495e+02, 1.71460892e+02, 1.40964493e+02, 1.76729080e+02,
    1.40749573e+02, 1.84958160e+02, 1.40645111e+02, 1.94700500e+02,
    1.43820923e+02, 2.05083221e+02, 1.50317825e+02, 1.96410461e+02,
    1.55754120e+02, 1.88275665e+02, 1.56629639e+02, 1.79767609e+02,
    1.58661362e+02, 1.74317322e+02, 1.59228470e+02, 1.67783600e+02,
    1.60004517e+02, 1.64331802e+02, 1.55917297e+02, 1.71821243e+02,
    1.42978699e+02, 1.76976822e+02, 1.42665848e+02, 1.85378601e+02,
    1.42743469e+02, 2.00458176e+02, 1.50784470e+02, 1.87782455e+02,
    1.53801163e+02, 1.78705002e+02, 1.54488586e+02, 1.73365173e+02,
    1.54951248e+02 ]
noOfLandmarkPoint: 68
