%YAML:1.0
landmark: [ 6.29866066e+01, 1.21081528e+02, 6.48751602e+01,
    1.37261032e+02, 6.83110580e+01, 1.52828003e+02, 7.26912231e+01,
    1.68128387e+02, 7.82775116e+01, 1.83003448e+02, 8.65426178e+01,
    1.95812225e+02, 9.96973495e+01, 2.04394836e+02, 1.12861565e+02,
    2.13697815e+02, 1.27138298e+02, 2.14805603e+02, 1.41840363e+02,
    2.12921783e+02, 1.55360031e+02, 2.01473145e+02, 1.64120361e+02,
    1.89613388e+02, 1.72123627e+02, 1.76542770e+02, 1.76943359e+02,
    1.62088318e+02, 1.77897125e+02, 1.47222748e+02, 1.78149475e+02,
    1.30281433e+02, 1.78579559e+02, 1.14625603e+02, 7.16533508e+01,
    1.09875771e+02, 7.95035706e+01, 1.04300827e+02, 8.87158432e+01,
    1.03216949e+02, 9.77372208e+01, 1.04823799e+02, 1.07074066e+02,
    1.07845749e+02, 1.33598297e+02, 1.06504456e+02, 1.43751877e+02,
    1.01404396e+02, 1.53201813e+02, 9.84812317e+01, 1.62903397e+02,
    9.91190109e+01, 1.72063019e+02, 1.03506210e+02, 1.23105125e+02,
    1.19540977e+02, 1.24141716e+02, 1.33026993e+02, 1.24160408e+02,
    1.45887665e+02, 1.24525864e+02, 1.58970444e+02, 1.11996666e+02,
    1.61569382e+02, 1.18373215e+02, 1.63116714e+02, 1.24295830e+02,
    1.67317871e+02, 1.30148849e+02, 1.63467422e+02, 1.34963837e+02,
    1.61574127e+02, 8.25925293e+01, 1.19342247e+02, 8.91570435e+01,
    1.13982834e+02, 9.76763763e+01, 1.14764038e+02, 1.03959160e+02,
    1.19581276e+02, 9.66829300e+01, 1.22917267e+02, 8.89634018e+01,
    1.23225616e+02, 1.37501694e+02, 1.16698410e+02, 1.44425583e+02,
    1.10123383e+02, 1.53449829e+02, 1.10035370e+02, 1.60546097e+02,
    1.14519630e+02, 1.55346344e+02, 1.18787254e+02, 1.46558624e+02,
    1.19351471e+02, 1.01036423e+02, 1.79696457e+02, 1.11580811e+02,
    1.79464478e+02, 1.19280144e+02, 1.79015167e+02, 1.24726067e+02,
    1.80067535e+02, 1.31518463e+02, 1.78351959e+02, 1.38310883e+02,
    1.78263092e+02, 1.48494019e+02, 1.77672195e+02, 1.39239243e+02,
    1.85666183e+02, 1.32437759e+02, 1.89123550e+02, 1.24892593e+02,
    1.90023834e+02, 1.18578651e+02, 1.89817352e+02, 1.11389214e+02,
    1.87098404e+02, 1.05470840e+02, 1.81441879e+02, 1.19143929e+02,
    1.82969604e+02, 1.24983162e+02, 1.83157455e+02, 1.32027924e+02,
    1.82381424e+02, 1.44336731e+02, 1.79123245e+02, 1.32027924e+02,
    1.82381424e+02, 1.24983162e+02, 1.83157455e+02, 1.19143929e+02,
    1.82969604e+02 ]
noOfLandmarkPoint: 68
