%YAML:1.0
landmark: [ 9.88456879e+01, 1.73448547e+02, 1.00207825e+02,
    1.92497223e+02, 1.03523232e+02, 2.11438782e+02, 1.07868828e+02,
    2.28651917e+02, 1.16799103e+02, 2.44103989e+02, 1.28132217e+02,
    2.58515198e+02, 1.46361038e+02, 2.68764648e+02, 1.62885773e+02,
    2.78490112e+02, 1.80247482e+02, 2.78925385e+02, 1.98691345e+02,
    2.75129761e+02, 2.09667755e+02, 2.62397125e+02, 2.18887939e+02,
    2.47469208e+02, 2.26351898e+02, 2.31224121e+02, 2.29425293e+02,
    2.13661865e+02, 2.30742462e+02, 1.96099609e+02, 2.29864349e+02,
    1.77220184e+02, 2.28502213e+02, 1.60840195e+02, 1.15358444e+02,
    1.64498978e+02, 1.24574669e+02, 1.53559830e+02, 1.39890198e+02,
    1.49008453e+02, 1.53893250e+02, 1.47186127e+02, 1.67047806e+02,
    1.50614532e+02, 1.86082794e+02, 1.48994919e+02, 1.96857742e+02,
    1.42673691e+02, 2.07574478e+02, 1.40730865e+02, 2.17965897e+02,
    1.42805695e+02, 2.25448425e+02, 1.49586960e+02, 1.77825104e+02,
    1.60840530e+02, 1.80308548e+02, 1.74192581e+02, 1.83009598e+02,
    1.87273514e+02, 1.85491867e+02, 2.00417404e+02, 1.66640244e+02,
    2.06197906e+02, 1.75860413e+02, 2.08832245e+02, 1.84202484e+02,
    2.09710358e+02, 1.91666443e+02, 2.06636963e+02, 1.97813232e+02,
    2.02685455e+02, 1.35148056e+02, 1.67903275e+02, 1.44310501e+02,
    1.64200562e+02, 1.51774460e+02, 1.63277496e+02, 1.56649048e+02,
    1.65714783e+02, 1.51532455e+02, 1.68259186e+02, 1.42976166e+02,
    1.68743210e+02, 1.93120743e+02, 1.61576538e+02, 1.99412933e+02,
    1.58157318e+02, 2.06429230e+02, 1.57429337e+02, 2.11088150e+02,
    1.59552048e+02, 2.05968018e+02, 1.62166092e+02, 1.99434235e+02,
    1.62347229e+02, 1.47383896e+02, 2.26484436e+02, 1.63906723e+02,
    2.25972687e+02, 1.73252670e+02, 2.24516418e+02, 1.81710815e+02,
    2.24733719e+02, 1.88444244e+02, 2.22698456e+02, 1.98568039e+02,
    2.22286880e+02, 2.08343277e+02, 2.19271332e+02, 2.02249283e+02,
    2.40336426e+02, 1.94588272e+02, 2.46915085e+02, 1.85967346e+02,
    2.49602982e+02, 1.76651062e+02, 2.49797241e+02, 1.66818420e+02,
    2.48545364e+02, 1.49364960e+02, 2.28347763e+02, 1.73848709e+02,
    2.27064911e+02, 1.82369553e+02, 2.27937164e+02, 1.89266968e+02,
    2.26051605e+02, 2.05951447e+02, 2.20777206e+02, 1.92340195e+02,
    2.38932114e+02, 1.84728516e+02, 2.39898819e+02, 1.75373474e+02,
    2.40480804e+02 ]
noOfLandmarkPoint: 68
