%YAML:1.0
landmark: [ 1.20398018e+02, 1.08141418e+02, 1.20800705e+02,
    1.32860321e+02, 1.22983223e+02, 1.58956375e+02, 1.28594650e+02,
    1.80961075e+02, 1.37830261e+02, 2.01874527e+02, 1.48209412e+02,
    2.21632217e+02, 1.60432892e+02, 2.37077179e+02, 1.77748322e+02,
    2.50365768e+02, 2.00051117e+02, 2.53587250e+02, 2.21328903e+02,
    2.50742310e+02, 2.42399017e+02, 2.40540558e+02, 2.56128876e+02,
    2.25334824e+02, 2.65364471e+02, 2.03044235e+02, 2.72379181e+02,
    1.80298660e+02, 2.73820831e+02, 1.56942947e+02, 2.73184570e+02,
    1.30496506e+02, 2.72755737e+02, 1.09232674e+02, 1.21775169e+02,
    8.02759933e+01, 1.28244263e+02, 6.77927780e+01, 1.38051636e+02,
    5.92980461e+01, 1.50820755e+02, 5.65054054e+01, 1.65265106e+02,
    6.19093971e+01, 2.06026886e+02, 6.26886177e+01, 2.18653061e+02,
    5.87524185e+01, 2.29694626e+02, 5.78825493e+01, 2.41372482e+02,
    6.00650673e+01, 2.53322281e+02, 6.80926056e+01, 1.86009460e+02,
    8.61733170e+01, 1.85580627e+02, 1.00553169e+02, 1.84892044e+02,
    1.14933014e+02, 1.84086685e+02, 1.31131042e+02, 1.69759125e+02,
    1.43290024e+02, 1.78475250e+02, 1.46537659e+02, 1.86814819e+02,
    1.48381989e+02, 1.98297440e+02, 1.43887955e+02, 2.06858871e+02,
    1.38563538e+02, 1.38522964e+02, 9.39647675e+01, 1.43405334e+02,
    8.36129532e+01, 1.55289124e+02, 8.23031845e+01, 1.66681335e+02,
    9.22126389e+01, 1.56263092e+02, 9.62927322e+01, 1.46520218e+02,
    9.76960297e+01, 2.13716980e+02, 8.75106583e+01, 2.21471848e+02,
    7.82242203e+01, 2.33445557e+02, 7.81831055e+01, 2.39749542e+02,
    8.66945419e+01, 2.32863815e+02, 9.09026871e+01, 2.22134277e+02,
    9.08503876e+01, 1.60518494e+02, 1.82946243e+02, 1.71122330e+02,
    1.66283142e+02, 1.79554718e+02, 1.63502136e+02, 1.87342285e+02,
    1.65168716e+02, 1.97799881e+02, 1.63720459e+02, 2.20471741e+02,
    1.65259018e+02, 2.33486145e+02, 1.76636139e+02, 2.21275879e+02,
    1.96391876e+02, 1.99273636e+02, 2.01536346e+02, 1.89192581e+02,
    2.01731583e+02, 1.80371872e+02, 2.01640945e+02, 1.71460510e+02,
    1.99639725e+02, 1.64628998e+02, 1.82593903e+02, 1.79982040e+02,
    1.70935486e+02, 1.88084778e+02, 1.71340714e+02, 1.98842285e+02,
    1.71923523e+02, 2.30719147e+02, 1.76310440e+02, 1.98715805e+02,
    1.93378067e+02, 1.89101929e+02, 1.93508804e+02, 1.80345718e+02,
    1.92729584e+02 ]
noOfLandmarkPoint: 68
