%YAML:1.0
landmark: [ 1.53142212e+02, 1.19612854e+02, 1.52955978e+02,
    1.35844299e+02, 1.53844971e+02, 1.50380066e+02, 1.56336533e+02,
    1.64848679e+02, 1.63103073e+02, 1.77875000e+02, 1.71859756e+02,
    1.89569382e+02, 1.85873154e+02, 1.99032425e+02, 2.01795670e+02,
    2.07719437e+02, 2.15915588e+02, 2.08584991e+02, 2.28090958e+02,
    2.06755920e+02, 2.38903030e+02, 1.96913620e+02, 2.47914749e+02,
    1.88465271e+02, 2.56639404e+02, 1.76792465e+02, 2.60881226e+02,
    1.62906143e+02, 2.62932434e+02, 1.48573837e+02, 2.64429230e+02,
    1.35518631e+02, 2.64236755e+02, 1.21683502e+02, 1.62320450e+02,
    1.09705841e+02, 1.72062286e+02, 1.05748215e+02, 1.83367401e+02,
    1.05223541e+02, 1.92772888e+02, 1.07168663e+02, 2.04300171e+02,
    1.09721252e+02, 2.24913651e+02, 1.07938988e+02, 2.34675064e+02,
    1.05090408e+02, 2.43339005e+02, 1.04738976e+02, 2.51110611e+02,
    1.05224060e+02, 2.59091858e+02, 1.08964600e+02, 2.14987717e+02,
    1.20013359e+02, 2.15753067e+02, 1.28985596e+02, 2.17284088e+02,
    1.38380325e+02, 2.18911438e+02, 1.47428497e+02, 2.05534210e+02,
    1.53507553e+02, 2.11575546e+02, 1.54618439e+02, 2.17115570e+02,
    1.56313354e+02, 2.22565735e+02, 1.54509415e+02, 2.26685043e+02,
    1.53293854e+02, 1.76763718e+02, 1.21790398e+02, 1.83994034e+02,
    1.19088562e+02, 1.91686813e+02, 1.19544708e+02, 1.97657730e+02,
    1.23219154e+02, 1.89539169e+02, 1.25774155e+02, 1.83304153e+02,
    1.26276482e+02, 2.30601913e+02, 1.21892456e+02, 2.36892883e+02,
    1.18114204e+02, 2.43819672e+02, 1.18481277e+02, 2.49164474e+02,
    1.21520752e+02, 2.44140182e+02, 1.25154694e+02, 2.37627029e+02,
    1.24606781e+02, 1.91507584e+02, 1.74060226e+02, 1.99116562e+02,
    1.68575745e+02, 2.10620071e+02, 1.65615417e+02, 2.15820801e+02,
    1.66680344e+02, 2.21183823e+02, 1.66021851e+02, 2.29348801e+02,
    1.68877594e+02, 2.36985992e+02, 1.74494431e+02, 2.29884979e+02,
    1.82292007e+02, 2.21782028e+02, 1.85423660e+02, 2.15526642e+02,
    1.86013062e+02, 2.09717926e+02, 1.85888519e+02, 1.97730225e+02,
    1.81623230e+02, 1.95255234e+02, 1.74127365e+02, 2.10122574e+02,
    1.71343918e+02, 2.15913513e+02, 1.71296021e+02, 2.21580887e+02,
    1.70950073e+02, 2.33305496e+02, 1.74334183e+02, 2.21618332e+02,
    1.77496613e+02, 2.15862762e+02, 1.77948135e+02, 2.09828964e+02,
    1.77466492e+02 ]
noOfLandmarkPoint: 68
