%YAML:1.0
landmark: [ 5.28233681e+01, 6.47132874e+01, 4.64954948e+01,
    9.43949127e+01, 4.57619019e+01, 1.22431351e+02, 4.83935661e+01,
    1.47307175e+02, 5.75377693e+01, 1.72553925e+02, 7.41127777e+01,
    1.94475403e+02, 9.42592850e+01, 2.10947281e+02, 1.19396248e+02,
    2.24300125e+02, 1.46027054e+02, 2.30441742e+02, 1.66940460e+02,
    2.29297241e+02, 1.83021439e+02, 2.15224136e+02, 1.95695572e+02,
    1.95859451e+02, 2.04051300e+02, 1.77557724e+02, 2.12393692e+02,
    1.56554504e+02, 2.18585098e+02, 1.35998581e+02, 2.23224655e+02,
    1.15048782e+02, 2.23971573e+02, 9.48273926e+01, 1.03807724e+02,
    6.96437912e+01, 1.19690704e+02, 6.47082214e+01, 1.36992630e+02,
    6.58942795e+01, 1.52601151e+02, 7.13438721e+01, 1.65207077e+02,
    7.92753677e+01, 1.90808243e+02, 7.84453125e+01, 2.02783691e+02,
    7.22621307e+01, 2.14594467e+02, 7.01029205e+01, 2.24559387e+02,
    6.69021530e+01, 2.31228851e+02, 7.20109329e+01, 1.78092346e+02,
    8.82940063e+01, 1.79656174e+02, 1.04013168e+02, 1.81301361e+02,
    1.20526611e+02, 1.83405685e+02, 1.36532700e+02, 1.51619736e+02,
    1.44442612e+02, 1.61627304e+02, 1.47629868e+02, 1.71052643e+02,
    1.52613663e+02, 1.82678757e+02, 1.49494629e+02, 1.90562012e+02,
    1.45978027e+02, 1.18943787e+02, 8.85560074e+01, 1.29458710e+02,
    8.81584320e+01, 1.40186554e+02, 8.75346222e+01, 1.46499512e+02,
    8.95840530e+01, 1.37801102e+02, 9.34915771e+01, 1.28314224e+02,
    9.25866394e+01, 1.92518127e+02, 9.15079498e+01, 2.01807159e+02,
    8.98841705e+01, 2.10987396e+02, 9.08660736e+01, 2.17151260e+02,
    9.29293213e+01, 2.10701569e+02, 9.70735397e+01, 2.01262985e+02,
    9.56574402e+01, 1.30877670e+02, 1.73013062e+02, 1.47170135e+02,
    1.65389816e+02, 1.61303802e+02, 1.66844437e+02, 1.68449738e+02,
    1.68435272e+02, 1.75315018e+02, 1.67490204e+02, 1.81077896e+02,
    1.70538849e+02, 1.87223404e+02, 1.74370468e+02, 1.80672684e+02,
    1.86423615e+02, 1.72291107e+02, 1.92053116e+02, 1.65249649e+02,
    1.93566360e+02, 1.57286819e+02, 1.92418655e+02, 1.43492462e+02,
    1.89242249e+02, 1.34565628e+02, 1.74089340e+02, 1.59784378e+02,
    1.77439270e+02, 1.67040558e+02, 1.77893387e+02, 1.73777557e+02,
    1.75336823e+02, 1.83364120e+02, 1.74774704e+02, 1.73777557e+02,
    1.75336823e+02, 1.67040558e+02, 1.77893387e+02, 1.59784378e+02,
    1.77439270e+02 ]
noOfLandmarkPoint: 68
