%YAML:1.0
landmark: [ 6.34486847e+01, 1.68130600e+02, 6.67526474e+01,
    1.94346329e+02, 7.20064316e+01, 2.17853790e+02, 8.08171616e+01,
    2.41451492e+02, 9.54956360e+01, 2.64633972e+02, 1.14634438e+02,
    2.83548431e+02, 1.38881531e+02, 2.97986511e+02, 1.64691437e+02,
    3.05721771e+02, 1.88009125e+02, 3.05221466e+02, 2.03427780e+02,
    3.00021942e+02, 2.15254028e+02, 2.79005737e+02, 2.24588470e+02,
    2.61275787e+02, 2.30781174e+02, 2.40277847e+02, 2.35692261e+02,
    2.18142242e+02, 2.42457642e+02, 1.99650497e+02, 2.44214005e+02,
    1.83639496e+02, 2.43690292e+02, 1.69340240e+02, 1.10593910e+02,
    1.43299240e+02, 1.26286835e+02, 1.33446854e+02, 1.44840851e+02,
    1.31098450e+02, 1.62363220e+02, 1.35883942e+02, 1.78716888e+02,
    1.46252319e+02, 2.11227615e+02, 1.44731628e+02, 2.22349655e+02,
    1.38845642e+02, 2.31250641e+02, 1.34548508e+02, 2.40151917e+02,
    1.30503952e+02, 2.48136841e+02, 1.33648239e+02, 1.97418015e+02,
    1.63757767e+02, 2.00647537e+02, 1.78114990e+02, 2.03391785e+02,
    1.91638062e+02, 2.06190292e+02, 2.06750000e+02, 1.82953552e+02,
    2.19334152e+02, 1.90500397e+02, 2.22566132e+02, 1.97722275e+02,
    2.26032837e+02, 2.06930481e+02, 2.23324570e+02, 2.12076294e+02,
    2.17655045e+02, 1.31768265e+02, 1.66361252e+02, 1.42908035e+02,
    1.62082382e+02, 1.54336792e+02, 1.61143463e+02, 1.62411911e+02,
    1.65727905e+02, 1.53576996e+02, 1.68246262e+02, 1.42294083e+02,
    1.68744553e+02, 2.10715195e+02, 1.63926239e+02, 2.19789780e+02,
    1.58131470e+02, 2.29836700e+02, 1.57776566e+02, 2.37418655e+02,
    1.61536880e+02, 2.30460190e+02, 1.65242081e+02, 2.21239914e+02,
    1.65834381e+02, 1.59243408e+02, 2.55637482e+02, 1.76125641e+02,
    2.50484879e+02, 1.92679504e+02, 2.44314346e+02, 1.99193665e+02,
    2.45752899e+02, 2.06182983e+02, 2.44116455e+02, 2.12352203e+02,
    2.46367142e+02, 2.15657166e+02, 2.49641449e+02, 2.12048752e+02,
    2.57853699e+02, 2.06549469e+02, 2.64928833e+02, 2.00465149e+02,
    2.67623322e+02, 1.93599380e+02, 2.68093536e+02, 1.75967392e+02,
    2.65748444e+02, 1.65978088e+02, 2.55749939e+02, 1.93155365e+02,
    2.53761963e+02, 1.99556900e+02, 2.53160172e+02, 2.06428787e+02,
    2.51383408e+02, 2.12597534e+02, 2.51160843e+02, 2.06428787e+02,
    2.51383408e+02, 1.99556900e+02, 2.53160172e+02, 1.93155365e+02,
    2.53761963e+02 ]
noOfLandmarkPoint: 68
