%YAML:1.0
landmark: [ 2.71039978e+02, 1.61642639e+02, 2.79897369e+02,
    1.84960052e+02, 2.87382141e+02, 2.03574051e+02, 2.97414429e+02,
    2.19526550e+02, 3.14733704e+02, 2.36338272e+02, 3.34406647e+02,
    2.48370605e+02, 3.59562347e+02, 2.56796448e+02, 3.79473022e+02,
    2.56250916e+02, 3.92334412e+02, 2.49395493e+02, 4.01165527e+02,
    2.41404419e+02, 4.04309937e+02, 2.27408157e+02, 4.06562531e+02,
    2.14002167e+02, 4.07400848e+02, 1.99620285e+02, 4.08923767e+02,
    1.83428436e+02, 4.09309875e+02, 1.67952515e+02, 4.09819366e+02,
    1.50041885e+02, 4.08408722e+02, 1.32367020e+02, 2.93496216e+02,
    1.58072174e+02, 3.03412567e+02, 1.48039886e+02, 3.17285156e+02,
    1.44473343e+02, 3.30766083e+02, 1.42906845e+02, 3.45030273e+02,
    1.44003784e+02, 3.69608368e+02, 1.34401108e+02, 3.78817444e+02,
    1.28249054e+02, 3.85872589e+02, 1.22684441e+02, 3.93788940e+02,
    1.16492439e+02, 4.02450531e+02, 1.15903046e+02, 3.60775970e+02,
    1.49933350e+02, 3.64985474e+02, 1.61706085e+02, 3.70507233e+02,
    1.73357147e+02, 3.76209839e+02, 1.85211243e+02, 3.62139587e+02,
    1.95811859e+02, 3.68861847e+02, 1.95561249e+02, 3.76784912e+02,
    1.95685898e+02, 3.80835602e+02, 1.92050766e+02, 3.84462219e+02,
    1.87802750e+02, 3.16228149e+02, 1.61171112e+02, 3.23839264e+02,
    1.55513580e+02, 3.33082001e+02, 1.52678009e+02, 3.39585510e+02,
    1.56661530e+02, 3.33339020e+02, 1.60761475e+02, 3.24524597e+02,
    1.62709610e+02, 3.76623566e+02, 1.44277527e+02, 3.80230042e+02,
    1.37889725e+02, 3.86707733e+02, 1.34346619e+02, 3.92771881e+02,
    1.33773727e+02, 3.91908722e+02, 1.40750946e+02, 3.85167267e+02,
    1.44081726e+02, 3.54007996e+02, 2.20803696e+02, 3.63400482e+02,
    2.15617935e+02, 3.70547058e+02, 2.10670547e+02, 3.78389252e+02,
    2.10087143e+02, 3.82872253e+02, 2.06176178e+02, 3.88904388e+02,
    2.06197830e+02, 3.95239502e+02, 2.05811813e+02, 3.93230957e+02,
    2.16123535e+02, 3.90087982e+02, 2.21176025e+02, 3.84544800e+02,
    2.24145004e+02, 3.77343109e+02, 2.25706085e+02, 3.67824036e+02,
    2.25360016e+02, 3.57458160e+02, 2.20320679e+02, 3.73120819e+02,
    2.16832428e+02, 3.80008728e+02, 2.14422226e+02, 3.84957367e+02,
    2.12105362e+02, 3.91986664e+02, 2.08633087e+02, 3.84957367e+02,
    2.12105362e+02, 3.80008728e+02, 2.14422226e+02, 3.73120819e+02,
    2.16832428e+02 ]
noOfLandmarkPoint: 68
