%YAML:1.0
landmark: [ 3.93633545e+02, 2.38153107e+02, 3.89734924e+02,
    2.65758881e+02, 3.94558655e+02, 2.93573120e+02, 4.03235748e+02,
    3.20355103e+02, 4.10824005e+02, 3.51773956e+02, 4.16073517e+02,
    3.75677551e+02, 4.24427246e+02, 3.97662445e+02, 4.31988708e+02,
    4.20240051e+02, 4.44784607e+02, 4.32884155e+02, 4.72812225e+02,
    4.31949799e+02, 5.09658936e+02, 4.27920624e+02, 5.60390564e+02,
    4.14694702e+02, 5.99732666e+02, 3.89661865e+02, 6.22601807e+02,
    3.52776581e+02, 6.31706360e+02, 3.07892700e+02, 6.30551331e+02,
    2.59665070e+02, 6.28314514e+02, 2.13135254e+02, 3.85162872e+02,
    1.93401413e+02, 3.93953247e+02, 1.85016006e+02, 4.07251007e+02,
    1.89709290e+02, 4.21007507e+02, 1.93921265e+02, 4.34031464e+02,
    1.97217529e+02, 4.71053955e+02, 1.90117722e+02, 4.89990326e+02,
    1.81670029e+02, 5.10658203e+02, 1.76388672e+02, 5.31876343e+02,
    1.73251511e+02, 5.53700439e+02, 1.81351074e+02, 4.51442596e+02,
    2.26425812e+02, 4.49802826e+02, 2.47581146e+02, 4.46145508e+02,
    2.70075378e+02, 4.43430878e+02, 2.92434143e+02, 4.36093323e+02,
    3.06793427e+02, 4.44634247e+02, 3.09890686e+02, 4.54572144e+02,
    3.11888947e+02, 4.65875671e+02, 3.06373260e+02, 4.80437012e+02,
    3.04212585e+02, 4.02496948e+02, 2.25510559e+02, 4.09216858e+02,
    2.17054947e+02, 4.23897766e+02, 2.17240341e+02, 4.40246918e+02,
    2.28175919e+02, 4.24327606e+02, 2.32730988e+02, 4.07267426e+02,
    2.34524216e+02, 4.99640411e+02, 2.22209702e+02, 5.10771851e+02,
    2.06331940e+02, 5.33794189e+02, 2.08482391e+02, 5.51966614e+02,
    2.17841156e+02, 5.31962158e+02, 2.24656647e+02, 5.15588440e+02,
    2.25048218e+02, 4.23401672e+02, 3.56410156e+02, 4.28016449e+02,
    3.41752258e+02, 4.37946930e+02, 3.35865906e+02, 4.50125854e+02,
    3.39582611e+02, 4.65286560e+02, 3.34493347e+02, 4.98174500e+02,
    3.43120239e+02, 5.13627686e+02, 3.51111786e+02, 4.99882721e+02,
    3.60640625e+02, 4.66598236e+02, 3.68124512e+02, 4.50181976e+02,
    3.69210907e+02, 4.38588806e+02, 3.68523224e+02, 4.30600494e+02,
    3.65209534e+02, 4.29364380e+02, 3.56290710e+02, 4.39202942e+02,
    3.51352539e+02, 4.50092224e+02, 3.53645081e+02, 4.65312134e+02,
    3.52298279e+02, 5.09319855e+02, 3.51901611e+02, 4.65312134e+02,
    3.52298279e+02, 4.50092224e+02, 3.53645081e+02, 4.39202942e+02,
    3.51352539e+02 ]
noOfLandmarkPoint: 68
