%YAML:1.0
landmark: [ 8.50156860e+01, 8.50701599e+01, 8.53632889e+01,
    1.00445969e+02, 8.73558273e+01, 1.15456863e+02, 8.95387115e+01,
    1.31283905e+02, 9.43051758e+01, 1.48086166e+02, 1.04802719e+02,
    1.61177383e+02, 1.17927376e+02, 1.70734299e+02, 1.32273163e+02,
    1.78172607e+02, 1.49073761e+02, 1.80447083e+02, 1.67371262e+02,
    1.76103134e+02, 1.81588013e+02, 1.65934296e+02, 1.93369507e+02,
    1.54778107e+02, 2.01267731e+02, 1.41746170e+02, 2.03768875e+02,
    1.26180153e+02, 2.03637268e+02, 1.10581192e+02, 2.03637268e+02,
    9.49823227e+01, 2.03242386e+02, 7.93176422e+01, 9.25068893e+01,
    7.51497650e+01, 9.90417938e+01, 6.66907654e+01, 1.08499123e+02,
    6.28001556e+01, 1.18776436e+02, 6.30971794e+01, 1.27514229e+02,
    6.79266968e+01, 1.46704514e+02, 6.76349411e+01, 1.55720703e+02,
    6.14370461e+01, 1.66882828e+02, 5.88154259e+01, 1.78162888e+02,
    6.03420906e+01, 1.85843994e+02, 6.66434631e+01, 1.39068497e+02,
    7.95814972e+01, 1.39063034e+02, 9.06639709e+01, 1.39228455e+02,
    1.02359520e+02, 1.38818619e+02, 1.13524925e+02, 1.27965187e+02,
    1.15889053e+02, 1.34100861e+02, 1.19091499e+02, 1.39746552e+02,
    1.22613770e+02, 1.45524216e+02, 1.18305351e+02, 1.52425095e+02,
    1.15363266e+02, 1.04729317e+02, 8.46744461e+01, 1.10174644e+02,
    7.99374390e+01, 1.17026932e+02, 7.98541794e+01, 1.23751930e+02,
    8.42653351e+01, 1.17055527e+02, 8.62087097e+01, 1.10630165e+02,
    8.64412766e+01, 1.57850098e+02, 8.23818817e+01, 1.62950485e+02,
    7.89871292e+01, 1.70078735e+02, 7.78868637e+01, 1.75924240e+02,
    8.08618698e+01, 1.71363510e+02, 8.37564468e+01, 1.64514008e+02,
    8.38136139e+01, 1.20015129e+02, 1.39376541e+02, 1.28072357e+02,
    1.32238098e+02, 1.37106567e+02, 1.29789474e+02, 1.42190323e+02,
    1.31037567e+02, 1.48185654e+02, 1.29075073e+02, 1.57438736e+02,
    1.30871292e+02, 1.66779068e+02, 1.35328735e+02, 1.59254181e+02,
    1.45577347e+02, 1.50461426e+02, 1.49710007e+02, 1.44279221e+02,
    1.50586517e+02, 1.37602829e+02, 1.50722305e+02, 1.29300827e+02,
    1.48698318e+02, 1.22483330e+02, 1.39212006e+02, 1.37265808e+02,
    1.34506073e+02, 1.42414673e+02, 1.34195267e+02, 1.48345245e+02,
    1.33057983e+02, 1.64870300e+02, 1.35164185e+02, 1.49426270e+02,
    1.41995865e+02, 1.43333740e+02, 1.43579575e+02, 1.37416611e+02,
    1.43208862e+02 ]
noOfLandmarkPoint: 68
