%YAML:1.0
landmark: [ 8.52499924e+01, 1.64621201e+02, 8.41978531e+01,
    1.82647293e+02, 8.65335846e+01, 1.98979080e+02, 9.20740204e+01,
    2.17936127e+02, 9.76869431e+01, 2.31407303e+02, 1.02285927e+02,
    2.49078812e+02, 1.13058952e+02, 2.66876953e+02, 1.28050629e+02,
    2.80184814e+02, 1.44654022e+02, 2.82158539e+02, 1.66399612e+02,
    2.79189209e+02, 1.90017593e+02, 2.74276764e+02, 2.13361298e+02,
    2.63669830e+02, 2.32893875e+02, 2.51092804e+02, 2.45547806e+02,
    2.32827026e+02, 2.49815903e+02, 2.08104919e+02, 2.50828857e+02,
    1.83295242e+02, 2.49101974e+02, 1.59078400e+02, 8.84889908e+01,
    1.23784523e+02, 9.64917908e+01, 1.17863754e+02, 1.04947418e+02,
    1.14858170e+02, 1.16227417e+02, 1.16578201e+02, 1.27380775e+02,
    1.21466698e+02, 1.53979034e+02, 1.18823120e+02, 1.69568497e+02,
    1.10313339e+02, 1.85537872e+02, 1.07887215e+02, 2.02878845e+02,
    1.11092941e+02, 2.18870895e+02, 1.20217400e+02, 1.39322052e+02,
    1.44332642e+02, 1.37465179e+02, 1.54198242e+02, 1.35308350e+02,
    1.64539093e+02, 1.32743561e+02, 1.75571732e+02, 1.28388931e+02,
    1.96029358e+02, 1.33026688e+02, 1.97065567e+02, 1.38175110e+02,
    1.98399170e+02, 1.45833282e+02, 1.96664719e+02, 1.51259369e+02,
    1.94710663e+02, 9.95336227e+01, 1.51884949e+02, 1.02557533e+02,
    1.45185608e+02, 1.13425423e+02, 1.40012405e+02, 1.27514702e+02,
    1.49880890e+02, 1.17329170e+02, 1.52625946e+02, 1.07572670e+02,
    1.53405869e+02, 1.70455383e+02, 1.46145386e+02, 1.80558563e+02,
    1.33616089e+02, 1.92798340e+02, 1.33778976e+02, 2.04349945e+02,
    1.41184418e+02, 1.96365051e+02, 1.47285980e+02, 1.81572495e+02,
    1.49168884e+02, 1.19391983e+02, 2.35400009e+02, 1.19373146e+02,
    2.24002151e+02, 1.31215866e+02, 2.14840302e+02, 1.36503723e+02,
    2.15933334e+02, 1.42719650e+02, 2.13924423e+02, 1.59185410e+02,
    2.20706284e+02, 1.74140167e+02, 2.31153610e+02, 1.62688416e+02,
    2.36710526e+02, 1.47657593e+02, 2.40793732e+02, 1.40058060e+02,
    2.41948807e+02, 1.33314957e+02, 2.41573318e+02, 1.22254791e+02,
    2.41837082e+02, 1.23293434e+02, 2.33027969e+02, 1.32124725e+02,
    2.27713547e+02, 1.37882614e+02, 2.27532333e+02, 1.44491562e+02,
    2.27061600e+02, 1.69971069e+02, 2.31828140e+02, 1.44491562e+02,
    2.27061600e+02, 1.37882614e+02, 2.27532333e+02, 1.32124725e+02,
    2.27713547e+02 ]
noOfLandmarkPoint: 68
