%YAML:1.0
landmark: [ 9.02315903e+01, 1.85005569e+02, 9.39949646e+01,
    2.08052078e+02, 1.04772438e+02, 2.32135742e+02, 1.13579308e+02,
    2.53121719e+02, 1.23953072e+02, 2.75341827e+02, 1.37859528e+02,
    2.94612793e+02, 1.54909531e+02, 3.08259827e+02, 1.74873810e+02,
    3.18606262e+02, 1.99944046e+02, 3.19750305e+02, 2.27717850e+02,
    3.11279449e+02, 2.47819641e+02, 2.92257446e+02, 2.59418457e+02,
    2.69206238e+02, 2.66780365e+02, 2.43372314e+02, 2.70911896e+02,
    2.14799698e+02, 2.68032745e+02, 1.91397324e+02, 2.67997620e+02,
    1.68784821e+02, 2.62060699e+02, 1.49718750e+02, 9.57773819e+01,
    1.60653275e+02, 1.06123810e+02, 1.48747314e+02, 1.22752380e+02,
    1.46699112e+02, 1.38514877e+02, 1.48226486e+02, 1.53932144e+02,
    1.52530655e+02, 1.86723129e+02, 1.49676392e+02, 2.02038422e+02,
    1.39728592e+02, 2.16304260e+02, 1.34285049e+02, 2.31493576e+02,
    1.29041153e+02, 2.45553085e+02, 1.35479141e+02, 1.71819046e+02,
    1.75485413e+02, 1.74630951e+02, 1.96938995e+02, 1.76401184e+02,
    2.17181244e+02, 1.78797623e+02, 2.36519348e+02, 1.63901184e+02,
    2.42184219e+02, 1.72790482e+02, 2.45238983e+02, 1.83242264e+02,
    2.46315781e+02, 1.93451187e+02, 2.41072327e+02, 2.00742859e+02,
    2.36384827e+02, 1.16783333e+02, 1.81489578e+02, 1.26059532e+02,
    1.73049515e+02, 1.38416626e+02, 1.72022247e+02, 1.48832138e+02,
    1.79336014e+02, 1.37459763e+02, 1.82635468e+02, 1.26251579e+02,
    1.84074234e+02, 2.00742859e+02, 1.70203873e+02, 2.09400528e+02,
    1.60573975e+02, 2.22009232e+02, 1.57770721e+02, 2.31884750e+02,
    1.62759293e+02, 2.25280411e+02, 1.68324554e+02, 2.13357178e+02,
    1.69857162e+02, 1.57823807e+02, 2.68989594e+02, 1.67609756e+02,
    2.65664764e+02, 1.76056091e+02, 2.62504639e+02, 1.86347443e+02,
    2.63010193e+02, 1.93786819e+02, 2.59289581e+02, 2.08906540e+02,
    2.59403870e+02, 2.27093842e+02, 2.58315308e+02, 2.14505951e+02,
    2.74325012e+02, 2.00470840e+02, 2.81588989e+02, 1.91438095e+02,
    2.83640167e+02, 1.80427383e+02, 2.84368744e+02, 1.71119644e+02,
    2.80652679e+02, 1.63690475e+02, 2.69996124e+02, 1.77841888e+02,
    2.70685059e+02, 1.87705307e+02, 2.69165588e+02, 1.96406281e+02,
    2.67858124e+02, 2.17623215e+02, 2.61937805e+02, 1.96406281e+02,
    2.67858124e+02, 1.87705307e+02, 2.69165588e+02, 1.77841888e+02,
    2.70685059e+02 ]
noOfLandmarkPoint: 68
