%YAML:1.0
landmark: [ 2.47350464e+02, 1.49455643e+02, 2.46416275e+02,
    1.70087250e+02, 2.50050232e+02, 1.92019089e+02, 2.61050232e+02,
    2.16117218e+02, 2.72483246e+02, 2.38382782e+02, 2.80681854e+02,
    2.64314636e+02, 2.92781128e+02, 2.82878082e+02, 3.03711823e+02,
    3.08746460e+02, 3.25008514e+02, 3.24617218e+02, 3.61610168e+02,
    3.24420990e+02, 3.89344604e+02, 3.09891022e+02, 4.13745300e+02,
    2.80388672e+02, 4.41014404e+02, 2.55220032e+02, 4.60316986e+02,
    2.27453293e+02, 4.64617218e+02, 1.92885132e+02, 4.67250000e+02,
    1.59850464e+02, 4.68550232e+02, 1.29316986e+02, 2.44350464e+02,
    1.15950943e+02, 2.54042130e+02, 1.04193649e+02, 2.70695129e+02,
    1.02871605e+02, 2.86302582e+02, 1.09938782e+02, 3.04275360e+02,
    1.16978600e+02, 3.37149536e+02, 1.18650703e+02, 3.60449768e+02,
    1.06283493e+02, 3.80982086e+02, 9.92500000e+01, 4.09917450e+02,
    1.00883957e+02, 4.33519104e+02, 1.11084900e+02, 3.22465912e+02,
    1.43189606e+02, 3.19837128e+02, 1.61772720e+02, 3.16793152e+02,
    1.80087769e+02, 3.13862915e+02, 1.99635361e+02, 2.94550232e+02,
    2.12250000e+02, 3.06782806e+02, 2.16992569e+02, 3.18468872e+02,
    2.20837646e+02, 3.34283478e+02, 2.15783493e+02, 3.48316986e+02,
    2.13583725e+02, 2.64751190e+02, 1.39316986e+02, 2.77118378e+02,
    1.30882782e+02, 2.89073242e+02, 1.31973312e+02, 3.01816986e+02,
    1.44550232e+02, 2.87316986e+02, 1.47816986e+02, 2.74397797e+02,
    1.46803818e+02, 3.62949768e+02, 1.42516739e+02, 3.78913544e+02,
    1.29874405e+02, 3.91548615e+02, 1.29148560e+02, 4.09083740e+02,
    1.36750000e+02, 3.93075104e+02, 1.45887634e+02, 3.78955444e+02,
    1.47149155e+02, 2.87784241e+02, 2.52644974e+02, 2.97376099e+02,
    2.45912247e+02, 3.08268036e+02, 2.42854034e+02, 3.17592651e+02,
    2.47750275e+02, 3.30621002e+02, 2.44089401e+02, 3.58383972e+02,
    2.51351639e+02, 3.81818146e+02, 2.56650696e+02, 3.61349304e+02,
    2.75450928e+02, 3.35647186e+02, 2.84851654e+02, 3.23149536e+02,
    2.84950928e+02, 3.10984436e+02, 2.82950928e+02, 2.95984436e+02,
    2.74452118e+02, 2.93117218e+02, 2.54850464e+02, 3.09550232e+02,
    2.56816986e+02, 3.19482086e+02, 2.60816986e+02, 3.32113678e+02,
    2.59150696e+02, 3.74685364e+02, 2.55750000e+02, 3.32113678e+02,
    2.59150696e+02, 3.19482086e+02, 2.60816986e+02, 3.09550232e+02,
    2.56816986e+02 ]
noOfLandmarkPoint: 68
