%YAML:1.0
landmark: [ 9.74388580e+01, 1.58092987e+02, 9.77506256e+01,
    1.86814636e+02, 1.02142136e+02, 2.16776810e+02, 1.08732758e+02,
    2.44171143e+02, 1.18021111e+02, 2.65645142e+02, 1.32686462e+02,
    2.84599976e+02, 1.50109894e+02, 2.99346588e+02, 1.69749878e+02,
    3.11052216e+02, 1.94176346e+02, 3.13698730e+02, 2.11926224e+02,
    3.09210266e+02, 2.25783798e+02, 2.90735107e+02, 2.34873413e+02,
    2.70792267e+02, 2.43612305e+02, 2.51484009e+02, 2.51319427e+02,
    2.30553528e+02, 2.56897064e+02, 2.12809341e+02, 2.62316010e+02,
    1.92902512e+02, 2.63217499e+02, 1.71458679e+02, 1.31485535e+02,
    1.51317307e+02, 1.49718994e+02, 1.43278030e+02, 1.66446182e+02,
    1.37559555e+02, 1.85920288e+02, 1.40654617e+02, 2.01359024e+02,
    1.49539536e+02, 2.25911514e+02, 1.53518539e+02, 2.35632889e+02,
    1.48724213e+02, 2.46256668e+02, 1.47538528e+02, 2.55609756e+02,
    1.50943497e+02, 2.62833984e+02, 1.58439331e+02, 2.14490540e+02,
    1.60811722e+02, 2.13893173e+02, 1.81380081e+02, 2.14201019e+02,
    2.01640579e+02, 2.14508865e+02, 2.22100204e+02, 1.93216095e+02,
    2.25341568e+02, 2.00585297e+02, 2.29161972e+02, 2.08497711e+02,
    2.33308136e+02, 2.16609238e+02, 2.30067184e+02, 2.23797226e+02,
    2.27097855e+02, 1.53727783e+02, 1.61117508e+02, 1.64178528e+02,
    1.55592819e+02, 1.74794128e+02, 1.55318558e+02, 1.82660706e+02,
    1.63315994e+02, 1.71718170e+02, 1.65938095e+02, 1.61239441e+02,
    1.64554916e+02, 2.28104263e+02, 1.66126953e+02, 2.35507660e+02,
    1.59983002e+02, 2.45294250e+02, 1.60781082e+02, 2.52542664e+02,
    1.69113510e+02, 2.45137146e+02, 1.70041626e+02, 2.36806595e+02,
    1.69212372e+02, 1.66327957e+02, 2.54338440e+02, 1.80207977e+02,
    2.54422012e+02, 1.97770584e+02, 2.50688156e+02, 2.05187286e+02,
    2.53569199e+02, 2.11295166e+02, 2.51607086e+02, 2.19735916e+02,
    2.55255402e+02, 2.23905960e+02, 2.61662262e+02, 2.17749619e+02,
    2.71241211e+02, 2.09999115e+02, 2.72748138e+02, 2.02418732e+02,
    2.72173584e+02, 1.93720123e+02, 2.71529266e+02, 1.78698669e+02,
    2.65386658e+02, 1.69799591e+02, 2.55592407e+02, 1.96067657e+02,
    2.58634827e+02, 2.04154175e+02, 2.60257874e+02, 2.10697739e+02,
    2.60270020e+02, 2.20592529e+02, 2.60250092e+02, 2.10697739e+02,
    2.60270020e+02, 2.04154175e+02, 2.60257874e+02, 1.96067657e+02,
    2.58634827e+02 ]
noOfLandmarkPoint: 68
