%YAML:1.0
landmark: [ 1.94450928e+02, 3.31232849e+02, 1.91032181e+02,
    3.70799500e+02, 1.89488998e+02, 4.07978333e+02, 1.89917313e+02,
    4.46611938e+02, 1.98638794e+02, 4.72762146e+02, 2.15136261e+02,
    4.99482819e+02, 2.31225296e+02, 5.22951904e+02, 2.50209656e+02,
    5.45449463e+02, 2.76905396e+02, 5.57092163e+02, 3.04176300e+02,
    5.54715698e+02, 3.36537445e+02, 5.40232910e+02, 3.65164734e+02,
    5.20205994e+02, 3.89379395e+02, 4.97010406e+02, 4.04429504e+02,
    4.67365112e+02, 4.15291840e+02, 4.35228790e+02, 4.23665283e+02,
    4.03885651e+02, 4.29210449e+02, 3.70167084e+02, 2.10583008e+02,
    3.10596588e+02, 2.28511917e+02, 2.98735809e+02, 2.48585968e+02,
    2.94372986e+02, 2.70791290e+02, 3.01624512e+02, 2.91004303e+02,
    3.13994141e+02, 3.44286133e+02, 3.27584625e+02, 3.67038513e+02,
    3.25269287e+02, 3.86133484e+02, 3.28925110e+02, 4.04874298e+02,
    3.36990936e+02, 4.15215057e+02, 3.52324768e+02, 3.15120148e+02,
    3.43715363e+02, 3.09102722e+02, 3.69168365e+02, 3.02395599e+02,
    3.95862823e+02, 2.96821625e+02, 4.23852448e+02, 2.73329315e+02,
    4.27086487e+02, 2.83156769e+02, 4.32982758e+02, 2.94228668e+02,
    4.40474762e+02, 3.07019989e+02, 4.37871521e+02, 3.20858978e+02,
    4.36433502e+02, 2.31195053e+02, 3.33505737e+02, 2.49636566e+02,
    3.31128204e+02, 2.65592834e+02, 3.36767883e+02, 2.74143524e+02,
    3.47133453e+02, 2.60488190e+02, 3.46709442e+02, 2.44885666e+02,
    3.42783783e+02, 3.46148895e+02, 3.61480957e+02, 3.59980927e+02,
    3.55762726e+02, 3.77154541e+02, 3.58660400e+02, 3.89265930e+02,
    3.66318695e+02, 3.74895569e+02, 3.68921082e+02, 3.61518677e+02,
    3.66450623e+02, 2.36738113e+02, 4.47110229e+02, 2.61011444e+02,
    4.51698151e+02, 2.80269318e+02, 4.55810364e+02, 2.91404694e+02,
    4.60251465e+02, 3.05351196e+02, 4.60328644e+02, 3.26666779e+02,
    4.62910522e+02, 3.49662842e+02, 4.69627106e+02, 3.21291931e+02,
    5.00098938e+02, 3.00332062e+02, 5.06399811e+02, 2.85620270e+02,
    5.04816528e+02, 2.69889343e+02, 5.01646820e+02, 2.53708771e+02,
    4.88292389e+02, 2.42735046e+02, 4.51409363e+02, 2.78803345e+02,
    4.63027802e+02, 2.90189331e+02, 4.68005096e+02, 3.04526733e+02,
    4.67615356e+02, 3.42307465e+02, 4.71097961e+02, 3.02368164e+02,
    4.89541565e+02, 2.87948669e+02, 4.86834808e+02, 2.74252319e+02,
    4.84538300e+02 ]
noOfLandmarkPoint: 68
