%YAML:1.0
landmark: [ 2.49753937e+02, 1.18628578e+02, 2.50988022e+02,
    1.32171677e+02, 2.51967651e+02, 1.47042068e+02, 2.53096893e+02,
    1.61662476e+02, 2.55604904e+02, 1.79758835e+02, 2.63999481e+02,
    1.92070450e+02, 2.77067474e+02, 2.04319641e+02, 2.92945465e+02,
    2.14712128e+02, 3.12602448e+02, 2.17321945e+02, 3.29683838e+02,
    2.16203049e+02, 3.43605194e+02, 2.08489059e+02, 3.55582428e+02,
    1.95477051e+02, 3.63265045e+02, 1.83159180e+02, 3.68775452e+02,
    1.70775742e+02, 3.70235016e+02, 1.57598389e+02, 3.73318390e+02,
    1.46306198e+02, 3.75915833e+02, 1.30959351e+02, 2.65771667e+02,
    1.04496033e+02, 2.73239594e+02, 9.75982742e+01, 2.85155151e+02,
    9.71425018e+01, 2.96325531e+02, 9.84483032e+01, 3.06776062e+02,
    1.04358353e+02, 3.23165314e+02, 1.03435402e+02, 3.34553070e+02,
    9.95453033e+01, 3.45229248e+02, 1.00621803e+02, 3.55510498e+02,
    1.01985931e+02, 3.62429993e+02, 1.09604179e+02, 3.13614716e+02,
    1.15539574e+02, 3.12768646e+02, 1.26887520e+02, 3.11695923e+02,
    1.38654083e+02, 3.10286255e+02, 1.49624985e+02, 2.98562988e+02,
    1.54468567e+02, 3.04024445e+02, 1.55941498e+02, 3.10008881e+02,
    1.58804611e+02, 3.15763336e+02, 1.57624237e+02, 3.20951599e+02,
    1.56229294e+02, 2.77303955e+02, 1.17306892e+02, 2.83150696e+02,
    1.13330124e+02, 2.90891632e+02, 1.14101669e+02, 2.96225220e+02,
    1.18249672e+02, 2.90028564e+02, 1.19635704e+02, 2.82629059e+02,
    1.20163284e+02, 3.30323029e+02, 1.21180176e+02, 3.36541382e+02,
    1.17566338e+02, 3.43330719e+02, 1.17991364e+02, 3.49167480e+02,
    1.22007767e+02, 3.44284851e+02, 1.24167274e+02, 3.37195618e+02,
    1.23129631e+02, 2.91079681e+02, 1.79633698e+02, 2.98770111e+02,
    1.74934174e+02, 3.04268402e+02, 1.71607117e+02, 3.08714783e+02,
    1.73918381e+02, 3.14336090e+02, 1.72157913e+02, 3.21306641e+02,
    1.75196823e+02, 3.28639954e+02, 1.80638412e+02, 3.21151428e+02,
    1.84382843e+02, 3.13983398e+02, 1.85738312e+02, 3.09072510e+02,
    1.86164886e+02, 3.03892578e+02, 1.85339294e+02, 2.98903778e+02,
    1.84151520e+02, 2.95299591e+02, 1.79624908e+02, 3.03867737e+02,
    1.78726761e+02, 3.08661224e+02, 1.79527176e+02, 3.14490417e+02,
    1.78763809e+02, 3.24314636e+02, 1.80378998e+02, 3.14490417e+02,
    1.78763809e+02, 3.08661224e+02, 1.79527176e+02, 3.03867737e+02,
    1.78726761e+02 ]
noOfLandmarkPoint: 68
