%YAML:1.0
landmark: [ 7.06391144e+01, 1.52182999e+02, 7.34835129e+01,
    1.65428238e+02, 7.77153778e+01, 1.77264664e+02, 8.31586227e+01,
    1.90029709e+02, 8.80522308e+01, 2.05260178e+02, 9.79942093e+01,
    2.18441406e+02, 1.08640602e+02, 2.31841415e+02, 1.21871841e+02,
    2.40707626e+02, 1.38414017e+02, 2.39723999e+02, 1.52811447e+02,
    2.35972961e+02, 1.66879028e+02, 2.27141113e+02, 1.79045563e+02,
    2.13126160e+02, 1.87487961e+02, 1.97036530e+02, 1.91431625e+02,
    1.80941452e+02, 1.90316483e+02, 1.61182693e+02, 1.88608673e+02,
    1.43106461e+02, 1.86837387e+02, 1.26564537e+02, 7.35158768e+01,
    1.41061951e+02, 7.80205765e+01, 1.32558655e+02, 8.64303665e+01,
    1.29798126e+02, 9.66811371e+01, 1.30954361e+02, 1.06037079e+02,
    1.31927994e+02, 1.25531937e+02, 1.28847656e+02, 1.34922791e+02,
    1.22723007e+02, 1.46877838e+02, 1.19840645e+02, 1.59234818e+02,
    1.19668037e+02, 1.69061035e+02, 1.22413078e+02, 1.18086266e+02,
    1.42194885e+02, 1.20386780e+02, 1.54843918e+02, 1.22319382e+02,
    1.66762436e+02, 1.24782005e+02, 1.78335022e+02, 1.14981995e+02,
    1.84222458e+02, 1.20390862e+02, 1.85389893e+02, 1.25772942e+02,
    1.87428253e+02, 1.31602097e+02, 1.83471954e+02, 1.37217773e+02,
    1.80304062e+02, 8.50236206e+01, 1.45058502e+02, 9.05570831e+01,
    1.41461319e+02, 9.80597610e+01, 1.40592041e+02, 1.05621162e+02,
    1.45765747e+02, 9.79532013e+01, 1.48713516e+02, 9.01726913e+01,
    1.49561386e+02, 1.36516891e+02, 1.40601013e+02, 1.42611679e+02,
    1.34693481e+02, 1.50990646e+02, 1.32809708e+02, 1.57295715e+02,
    1.35276428e+02, 1.53229965e+02, 1.40242584e+02, 1.45218994e+02,
    1.40971878e+02, 1.06573792e+02, 2.01997696e+02, 1.13985306e+02,
    1.99491699e+02, 1.20656479e+02, 1.97526031e+02, 1.28511276e+02,
    2.00473450e+02, 1.36669846e+02, 1.95887314e+02, 1.44906433e+02,
    1.95920853e+02, 1.55415558e+02, 1.94529770e+02, 1.46664291e+02,
    2.04285263e+02, 1.38509659e+02, 2.08558228e+02, 1.30023865e+02,
    2.10829865e+02, 1.21865425e+02, 2.10793640e+02, 1.15122925e+02,
    2.09219101e+02, 1.10014290e+02, 2.03370621e+02, 1.21050056e+02,
    2.03647186e+02, 1.29118607e+02, 2.04553986e+02, 1.37144562e+02,
    2.01395187e+02, 1.51089462e+02, 1.97215607e+02, 1.37144562e+02,
    2.01395187e+02, 1.29118607e+02, 2.04553986e+02, 1.21050056e+02,
    2.03647186e+02 ]
noOfLandmarkPoint: 68
