%YAML:1.0
landmark: [ 1.80140472e+02, 1.14784866e+02, 1.75273560e+02,
    1.28604935e+02, 1.75174713e+02, 1.46971237e+02, 1.74898407e+02,
    1.62899017e+02, 1.75041626e+02, 1.76630356e+02, 1.77034409e+02,
    1.92597443e+02, 1.81771393e+02, 2.03710449e+02, 1.88877350e+02,
    2.17667343e+02, 2.02824966e+02, 2.21091812e+02, 2.20332001e+02,
    2.21521439e+02, 2.40267426e+02, 2.13850983e+02, 2.59220612e+02,
    2.07834473e+02, 2.79674377e+02, 2.02469421e+02, 2.94861969e+02,
    1.92997894e+02, 3.02256134e+02, 1.75347656e+02, 3.04309357e+02,
    1.52267776e+02, 3.03593323e+02, 1.30357727e+02, 1.79237534e+02,
    9.55419312e+01, 1.84898514e+02, 8.86190186e+01, 1.92462402e+02,
    9.25530701e+01, 2.00880692e+02, 9.77175827e+01, 2.07504303e+02,
    1.03270203e+02, 2.27715790e+02, 9.82685394e+01, 2.40929367e+02,
    9.52593079e+01, 2.52934372e+02, 9.75313187e+01, 2.64695984e+02,
    1.02213158e+02, 2.73315887e+02, 1.12712029e+02, 2.12068054e+02,
    1.12691986e+02, 2.08646515e+02, 1.21512512e+02, 2.05135010e+02,
    1.29521149e+02, 2.01998169e+02, 1.38205353e+02, 1.97510406e+02,
    1.47760910e+02, 2.01220612e+02, 1.51006409e+02, 2.06516357e+02,
    1.53313660e+02, 2.13036316e+02, 1.52429489e+02, 2.18186798e+02,
    1.50817581e+02, 1.88319183e+02, 1.08403313e+02, 1.91586624e+02,
    1.06162491e+02, 1.97326828e+02, 1.06912804e+02, 2.02978287e+02,
    1.11019279e+02, 1.96576508e+02, 1.12001534e+02, 1.91255829e+02,
    1.11957169e+02, 2.37938354e+02, 1.15807526e+02, 2.43036728e+02,
    1.13723991e+02, 2.48357407e+02, 1.14938187e+02, 2.52365036e+02,
    1.17929321e+02, 2.47657104e+02, 1.18671852e+02, 2.42219025e+02,
    1.18009094e+02, 1.89452652e+02, 1.72358276e+02, 1.92798492e+02,
    1.67293411e+02, 1.99261169e+02, 1.65601868e+02, 2.02656479e+02,
    1.68236679e+02, 2.11295166e+02, 1.67645233e+02, 2.21136185e+02,
    1.72887497e+02, 2.31269897e+02, 1.78362915e+02, 2.19717422e+02,
    1.81732956e+02, 2.09899765e+02, 1.81123245e+02, 2.01230392e+02,
    1.80438950e+02, 1.96195236e+02, 1.79411758e+02, 1.91354904e+02,
    1.77051590e+02, 1.91459763e+02, 1.71981567e+02, 1.97789093e+02,
    1.71523865e+02, 2.02432373e+02, 1.72641464e+02, 2.10523636e+02,
    1.73776321e+02, 2.26368744e+02, 1.77755829e+02, 2.10523636e+02,
    1.73776321e+02, 2.02432373e+02, 1.72641464e+02, 1.97789093e+02,
    1.71523865e+02 ]
noOfLandmarkPoint: 68
