%YAML:1.0
landmark: [ 1.04497719e+02, 1.62843582e+02, 1.03022690e+02,
    1.95944504e+02, 1.03722618e+02, 2.23484283e+02, 1.10912682e+02,
    2.51046051e+02, 1.24464500e+02, 2.81711761e+02, 1.45228104e+02,
    3.10180145e+02, 1.72984192e+02, 3.30939941e+02, 2.03761276e+02,
    3.47848083e+02, 2.37071609e+02, 3.49643219e+02, 2.59627502e+02,
    3.48397247e+02, 2.78282349e+02, 3.34528412e+02, 2.90249237e+02,
    3.13218506e+02, 3.00565216e+02, 2.88443695e+02, 3.05527130e+02,
    2.57702820e+02, 3.09199097e+02, 2.32184113e+02, 3.09833069e+02,
    2.05212357e+02, 3.10445068e+02, 1.80710571e+02, 1.53918976e+02,
    1.40086304e+02, 1.67928925e+02, 1.23870201e+02, 1.87631897e+02,
    1.13840004e+02, 2.08505951e+02, 1.21081612e+02, 2.28427353e+02,
    1.29966751e+02, 2.71346039e+02, 1.33074081e+02, 2.84658875e+02,
    1.28974152e+02, 2.97849701e+02, 1.28379089e+02, 3.08543121e+02,
    1.35793106e+02, 3.12827087e+02, 1.48742172e+02, 2.48348724e+02,
    1.61533890e+02, 2.51695770e+02, 1.76657288e+02, 2.55446793e+02,
    1.91823364e+02, 2.59423462e+02, 2.06786179e+02, 2.24219711e+02,
    2.23572220e+02, 2.41355576e+02, 2.25408203e+02, 2.53595474e+02,
    2.27856186e+02, 2.61551422e+02, 2.27856186e+02, 2.72567322e+02,
    2.26632187e+02, 1.77302795e+02, 1.63803604e+02, 1.89330414e+02,
    1.56334702e+02, 2.05263260e+02, 1.56638367e+02, 2.13580612e+02,
    1.67890610e+02, 2.04810104e+02, 1.71458328e+02, 1.89662949e+02,
    1.69662155e+02, 2.67059357e+02, 1.72776627e+02, 2.78731232e+02,
    1.65388718e+02, 2.90447083e+02, 1.66929688e+02, 2.97179016e+02,
    1.76765579e+02, 2.89562073e+02, 1.80327637e+02, 2.77256195e+02,
    1.77967590e+02, 1.95197235e+02, 2.71372223e+02, 2.26250717e+02,
    2.58039246e+02, 2.48948868e+02, 2.57433136e+02, 2.55728943e+02,
    2.61391357e+02, 2.67401703e+02, 2.60157471e+02, 2.79781525e+02,
    2.72193604e+02, 2.78031311e+02, 2.87721771e+02, 2.71827667e+02,
    2.95824188e+02, 2.57440063e+02, 2.95447418e+02, 2.46401596e+02,
    2.93430817e+02, 2.36889633e+02, 2.91146942e+02, 2.17862091e+02,
    2.84894226e+02, 2.11311905e+02, 2.73547913e+02, 2.45148499e+02,
    2.70260895e+02, 2.51800323e+02, 2.73444336e+02, 2.62053497e+02,
    2.74477722e+02, 2.70185303e+02, 2.80760773e+02, 2.60578461e+02,
    2.78902802e+02, 2.50821335e+02, 2.78341736e+02, 2.43385712e+02,
    2.76135071e+02 ]
noOfLandmarkPoint: 68
