%YAML:1.0
landmark: [ 1.22562721e+02, 3.54853638e+02, 1.36412140e+02,
    4.15289429e+02, 1.53682938e+02, 4.73828522e+02, 1.83362625e+02,
    5.21165466e+02, 2.24153183e+02, 5.57919739e+02, 2.76333618e+02,
    5.84046997e+02, 3.26239410e+02, 5.98614990e+02, 3.84701691e+02,
    5.97274841e+02, 4.36394928e+02, 5.87057373e+02, 4.67560089e+02,
    5.74862122e+02, 4.82334045e+02, 5.41681702e+02, 4.92042389e+02,
    4.94353516e+02, 5.00678894e+02, 4.36360291e+02, 4.99255066e+02,
    3.88567383e+02, 4.94446594e+02, 3.43412201e+02, 4.84829681e+02,
    2.96529694e+02, 4.69879120e+02, 2.56182983e+02, 1.75816116e+02,
    3.22509247e+02, 1.95493393e+02, 2.89317017e+02, 2.31545059e+02,
    2.80820435e+02, 2.65577728e+02, 2.74436401e+02, 3.04706238e+02,
    2.78739746e+02, 3.74468597e+02, 2.60757935e+02, 3.93496613e+02,
    2.41077652e+02, 4.15724060e+02, 2.29149200e+02, 4.34424774e+02,
    2.17085510e+02, 4.55599335e+02, 2.24782166e+02, 3.45090179e+02,
    3.21843201e+02, 3.57423370e+02, 3.51214417e+02, 3.70126556e+02,
    3.80734619e+02, 3.82897919e+02, 4.10058655e+02, 3.42303162e+02,
    4.41075195e+02, 3.63871277e+02, 4.43175964e+02, 3.87761841e+02,
    4.47004028e+02, 4.03237579e+02, 4.36640198e+02, 4.16460846e+02,
    4.25587677e+02, 2.28447662e+02, 3.59418854e+02, 2.49658539e+02,
    3.50916565e+02, 2.73065399e+02, 3.43153748e+02, 2.93016449e+02,
    3.46108093e+02, 2.77984131e+02, 3.61210419e+02, 2.52587967e+02,
    3.69765167e+02, 3.83205658e+02, 3.13927948e+02, 4.05198395e+02,
    3.02680237e+02, 4.25634369e+02, 2.97346588e+02, 4.45089905e+02,
    2.96144470e+02, 4.34340851e+02, 3.14094421e+02, 4.10450287e+02,
    3.22509247e+02, 3.31180664e+02, 5.19212708e+02, 3.53771545e+02,
    4.97262207e+02, 3.83073975e+02, 4.83563446e+02, 3.98558411e+02,
    4.82949890e+02, 4.14754150e+02, 4.72276245e+02, 4.37904663e+02,
    4.73742523e+02, 4.51252228e+02, 4.79916351e+02, 4.48096069e+02,
    5.05795319e+02, 4.37641937e+02, 5.24955383e+02, 4.20364258e+02,
    5.37680664e+02, 3.99749908e+02, 5.41702698e+02, 3.66537048e+02,
    5.38936890e+02, 3.39690399e+02, 5.18468140e+02, 3.87849731e+02,
    5.09612305e+02, 4.07026550e+02, 5.05065857e+02, 4.24875671e+02,
    4.96372498e+02, 4.44039520e+02, 4.83674438e+02, 4.24875671e+02,
    4.96372498e+02, 4.07026550e+02, 5.05065857e+02, 3.87849731e+02,
    5.09612305e+02 ]
noOfLandmarkPoint: 68
