%YAML:1.0
landmark: [ 9.90719604e+01, 1.33999985e+02, 9.69145203e+01,
    1.45412659e+02, 9.47570724e+01, 1.57888687e+02, 9.49760132e+01,
    1.71302582e+02, 9.41008530e+01, 1.84372696e+02, 9.62569580e+01,
    1.97476028e+02, 1.01089378e+02, 2.09715714e+02, 1.07650948e+02,
    2.20461639e+02, 1.20938820e+02, 2.24993805e+02, 1.38742325e+02,
    2.25492844e+02, 1.59726608e+02, 2.18949127e+02, 1.77118073e+02,
    2.09856689e+02, 1.94565796e+02, 1.97506134e+02, 2.07291504e+02,
    1.84498749e+02, 2.12731857e+02, 1.69301956e+02, 2.13920059e+02,
    1.52198029e+02, 2.12669739e+02, 1.36969864e+02, 9.74145203e+01,
    1.10610710e+02, 1.01354256e+02, 1.05670364e+02, 1.07201126e+02,
    1.03856712e+02, 1.13361023e+02, 1.05044907e+02, 1.18364098e+02,
    1.07859169e+02, 1.34561508e+02, 1.09610092e+02, 1.45411438e+02,
    1.02699883e+02, 1.58888077e+02, 9.83536301e+01, 1.72552277e+02,
    9.73530197e+01, 1.83027069e+02, 1.04012924e+02, 1.22968933e+02,
    1.19772369e+02, 1.20999779e+02, 1.27956604e+02, 1.18526405e+02,
    1.35863571e+02, 1.16571884e+02, 1.44087616e+02, 1.13684593e+02,
    1.57475586e+02, 1.16696854e+02, 1.57413528e+02, 1.20396690e+02,
    1.56731247e+02, 1.26514748e+02, 1.57590637e+02, 1.34914978e+02,
    1.58304276e+02, 1.03836082e+02, 1.27616386e+02, 1.04606400e+02,
    1.21867165e+02, 1.11016602e+02, 1.19428658e+02, 1.17801361e+02,
    1.23962486e+02, 1.12728111e+02, 1.25854111e+02, 1.08237000e+02,
    1.26770508e+02, 1.47726242e+02, 1.23624481e+02, 1.52595169e+02,
    1.16966721e+02, 1.61264069e+02, 1.18406265e+02, 1.67893005e+02,
    1.23712181e+02, 1.60775803e+02, 1.24441002e+02, 1.53766129e+02,
    1.24521057e+02, 1.08300583e+02, 1.85709763e+02, 1.11225243e+02,
    1.76904831e+02, 1.16203674e+02, 1.71747116e+02, 1.20515045e+02,
    1.72790634e+02, 1.26016823e+02, 1.71638855e+02, 1.35534058e+02,
    1.76921722e+02, 1.44035675e+02, 1.83496933e+02, 1.35403473e+02,
    1.86029251e+02, 1.26661987e+02, 1.86514999e+02, 1.21141098e+02,
    1.86182938e+02, 1.16038162e+02, 1.86668381e+02, 1.11537811e+02,
    1.86667068e+02, 1.10142464e+02, 1.83915222e+02, 1.16265175e+02,
    1.78972122e+02, 1.20832390e+02, 1.78887421e+02, 1.26063644e+02,
    1.78431259e+02, 1.41158676e+02, 1.82246017e+02, 1.26063644e+02,
    1.78431259e+02, 1.20832390e+02, 1.78887421e+02, 1.16265175e+02,
    1.78972122e+02 ]
noOfLandmarkPoint: 68
