%YAML:1.0
landmark: [ 9.64317932e+01, 2.31125076e+02, 9.69999237e+01,
    2.58149506e+02, 9.92241745e+01, 2.84941254e+02, 1.03926140e+02,
    3.11311218e+02, 1.13454842e+02, 3.35864990e+02, 1.29026489e+02,
    3.56372437e+02, 1.48472839e+02, 3.72907471e+02, 1.70206238e+02,
    3.84075806e+02, 1.96435959e+02, 3.89156250e+02, 2.20947311e+02,
    3.85815460e+02, 2.44016815e+02, 3.73016846e+02, 2.67618622e+02,
    3.59048126e+02, 2.87322235e+02, 3.41504944e+02, 2.97889374e+02,
    3.14868225e+02, 3.01035767e+02, 2.86919281e+02, 3.03543152e+02,
    2.58751709e+02, 3.05886780e+02, 2.30386780e+02, 1.10583885e+02,
    2.03787720e+02, 1.22437981e+02, 1.86382462e+02, 1.39728714e+02,
    1.79806870e+02, 1.60160309e+02, 1.79100815e+02, 1.77115005e+02,
    1.87403412e+02, 2.12673828e+02, 1.89368942e+02, 2.32054871e+02,
    1.83123810e+02, 2.52329147e+02, 1.79737747e+02, 2.74532745e+02,
    1.85167130e+02, 2.87081512e+02, 2.02920074e+02, 1.97888580e+02,
    2.13110428e+02, 1.97595840e+02, 2.32815872e+02, 1.97520233e+02,
    2.53262360e+02, 1.97269409e+02, 2.71453186e+02, 1.76003052e+02,
    2.77440582e+02, 1.85454376e+02, 2.81497009e+02, 1.95954269e+02,
    2.84179810e+02, 2.06686066e+02, 2.81576782e+02, 2.17003281e+02,
    2.78770966e+02, 1.36299850e+02, 2.19007248e+02, 1.48710373e+02,
    2.12799866e+02, 1.60409454e+02, 2.12421616e+02, 1.68992859e+02,
    2.18896667e+02, 1.56320923e+02, 2.20705078e+02, 1.45171600e+02,
    2.20721207e+02, 2.30503815e+02, 2.19685989e+02, 2.36869843e+02,
    2.12769638e+02, 2.48679993e+02, 2.12223053e+02, 2.60851746e+02,
    2.18986633e+02, 2.51879959e+02, 2.21186325e+02, 2.40723999e+02,
    2.21114471e+02, 1.53403809e+02, 3.12717529e+02, 1.70536118e+02,
    3.01160706e+02, 1.82196304e+02, 3.02786224e+02, 1.96009903e+02,
    3.04631989e+02, 2.11917938e+02, 3.02565338e+02, 2.24283096e+02,
    2.99652985e+02, 2.45077103e+02, 3.14434845e+02, 2.27313843e+02,
    3.38516937e+02, 2.12964859e+02, 3.42813599e+02, 1.97071930e+02,
    3.43444244e+02, 1.80623596e+02, 3.40615753e+02, 1.67000732e+02,
    3.32179474e+02, 1.57311630e+02, 3.12242889e+02, 1.82014511e+02,
    3.06705597e+02, 1.95884445e+02, 3.08389954e+02, 2.12270157e+02,
    3.06111145e+02, 2.42246582e+02, 3.14646973e+02, 2.12374359e+02,
    3.29522186e+02, 1.97176346e+02, 3.29527374e+02, 1.80794800e+02,
    3.29012512e+02 ]
noOfLandmarkPoint: 68
