%YAML:1.0
landmark: [ 1.53860916e+02, 1.20808563e+02, 1.55764420e+02,
    1.41244049e+02, 1.61306122e+02, 1.60011673e+02, 1.65861816e+02,
    1.77902542e+02, 1.76180649e+02, 1.93775330e+02, 1.88265137e+02,
    2.06740799e+02, 2.04129562e+02, 2.16829025e+02, 2.21940414e+02,
    2.24982208e+02, 2.39732300e+02, 2.26645126e+02, 2.56492249e+02,
    2.24124344e+02, 2.69405060e+02, 2.15052948e+02, 2.79580231e+02,
    2.01271469e+02, 2.86071381e+02, 1.84677078e+02, 2.90141022e+02,
    1.65603516e+02, 2.90809723e+02, 1.47368576e+02, 2.91120331e+02,
    1.30767410e+02, 2.92861664e+02, 1.17960609e+02, 1.85171356e+02,
    1.03314178e+02, 1.92307205e+02, 9.29852982e+01, 2.05152588e+02,
    8.97713928e+01, 2.16511246e+02, 8.80151062e+01, 2.29139374e+02,
    9.19136963e+01, 2.55967010e+02, 9.15429230e+01, 2.68399078e+02,
    8.97501678e+01, 2.79244019e+02, 8.95922012e+01, 2.89502594e+02,
    9.59347610e+01, 2.92785278e+02, 1.05046715e+02, 2.45613892e+02,
    1.05010956e+02, 2.46784622e+02, 1.18984291e+02, 2.48127838e+02,
    1.32177139e+02, 2.49516327e+02, 1.44447189e+02, 2.32781113e+02,
    1.51081329e+02, 2.40068527e+02, 1.53452972e+02, 2.47280487e+02,
    1.57047134e+02, 2.54147476e+02, 1.53767776e+02, 2.58957642e+02,
    1.50818314e+02, 2.01877213e+02, 1.09209099e+02, 2.06417007e+02,
    1.04672485e+02, 2.14424561e+02, 1.04454735e+02, 2.20278214e+02,
    1.08717239e+02, 2.14784622e+02, 1.10856033e+02, 2.08667938e+02,
    1.11246284e+02, 2.59216736e+02, 1.09316231e+02, 2.64076813e+02,
    1.04860870e+02, 2.71365295e+02, 1.05343292e+02, 2.76051514e+02,
    1.09788017e+02, 2.71514954e+02, 1.11583656e+02, 2.65383423e+02,
    1.11675728e+02, 2.15604492e+02, 1.76634521e+02, 2.30806229e+02,
    1.72777588e+02, 2.38813766e+02, 1.71216614e+02, 2.45036072e+02,
    1.73122574e+02, 2.50402435e+02, 1.71404190e+02, 2.56098694e+02,
    1.73279968e+02, 2.62895142e+02, 1.75528809e+02, 2.57224152e+02,
    1.82660919e+02, 2.51137665e+02, 1.84581955e+02, 2.45726028e+02,
    1.85189957e+02, 2.39533905e+02, 1.84987289e+02, 2.30588470e+02,
    1.83613892e+02, 2.18919907e+02, 1.76867615e+02, 2.39562012e+02,
    1.78152527e+02, 2.45381042e+02, 1.78585983e+02, 2.50559845e+02,
    1.77257858e+02, 2.59798462e+02, 1.76289795e+02, 2.50559845e+02,
    1.77257858e+02, 2.45381042e+02, 1.78585983e+02, 2.39562012e+02,
    1.78152527e+02 ]
noOfLandmarkPoint: 68
