%YAML:1.0
landmark: [ 7.33685059e+02, 3.52272125e+02, 7.30778320e+02,
    3.94494385e+02, 7.33211609e+02, 4.36851196e+02, 7.35089905e+02,
    4.78712189e+02, 7.38980469e+02, 5.20135071e+02, 7.56373962e+02,
    5.54606018e+02, 7.86149292e+02, 5.80288757e+02, 8.19278503e+02,
    5.96396667e+02, 8.59535278e+02, 6.06558472e+02, 9.05539246e+02,
    6.02447693e+02, 9.46295349e+02, 5.90987427e+02, 9.84470093e+02,
    5.71101379e+02, 1.00587097e+03, 5.44542542e+02, 1.02082330e+03,
    4.99987671e+02, 1.02810950e+03, 4.55432800e+02, 1.03668640e+03,
    4.13006195e+02, 1.03812805e+03, 3.73462921e+02, 7.58977417e+02,
    3.31951782e+02, 7.75293579e+02, 3.11836853e+02, 8.02163818e+02,
    3.06372192e+02, 8.29262939e+02, 3.05992310e+02, 8.62060242e+02,
    3.14496033e+02, 8.99690063e+02, 3.16084015e+02, 9.33018250e+02,
    3.11910004e+02, 9.62771851e+02, 3.14418182e+02, 9.88337280e+02,
    3.22649841e+02, 1.00907513e+03, 3.42437469e+02, 8.76231140e+02,
    3.54992279e+02, 8.74269470e+02, 3.75879974e+02, 8.72678101e+02,
    3.98174164e+02, 8.71163452e+02, 4.21881470e+02, 8.48669800e+02,
    4.46174866e+02, 8.59428894e+02, 4.50322510e+02, 8.70648743e+02,
    4.53172607e+02, 8.83223389e+02, 4.51499542e+02, 8.93912354e+02,
    4.48874878e+02, 7.87335022e+02, 3.58897644e+02, 8.03825012e+02,
    3.44809875e+02, 8.19753296e+02, 3.48608643e+02, 8.35862549e+02,
    3.64510864e+02, 8.17221558e+02, 3.65187592e+02, 7.97229797e+02,
    3.64908691e+02, 9.20939941e+02, 3.68455994e+02, 9.35970093e+02,
    3.53654724e+02, 9.54405090e+02, 3.53883575e+02, 9.73462891e+02,
    3.65723663e+02, 9.59041504e+02, 3.70428558e+02, 9.40295105e+02,
    3.70428558e+02, 8.12001221e+02, 5.00860535e+02, 8.34656189e+02,
    4.89038208e+02, 8.55009155e+02, 4.83335114e+02, 8.68245544e+02,
    4.88527771e+02, 8.84046509e+02, 4.85354401e+02, 9.03605042e+02,
    4.92801178e+02, 9.27091187e+02, 5.09855194e+02, 9.01630310e+02,
    5.20095520e+02, 8.82296143e+02, 5.21192200e+02, 8.64765808e+02,
    5.22921082e+02, 8.50360229e+02, 5.20479675e+02, 8.29522888e+02,
    5.14668579e+02, 8.19126770e+02, 5.00551025e+02, 8.53302795e+02,
    5.00566345e+02, 8.66941833e+02, 5.02730957e+02, 8.83287415e+02,
    5.03291779e+02, 9.19804993e+02, 5.08184662e+02, 8.83287415e+02,
    5.03291779e+02, 8.66941833e+02, 5.02730957e+02, 8.53302795e+02,
    5.00566345e+02 ]
noOfLandmarkPoint: 68
