%YAML:1.0
landmark: [ 1.20594849e+02, 1.68430740e+02, 1.21465500e+02,
    1.91999390e+02, 1.22962845e+02, 2.10747437e+02, 1.25476891e+02,
    2.29620880e+02, 1.31681656e+02, 2.50121353e+02, 1.45797058e+02,
    2.67542023e+02, 1.63759979e+02, 2.83711334e+02, 1.77510834e+02,
    2.92106537e+02, 1.92464233e+02, 2.93886475e+02, 2.09471649e+02,
    2.93135773e+02, 2.28653427e+02, 2.82724945e+02, 2.45377136e+02,
    2.71251099e+02, 2.58785095e+02, 2.56764893e+02, 2.66593536e+02,
    2.38632446e+02, 2.70551636e+02, 2.17106522e+02, 2.74828125e+02,
    1.97428833e+02, 2.80654938e+02, 1.74568207e+02, 1.30260315e+02,
    1.44931259e+02, 1.45744476e+02, 1.38103745e+02, 1.59551468e+02,
    1.34855560e+02, 1.76416595e+02, 1.36722153e+02, 1.88320999e+02,
    1.44546478e+02, 2.13342148e+02, 1.43153336e+02, 2.29529984e+02,
    1.37380569e+02, 2.47065735e+02, 1.39013687e+02, 2.60711273e+02,
    1.46274429e+02, 2.71121399e+02, 1.58468491e+02, 1.99360107e+02,
    1.65721313e+02, 1.98221405e+02, 1.80899673e+02, 1.96638535e+02,
    1.97099823e+02, 1.95607132e+02, 2.11699387e+02, 1.83509476e+02,
    2.19239090e+02, 1.89745361e+02, 2.22518417e+02, 1.95622040e+02,
    2.25490570e+02, 2.01392761e+02, 2.23374420e+02, 2.07275757e+02,
    2.22178696e+02, 1.46617355e+02, 1.67216599e+02, 1.58062042e+02,
    1.61842255e+02, 1.70366669e+02, 1.61522644e+02, 1.79557388e+02,
    1.72756393e+02, 1.68594147e+02, 1.74625076e+02, 1.56181534e+02,
    1.72386292e+02, 2.17478775e+02, 1.72709732e+02, 2.30662292e+02,
    1.62822098e+02, 2.43989334e+02, 1.61962006e+02, 2.50986893e+02,
    1.68315231e+02, 2.44800934e+02, 1.74381439e+02, 2.28465042e+02,
    1.75456299e+02, 1.63327728e+02, 2.45552780e+02, 1.74952469e+02,
    2.41554123e+02, 1.87298248e+02, 2.40085663e+02, 1.93937881e+02,
    2.40855377e+02, 2.01992905e+02, 2.39496490e+02, 2.17327469e+02,
    2.42700897e+02, 2.28248550e+02, 2.48276321e+02, 2.18615906e+02,
    2.56646332e+02, 2.01874817e+02, 2.62419464e+02, 1.93718857e+02,
    2.62272705e+02, 1.87242294e+02, 2.62252167e+02, 1.72891739e+02,
    2.54799530e+02, 1.66623611e+02, 2.47426575e+02, 1.86663849e+02,
    2.49171127e+02, 1.94006073e+02, 2.50006607e+02, 2.01802460e+02,
    2.49571091e+02, 2.24188583e+02, 2.49708633e+02, 2.01802460e+02,
    2.49571091e+02, 1.94006073e+02, 2.50006607e+02, 1.86663849e+02,
    2.49171127e+02 ]
noOfLandmarkPoint: 68
