%YAML:1.0
landmark: [ 4.74936447e+01, 1.37663940e+02, 4.78061256e+01,
    1.70078796e+02, 5.01002083e+01, 2.02225235e+02, 5.60409622e+01,
    2.34122406e+02, 6.67228088e+01, 2.64342102e+02, 8.40441513e+01,
    2.88037659e+02, 1.04441696e+02, 3.10674164e+02, 1.35907333e+02,
    3.37566193e+02, 1.60120148e+02, 3.39366547e+02, 1.83280930e+02,
    3.33302307e+02, 2.04284164e+02, 3.16083008e+02, 2.28391663e+02,
    2.91317993e+02, 2.47239594e+02, 2.62923279e+02, 2.58379822e+02,
    2.31799713e+02, 2.65920959e+02, 1.99478424e+02, 2.72831055e+02,
    1.70051392e+02, 2.73337372e+02, 1.37589462e+02, 6.21327553e+01,
    1.12379723e+02, 8.14646835e+01, 1.06893715e+02, 1.01412117e+02,
    1.09813957e+02, 1.21680550e+02, 1.12293991e+02, 1.40033432e+02,
    1.24277176e+02, 1.70855194e+02, 1.23464310e+02, 1.91196472e+02,
    1.15316467e+02, 2.12014191e+02, 1.11295029e+02, 2.35367401e+02,
    1.09365097e+02, 2.55208084e+02, 1.19862679e+02, 1.56059708e+02,
    1.44541916e+02, 1.56264359e+02, 1.65683014e+02, 1.55849472e+02,
    1.87881073e+02, 1.55556259e+02, 2.10316956e+02, 1.35287155e+02,
    2.21762024e+02, 1.46435623e+02, 2.24030640e+02, 1.56719254e+02,
    2.28512848e+02, 1.68318787e+02, 2.23903915e+02, 1.78811569e+02,
    2.20842529e+02, 7.80313263e+01, 1.45872925e+02, 9.44295349e+01,
    1.39380707e+02, 1.13952408e+02, 1.40894531e+02, 1.26055237e+02,
    1.52597610e+02, 1.10409286e+02, 1.54153656e+02, 9.15491333e+01,
    1.52696396e+02, 1.91277267e+02, 1.53382751e+02, 2.05204697e+02,
    1.42129578e+02, 2.23044846e+02, 1.37830048e+02, 2.35294922e+02,
    1.45105789e+02, 2.25451218e+02, 1.52115005e+02, 2.07968597e+02,
    1.54044937e+02, 9.83726044e+01, 2.42823196e+02, 1.19224907e+02,
    2.40154816e+02, 1.40761871e+02, 2.38746887e+02, 1.56610321e+02,
    2.39491287e+02, 1.71874252e+02, 2.39219055e+02, 1.95748383e+02,
    2.39933975e+02, 2.16035645e+02, 2.42823196e+02, 1.97904648e+02,
    2.74715302e+02, 1.73243607e+02, 2.91937897e+02, 1.57021454e+02,
    2.92655457e+02, 1.38930161e+02, 2.90821899e+02, 1.16155174e+02,
    2.78968140e+02, 1.02684738e+02, 2.45786804e+02, 1.41113647e+02,
    2.49661346e+02, 1.56649246e+02, 2.51247849e+02, 1.71681091e+02,
    2.48573166e+02, 2.12514801e+02, 2.44543228e+02, 1.72177063e+02,
    2.70469116e+02, 1.56391037e+02, 2.75621490e+02, 1.39328247e+02,
    2.73317047e+02 ]
noOfLandmarkPoint: 68
