%YAML:1.0
landmark: [ 1.08968246e+02, 1.16044830e+02, 1.09522415e+02,
    1.29344955e+02, 1.11184929e+02, 1.44861771e+02, 1.14509964e+02,
    1.62041092e+02, 1.23437263e+02, 1.75055588e+02, 1.37291565e+02,
    1.83965775e+02, 1.50850861e+02, 1.91807175e+02, 1.66312836e+02,
    1.98201721e+02, 1.80685791e+02, 1.99272293e+02, 1.92875214e+02,
    1.95656677e+02, 2.01125320e+02, 1.83982880e+02, 2.09377335e+02,
    1.72570358e+02, 2.14962509e+02, 1.60707657e+02, 2.17031754e+02,
    1.49295135e+02, 2.18244095e+02, 1.35830475e+02, 2.18633728e+02,
    1.23803238e+02, 2.18694275e+02, 1.10771645e+02, 1.27585838e+02,
    1.00984550e+02, 1.38012573e+02, 9.50228729e+01, 1.48445480e+02,
    9.27726898e+01, 1.58535583e+02, 9.44934845e+01, 1.69481079e+02,
    9.70545883e+01, 1.90316696e+02, 9.81763611e+01, 1.98062775e+02,
    9.47285538e+01, 2.05428284e+02, 9.38563232e+01, 2.12957642e+02,
    9.41721725e+01, 2.16807663e+02, 9.88447189e+01, 1.81158020e+02,
    1.07386063e+02, 1.83149612e+02, 1.17404602e+02, 1.86085022e+02,
    1.27275703e+02, 1.88422806e+02, 1.37804962e+02, 1.73009979e+02,
    1.46221542e+02, 1.78837341e+02, 1.47390427e+02, 1.84127640e+02,
    1.49096390e+02, 1.89132294e+02, 1.47148239e+02, 1.92769287e+02,
    1.44394485e+02, 1.42130249e+02, 1.10278343e+02, 1.48647552e+02,
    1.06106819e+02, 1.56216476e+02, 1.06128708e+02, 1.63568893e+02,
    1.11608734e+02, 1.55670502e+02, 1.13586807e+02, 1.47973923e+02,
    1.12963074e+02, 1.89322220e+02, 1.11546410e+02, 1.95471375e+02,
    1.05681129e+02, 2.03717697e+02, 1.04527206e+02, 2.09561813e+02,
    1.08523262e+02, 2.05280869e+02, 1.11713264e+02, 1.97856308e+02,
    1.12386055e+02, 1.58162048e+02, 1.61658630e+02, 1.69854935e+02,
    1.60226044e+02, 1.78831741e+02, 1.58840195e+02, 1.83880325e+02,
    1.59668213e+02, 1.88190140e+02, 1.58385376e+02, 1.93591431e+02,
    1.58652634e+02, 1.98179077e+02, 1.59935028e+02, 1.93569946e+02,
    1.66604675e+02, 1.88669235e+02, 1.69649551e+02, 1.84552551e+02,
    1.71946732e+02, 1.78920135e+02, 1.71445175e+02, 1.69670044e+02,
    1.69312744e+02, 1.61687897e+02, 1.62713989e+02, 1.78933456e+02,
    1.63643066e+02, 1.84119751e+02, 1.63209991e+02, 1.88199615e+02,
    1.62177139e+02, 1.94492355e+02, 1.62023987e+02, 1.88199615e+02,
    1.62177139e+02, 1.84119751e+02, 1.63209991e+02, 1.78933456e+02,
    1.63643066e+02 ]
noOfLandmarkPoint: 68
