%YAML:1.0
landmark: [ 3.52459808e+02, 2.91484589e+02, 3.57864990e+02,
    3.12037140e+02, 3.69406799e+02, 3.29985260e+02, 3.82269257e+02,
    3.46164154e+02, 3.92537231e+02, 3.62686523e+02, 4.03589722e+02,
    3.77227325e+02, 4.23281158e+02, 3.90167023e+02, 4.48520233e+02,
    4.02783997e+02, 4.71204132e+02, 3.98762451e+02, 4.90848816e+02,
    3.90682526e+02, 5.14124084e+02, 3.74241333e+02, 5.35250854e+02,
    3.55220398e+02, 5.53260620e+02, 3.26590820e+02, 5.55123230e+02,
    2.98454529e+02, 5.53495239e+02, 2.70336578e+02, 5.50238586e+02,
    2.42297241e+02, 5.43551392e+02, 2.14152878e+02, 3.38158569e+02,
    2.51876862e+02, 3.39042786e+02, 2.33652817e+02, 3.48801819e+02,
    2.20655991e+02, 3.69632751e+02, 2.13204178e+02, 3.89256989e+02,
    2.15898422e+02, 4.20215210e+02, 2.06807205e+02, 4.37932648e+02,
    1.89720642e+02, 4.58758881e+02, 1.78400177e+02, 4.85010529e+02,
    1.78432419e+02, 5.07453308e+02, 1.91401688e+02, 4.12813049e+02,
    2.38086182e+02, 4.15158539e+02, 2.55240372e+02, 4.17369385e+02,
    2.71337006e+02, 4.20277924e+02, 2.88217773e+02, 4.18457703e+02,
    3.08477539e+02, 4.24550934e+02, 3.09056580e+02, 4.31026062e+02,
    3.08502960e+02, 4.38097076e+02, 3.04832184e+02, 4.45540802e+02,
    2.99059784e+02, 3.64815369e+02, 2.62902435e+02, 3.69536011e+02,
    2.52189972e+02, 3.83578278e+02, 2.47404846e+02, 4.00029236e+02,
    2.53649963e+02, 3.88524658e+02, 2.59798340e+02, 3.75813385e+02,
    2.64965759e+02, 4.48557739e+02, 2.34693573e+02, 4.54102753e+02,
    2.21319138e+02, 4.68458130e+02, 2.15041779e+02, 4.82721466e+02,
    2.19034760e+02, 4.76292236e+02, 2.28545197e+02, 4.61490051e+02,
    2.33998169e+02, 4.15096191e+02, 3.53582489e+02, 4.19935455e+02,
    3.40796265e+02, 4.28478027e+02, 3.30482727e+02, 4.37266235e+02,
    3.30342133e+02, 4.44478516e+02, 3.25443359e+02, 4.68250061e+02,
    3.24969269e+02, 4.87580475e+02, 3.30447113e+02, 4.76000427e+02,
    3.45508301e+02, 4.58990753e+02, 3.54659637e+02, 4.49811127e+02,
    3.57847198e+02, 4.40683990e+02, 3.60571045e+02, 4.30058289e+02,
    3.61864105e+02, 4.22109314e+02, 3.54782867e+02, 4.35689911e+02,
    3.43697235e+02, 4.43091339e+02, 3.40630829e+02, 4.50547180e+02,
    3.38184479e+02, 4.82035431e+02, 3.33270355e+02, 4.50547180e+02,
    3.38184479e+02, 4.43091339e+02, 3.40630829e+02, 4.35689911e+02,
    3.43697235e+02 ]
noOfLandmarkPoint: 68
