%YAML:1.0
landmark: [ 1.33508102e+02, 1.76648209e+02, 1.38763245e+02,
    1.95763443e+02, 1.39788284e+02, 2.18112839e+02, 1.41249298e+02,
    2.35401901e+02, 1.46842422e+02, 2.52583694e+02, 1.58412079e+02,
    2.68579987e+02, 1.73035233e+02, 2.81802826e+02, 1.92579895e+02,
    2.91112915e+02, 2.13739700e+02, 2.94166412e+02, 2.35394379e+02,
    2.91738281e+02, 2.57002808e+02, 2.84127625e+02, 2.75323914e+02,
    2.72473694e+02, 2.87668488e+02, 2.59055084e+02, 2.93522675e+02,
    2.41060287e+02, 2.97121735e+02, 2.22106186e+02, 3.02067627e+02,
    2.01770355e+02, 3.07934174e+02, 1.82993774e+02, 1.53476303e+02,
    1.50271362e+02, 1.65174942e+02, 1.42695053e+02, 1.79577911e+02,
    1.41288635e+02, 1.94785767e+02, 1.42307480e+02, 2.07985092e+02,
    1.49255966e+02, 2.34666702e+02, 1.51328278e+02, 2.48975510e+02,
    1.45092560e+02, 2.62938171e+02, 1.45026291e+02, 2.76630585e+02,
    1.50782211e+02, 2.88679718e+02, 1.58440765e+02, 2.21586945e+02,
    1.62189499e+02, 2.20404404e+02, 1.75179382e+02, 2.19416336e+02,
    1.87289993e+02, 2.18009872e+02, 2.00808945e+02, 2.01684509e+02,
    2.06949448e+02, 2.09172073e+02, 2.09943542e+02, 2.16969727e+02,
    2.14414108e+02, 2.26116562e+02, 2.11570251e+02, 2.33859253e+02,
    2.08926361e+02, 1.70582489e+02, 1.65522202e+02, 1.79187012e+02,
    1.60506943e+02, 1.91027237e+02, 1.61707748e+02, 1.98735825e+02,
    1.70214767e+02, 1.89642090e+02, 1.71417450e+02, 1.78491180e+02,
    1.70637619e+02, 2.40542938e+02, 1.71872116e+02, 2.48080261e+02,
    1.63788483e+02, 2.61628113e+02, 1.63383926e+02, 2.69875366e+02,
    1.70874542e+02, 2.62202789e+02, 1.75810776e+02, 2.50709686e+02,
    1.75032593e+02, 1.76257324e+02, 2.32854095e+02, 1.96166336e+02,
    2.27671555e+02, 2.09448135e+02, 2.27267487e+02, 2.17009048e+02,
    2.29138092e+02, 2.25555984e+02, 2.28207108e+02, 2.39219452e+02,
    2.30486282e+02, 2.59308594e+02, 2.37887100e+02, 2.39185303e+02,
    2.50451508e+02, 2.25127197e+02, 2.53262146e+02, 2.16265671e+02,
    2.53639771e+02, 2.08322647e+02, 2.52534317e+02, 1.93989517e+02,
    2.48584244e+02, 1.81290329e+02, 2.32919357e+02, 2.09440933e+02,
    2.31670151e+02, 2.17155457e+02, 2.33407974e+02, 2.25686676e+02,
    2.32466171e+02, 2.51912735e+02, 2.37392227e+02, 2.25337921e+02,
    2.43671738e+02, 2.16630112e+02, 2.43773956e+02, 2.08836868e+02,
    2.43547379e+02 ]
noOfLandmarkPoint: 68
