%YAML:1.0
landmark: [ 1.59834595e+02, 1.62477844e+02, 1.60871582e+02,
    1.77490662e+02, 1.63104721e+02, 1.92086563e+02, 1.66664780e+02,
    2.08494949e+02, 1.69557983e+02, 2.21822098e+02, 1.77700623e+02,
    2.34065155e+02, 1.88349915e+02, 2.44324844e+02, 1.99833878e+02,
    2.53366745e+02, 2.16361969e+02, 2.58192139e+02, 2.34517914e+02,
    2.55596497e+02, 2.52619125e+02, 2.44075058e+02, 2.67697205e+02,
    2.31828598e+02, 2.76920563e+02, 2.22783112e+02, 2.83493530e+02,
    2.05892502e+02, 2.86205475e+02, 1.90694702e+02, 2.88616455e+02,
    1.72538757e+02, 2.88674622e+02, 1.53237167e+02, 1.64775665e+02,
    1.45144028e+02, 1.71288467e+02, 1.35326202e+02, 1.81473740e+02,
    1.32537155e+02, 1.92238205e+02, 1.35913589e+02, 2.00556549e+02,
    1.42647537e+02, 2.19606323e+02, 1.40577133e+02, 2.32409912e+02,
    1.35899521e+02, 2.45448318e+02, 1.35970612e+02, 2.59411255e+02,
    1.36278931e+02, 2.68140076e+02, 1.44996658e+02, 2.11534424e+02,
    1.58651917e+02, 2.10659195e+02, 1.70730820e+02, 2.09719437e+02,
    1.82926086e+02, 2.08707336e+02, 1.95034882e+02, 2.00080811e+02,
    2.01279770e+02, 2.04976166e+02, 2.04652618e+02, 2.11310211e+02,
    2.07896042e+02, 2.17948685e+02, 2.02960251e+02, 2.24758041e+02,
    2.01517761e+02, 1.76664719e+02, 1.57980743e+02, 1.82898926e+02,
    1.53442780e+02, 1.91115311e+02, 1.54554428e+02, 1.97976334e+02,
    1.60100891e+02, 1.89780655e+02, 1.61207336e+02, 1.82137192e+02,
    1.61105988e+02, 2.32462738e+02, 1.60666092e+02, 2.38664673e+02,
    1.55645981e+02, 2.48014740e+02, 1.54352249e+02, 2.54940231e+02,
    1.58291229e+02, 2.49935440e+02, 1.61254181e+02, 2.41167130e+02,
    1.61825348e+02, 1.93372101e+02, 2.22894913e+02, 2.01813568e+02,
    2.20228546e+02, 2.07940735e+02, 2.18383026e+02, 2.13487289e+02,
    2.20546585e+02, 2.20926758e+02, 2.18415955e+02, 2.27969406e+02,
    2.19806717e+02, 2.37962570e+02, 2.19957565e+02, 2.28640305e+02,
    2.25662323e+02, 2.21498169e+02, 2.30167053e+02, 2.13751175e+02,
    2.31241089e+02, 2.07745499e+02, 2.29990845e+02, 2.01711319e+02,
    2.27010010e+02, 1.97935730e+02, 2.24126602e+02, 2.07530624e+02,
    2.23508591e+02, 2.13557526e+02, 2.24384445e+02, 2.21252625e+02,
    2.23339493e+02, 2.33667358e+02, 2.21304489e+02, 2.21252625e+02,
    2.23339493e+02, 2.13557526e+02, 2.24384445e+02, 2.07530624e+02,
    2.23508591e+02 ]
noOfLandmarkPoint: 68
