%YAML:1.0
landmark: [ 7.26884460e+01, 1.93396133e+02, 7.22305756e+01,
    2.09669098e+02, 7.36625519e+01, 2.27437332e+02, 7.71109772e+01,
    2.47158707e+02, 8.28389053e+01, 2.63626495e+02, 9.31258240e+01,
    2.79509796e+02, 1.04318619e+02, 2.92982086e+02, 1.17532791e+02,
    3.03585480e+02, 1.35559143e+02, 3.09376709e+02, 1.54364777e+02,
    3.08271088e+02, 1.70710907e+02, 3.02742920e+02, 1.88176575e+02,
    2.93116791e+02, 2.03079788e+02, 2.77795715e+02, 2.15328796e+02,
    2.60069336e+02, 2.21723892e+02, 2.40196487e+02, 2.24142029e+02,
    2.20263718e+02, 2.24609512e+02, 1.97151901e+02, 7.86914902e+01,
    1.71891159e+02, 8.77126083e+01, 1.68510208e+02, 9.58788834e+01,
    1.69278229e+02, 1.06295883e+02, 1.71435486e+02, 1.14337250e+02,
    1.75096375e+02, 1.50517624e+02, 1.77448349e+02, 1.62570221e+02,
    1.74090698e+02, 1.74420929e+02, 1.74064529e+02, 1.86151733e+02,
    1.74619873e+02, 1.94596558e+02, 1.77667877e+02, 1.31933197e+02,
    1.85775497e+02, 1.28967819e+02, 1.99565659e+02, 1.26937645e+02,
    2.12157288e+02, 1.25579231e+02, 2.23500748e+02, 1.13886215e+02,
    2.32798233e+02, 1.20812393e+02, 2.36675629e+02, 1.27194191e+02,
    2.39784927e+02, 1.36972839e+02, 2.38636505e+02, 1.44480865e+02,
    2.36394760e+02, 8.34511566e+01, 1.88176315e+02, 9.25468369e+01,
    1.82729095e+02, 1.03465439e+02, 1.83171524e+02, 1.12385323e+02,
    1.89170700e+02, 1.02670967e+02, 1.91668610e+02, 9.25837784e+01,
    1.91665222e+02, 1.55567413e+02, 1.90963882e+02, 1.64648453e+02,
    1.85733490e+02, 1.75689529e+02, 1.86128296e+02, 1.84575546e+02,
    1.92269241e+02, 1.75011139e+02, 1.95066193e+02, 1.64965561e+02,
    1.94258957e+02, 1.00607140e+02, 2.52208389e+02, 1.12790871e+02,
    2.50476486e+02, 1.21231804e+02, 2.49003021e+02, 1.28463730e+02,
    2.50263077e+02, 1.38199188e+02, 2.49776886e+02, 1.50314667e+02,
    2.52417297e+02, 1.70219360e+02, 2.56177979e+02, 1.51224182e+02,
    2.71122620e+02, 1.38481277e+02, 2.74375641e+02, 1.28960815e+02,
    2.74073181e+02, 1.20942879e+02, 2.73581696e+02, 1.11892784e+02,
    2.68046448e+02, 1.03925781e+02, 2.53663605e+02, 1.20975929e+02,
    2.55339096e+02, 1.28291931e+02, 2.56374756e+02, 1.38277267e+02,
    2.55714539e+02, 1.66015442e+02, 2.57314117e+02, 1.38028458e+02,
    2.63480682e+02, 1.28460526e+02, 2.63549438e+02, 1.20759460e+02,
    2.62804047e+02 ]
noOfLandmarkPoint: 68
