%YAML:1.0
landmark: [ 1.30640869e+02, 1.48669724e+02, 1.32503494e+02,
    1.60992294e+02, 1.35669037e+02, 1.74801315e+02, 1.37926132e+02,
    1.89885834e+02, 1.44257233e+02, 2.02401077e+02, 1.52111328e+02,
    2.12503113e+02, 1.63681534e+02, 2.22210709e+02, 1.76894287e+02,
    2.31505554e+02, 1.91840988e+02, 2.34129669e+02, 2.05668289e+02,
    2.30413559e+02, 2.19482071e+02, 2.20276657e+02, 2.31450546e+02,
    2.10712799e+02, 2.42626862e+02, 1.97235077e+02, 2.48416534e+02,
    1.83783966e+02, 2.53995270e+02, 1.67772690e+02, 2.57904053e+02,
    1.50788986e+02, 2.60876923e+02, 1.36429413e+02, 1.32950836e+02,
    1.22449409e+02, 1.39597366e+02, 1.14374901e+02, 1.49578415e+02,
    1.10040825e+02, 1.59442871e+02, 1.11610756e+02, 1.68568344e+02,
    1.13538490e+02, 1.96377869e+02, 1.14717941e+02, 2.06923782e+02,
    1.09050697e+02, 2.17967590e+02, 1.06218941e+02, 2.30921219e+02,
    1.09476868e+02, 2.41828644e+02, 1.15808212e+02, 1.82952499e+02,
    1.28907883e+02, 1.82271851e+02, 1.40446838e+02, 1.81570007e+02,
    1.50462662e+02, 1.80809097e+02, 1.61349045e+02, 1.72391739e+02,
    1.69275620e+02, 1.77485321e+02, 1.70935303e+02, 1.82593826e+02,
    1.72225159e+02, 1.87856903e+02, 1.69974136e+02, 1.93638535e+02,
    1.68032959e+02, 1.46891418e+02, 1.35101440e+02, 1.51974854e+02,
    1.30381454e+02, 1.61251816e+02, 1.29590195e+02, 1.67107483e+02,
    1.34422302e+02, 1.60526093e+02, 1.36364014e+02, 1.52390762e+02,
    1.36506653e+02, 2.04555771e+02, 1.32416397e+02, 2.11092697e+02,
    1.27280212e+02, 2.19711670e+02, 1.26781631e+02, 2.27107300e+02,
    1.31728516e+02, 2.20813187e+02, 1.33594116e+02, 2.12738373e+02,
    1.33315918e+02, 1.64824387e+02, 1.91359161e+02, 1.74165131e+02,
    1.88440338e+02, 1.81381638e+02, 1.86342148e+02, 1.86667496e+02,
    1.87438293e+02, 1.91727020e+02, 1.86958527e+02, 2.00214615e+02,
    1.88215149e+02, 2.10368378e+02, 1.89490097e+02, 2.01220856e+02,
    1.96845963e+02, 1.92497543e+02, 2.00142044e+02, 1.87159485e+02,
    2.00601639e+02, 1.81327377e+02, 1.99594299e+02, 1.74178802e+02,
    1.96333862e+02, 1.68086166e+02, 1.91874527e+02, 1.81346664e+02,
    1.92358093e+02, 1.86784286e+02, 1.92428757e+02, 1.91967224e+02,
    1.91822037e+02, 2.06925613e+02, 1.90444290e+02, 1.91967224e+02,
    1.91822037e+02, 1.86784286e+02, 1.92428757e+02, 1.81346664e+02,
    1.92358093e+02 ]
noOfLandmarkPoint: 68
