%YAML:1.0
landmark: [ 7.40904541e+01, 1.33159058e+02, 7.46415787e+01,
    1.45596939e+02, 7.98445358e+01, 1.59895325e+02, 8.51804733e+01,
    1.72086487e+02, 9.01180420e+01, 1.82587463e+02, 9.89667587e+01,
    1.93259338e+02, 1.07284134e+02, 2.03228439e+02, 1.17747208e+02,
    2.11507339e+02, 1.30925766e+02, 2.12361771e+02, 1.47104462e+02,
    2.09418243e+02, 1.60605560e+02, 1.99429916e+02, 1.69378464e+02,
    1.88492111e+02, 1.77239777e+02, 1.76016312e+02, 1.82043808e+02,
    1.61546478e+02, 1.81493240e+02, 1.46089249e+02, 1.80297043e+02,
    1.29417145e+02, 1.79043686e+02, 1.15099518e+02, 6.94952087e+01,
    1.19315071e+02, 7.33590927e+01, 1.10990822e+02, 8.19814072e+01,
    1.08339943e+02, 9.02633667e+01, 1.08849991e+02, 9.80583496e+01,
    1.11257347e+02, 1.21951485e+02, 1.06444160e+02, 1.31001953e+02,
    1.00264175e+02, 1.40535141e+02, 9.70519867e+01, 1.50491974e+02,
    9.67275772e+01, 1.59314438e+02, 1.00580620e+02, 1.11583115e+02,
    1.21146980e+02, 1.12777107e+02, 1.31145554e+02, 1.14059769e+02,
    1.42009872e+02, 1.15540657e+02, 1.53999924e+02, 1.09384216e+02,
    1.59933670e+02, 1.13833687e+02, 1.62344040e+02, 1.19080666e+02,
    1.63038162e+02, 1.24475922e+02, 1.59930511e+02, 1.28562393e+02,
    1.56902359e+02, 8.10844421e+01, 1.27057045e+02, 8.41203079e+01,
    1.22282814e+02, 9.17480469e+01, 1.20594048e+02, 1.00041901e+02,
    1.25416367e+02, 9.32029419e+01, 1.27361977e+02, 8.59320068e+01,
    1.28524689e+02, 1.31479050e+02, 1.18063965e+02, 1.36180298e+02,
    1.12547058e+02, 1.43411407e+02, 1.11102684e+02, 1.49417648e+02,
    1.13630615e+02, 1.45197235e+02, 1.17723526e+02, 1.38136871e+02,
    1.18655495e+02, 1.05857109e+02, 1.80410431e+02, 1.09605354e+02,
    1.74957474e+02, 1.15622002e+02, 1.72329926e+02, 1.20584229e+02,
    1.73713409e+02, 1.26635971e+02, 1.71208771e+02, 1.34914825e+02,
    1.71565308e+02, 1.43199554e+02, 1.75131882e+02, 1.38232239e+02,
    1.82305725e+02, 1.30196869e+02, 1.87214493e+02, 1.23982872e+02,
    1.87973816e+02, 1.18058243e+02, 1.89226013e+02, 1.12141068e+02,
    1.88180481e+02, 1.08256256e+02, 1.80175430e+02, 1.16790840e+02,
    1.78948013e+02, 1.21750824e+02, 1.78809341e+02, 1.28703705e+02,
    1.77288895e+02, 1.40983093e+02, 1.75561096e+02, 1.28703705e+02,
    1.77288895e+02, 1.21750824e+02, 1.78809341e+02, 1.16790840e+02,
    1.78948013e+02 ]
noOfLandmarkPoint: 68
