%YAML:1.0
landmark: [ 1.89751862e+02, 1.04474739e+02, 1.90063904e+02,
    1.18777008e+02, 1.91338654e+02, 1.35260849e+02, 1.93965622e+02,
    1.50551163e+02, 1.98722992e+02, 1.65420944e+02, 2.08507690e+02,
    1.78132095e+02, 2.19317963e+02, 1.87123489e+02, 2.33518341e+02,
    1.94841385e+02, 2.46648911e+02, 1.95694656e+02, 2.61868134e+02,
    1.93262131e+02, 2.75100586e+02, 1.85334106e+02, 2.87893646e+02,
    1.77374237e+02, 2.95643372e+02, 1.66268661e+02, 3.03571411e+02,
    1.51036667e+02, 3.06443298e+02, 1.34849518e+02, 3.06545166e+02,
    1.18974388e+02, 3.06787170e+02, 1.04990540e+02, 1.97037766e+02,
    8.61933136e+01, 2.04335434e+02, 8.20870056e+01, 2.13438599e+02,
    7.89348221e+01, 2.23476227e+02, 8.04690781e+01, 2.31029160e+02,
    8.49957199e+01, 2.46682251e+02, 8.34668884e+01, 2.58286560e+02,
    8.05039291e+01, 2.68693085e+02, 8.02510757e+01, 2.81148315e+02,
    8.15601883e+01, 2.88841553e+02, 8.84878616e+01, 2.40238968e+02,
    1.00048347e+02, 2.39435608e+02, 1.06046959e+02, 2.38387817e+02,
    1.12139381e+02, 2.37215118e+02, 1.18837418e+02, 2.27797775e+02,
    1.31791046e+02, 2.34241394e+02, 1.31983749e+02, 2.39753494e+02,
    1.34111664e+02, 2.45588959e+02, 1.32173462e+02, 2.52472397e+02,
    1.32177780e+02, 2.07116165e+02, 1.01154259e+02, 2.13188202e+02,
    9.64132004e+01, 2.21566132e+02, 9.67732697e+01, 2.27133728e+02,
    1.02570747e+02, 2.20381393e+02, 1.03869827e+02, 2.12287811e+02,
    1.04073593e+02, 2.57813080e+02, 1.00920250e+02, 2.64288513e+02,
    9.57642441e+01, 2.72570374e+02, 9.66284637e+01, 2.78902802e+02,
    1.00570580e+02, 2.73913391e+02, 1.03786217e+02, 2.65574890e+02,
    1.03872765e+02, 2.20664673e+02, 1.59960388e+02, 2.24102249e+02,
    1.50813629e+02, 2.32968994e+02, 1.46675934e+02, 2.39372910e+02,
    1.48207581e+02, 2.46057816e+02, 1.45976181e+02, 2.54276291e+02,
    1.50437500e+02, 2.62255585e+02, 1.57692856e+02, 2.54676407e+02,
    1.62048874e+02, 2.47505661e+02, 1.63859848e+02, 2.40110245e+02,
    1.63842514e+02, 2.33911179e+02, 1.64234924e+02, 2.26478287e+02,
    1.62789993e+02, 2.24514481e+02, 1.58403519e+02, 2.33179657e+02,
    1.54169220e+02, 2.39605179e+02, 1.52850067e+02, 2.46666367e+02,
    1.57628998e+02, 2.54379456e+02, 1.56844223e+02, 2.46666367e+02,
    1.57628998e+02, 2.39918579e+02, 1.58647369e+02, 2.33606812e+02,
    1.58053131e+02 ]
noOfLandmarkPoint: 68
