%YAML:1.0
landmark: [ 1.27196220e+02, 1.77023819e+02, 1.28508972e+02,
    1.88560333e+02, 1.29384125e+02, 1.98503036e+02, 1.31969055e+02,
    2.10439453e+02, 1.38611038e+02, 2.22572937e+02, 1.45371841e+02,
    2.30487091e+02, 1.52732483e+02, 2.38682343e+02, 1.59933746e+02,
    2.48152649e+02, 1.71589081e+02, 2.52131454e+02, 1.84702103e+02,
    2.48224823e+02, 1.95099701e+02, 2.38844604e+02, 2.03732529e+02,
    2.27426895e+02, 2.11330811e+02, 2.16009201e+02, 2.16462982e+02,
    2.03081680e+02, 2.17616333e+02, 1.90351242e+02, 2.16660034e+02,
    1.76110977e+02, 2.16992386e+02, 1.62039825e+02, 1.23733246e+02,
    1.61311432e+02, 1.27905060e+02, 1.56792038e+02, 1.34791489e+02,
    1.56255753e+02, 1.41248001e+02, 1.57753326e+02, 1.47693497e+02,
    1.59308258e+02, 1.68575043e+02, 1.56609848e+02, 1.76043152e+02,
    1.51606369e+02, 1.84435455e+02, 1.48543304e+02, 1.93427628e+02,
    1.48702682e+02, 2.00269547e+02, 1.53953674e+02, 1.58054779e+02,
    1.70312378e+02, 1.58461426e+02, 1.79020432e+02, 1.58531555e+02,
    1.86950729e+02, 1.58651581e+02, 1.95642471e+02, 1.50585144e+02,
    2.00575012e+02, 1.55598495e+02, 2.01850067e+02, 1.60849472e+02,
    2.03481583e+02, 1.66456909e+02, 2.00974915e+02, 1.73301727e+02,
    1.98468231e+02, 1.33441193e+02, 1.74638840e+02, 1.37298294e+02,
    1.70938232e+02, 1.42589844e+02, 1.70660034e+02, 1.48756561e+02,
    1.75595139e+02, 1.43732986e+02, 1.77106201e+02, 1.37753021e+02,
    1.77912308e+02, 1.75924332e+02, 1.70859985e+02, 1.80171280e+02,
    1.65523743e+02, 1.86149033e+02, 1.64705124e+02, 1.92017410e+02,
    1.67816071e+02, 1.87531891e+02, 1.71380920e+02, 1.81304047e+02,
    1.71950363e+02, 1.46965668e+02, 2.14577637e+02, 1.51129654e+02,
    2.11836746e+02, 1.57839417e+02, 2.10624527e+02, 1.61777176e+02,
    2.11359756e+02, 1.67727539e+02, 2.08802734e+02, 1.79701675e+02,
    2.08462845e+02, 1.92196014e+02, 2.08054474e+02, 1.85262131e+02,
    2.23864548e+02, 1.76199646e+02, 2.31408585e+02, 1.67888474e+02,
    2.33393661e+02, 1.62883774e+02, 2.33715317e+02, 1.54301712e+02,
    2.29818069e+02, 1.51222672e+02, 2.15252853e+02, 1.59228943e+02,
    2.14768906e+02, 1.63805054e+02, 2.15109528e+02, 1.69658569e+02,
    2.13566467e+02, 1.90367432e+02, 2.09167267e+02, 1.73244568e+02,
    2.24112976e+02, 1.66083328e+02, 2.26522873e+02, 1.61503357e+02,
    2.26141510e+02 ]
noOfLandmarkPoint: 68
