%YAML:1.0
landmark: [ 2.21163132e+02, 1.45407166e+02, 2.23393097e+02,
    1.59103867e+02, 2.25790054e+02, 1.72175964e+02, 2.29281921e+02,
    1.85200058e+02, 2.35009277e+02, 1.97299454e+02, 2.43125992e+02,
    2.07795593e+02, 2.54261749e+02, 2.17040207e+02, 2.67798126e+02,
    2.25324142e+02, 2.83876770e+02, 2.26601044e+02, 2.99162445e+02,
    2.22770340e+02, 3.11562622e+02, 2.13206268e+02, 3.20794342e+02,
    2.01586609e+02, 3.27001221e+02, 1.90285706e+02, 3.30502777e+02,
    1.78027817e+02, 3.30661469e+02, 1.63864288e+02, 3.29228424e+02,
    1.50970963e+02, 3.28591583e+02, 1.36010513e+02, 2.34653885e+02,
    1.34144791e+02, 2.40826965e+02, 1.25989410e+02, 2.50113892e+02,
    1.22965355e+02, 2.60800110e+02, 1.24982101e+02, 2.70848755e+02,
    1.27442596e+02, 2.82272308e+02, 1.26471184e+02, 2.90546967e+02,
    1.21851067e+02, 2.99492920e+02, 1.19197426e+02, 3.09296722e+02,
    1.20222733e+02, 3.15274567e+02, 1.25282974e+02, 2.76867218e+02,
    1.36332062e+02, 2.77185974e+02, 1.46043304e+02, 2.77822113e+02,
    1.55753845e+02, 2.78458954e+02, 1.65782455e+02, 2.67794891e+02,
    1.70872971e+02, 2.72568726e+02, 1.74548218e+02, 2.78464722e+02,
    1.76121979e+02, 2.84189087e+02, 1.72464020e+02, 2.89759857e+02,
    1.68802383e+02, 2.43287460e+02, 1.39360352e+02, 2.49175598e+02,
    1.34425034e+02, 2.56338104e+02, 1.35542099e+02, 2.61428619e+02,
    1.40636108e+02, 2.55128662e+02, 1.42734451e+02, 2.47423080e+02,
    1.43020538e+02, 2.90377289e+02, 1.37062012e+02, 2.94531586e+02,
    1.31562393e+02, 3.01373932e+02, 1.30288727e+02, 3.06536255e+02,
    1.33860626e+02, 3.02649017e+02, 1.37449142e+02, 2.96602173e+02,
    1.38405441e+02, 2.61763885e+02, 1.93362915e+02, 2.69406616e+02,
    1.87934982e+02, 2.76667847e+02, 1.84540054e+02, 2.81146301e+02,
    1.85442123e+02, 2.86466553e+02, 1.83105164e+02, 2.93962128e+02,
    1.85047348e+02, 3.02987122e+02, 1.89136826e+02, 2.95963959e+02,
    1.95382492e+02, 2.88326538e+02, 1.97943893e+02, 2.82756042e+02,
    1.98576813e+02, 2.78155426e+02, 1.98737579e+02, 2.71457916e+02,
    1.98565979e+02, 2.66330109e+02, 1.92619781e+02, 2.77012817e+02,
    1.88169098e+02, 2.81447174e+02, 1.87969482e+02, 2.87068939e+02,
    1.86660614e+02, 2.97272125e+02, 1.89208603e+02, 2.87635406e+02,
    1.92285904e+02, 2.82137146e+02, 1.93170410e+02, 2.77338043e+02,
    1.92722244e+02 ]
noOfLandmarkPoint: 68
