%YAML:1.0
landmark: [ 1.72512650e+02, 1.82724762e+02, 1.76035812e+02,
    1.94593002e+02, 1.79296097e+02, 2.04666992e+02, 1.83569077e+02,
    2.14527756e+02, 1.87717728e+02, 2.23793274e+02, 1.91235687e+02,
    2.31841888e+02, 1.96485901e+02, 2.40139160e+02, 2.03882584e+02,
    2.50551224e+02, 2.10643387e+02, 2.56406952e+02, 2.25011902e+02,
    2.56429474e+02, 2.46285385e+02, 2.50117950e+02, 2.62091553e+02,
    2.40388657e+02, 2.76458435e+02, 2.28907242e+02, 2.90944855e+02,
    2.11702911e+02, 2.92854889e+02, 1.94948547e+02, 2.91415741e+02,
    1.78487320e+02, 2.88288788e+02, 1.61546204e+02, 1.66021362e+02,
    1.55552811e+02, 1.70229630e+02, 1.50213913e+02, 1.76229279e+02,
    1.48073502e+02, 1.83187073e+02, 1.49927536e+02, 1.87904312e+02,
    1.53326447e+02, 2.04152557e+02, 1.47174301e+02, 2.17075424e+02,
    1.43216476e+02, 2.29123077e+02, 1.39745148e+02, 2.42672501e+02,
    1.41920349e+02, 2.53449905e+02, 1.46878952e+02, 1.96694595e+02,
    1.66280731e+02, 1.95903992e+02, 1.75466309e+02, 1.94774475e+02,
    1.85120438e+02, 1.93916870e+02, 1.95410339e+02, 1.95002899e+02,
    2.01974197e+02, 1.98010788e+02, 2.03271561e+02, 2.01741272e+02,
    2.03496140e+02, 2.05440704e+02, 2.01235764e+02, 2.09272415e+02,
    1.99380051e+02, 1.74093018e+02, 1.67134247e+02, 1.77403503e+02,
    1.64186005e+02, 1.82714645e+02, 1.64692444e+02, 1.87515305e+02,
    1.68262955e+02, 1.82202713e+02, 1.69977295e+02, 1.77316498e+02,
    1.70005005e+02, 2.16979050e+02, 1.63817413e+02, 2.21467636e+02,
    1.59232513e+02, 2.28146866e+02, 1.59124802e+02, 2.35741806e+02,
    1.61166458e+02, 2.29378250e+02, 1.64987625e+02, 2.23398315e+02,
    1.65518707e+02, 1.95745636e+02, 2.22563828e+02, 1.94438080e+02,
    2.17001465e+02, 1.97630081e+02, 2.12564743e+02, 2.01892532e+02,
    2.13349960e+02, 2.08161865e+02, 2.11697418e+02, 2.20127090e+02,
    2.16043304e+02, 2.28090073e+02, 2.19286331e+02, 2.21975815e+02,
    2.26279907e+02, 2.12127640e+02, 2.31405411e+02, 2.06029633e+02,
    2.31444855e+02, 2.00578552e+02, 2.31148819e+02, 1.97114166e+02,
    2.26392593e+02, 1.97722443e+02, 2.21547348e+02, 1.99636002e+02,
    2.20118225e+02, 2.03826279e+02, 2.20073242e+02, 2.09081787e+02,
    2.19750137e+02, 2.25510117e+02, 2.19983200e+02, 2.09081787e+02,
    2.19750137e+02, 2.03826279e+02, 2.20073242e+02, 1.99636002e+02,
    2.20118225e+02 ]
noOfLandmarkPoint: 68
