%YAML:1.0
landmark: [ 7.98253326e+01, 1.65369232e+02, 7.87826462e+01,
    1.81878189e+02, 8.29502640e+01, 2.01255768e+02, 9.12326965e+01,
    2.21593750e+02, 9.72996445e+01, 2.41283615e+02, 1.04799843e+02,
    2.56802826e+02, 1.14018158e+02, 2.72715729e+02, 1.25531250e+02,
    2.84614594e+02, 1.46262863e+02, 2.90137238e+02, 1.67096191e+02,
    2.87117035e+02, 1.82922668e+02, 2.76037567e+02, 2.00632919e+02,
    2.62091614e+02, 2.15325150e+02, 2.45865402e+02, 2.24491623e+02,
    2.25759399e+02, 2.25531250e+02, 2.05968750e+02, 2.26572922e+02,
    1.85135422e+02, 2.25010422e+02, 1.63260422e+02, 8.00573196e+01,
    1.47975296e+02, 8.94900589e+01, 1.40706070e+02, 1.00430542e+02,
    1.41670395e+02, 1.11526627e+02, 1.45134201e+02, 1.23220596e+02,
    1.50526016e+02, 1.48204147e+02, 1.47685501e+02, 1.63442566e+02,
    1.42685638e+02, 1.78392075e+02, 1.38074509e+02, 1.93995590e+02,
    1.38414261e+02, 2.08247101e+02, 1.44097412e+02, 1.34970398e+02,
    1.61174744e+02, 1.34385422e+02, 1.75760422e+02, 1.32302078e+02,
    1.90864578e+02, 1.31260422e+02, 2.05447922e+02, 1.21676880e+02,
    2.12947098e+02, 1.27093750e+02, 2.16906250e+02, 1.34803513e+02,
    2.19200150e+02, 1.43277069e+02, 2.16014679e+02, 1.51469162e+02,
    2.12159180e+02, 9.29985046e+01, 1.63294617e+02, 1.00906555e+02,
    1.56721420e+02, 1.12719971e+02, 1.55656448e+02, 1.21468346e+02,
    1.66908279e+02, 1.09979851e+02, 1.68704727e+02, 9.91177139e+01,
    1.68364044e+02, 1.60010010e+02, 1.65763870e+02, 1.67098419e+02,
    1.55292603e+02, 1.80218750e+02, 1.53364578e+02, 1.90219360e+02,
    1.60865799e+02, 1.84388474e+02, 1.66177902e+02, 1.70322922e+02,
    1.66907272e+02, 1.13666435e+02, 2.42288361e+02, 1.21927299e+02,
    2.35250107e+02, 1.29011810e+02, 2.31397217e+02, 1.36762238e+02,
    2.34664566e+02, 1.44206177e+02, 2.31002365e+02, 1.55929688e+02,
    2.35946350e+02, 1.71470383e+02, 2.42636642e+02, 1.56463867e+02,
    2.55767334e+02, 1.45201172e+02, 2.59083130e+02, 1.36916901e+02,
    2.59147797e+02, 1.29009247e+02, 2.57874695e+02, 1.21617516e+02,
    2.53214890e+02, 1.20118446e+02, 2.43338623e+02, 1.29206604e+02,
    2.39155060e+02, 1.37118927e+02, 2.38735199e+02, 1.44547867e+02,
    2.38800949e+02, 1.65115601e+02, 2.43053711e+02, 1.44745605e+02,
    2.45555191e+02, 1.37054779e+02, 2.45564240e+02, 1.29057571e+02,
    2.45211761e+02 ]
noOfLandmarkPoint: 68
