%YAML:1.0
landmark: [ 1.64805862e+02, 2.33821457e+02, 1.62437714e+02,
    2.51293533e+02, 1.64659637e+02, 2.66479614e+02, 1.71034576e+02,
    2.83645294e+02, 1.77781372e+02, 3.04024902e+02, 1.84620972e+02,
    3.22368835e+02, 1.89821243e+02, 3.40287506e+02, 1.96732346e+02,
    3.53077454e+02, 2.09036942e+02, 3.55091827e+02, 2.27427277e+02,
    3.53566589e+02, 2.47853287e+02, 3.44126862e+02, 2.72915100e+02,
    3.32251312e+02, 2.94230377e+02, 3.17704102e+02, 3.04373779e+02,
    3.03271027e+02, 3.09152618e+02, 2.80337708e+02, 3.11331299e+02,
    2.54947250e+02, 3.12713531e+02, 2.30281769e+02, 1.58244644e+02,
    2.02662415e+02, 1.62602020e+02, 2.00015884e+02, 1.69348831e+02,
    2.05591171e+02, 1.74983017e+02, 2.10755920e+02, 1.83260849e+02,
    2.18017120e+02, 2.09968826e+02, 2.14352356e+02, 2.22712357e+02,
    2.07980591e+02, 2.36252350e+02, 2.02405289e+02, 2.52978241e+02,
    2.02405289e+02, 2.65721771e+02, 2.12759415e+02, 1.96605240e+02,
    2.31976227e+02, 1.93269287e+02, 2.45494431e+02, 1.89424210e+02,
    2.59122742e+02, 1.85533264e+02, 2.72719727e+02, 1.81717316e+02,
    2.80459412e+02, 1.87596146e+02, 2.84323853e+02, 1.94435745e+02,
    2.86548950e+02, 2.00807510e+02, 2.84863190e+02, 2.07204376e+02,
    2.84488159e+02, 1.66816391e+02, 2.25978394e+02, 1.69956863e+02,
    2.20315002e+02, 1.78689560e+02, 2.23587967e+02, 1.83904724e+02,
    2.30249283e+02, 1.76421127e+02, 2.33528534e+02, 1.69915009e+02,
    2.32654160e+02, 2.22839233e+02, 2.34571030e+02, 2.29437973e+02,
    2.26109787e+02, 2.41176346e+02, 2.27981003e+02, 2.49718674e+02,
    2.32794159e+02, 2.41394852e+02, 2.37740341e+02, 2.32673599e+02,
    2.39141525e+02, 1.83660187e+02, 3.07046478e+02, 1.83062408e+02,
    3.00010345e+02, 1.89587708e+02, 2.99071960e+02, 1.93427658e+02,
    3.02342499e+02, 2.02277451e+02, 3.01243561e+02, 2.15520691e+02,
    3.04901917e+02, 2.35102158e+02, 3.11100342e+02, 2.19083740e+02,
    3.24543732e+02, 2.06622421e+02, 3.29158234e+02, 1.97389603e+02,
    3.29651184e+02, 1.90782028e+02, 3.26793915e+02, 1.85792480e+02,
    3.13232605e+02, 1.87267517e+02, 3.08053650e+02, 1.90520065e+02,
    3.06974762e+02, 1.94394928e+02, 3.08042969e+02, 2.03152252e+02,
    3.08405731e+02, 2.31844757e+02, 3.12364655e+02, 2.03982651e+02,
    3.14264465e+02, 1.95011520e+02, 3.13168213e+02, 1.90906342e+02,
    3.10902283e+02 ]
noOfLandmarkPoint: 68
