%YAML:1.0
landmark: [ 2.60240601e+02, 1.47506042e+02, 2.59427002e+02,
    1.70795456e+02, 2.61787842e+02, 1.95924652e+02, 2.65324860e+02,
    2.20592453e+02, 2.73379669e+02, 2.42742126e+02, 2.84902863e+02,
    2.60330475e+02, 2.99065613e+02, 2.77083374e+02, 3.19097656e+02,
    2.88265259e+02, 3.42662079e+02, 2.92578705e+02, 3.64283234e+02,
    2.89985229e+02, 3.85789093e+02, 2.78372314e+02, 3.99979889e+02,
    2.59082886e+02, 4.08234924e+02, 2.42244019e+02, 4.12834015e+02,
    2.23245514e+02, 4.17231506e+02, 2.04066681e+02, 4.22021667e+02,
    1.83707047e+02, 4.23338135e+02, 1.62395279e+02, 2.75905212e+02,
    1.29929337e+02, 2.87414246e+02, 1.17781525e+02, 3.02637512e+02,
    1.12318634e+02, 3.17978729e+02, 1.15949409e+02, 3.30574829e+02,
    1.24137657e+02, 3.69628021e+02, 1.19943947e+02, 3.84249268e+02,
    1.12811447e+02, 4.00120514e+02, 1.16451637e+02, 4.10782806e+02,
    1.27766373e+02, 4.14866180e+02, 1.41579788e+02, 3.46332184e+02,
    1.39778336e+02, 3.46130493e+02, 1.54574219e+02, 3.45707947e+02,
    1.69072311e+02, 3.45112030e+02, 1.83271667e+02, 3.24811920e+02,
    1.93933197e+02, 3.34470673e+02, 1.96003387e+02, 3.45017853e+02,
    1.98606796e+02, 3.55842285e+02, 1.96508667e+02, 3.65393616e+02,
    1.96069199e+02, 2.94064209e+02, 1.42633011e+02, 3.02595123e+02,
    1.35776886e+02, 3.12150635e+02, 1.36672958e+02, 3.19815308e+02,
    1.42674072e+02, 3.11277557e+02, 1.45744904e+02, 3.01817352e+02,
    1.45916870e+02, 3.68918518e+02, 1.44447662e+02, 3.80688354e+02,
    1.40202118e+02, 3.90750763e+02, 1.43354980e+02, 3.95066132e+02,
    1.51392609e+02, 3.87312744e+02, 1.50857712e+02, 3.78192017e+02,
    1.48172455e+02, 3.08254364e+02, 2.35260895e+02, 3.22778839e+02,
    2.21715073e+02, 3.35167755e+02, 2.16938461e+02, 3.43975647e+02,
    2.19386169e+02, 3.53615997e+02, 2.17405853e+02, 3.66799835e+02,
    2.20923645e+02, 3.78193604e+02, 2.34191101e+02, 3.67270477e+02,
    2.44899216e+02, 3.53264526e+02, 2.51587189e+02, 3.43720520e+02,
    2.52433777e+02, 3.34447693e+02, 2.51330780e+02, 3.21153503e+02,
    2.45366196e+02, 3.13899323e+02, 2.34087234e+02, 3.35105011e+02,
    2.31832382e+02, 3.44174316e+02, 2.33006027e+02, 3.53478363e+02,
    2.32067108e+02, 3.71375000e+02, 2.34087234e+02, 3.53478363e+02,
    2.32067108e+02, 3.44174316e+02, 2.33006027e+02, 3.35105011e+02,
    2.31832382e+02 ]
noOfLandmarkPoint: 68
