%YAML:1.0
landmark: [ 1.46003647e+02, 2.11768753e+02, 1.44646851e+02,
    2.24542358e+02, 1.48794800e+02, 2.42103516e+02, 1.54202744e+02,
    2.56699127e+02, 1.59416855e+02, 2.72651550e+02, 1.65483856e+02,
    2.87383118e+02, 1.70969376e+02, 3.07638641e+02, 1.76183716e+02,
    3.14829926e+02, 1.96962601e+02, 3.15740936e+02, 2.19020691e+02,
    3.08724243e+02, 2.39818787e+02, 2.99168365e+02, 2.56895477e+02,
    2.86879456e+02, 2.71956360e+02, 2.72167572e+02, 2.74825317e+02,
    2.55478516e+02, 2.76666779e+02, 2.38537277e+02, 2.76821960e+02,
    2.21053467e+02, 2.76182343e+02, 2.04344955e+02, 1.42533981e+02,
    1.79379227e+02, 1.48329575e+02, 1.80774689e+02, 1.53439682e+02,
    1.84533264e+02, 1.58834885e+02, 1.88794830e+02, 1.64023026e+02,
    1.93892654e+02, 1.86476242e+02, 1.90427612e+02, 1.98396957e+02,
    1.84457642e+02, 2.11092987e+02, 1.81201248e+02, 2.24913315e+02,
    1.83643417e+02, 2.36000595e+02, 1.88043549e+02, 1.73082245e+02,
    2.07446198e+02, 1.70930695e+02, 2.19909714e+02, 1.68585327e+02,
    2.31578491e+02, 1.65852295e+02, 2.44739746e+02, 1.63409882e+02,
    2.51020020e+02, 1.67383453e+02, 2.53753052e+02, 1.72093658e+02,
    2.54140717e+02, 1.78800262e+02, 2.52783920e+02, 1.85138672e+02,
    2.52338150e+02, 1.48872375e+02, 2.03530746e+02, 1.49996674e+02,
    1.95990707e+02, 1.57987900e+02, 1.98520309e+02, 1.64671738e+02,
    2.06816772e+02, 1.56992523e+02, 2.08119492e+02, 1.51471832e+02,
    2.07749344e+02, 1.97993774e+02, 2.09638031e+02, 2.03804901e+02,
    2.01921997e+02, 2.12866089e+02, 2.02780670e+02, 2.21045868e+02,
    2.08164673e+02, 2.15201691e+02, 2.11857849e+02, 2.05698395e+02,
    2.12404572e+02, 1.62706970e+02, 2.72456726e+02, 1.62924500e+02,
    2.67008881e+02, 1.68323471e+02, 2.65935303e+02, 1.73435532e+02,
    2.68559509e+02, 1.81491043e+02, 2.67728180e+02, 1.93885483e+02,
    2.70910339e+02, 2.09660263e+02, 2.77121216e+02, 1.94694794e+02,
    2.90290527e+02, 1.82192596e+02, 2.92984894e+02, 1.75039978e+02,
    2.91957611e+02, 1.68565872e+02, 2.89340851e+02, 1.65503311e+02,
    2.77323334e+02, 1.64737930e+02, 2.73267822e+02, 1.68856720e+02,
    2.73058899e+02, 1.74613647e+02, 2.74241302e+02, 1.81475403e+02,
    2.73524139e+02, 2.06419388e+02, 2.77529541e+02, 1.81552994e+02,
    2.79978790e+02, 1.74749359e+02, 2.78292450e+02, 1.68604782e+02,
    2.74784119e+02 ]
noOfLandmarkPoint: 68
