%YAML:1.0
landmark: [ 1.29681702e+02, 1.27939644e+02, 1.31717285e+02,
    1.44748627e+02, 1.37446640e+02, 1.63885620e+02, 1.51925873e+02,
    1.75155014e+02, 1.69682388e+02, 1.84501297e+02, 1.90177475e+02,
    1.90436264e+02, 2.08270798e+02, 2.00005478e+02, 2.25040024e+02,
    1.96302200e+02, 2.36397125e+02, 1.87565659e+02, 2.42177887e+02,
    1.75133209e+02, 2.49069031e+02, 1.64373154e+02, 2.52437943e+02,
    1.52086411e+02, 2.51437943e+02, 1.37457428e+02, 2.50262390e+02,
    1.24679588e+02, 2.47240158e+02, 1.13748413e+02, 2.45522964e+02,
    1.05632744e+02, 1.68711166e+02, 1.08995926e+02, 1.77302338e+02,
    1.01696594e+02, 1.88279999e+02, 1.00669075e+02, 1.98826309e+02,
    1.02043755e+02, 2.10018631e+02, 1.03677971e+02, 2.23993912e+02,
    1.00337349e+02, 2.29784576e+02, 9.57973175e+01, 2.34637253e+02,
    9.23250427e+01, 2.39372238e+02, 8.76892624e+01, 2.45498077e+02,
    8.63346405e+01, 2.18811096e+02, 1.08690598e+02, 2.22837784e+02,
    1.17419525e+02, 2.27035583e+02, 1.26004021e+02, 2.30233383e+02,
    1.34408508e+02, 2.11409775e+02, 1.44863083e+02, 2.20855453e+02,
    1.44861557e+02, 2.30793503e+02, 1.44678741e+02, 2.35472473e+02,
    1.41140244e+02, 2.37133423e+02, 1.34287476e+02, 1.74941971e+02,
    1.19227699e+02, 1.83406601e+02, 1.16301216e+02, 1.90776794e+02,
    1.14349892e+02, 1.95070908e+02, 1.15333664e+02, 1.91520248e+02,
    1.17652336e+02, 1.84400864e+02, 1.18935715e+02, 2.28485291e+02,
    1.07084679e+02, 2.32621078e+02, 1.03715157e+02, 2.37686218e+02,
    1.03185585e+02, 2.40903641e+02, 1.04881508e+02, 2.36968307e+02,
    1.06929176e+02, 2.33090515e+02, 1.07141640e+02, 1.98777557e+02,
    1.61785263e+02, 2.05357681e+02, 1.56455322e+02, 2.18931488e+02,
    1.53056763e+02, 2.23677887e+02, 1.53592972e+02, 2.27964951e+02,
    1.51517838e+02, 2.32149368e+02, 1.50644974e+02, 2.38334381e+02,
    1.49975143e+02, 2.32455963e+02, 1.66172150e+02, 2.25136642e+02,
    1.72526917e+02, 2.20883881e+02, 1.73660553e+02, 2.15544006e+02,
    1.73186829e+02, 2.04470810e+02, 1.68101868e+02, 2.02142380e+02,
    1.60962891e+02, 2.18354980e+02, 1.57288925e+02, 2.23522018e+02,
    1.56295212e+02, 2.27925674e+02, 1.55455872e+02, 2.33353500e+02,
    1.53842484e+02, 2.27195816e+02, 1.59733887e+02, 2.22220688e+02,
    1.62650574e+02, 2.17342285e+02, 1.63533859e+02, 0., 0. ]
noOfLandmarkPoint: 68
