%YAML:1.0
landmark: [ 2.00340271e+01, 2.92035736e+02, 2.07272720e+01,
    3.04442902e+02, 2.17392826e+01, 3.17862091e+02, 2.35002499e+01,
    3.31225555e+02, 3.04210606e+01, 3.42517059e+02, 3.76088028e+01,
    3.53270813e+02, 4.85205803e+01, 3.63996887e+02, 6.05837631e+01,
    3.72253418e+02, 7.38536835e+01, 3.73947845e+02, 8.59111099e+01,
    3.68363373e+02, 9.16774750e+01, 3.58228241e+02, 9.71852341e+01,
    3.47532776e+02, 1.03852119e+02, 3.36938660e+02, 1.09597656e+02,
    3.26232849e+02, 1.12788635e+02, 3.14695557e+02, 1.13654243e+02,
    3.02935028e+02, 1.14058083e+02, 2.90445160e+02, 2.96759815e+01,
    2.77612274e+02, 3.46284866e+01, 2.70528198e+02, 4.53265305e+01,
    2.69946381e+02, 5.52224541e+01, 2.73067963e+02, 6.40354080e+01,
    2.78537903e+02, 8.18664474e+01, 2.80963196e+02, 9.00292587e+01,
    2.77126953e+02, 9.73910446e+01, 2.72745667e+02, 1.08145103e+02,
    2.73082886e+02, 1.14027771e+02, 2.80223785e+02, 7.55477905e+01,
    2.88819916e+02, 7.62399750e+01, 2.98802490e+02, 7.66100082e+01,
    3.08925446e+02, 7.72385941e+01, 3.19444794e+02, 6.23674469e+01,
    3.17654755e+02, 6.87544022e+01, 3.21061371e+02, 7.56752090e+01,
    3.24093536e+02, 8.13209610e+01, 3.21380157e+02, 8.55802155e+01,
    3.18666748e+02, 4.02304344e+01, 2.88959534e+02, 4.48007812e+01,
    2.84957794e+02, 5.11924171e+01, 2.85194672e+02, 5.56853752e+01,
    2.88271149e+02, 5.10693665e+01, 2.89978882e+02, 4.52651024e+01,
    2.89640839e+02, 8.55048599e+01, 2.88688690e+02, 9.02073669e+01,
    2.84939148e+02, 9.71676941e+01, 2.85126160e+02, 1.02752998e+02,
    2.88771057e+02, 9.84732437e+01, 2.89612396e+02, 9.21234360e+01,
    2.89657715e+02, 5.21772728e+01, 3.35487396e+02, 6.17899437e+01,
    3.33570435e+02, 6.96865692e+01, 3.33065552e+02, 7.40000687e+01,
    3.33750122e+02, 7.86580505e+01, 3.33217957e+02, 8.48220215e+01,
    3.34384827e+02, 9.09341507e+01, 3.36551941e+02, 8.52064667e+01,
    3.43291443e+02, 7.95128632e+01, 3.44608978e+02, 7.40813446e+01,
    3.44835815e+02, 6.88647614e+01, 3.44490143e+02, 6.20782051e+01,
    3.42571198e+02, 5.44994392e+01, 3.35385040e+02, 6.94497757e+01,
    3.36847137e+02, 7.39973984e+01, 3.37406281e+02, 7.87967072e+01,
    3.36418091e+02, 8.88955994e+01, 3.36465637e+02, 7.87967072e+01,
    3.36418091e+02, 7.39973984e+01, 3.37406281e+02, 6.94497757e+01,
    3.36847137e+02 ]
noOfLandmarkPoint: 68
