%YAML:1.0
landmark: [ 1.05962685e+02, 1.03205223e+02, 1.08761192e+02,
    1.17197762e+02, 1.12679108e+02, 1.30070892e+02, 1.17156715e+02,
    1.44063431e+02, 1.23408020e+02, 1.54663635e+02, 1.34507462e+02,
    1.65237503e+02, 1.49875504e+02, 1.75747879e+02, 1.64591492e+02,
    1.83632706e+02, 1.78095978e+02, 1.83615082e+02, 1.90163574e+02,
    1.78585114e+02, 1.97881775e+02, 1.65576950e+02, 2.02616165e+02,
    1.52575775e+02, 2.05749939e+02, 1.40787888e+02, 2.09840469e+02,
    1.28545654e+02, 2.12026535e+02, 1.18132195e+02, 2.10968613e+02,
    1.08318970e+02, 2.10103119e+02, 9.89271317e+01, 1.30674393e+02,
    9.08397064e+01, 1.40760315e+02, 8.48766861e+01, 1.51020264e+02,
    8.23694305e+01, 1.61911697e+02, 8.36191025e+01, 1.73440582e+02,
    8.67767944e+01, 1.87125565e+02, 8.76207886e+01, 1.93034363e+02,
    8.53466721e+01, 1.98714325e+02, 8.49105301e+01, 2.03864532e+02,
    8.48582001e+01, 2.07884109e+02, 8.57529221e+01, 1.80119232e+02,
    9.93477707e+01, 1.81643295e+02, 1.05599068e+02, 1.83046448e+02,
    1.12875191e+02, 1.84820145e+02, 1.20211761e+02, 1.72573242e+02,
    1.29538315e+02, 1.78161240e+02, 1.31446869e+02, 1.83958740e+02,
    1.33319992e+02, 1.87715576e+02, 1.31502747e+02, 1.91322952e+02,
    1.29702896e+02, 1.44261139e+02, 9.95691986e+01, 1.49323807e+02,
    9.57701721e+01, 1.56822250e+02, 9.54494247e+01, 1.61017609e+02,
    9.96472778e+01, 1.56753952e+02, 1.03088829e+02, 1.50090912e+02,
    1.02940331e+02, 1.87438828e+02, 1.00979340e+02, 1.91571609e+02,
    9.62340851e+01, 1.97873123e+02, 9.56449356e+01, 2.01702866e+02,
    9.97853088e+01, 1.98240875e+02, 1.02382896e+02, 1.92288925e+02,
    1.02572105e+02, 1.60064560e+02, 1.51318222e+02, 1.70629333e+02,
    1.44072266e+02, 1.79444809e+02, 1.41017776e+02, 1.82959015e+02,
    1.42308228e+02, 1.86993744e+02, 1.40460480e+02, 1.91675018e+02,
    1.43416092e+02, 1.96167236e+02, 1.49026978e+02, 1.91125214e+02,
    1.58220047e+02, 1.87172577e+02, 1.60478516e+02, 1.82590195e+02,
    1.61537460e+02, 1.78387863e+02, 1.61631378e+02, 1.69954117e+02,
    1.59365585e+02, 1.64101822e+02, 1.50915527e+02, 1.79293823e+02,
    1.45810547e+02, 1.82805603e+02, 1.45892532e+02, 1.86854874e+02,
    1.45739410e+02, 1.93474228e+02, 1.49274612e+02, 1.87169708e+02,
    1.53925217e+02, 1.82648178e+02, 1.54393188e+02, 1.78979553e+02,
    1.54256226e+02 ]
noOfLandmarkPoint: 68
