%YAML:1.0
landmark: [ 2.61742737e+02, 1.59396271e+02, 2.63030853e+02,
    1.84105728e+02, 2.69979919e+02, 2.08092209e+02, 2.76050842e+02,
    2.30200317e+02, 2.85427002e+02, 2.55113419e+02, 2.96655518e+02,
    2.75054596e+02, 3.13603546e+02, 2.89513031e+02, 3.36484772e+02,
    3.01367340e+02, 3.61617371e+02, 3.05389313e+02, 3.77001801e+02,
    2.95424744e+02, 3.89244446e+02, 2.82128998e+02, 3.99707428e+02,
    2.68628204e+02, 4.10159943e+02, 2.51672958e+02, 4.16485962e+02,
    2.35220367e+02, 4.23439697e+02, 2.16384781e+02, 4.26074524e+02,
    1.99341339e+02, 4.25926849e+02, 1.80549942e+02, 3.00360107e+02,
    1.60832733e+02, 3.15525482e+02, 1.57657867e+02, 3.30088135e+02,
    1.57836182e+02, 3.43907501e+02, 1.63374542e+02, 3.54476593e+02,
    1.70967087e+02, 3.83310089e+02, 1.68166382e+02, 3.95158691e+02,
    1.62080338e+02, 4.06693207e+02, 1.57604385e+02, 4.18625122e+02,
    1.57264297e+02, 4.29451141e+02, 1.59799332e+02, 3.68283112e+02,
    1.81413055e+02, 3.68441650e+02, 1.97461578e+02, 3.69137451e+02,
    2.14552841e+02, 3.69627350e+02, 2.33393555e+02, 3.52767548e+02,
    2.38206345e+02, 3.59022125e+02, 2.41394852e+02, 3.65142670e+02,
    2.45033157e+02, 3.72099060e+02, 2.42711487e+02, 3.78192963e+02,
    2.38353699e+02, 3.09635193e+02, 1.80052185e+02, 3.19915344e+02,
    1.75922440e+02, 3.31597321e+02, 1.76904526e+02, 3.41459473e+02,
    1.82518692e+02, 3.33345154e+02, 1.88185486e+02, 3.19065857e+02,
    1.87096710e+02, 3.84418976e+02, 1.83614792e+02, 3.94443542e+02,
    1.77938461e+02, 4.05178589e+02, 1.76931122e+02, 4.13840942e+02,
    1.80337372e+02, 4.07256348e+02, 1.86780289e+02, 3.96516876e+02,
    1.87806351e+02, 3.28832153e+02, 2.60393341e+02, 3.47043152e+02,
    2.58047668e+02, 3.54661896e+02, 2.56697083e+02, 3.61748657e+02,
    2.58585144e+02, 3.69002716e+02, 2.56462524e+02, 3.75698242e+02,
    2.56921906e+02, 3.84369171e+02, 2.57538300e+02, 3.75437164e+02,
    2.66100128e+02, 3.68795502e+02, 2.69235596e+02, 3.61483429e+02,
    2.70605011e+02, 3.54097504e+02, 2.69390869e+02, 3.47272736e+02,
    2.67366730e+02, 3.37686768e+02, 2.61146179e+02, 3.54350647e+02,
    2.61757050e+02, 3.61393311e+02, 2.63048523e+02, 3.69027527e+02,
    2.60946625e+02, 3.80592987e+02, 2.58460022e+02, 3.69027527e+02,
    2.60946625e+02, 3.61393311e+02, 2.63048523e+02, 3.54350647e+02,
    2.61757050e+02 ]
noOfLandmarkPoint: 68
