%YAML:1.0
landmark: [ 3.03679626e+02, 1.55132874e+02, 3.05102722e+02,
    1.74508926e+02, 3.06342316e+02, 1.88954102e+02, 3.07145630e+02,
    2.05532288e+02, 3.09486328e+02, 2.21421463e+02, 3.17677216e+02,
    2.35180298e+02, 3.29039337e+02, 2.44988022e+02, 3.41140045e+02,
    2.50143326e+02, 3.57796722e+02, 2.53194962e+02, 3.75685791e+02,
    2.53712738e+02, 3.92969818e+02, 2.48306168e+02, 4.09004333e+02,
    2.40489822e+02, 4.20231628e+02, 2.27946091e+02, 4.25877411e+02,
    2.09921524e+02, 4.28931458e+02, 1.92765350e+02, 4.31350159e+02,
    1.76692886e+02, 4.33505829e+02, 1.62087097e+02, 3.16927032e+02,
    1.40434952e+02, 3.24734802e+02, 1.32124954e+02, 3.35352051e+02,
    1.29534119e+02, 3.46889313e+02, 1.29264923e+02, 3.59830414e+02,
    1.34227448e+02, 3.76699005e+02, 1.32838135e+02, 3.90403595e+02,
    1.32079895e+02, 4.02664154e+02, 1.33364532e+02, 4.13165985e+02,
    1.37186447e+02, 4.21697784e+02, 1.44272476e+02, 3.66245392e+02,
    1.49555145e+02, 3.65550995e+02, 1.57585754e+02, 3.64309937e+02,
    1.66122360e+02, 3.63467224e+02, 1.75355713e+02, 3.53810150e+02,
    1.88390457e+02, 3.58539856e+02, 1.89062988e+02, 3.63872162e+02,
    1.89544937e+02, 3.69168091e+02, 1.89513977e+02, 3.73315002e+02,
    1.89222794e+02, 3.28315063e+02, 1.51528427e+02, 3.34522827e+02,
    1.45119324e+02, 3.42008972e+02, 1.47093887e+02, 3.49622986e+02,
    1.53938354e+02, 3.41680023e+02, 1.54329559e+02, 3.34422821e+02,
    1.54076813e+02, 3.84870575e+02, 1.55454849e+02, 3.91934601e+02,
    1.48672653e+02, 3.99897186e+02, 1.49144043e+02, 4.06247711e+02,
    1.54284500e+02, 4.00254242e+02, 1.57016403e+02, 3.92103607e+02,
    1.56580124e+02, 3.37957428e+02, 2.10867630e+02, 3.47776398e+02,
    2.05734726e+02, 3.57481140e+02, 2.03317047e+02, 3.62746948e+02,
    2.05387039e+02, 3.68601044e+02, 2.04421692e+02, 3.78413696e+02,
    2.08063248e+02, 3.86863068e+02, 2.14247086e+02, 3.78272400e+02,
    2.19418793e+02, 3.68943359e+02, 2.19941803e+02, 3.62967468e+02,
    2.20213120e+02, 3.56610992e+02, 2.19386200e+02, 3.46357697e+02,
    2.16082458e+02, 3.41523010e+02, 2.10691879e+02, 3.56984741e+02,
    2.10760529e+02, 3.62769501e+02, 2.11464310e+02, 3.68580933e+02,
    2.11636368e+02, 3.83807404e+02, 2.13713379e+02, 3.68580933e+02,
    2.11636368e+02, 3.62769501e+02, 2.11464310e+02, 3.56984741e+02,
    2.10760529e+02 ]
noOfLandmarkPoint: 68
