%YAML:1.0
landmark: [ 1.31341965e+02, 1.77602615e+02, 1.32892059e+02,
    1.95566666e+02, 1.38368546e+02, 2.14098373e+02, 1.44249359e+02,
    2.33895645e+02, 1.52252350e+02, 2.52002701e+02, 1.65968124e+02,
    2.68060852e+02, 1.81541611e+02, 2.82447021e+02, 1.98258911e+02,
    2.93328888e+02, 2.21035385e+02, 2.93953156e+02, 2.41533691e+02,
    2.89838470e+02, 2.54851852e+02, 2.73730682e+02, 2.64986237e+02,
    2.55178360e+02, 2.72782532e+02, 2.35705292e+02, 2.74637115e+02,
    2.15943069e+02, 2.74593353e+02, 1.97937439e+02, 2.74759369e+02,
    1.80506958e+02, 2.71198029e+02, 1.65362137e+02, 1.51948517e+02,
    1.77571625e+02, 1.61559784e+02, 1.67462967e+02, 1.75964127e+02,
    1.64073776e+02, 1.90745804e+02, 1.64393585e+02, 2.03858459e+02,
    1.67275330e+02, 2.23513199e+02, 1.64222672e+02, 2.36442795e+02,
    1.59286362e+02, 2.46525101e+02, 1.54908401e+02, 2.57093567e+02,
    1.54565369e+02, 2.64782745e+02, 1.61142197e+02, 2.17065796e+02,
    1.80683975e+02, 2.19686356e+02, 1.91461197e+02, 2.22846039e+02,
    2.03437469e+02, 2.25466599e+02, 2.16368637e+02, 2.08152542e+02,
    2.24646118e+02, 2.15230988e+02, 2.27730804e+02, 2.22113617e+02,
    2.31402924e+02, 2.29484528e+02, 2.26800064e+02, 2.34210709e+02,
    2.20335739e+02, 1.69122849e+02, 1.83022308e+02, 1.78385986e+02,
    1.77909134e+02, 1.86880875e+02, 1.76544815e+02, 1.94724960e+02,
    1.81395782e+02, 1.86939056e+02, 1.82625214e+02, 1.77744125e+02,
    1.83924988e+02, 2.31697037e+02, 1.75984528e+02, 2.38335953e+02,
    1.70230972e+02, 2.47366013e+02, 1.68621307e+02, 2.55179749e+02,
    1.72067123e+02, 2.47569260e+02, 1.75064697e+02, 2.39049591e+02,
    1.75577362e+02, 1.91487106e+02, 2.46379181e+02, 2.04859879e+02,
    2.44135239e+02, 2.14955322e+02, 2.41728439e+02, 2.19225906e+02,
    2.43475586e+02, 2.25276215e+02, 2.40396439e+02, 2.33627289e+02,
    2.41393188e+02, 2.41927765e+02, 2.42721390e+02, 2.34279404e+02,
    2.50984451e+02, 2.26103836e+02, 2.57444733e+02, 2.19814865e+02,
    2.59226746e+02, 2.14574890e+02, 2.59510437e+02, 2.05301620e+02,
    2.57157227e+02, 1.95644119e+02, 2.47750839e+02, 2.14934647e+02,
    2.48205856e+02, 2.19563217e+02, 2.48793304e+02, 2.25587784e+02,
    2.47405228e+02, 2.39481781e+02, 2.43387482e+02, 2.25587784e+02,
    2.47405228e+02, 2.19563217e+02, 2.48793304e+02, 2.14934647e+02,
    2.48205856e+02 ]
noOfLandmarkPoint: 68
