%YAML:1.0
landmark: [ 4.84625092e+01, 4.74502380e+02, 5.15893364e+01,
    4.86903687e+02, 5.61481438e+01, 4.99830750e+02, 5.99517441e+01,
    5.11851532e+02, 6.63172226e+01, 5.23307373e+02, 7.57035370e+01,
    5.32234741e+02, 8.59206238e+01, 5.39722229e+02, 9.96363297e+01,
    5.45882141e+02, 1.15253731e+02, 5.46597351e+02, 1.26268524e+02,
    5.42201843e+02, 1.33600723e+02, 5.32592041e+02, 1.37906647e+02,
    5.19809814e+02, 1.40426102e+02, 5.06338226e+02, 1.40934769e+02,
    4.94244812e+02, 1.40975586e+02, 4.81127502e+02, 1.40342850e+02,
    4.70484894e+02, 1.39960464e+02, 4.56877441e+02, 6.25808907e+01,
    4.66413788e+02, 7.06161728e+01, 4.62287689e+02, 7.85431976e+01,
    4.59232666e+02, 8.76016541e+01, 4.60345490e+02, 9.65569305e+01,
    4.63178497e+02, 1.11931343e+02, 4.62785553e+02, 1.18921249e+02,
    4.57501160e+02, 1.25511215e+02, 4.53936401e+02, 1.32207138e+02,
    4.51546570e+02, 1.37431854e+02, 4.52984314e+02, 1.06064781e+02,
    4.70836365e+02, 1.07358833e+02, 4.78483826e+02, 1.08911697e+02,
    4.86644196e+02, 1.10929550e+02, 4.95495697e+02, 1.00729813e+02,
    5.02320007e+02, 1.06569557e+02, 5.02168976e+02, 1.11128372e+02,
    5.02884949e+02, 1.15424309e+02, 5.00697754e+02, 1.18814003e+02,
    4.98773438e+02, 7.52739792e+01, 4.74719482e+02, 7.91144867e+01,
    4.70377167e+02, 8.57614441e+01, 4.69401703e+02, 9.15268097e+01,
    4.72911072e+02, 8.68492813e+01, 4.76241394e+02, 8.06277695e+01,
    4.76929779e+02, 1.13869148e+02, 4.69469574e+02, 1.17167763e+02,
    4.63784576e+02, 1.23836380e+02, 4.61810455e+02, 1.27664513e+02,
    4.64425354e+02, 1.25396324e+02, 4.68444427e+02, 1.20380783e+02,
    4.70306366e+02, 9.45480347e+01, 5.20129089e+02, 1.00655525e+02,
    5.17936523e+02, 1.07944283e+02, 5.13231079e+02, 1.12744583e+02,
    5.14125305e+02, 1.17417854e+02, 5.11761597e+02, 1.24085655e+02,
    5.12695557e+02, 1.29072739e+02, 5.13331909e+02, 1.25204414e+02,
    5.17440674e+02, 1.20602585e+02, 5.20467102e+02, 1.15829865e+02,
    5.22383179e+02, 1.10720055e+02, 5.22948547e+02, 1.01176735e+02,
    5.21326965e+02, 9.70004272e+01, 5.20107056e+02, 1.09105888e+02,
    5.17041809e+02, 1.13625305e+02, 5.16798828e+02, 1.18014244e+02,
    5.14622681e+02, 1.26913834e+02, 5.13899048e+02, 1.18014244e+02,
    5.14622681e+02, 1.13625305e+02, 5.16798828e+02, 1.09105888e+02,
    5.17041809e+02 ]
noOfLandmarkPoint: 68
