%YAML:1.0
landmark: [ 1.14587151e+02, 1.42203323e+02, 1.17343605e+02,
    1.66282074e+02, 1.24572182e+02, 1.88121857e+02, 1.32083450e+02,
    2.07963135e+02, 1.41491119e+02, 2.23778809e+02, 1.60780579e+02,
    2.39053513e+02, 1.82018890e+02, 2.46431458e+02, 2.06736069e+02,
    2.51620773e+02, 2.22241913e+02, 2.51743484e+02, 2.34149384e+02,
    2.49261612e+02, 2.47667542e+02, 2.37437820e+02, 2.57172638e+02,
    2.23706390e+02, 2.65765930e+02, 2.07240799e+02, 2.71718994e+02,
    1.88269073e+02, 2.73146820e+02, 1.70881531e+02, 2.72109955e+02,
    1.55467102e+02, 2.69023651e+02, 1.41482834e+02, 1.40939545e+02,
    1.25261879e+02, 1.52663757e+02, 1.12599586e+02, 1.68889893e+02,
    1.06530403e+02, 1.88362122e+02, 1.05711937e+02, 2.03740753e+02,
    1.11607323e+02, 2.27884995e+02, 1.13269531e+02, 2.37818527e+02,
    1.05718971e+02, 2.47913834e+02, 1.02346893e+02, 2.58774384e+02,
    1.03956024e+02, 2.64911713e+02, 1.09144051e+02, 2.18787003e+02,
    1.28887466e+02, 2.21182190e+02, 1.40418900e+02, 2.24690460e+02,
    1.50932495e+02, 2.28026382e+02, 1.61183838e+02, 2.11138458e+02,
    1.78310455e+02, 2.17750137e+02, 1.78472275e+02, 2.24969742e+02,
    1.78792480e+02, 2.29415359e+02, 1.77556931e+02, 2.33037872e+02,
    1.76256561e+02, 1.63016220e+02, 1.37615311e+02, 1.72061508e+02,
    1.30073486e+02, 1.84255493e+02, 1.28744522e+02, 1.92413879e+02,
    1.35909164e+02, 1.84223618e+02, 1.38350159e+02, 1.73932846e+02,
    1.38996368e+02, 2.31743546e+02, 1.35292511e+02, 2.39752594e+02,
    1.29037720e+02, 2.49163681e+02, 1.28333817e+02, 2.53917450e+02,
    1.33202072e+02, 2.50033051e+02, 1.38092133e+02, 2.40335678e+02,
    1.36944778e+02, 1.93907394e+02, 2.13048492e+02, 2.04550049e+02,
    2.00446716e+02, 2.18091873e+02, 1.91871948e+02, 2.25638550e+02,
    1.93695862e+02, 2.33889847e+02, 1.92604523e+02, 2.42792892e+02,
    1.98589996e+02, 2.48706482e+02, 2.10343063e+02, 2.41765518e+02,
    2.17391983e+02, 2.34779358e+02, 2.20385681e+02, 2.25751282e+02,
    2.21447906e+02, 2.17502930e+02, 2.20902573e+02, 2.04911728e+02,
    2.20061508e+02, 2.06548492e+02, 2.09150406e+02, 2.17482498e+02,
    2.03051575e+02, 2.24885071e+02, 2.02645218e+02, 2.34318695e+02,
    2.05317719e+02, 2.40488388e+02, 2.09437363e+02, 2.34527222e+02,
    2.08862839e+02, 2.25109207e+02, 2.08943588e+02, 2.17225601e+02,
    2.08775009e+02 ]
noOfLandmarkPoint: 68
