%YAML:1.0
landmark: [ 1.80996078e+02, 1.36317795e+02, 1.80681702e+02,
    1.45312927e+02, 1.82673615e+02, 1.54874161e+02, 1.87097717e+02,
    1.66657974e+02, 1.92905762e+02, 1.77875687e+02, 1.99783096e+02,
    1.90498138e+02, 2.05025040e+02, 1.97480560e+02, 2.09323853e+02,
    2.05930359e+02, 2.23078522e+02, 2.07230316e+02, 2.37250992e+02,
    2.06248474e+02, 2.51237976e+02, 1.96306198e+02, 2.63734863e+02,
    1.84459442e+02, 2.75446838e+02, 1.70238953e+02, 2.79501953e+02,
    1.52504623e+02, 2.79627808e+02, 1.37324142e+02, 2.77489227e+02,
    1.23275879e+02, 2.69962372e+02, 1.05810173e+02, 1.75984787e+02,
    1.12477631e+02, 1.76152512e+02, 1.06250420e+02, 1.81549850e+02,
    1.05010925e+02, 1.86759506e+02, 1.05713387e+02, 1.91696838e+02,
    1.06996429e+02, 2.09281693e+02, 1.01008186e+02, 2.17500839e+02,
    9.65840912e+01, 2.26894348e+02, 9.55148087e+01, 2.36173752e+02,
    9.83978653e+01, 2.44025299e+02, 1.01440651e+02, 2.06175201e+02,
    1.24801888e+02, 2.06052460e+02, 1.32543533e+02, 2.05339706e+02,
    1.41266144e+02, 2.05171982e+02, 1.49778870e+02, 2.01791000e+02,
    1.56795914e+02, 2.05863373e+02, 1.57012726e+02, 2.10937576e+02,
    1.57704712e+02, 2.15928070e+02, 1.55335480e+02, 2.20520187e+02,
    1.52987030e+02, 1.85126572e+02, 1.30216156e+02, 1.89005630e+02,
    1.25792061e+02, 1.94226776e+02, 1.25393677e+02, 2.00181488e+02,
    1.28517822e+02, 1.95170197e+02, 1.31746750e+02, 1.88733109e+02,
    1.32208069e+02, 2.23587677e+02, 1.23219246e+02, 2.28044495e+02,
    1.18155380e+02, 2.34486725e+02, 1.17016060e+02, 2.41218277e+02,
    1.20435951e+02, 2.36810303e+02, 1.24853508e+02, 2.29584381e+02,
    1.25290344e+02, 1.98210632e+02, 1.78923904e+02, 1.99888184e+02,
    1.73619034e+02, 2.05677048e+02, 1.70181244e+02, 2.10444855e+02,
    1.71013351e+02, 2.16829956e+02, 1.69638138e+02, 2.27698700e+02,
    1.69434326e+02, 2.40900452e+02, 1.72969208e+02, 2.31255798e+02,
    1.86136398e+02, 2.19346405e+02, 1.89931732e+02, 2.11630142e+02,
    1.90078690e+02, 2.06849228e+02, 1.89869095e+02, 2.01502502e+02,
    1.87772095e+02, 2.00356171e+02, 1.78466064e+02, 2.06478897e+02,
    1.77425003e+02, 2.10742691e+02, 1.77259338e+02, 2.17302002e+02,
    1.74926880e+02, 2.37818176e+02, 1.73703049e+02, 2.17805176e+02,
    1.77610489e+02, 2.10742691e+02, 1.77259338e+02, 2.06478897e+02,
    1.77425003e+02 ]
noOfLandmarkPoint: 68
