%YAML:1.0
landmark: [ 4.03259247e+02, 1.38041870e+02, 4.05291138e+02,
    1.59349121e+02, 4.07412872e+02, 1.78216751e+02, 4.10497589e+02,
    1.97671814e+02, 4.18731262e+02, 2.15106628e+02, 4.29252045e+02,
    2.32553207e+02, 4.43111877e+02, 2.46661942e+02, 4.60597809e+02,
    2.58063629e+02, 4.81497742e+02, 2.64514252e+02, 5.01635742e+02,
    2.62809967e+02, 5.19466675e+02, 2.51793564e+02, 5.34678223e+02,
    2.35888565e+02, 5.45741516e+02, 2.17806427e+02, 5.52807800e+02,
    1.96718338e+02, 5.57378296e+02, 1.76596283e+02, 5.60556335e+02,
    1.59184906e+02, 5.62354797e+02, 1.41941971e+02, 4.17959839e+02,
    1.27381851e+02, 4.30703705e+02, 1.25074074e+02, 4.44503052e+02,
    1.27211914e+02, 4.59265381e+02, 1.32704025e+02, 4.73472443e+02,
    1.38693710e+02, 4.96291138e+02, 1.38571655e+02, 5.12196106e+02,
    1.34042511e+02, 5.26069214e+02, 1.28925919e+02, 5.39746521e+02,
    1.27301773e+02, 5.52191284e+02, 1.30402573e+02, 4.86326141e+02,
    1.49811569e+02, 4.85714661e+02, 1.64000320e+02, 4.85127197e+02,
    1.78069244e+02, 4.84555878e+02, 1.92799347e+02, 4.70348022e+02,
    1.97459824e+02, 4.76737701e+02, 1.99737747e+02, 4.83666656e+02,
    2.01751694e+02, 4.90089539e+02, 2.00233490e+02, 4.96226746e+02,
    1.98201599e+02, 4.34360382e+02, 1.46031677e+02, 4.44756927e+02,
    1.43691772e+02, 4.54973969e+02, 1.45241989e+02, 4.62466461e+02,
    1.50909271e+02, 4.52239288e+02, 1.51134003e+02, 4.42736053e+02,
    1.50183136e+02, 5.08245911e+02, 1.51683945e+02, 5.16470215e+02,
    1.46301559e+02, 5.25624207e+02, 1.45939590e+02, 5.33976257e+02,
    1.49784256e+02, 5.27052490e+02, 1.52129669e+02, 5.17452454e+02,
    1.52431625e+02, 4.50415375e+02, 2.15786804e+02, 4.66614410e+02,
    2.16313553e+02, 4.76209259e+02, 2.14589935e+02, 4.82561615e+02,
    2.16628128e+02, 4.89312073e+02, 2.14781525e+02, 5.02342407e+02,
    2.15576630e+02, 5.11053467e+02, 2.17857269e+02, 5.02643097e+02,
    2.26415039e+02, 4.89903595e+02, 2.32188080e+02, 4.82030457e+02,
    2.33296066e+02, 4.75501190e+02, 2.31962189e+02, 4.65894379e+02,
    2.27943985e+02, 4.56401947e+02, 218., 4.75834412e+02, 2.22141235e+02,
    4.82682129e+02, 2.23128174e+02, 4.89020630e+02, 2.22198807e+02,
    5.06783539e+02, 2.19158813e+02, 4.89020630e+02, 2.22198807e+02,
    4.82682129e+02, 2.23128174e+02, 4.75834412e+02, 2.22141235e+02 ]
noOfLandmarkPoint: 68
