%YAML:1.0
landmark: [ 1.45073013e+02, 1.73809204e+02, 1.45784668e+02,
    1.95307144e+02, 1.48151443e+02, 2.16839203e+02, 1.52623489e+02,
    2.41125137e+02, 1.61306488e+02, 2.63894165e+02, 1.76252762e+02,
    2.82585632e+02, 1.95334747e+02, 2.96638580e+02, 2.20725647e+02,
    3.07981110e+02, 2.43314423e+02, 3.10431946e+02, 2.65954407e+02,
    3.06524109e+02, 2.85945099e+02, 2.93339325e+02, 3.00855835e+02,
    2.78542358e+02, 3.18443329e+02, 2.59175964e+02, 3.23587067e+02,
    2.35526459e+02, 3.25470093e+02, 2.12834122e+02, 3.27315613e+02,
    1.93115158e+02, 3.28229584e+02, 1.72230698e+02, 1.57527588e+02,
    1.45764435e+02, 1.68333313e+02, 1.31231735e+02, 1.83741196e+02,
    1.21849159e+02, 2.01069138e+02, 1.22709648e+02, 2.15261108e+02,
    1.28240189e+02, 2.53810120e+02, 1.28117447e+02, 2.70953430e+02,
    1.23307785e+02, 2.89957153e+02, 1.21708076e+02, 3.05806183e+02,
    1.29811539e+02, 3.16898834e+02, 1.45298920e+02, 2.39311493e+02,
    1.59048859e+02, 2.40522049e+02, 1.66728760e+02, 2.41755936e+02,
    1.74159561e+02, 2.43227264e+02, 1.82314362e+02, 2.20447571e+02,
    2.02756653e+02, 2.30541824e+02, 2.04100235e+02, 2.42514938e+02,
    2.05322449e+02, 2.51712830e+02, 2.02640564e+02, 2.60754944e+02,
    2.01667450e+02, 1.78805237e+02, 1.61990509e+02, 1.88884018e+02,
    1.55434631e+02, 2.02225555e+02, 1.55436218e+02, 2.12800034e+02,
    1.63774429e+02, 2.01937012e+02, 1.66302673e+02, 1.89040543e+02,
    1.65493118e+02, 2.61996796e+02, 1.63342636e+02, 2.74666534e+02,
    1.52771561e+02, 2.85602631e+02, 1.53380692e+02, 2.95318542e+02,
    1.60416550e+02, 2.87591492e+02, 1.64420380e+02, 2.75222321e+02,
    1.63871841e+02, 1.88961105e+02, 2.39007004e+02, 2.05497192e+02,
    2.31696304e+02, 2.28936874e+02, 2.27076645e+02, 2.41524826e+02,
    2.26385178e+02, 2.54244064e+02, 2.26638962e+02, 2.73678833e+02,
    2.28827560e+02, 2.92812927e+02, 2.33897552e+02, 2.74716766e+02,
    2.59332367e+02, 2.56489807e+02, 2.69281830e+02, 2.41151718e+02,
    2.70740356e+02, 2.28847412e+02, 2.70886353e+02, 2.04197769e+02,
    2.60444885e+02, 1.94525620e+02, 2.40787582e+02, 2.29327606e+02,
    2.34188354e+02, 2.41088654e+02, 2.34627243e+02, 2.54528519e+02,
    2.34587082e+02, 2.85057434e+02, 2.37777023e+02, 2.55668716e+02,
    2.56901428e+02, 2.39862946e+02, 2.57386353e+02, 2.28762146e+02,
    2.58086975e+02 ]
noOfLandmarkPoint: 68
