%YAML:1.0
landmark: [ 9.65241547e+01, 1.36264481e+02, 9.82861252e+01,
    1.52880478e+02, 1.01276230e+02, 1.69260208e+02, 1.06142647e+02,
    1.85585205e+02, 1.14332619e+02, 2.00127121e+02, 1.23314026e+02,
    2.12492401e+02, 1.38732666e+02, 2.23329193e+02, 1.53355545e+02,
    2.31456543e+02, 1.72184525e+02, 2.34539154e+02, 1.88264648e+02,
    2.27904221e+02, 2.03216782e+02, 2.16363525e+02, 2.15823868e+02,
    2.05009171e+02, 2.24746933e+02, 1.90926697e+02, 2.29080994e+02,
    1.74324127e+02, 2.30635162e+02, 1.57219864e+02, 2.30758789e+02,
    1.40052765e+02, 2.30116898e+02, 1.22996330e+02, 1.05374924e+02,
    1.18193039e+02, 1.14546944e+02, 1.12271584e+02, 1.24478516e+02,
    1.10599602e+02, 1.34190536e+02, 1.10356300e+02, 1.43270081e+02,
    1.13578560e+02, 1.69774841e+02, 1.10697762e+02, 1.80358536e+02,
    1.05913696e+02, 1.92170563e+02, 1.03793602e+02, 2.03195190e+02,
    1.05591789e+02, 2.11919342e+02, 1.11725044e+02, 1.60062469e+02,
    1.29015518e+02, 1.61030594e+02, 1.38313263e+02, 1.62173645e+02,
    1.48869553e+02, 1.63578979e+02, 1.59382675e+02, 1.53515060e+02,
    1.67959045e+02, 1.58539856e+02, 1.68721420e+02, 1.63699127e+02,
    1.70207397e+02, 1.69358810e+02, 1.67412445e+02, 1.74927429e+02,
    1.65355621e+02, 1.22534126e+02, 1.32438385e+02, 1.29685272e+02,
    1.28435074e+02, 1.37405136e+02, 1.28078873e+02, 1.43837402e+02,
    1.33422836e+02, 1.37477936e+02, 1.35527405e+02, 1.29641815e+02,
    1.35833481e+02, 1.78537231e+02, 1.29205963e+02, 1.84732895e+02,
    1.22319321e+02, 1.92175690e+02, 1.22161980e+02, 2.00373169e+02,
    1.25755104e+02, 1.93452667e+02, 1.29463440e+02, 1.86050903e+02,
    1.29488083e+02, 1.37908997e+02, 1.89598251e+02, 1.44936371e+02,
    1.84092453e+02, 1.55226196e+02, 1.80054276e+02, 1.64554749e+02,
    1.80741821e+02, 1.74538925e+02, 1.77925583e+02, 1.85403503e+02,
    1.79232697e+02, 1.95379562e+02, 1.83776764e+02, 1.87590317e+02,
    1.94342590e+02, 1.77722366e+02, 2.01515808e+02, 1.66951859e+02,
    2.05361084e+02, 1.57321472e+02, 2.05090561e+02, 1.45624527e+02,
    1.99887650e+02, 1.40926117e+02, 1.89893448e+02, 1.55573502e+02,
    1.85467621e+02, 1.64742569e+02, 1.84778854e+02, 1.74852280e+02,
    1.83169266e+02, 1.92419037e+02, 1.84764786e+02, 1.76454727e+02,
    1.92736572e+02, 1.65957474e+02, 1.95160583e+02, 1.56616013e+02,
    1.95380493e+02 ]
noOfLandmarkPoint: 68
