%YAML:1.0
landmark: [ 1.50005722e+02, 1.18095398e+02, 1.51020203e+02,
    1.36668915e+02, 1.55308304e+02, 1.55242432e+02, 1.57957520e+02,
    1.72994431e+02, 1.61534561e+02, 1.90569534e+02, 1.69275589e+02,
    2.06174484e+02, 1.82880157e+02, 2.20124725e+02, 1.97555313e+02,
    2.26990997e+02, 2.17225113e+02, 2.29196716e+02, 2.38171753e+02,
    2.25308853e+02, 2.54402420e+02, 2.13375656e+02, 2.67710022e+02,
    2.02135818e+02, 2.77091187e+02, 1.88248749e+02, 2.81580536e+02,
    1.72135635e+02, 2.81379303e+02, 1.52748886e+02, 2.82196655e+02,
    1.33994843e+02, 2.81572235e+02, 1.16863121e+02, 1.54922165e+02,
    1.02255844e+02, 1.59472458e+02, 9.16119080e+01, 1.70920914e+02,
    8.60340500e+01, 1.83608795e+02, 8.83444824e+01, 1.95032135e+02,
    9.04383774e+01, 2.20745209e+02, 9.05354080e+01, 2.32935944e+02,
    8.54165268e+01, 2.47312180e+02, 8.41189651e+01, 2.58474335e+02,
    8.91853333e+01, 2.68088531e+02, 9.75259628e+01, 2.10802765e+02,
    1.03826553e+02, 2.11008148e+02, 1.14234612e+02, 2.11209381e+02,
    1.24223633e+02, 2.11406479e+02, 1.34216782e+02, 1.95626175e+02,
    1.44607224e+02, 2.03639343e+02, 1.46050079e+02, 2.12018463e+02,
    1.47684830e+02, 2.21416199e+02, 1.45425659e+02, 2.29577515e+02,
    1.43187195e+02, 1.69007141e+02, 1.12768394e+02, 1.76777573e+02,
    1.06685455e+02, 1.85793243e+02, 1.06808083e+02, 1.92748962e+02,
    1.11888161e+02, 1.85620819e+02, 1.13260498e+02, 1.77241074e+02,
    1.13843628e+02, 2.30002167e+02, 1.09408218e+02, 2.36627808e+02,
    1.03937553e+02, 2.44767838e+02, 1.04083908e+02, 2.52733536e+02,
    1.07838783e+02, 2.47335785e+02, 1.09853539e+02, 2.39495331e+02,
    1.09640945e+02, 1.85702682e+02, 1.79927612e+02, 1.94287186e+02,
    1.71150162e+02, 2.03668335e+02, 1.66656677e+02, 2.12425079e+02,
    1.68500946e+02, 2.22208725e+02, 1.66459579e+02, 2.34054428e+02,
    1.70341064e+02, 2.43037262e+02, 1.78900711e+02, 2.34571625e+02,
    1.86691101e+02, 2.23373596e+02, 1.90139542e+02, 2.11942276e+02,
    1.90661011e+02, 2.04155716e+02, 1.90263306e+02, 1.95518066e+02,
    1.88675720e+02, 1.92447052e+02, 1.79520996e+02, 2.03462967e+02,
    1.73187378e+02, 2.12219711e+02, 1.72776627e+02, 2.22623627e+02,
    1.72780762e+02, 2.35475525e+02, 1.77672577e+02, 2.22908188e+02,
    1.81068146e+02, 2.11163681e+02, 1.80959610e+02, 2.03705124e+02,
    1.80892807e+02 ]
noOfLandmarkPoint: 68
