%YAML:1.0
landmark: [ 2.48128784e+02, 1.50624466e+02, 2.51177719e+02,
    1.66227798e+02, 2.55768372e+02, 1.80961838e+02, 2.59481476e+02,
    1.95458496e+02, 2.64398468e+02, 2.09717758e+02, 2.72558167e+02,
    2.22684189e+02, 2.81607910e+02, 2.33810989e+02, 2.94502319e+02,
    2.45340530e+02, 3.10291779e+02, 2.48108444e+02, 3.28357483e+02,
    2.45832214e+02, 3.45638977e+02, 2.36269470e+02, 3.58605408e+02,
    2.24650986e+02, 3.69041321e+02, 2.08696152e+02, 3.75323151e+02,
    1.91215485e+02, 3.77489136e+02, 1.74807159e+02, 3.79947632e+02,
    1.59564499e+02, 3.80312195e+02, 1.43355362e+02, 2.50393509e+02,
    1.27642288e+02, 2.60051392e+02, 1.22075188e+02, 2.71760010e+02,
    1.23929787e+02, 2.81761780e+02, 1.26678497e+02, 2.92603333e+02,
    1.30828598e+02, 3.12055023e+02, 1.29609085e+02, 3.25513153e+02,
    1.26968315e+02, 3.37088898e+02, 1.22514824e+02, 3.49500183e+02,
    1.23153702e+02, 3.61627625e+02, 1.24526741e+02, 3.00786682e+02,
    1.44646988e+02, 3.01205322e+02, 1.59533386e+02, 3.01572266e+02,
    1.73536041e+02, 3.02613403e+02, 1.87808167e+02, 2.93530304e+02,
    1.93470871e+02, 2.98557770e+02, 1.96108398e+02, 3.04253601e+02,
    1.98011749e+02, 3.10483643e+02, 1.95650757e+02, 3.16543518e+02,
    1.94241379e+02, 2.61138855e+02, 1.46962601e+02, 2.68459198e+02,
    1.41918457e+02, 2.77237762e+02, 1.42537323e+02, 2.85145905e+02,
    1.48581482e+02, 2.77839691e+02, 1.52735840e+02, 2.68387177e+02,
    1.52244141e+02, 3.24303558e+02, 1.48262039e+02, 3.30777771e+02,
    1.41863342e+02, 3.40120056e+02, 1.41371643e+02, 3.48661194e+02,
    1.46034332e+02, 3.41340851e+02, 1.50404495e+02, 3.30348328e+02,
    1.50127335e+02, 2.87832153e+02, 2.16342438e+02, 2.95075531e+02,
    2.13346466e+02, 3.00752533e+02, 2.10017365e+02, 3.05341736e+02,
    2.12119400e+02, 3.11602539e+02, 2.09638214e+02, 3.21947540e+02,
    2.11562958e+02, 3.31015167e+02, 2.14015884e+02, 3.22726410e+02,
    2.24360718e+02, 3.12520721e+02, 2.24445587e+02, 3.06253479e+02,
    2.24381531e+02, 3.00955719e+02, 2.24258698e+02, 2.94540527e+02,
    2.22777512e+02, 2.91709625e+02, 2.16574249e+02, 3.01235107e+02,
    2.15885040e+02, 3.05364838e+02, 2.15969940e+02, 3.11514648e+02,
    2.15483353e+02, 3.27026459e+02, 2.14872131e+02, 3.11514648e+02,
    2.15483353e+02, 3.05364838e+02, 2.15969940e+02, 3.01235107e+02,
    2.15885040e+02 ]
noOfLandmarkPoint: 68
