%YAML:1.0
landmark: [ 2.32854904e+02, 1.39390015e+02, 2.35529419e+02,
    1.57181702e+02, 2.40468948e+02, 1.76941956e+02, 2.44668381e+02,
    1.93287582e+02, 2.56481842e+02, 2.06141846e+02, 2.69967407e+02,
    2.16579681e+02, 2.87759094e+02, 2.26162292e+02, 3.06220490e+02,
    2.35260773e+02, 3.25276886e+02, 2.37525803e+02, 3.35936554e+02,
    2.32729218e+02, 3.42546082e+02, 2.15127304e+02, 3.47078247e+02,
    2.01756866e+02, 3.50533325e+02, 1.88830063e+02, 3.54468353e+02,
    1.76462036e+02, 3.55807709e+02, 1.64612305e+02, 3.54990845e+02,
    1.54507187e+02, 3.53653595e+02, 1.42917648e+02, 2.68844727e+02,
    1.20350685e+02, 2.79213074e+02, 1.10377777e+02, 2.93214813e+02,
    1.06440659e+02, 3.06451843e+02, 1.10128128e+02, 3.19569000e+02,
    1.16080894e+02, 3.38943787e+02, 1.16803856e+02, 3.45738861e+02,
    1.13758240e+02, 3.53128998e+02, 1.12977646e+02, 3.58588928e+02,
    1.15871864e+02, 3.58369202e+02, 1.23999985e+02, 3.29052521e+02,
    1.31763123e+02, 3.31576996e+02, 1.40324402e+02, 3.34768799e+02,
    1.49195831e+02, 3.38726379e+02, 1.58768997e+02, 3.21335541e+02,
    1.69588104e+02, 3.27802094e+02, 1.72446060e+02, 3.32965576e+02,
    1.76120880e+02, 3.37088257e+02, 1.74116043e+02, 3.39873657e+02,
    1.70997894e+02, 2.82073151e+02, 1.34002609e+02, 2.92836273e+02,
    1.27084602e+02, 2.99763977e+02, 1.27836639e+02, 3.06572479e+02,
    1.35665115e+02, 2.99239899e+02, 1.36938263e+02, 2.90768463e+02,
    1.36163834e+02, 3.32969421e+02, 1.36088470e+02, 3.38757416e+02,
    1.29266769e+02, 3.46626740e+02, 1.30547562e+02, 3.47776093e+02,
    1.38035248e+02, 3.43525299e+02, 1.37600342e+02, 3.38281372e+02,
    1.37013412e+02, 3.10115753e+02, 1.96898041e+02, 3.21422241e+02,
    1.89834412e+02, 3.30847382e+02, 1.85076675e+02, 3.34887756e+02,
    1.87179657e+02, 3.38989075e+02, 1.85175919e+02, 3.42620728e+02,
    1.88049469e+02, 3.44329071e+02, 1.97260971e+02, 3.40346527e+02,
    2.00684723e+02, 3.36517334e+02, 2.02657898e+02, 3.31985687e+02,
    2.02741211e+02, 3.27190613e+02, 2.01997284e+02, 3.19049347e+02,
    2.01156448e+02, 3.13743347e+02, 1.97104080e+02, 3.28478302e+02,
    1.92690002e+02, 3.32625610e+02, 1.93398575e+02, 3.36437012e+02,
    1.92884048e+02, 3.41358093e+02, 1.96665939e+02, 3.36437012e+02,
    1.92884048e+02, 3.32625610e+02, 1.93398575e+02, 3.28478302e+02,
    1.92690002e+02 ]
noOfLandmarkPoint: 68
