%YAML:1.0
landmark: [ 1.37245300e+02, 1.86236984e+02, 1.36895203e+02,
    2.02163010e+02, 1.40814270e+02, 2.18410217e+02, 1.44082977e+02,
    2.34036774e+02, 1.47298248e+02, 2.50298676e+02, 1.52432571e+02,
    2.66203125e+02, 1.64293945e+02, 2.77777405e+02, 1.69520844e+02,
    2.86789001e+02, 1.87469757e+02, 2.85819550e+02, 2.08459579e+02,
    2.81508759e+02, 2.26048584e+02, 2.76120300e+02, 2.42984451e+02,
    2.68665527e+02, 2.55113708e+02, 2.60575409e+02, 2.65255341e+02,
    2.46229904e+02, 2.68195984e+02, 2.29207993e+02, 2.68089081e+02,
    2.07122650e+02, 2.68777863e+02, 1.88412933e+02, 1.43000946e+02,
    1.69666840e+02, 1.47293137e+02, 1.62178207e+02, 1.56493759e+02,
    1.58176575e+02, 1.63982391e+02, 1.62549316e+02, 1.71450012e+02,
    1.67706284e+02, 2.01964645e+02, 1.66799515e+02, 2.10794144e+02,
    1.62405762e+02, 2.19045990e+02, 1.58197571e+02, 2.27546387e+02,
    1.58754227e+02, 2.33921692e+02, 1.64716415e+02, 1.84778275e+02,
    1.84567001e+02, 1.83045288e+02, 1.95210052e+02, 1.80384521e+02,
    2.07008423e+02, 1.77559219e+02, 2.18414688e+02, 1.73267014e+02,
    2.22339233e+02, 1.76526428e+02, 2.25721222e+02, 1.81889969e+02,
    2.27041092e+02, 1.87810150e+02, 2.25742218e+02, 1.92452454e+02,
    2.25350113e+02, 1.51273788e+02, 1.84006882e+02, 1.57379532e+02,
    1.80498901e+02, 1.63611282e+02, 1.80891006e+02, 1.68995804e+02,
    1.85326767e+02, 1.61713730e+02, 1.89349411e+02, 1.55544983e+02,
    1.87987518e+02, 2.05882278e+02, 1.87553406e+02, 2.10773148e+02,
    1.82995102e+02, 2.17953674e+02, 1.82438446e+02, 2.24843628e+02,
    1.86667648e+02, 2.18860443e+02, 1.88813751e+02, 2.12835236e+02,
    1.89492950e+02, 1.65451309e+02, 2.51333328e+02, 1.72213226e+02,
    2.45960449e+02, 1.76505432e+02, 2.43670792e+02, 1.82180527e+02,
    2.44619568e+02, 1.89462585e+02, 2.43236679e+02, 1.97651428e+02,
    2.43999893e+02, 2.05493729e+02, 2.46112595e+02, 1.97560944e+02,
    2.48824646e+02, 1.90411362e+02, 2.50417206e+02, 1.82488632e+02,
    2.50767303e+02, 1.76934830e+02, 2.51333328e+02, 1.72085220e+02,
    2.51333328e+02, 1.69444427e+02, 2.49549057e+02, 1.76767105e+02,
    2.47172485e+02, 1.82345078e+02, 2.47899994e+02, 1.89812698e+02,
    2.46643112e+02, 2.01165146e+02, 2.46130417e+02, 1.89812698e+02,
    2.46643112e+02, 1.82345078e+02, 2.47899994e+02, 1.76767105e+02,
    2.47172485e+02 ]
noOfLandmarkPoint: 68
