%YAML:1.0
landmark: [ 7.21042862e+01, 1.13178665e+02, 7.44913864e+01,
    1.29833542e+02, 7.81578598e+01, 1.44683060e+02, 8.29942932e+01,
    1.59683197e+02, 9.08564606e+01, 1.73293533e+02, 1.04180283e+02,
    1.83319611e+02, 1.19684685e+02, 1.94146255e+02, 1.37394135e+02,
    2.00212662e+02, 1.55005188e+02, 2.01662811e+02, 1.72887329e+02,
    1.96122482e+02, 1.85117996e+02, 1.84318573e+02, 1.94056152e+02,
    1.70596924e+02, 2.00751495e+02, 1.55271774e+02, 2.03350662e+02,
    1.38893143e+02, 2.03180725e+02, 1.24844505e+02, 2.01995590e+02,
    1.11548225e+02, 2.00779739e+02, 9.66381683e+01, 8.05247726e+01,
    9.35363388e+01, 8.94450378e+01, 8.25655136e+01, 1.00210159e+02,
    7.72633362e+01, 1.14263023e+02, 7.55697937e+01, 1.28887131e+02,
    7.98104706e+01, 1.46863464e+02, 7.85720367e+01, 1.58995483e+02,
    7.08324356e+01, 1.72370041e+02, 6.90976486e+01, 1.83992401e+02,
    7.33778152e+01, 1.90773239e+02, 8.01503601e+01, 1.41430466e+02,
    9.44068222e+01, 1.42435715e+02, 1.02305351e+02, 1.43630341e+02,
    1.10732399e+02, 1.45244675e+02, 1.19302361e+02, 1.29712280e+02,
    1.29463104e+02, 1.36558304e+02, 1.29524078e+02, 1.45151184e+02,
    1.30659454e+02, 1.53288345e+02, 1.27496201e+02, 1.60641342e+02,
    1.26295502e+02, 9.69848862e+01, 1.03364677e+02, 1.02224648e+02,
    9.84930573e+01, 1.10011894e+02, 9.69101486e+01, 1.19026779e+02,
    1.00114166e+02, 1.11363136e+02, 1.02679497e+02, 1.03968636e+02,
    1.03686852e+02, 1.59317917e+02, 9.50331268e+01, 1.65220963e+02,
    9.06752853e+01, 1.72909363e+02, 8.99298859e+01, 1.80395691e+02,
    9.33534012e+01, 1.74984253e+02, 9.57915421e+01, 1.65858093e+02,
    9.66722870e+01, 1.18332413e+02, 1.57611877e+02, 1.28873199e+02,
    1.48005997e+02, 1.38544235e+02, 1.43338135e+02, 1.46918488e+02,
    1.41895721e+02, 1.55208969e+02, 1.40743179e+02, 1.65875412e+02,
    1.42123962e+02, 1.76511597e+02, 1.48274323e+02, 1.70125702e+02,
    1.63370117e+02, 1.59880539e+02, 1.68963684e+02, 1.51136307e+02,
    1.70729507e+02, 1.42803284e+02, 1.71346786e+02, 1.31300385e+02,
    1.67840393e+02, 1.23115295e+02, 1.57943344e+02, 1.39369949e+02,
    1.49687943e+02, 1.47652924e+02, 1.47492569e+02, 1.55582520e+02,
    1.47001572e+02, 1.72872223e+02, 1.49592697e+02, 1.57199677e+02,
    1.58185822e+02, 1.49293335e+02, 1.60544983e+02, 1.41065842e+02,
    1.60812622e+02 ]
noOfLandmarkPoint: 68
