%YAML:1.0
landmark: [ 1.45969711e+02, 2.17011414e+02, 1.48952011e+02,
    2.33421722e+02, 1.55961060e+02, 2.50063339e+02, 1.63025970e+02,
    2.69256500e+02, 1.69500793e+02, 2.85188446e+02, 1.78192368e+02,
    3.00745483e+02, 1.91437057e+02, 3.14317078e+02, 2.03400162e+02,
    3.26558044e+02, 2.20063126e+02, 3.29684418e+02, 2.41893402e+02,
    3.25957825e+02, 2.62607910e+02, 3.11352814e+02, 2.76112061e+02,
    2.91871307e+02, 2.85217987e+02, 2.73402649e+02, 2.92546906e+02,
    2.49188232e+02, 2.92680023e+02, 2.25423767e+02, 2.91627960e+02,
    2.03353333e+02, 2.89267853e+02, 1.79202560e+02, 1.44725800e+02,
    1.93887100e+02, 1.51701096e+02, 1.86172455e+02, 1.63644348e+02,
    1.85457657e+02, 1.76399338e+02, 1.87300247e+02, 1.87657303e+02,
    1.91411865e+02, 2.09826920e+02, 1.87146759e+02, 2.22504974e+02,
    1.78999329e+02, 2.36603271e+02, 1.75815170e+02, 2.49343597e+02,
    1.71514633e+02, 2.62271637e+02, 1.73665176e+02, 2.03453583e+02,
    2.03583405e+02, 2.04282852e+02, 2.20559799e+02, 2.04785202e+02,
    2.36499603e+02, 2.05494888e+02, 2.53507874e+02, 1.94721375e+02,
    2.56476166e+02, 2.01440735e+02, 2.61178070e+02, 2.08934906e+02,
    2.64261871e+02, 2.19038467e+02, 2.57661987e+02, 2.31076706e+02,
    2.53128632e+02, 1.60208801e+02, 2.08065125e+02, 1.67739746e+02,
    2.05054581e+02, 1.76480179e+02, 2.04256714e+02, 1.84546906e+02,
    2.06168823e+02, 1.76850342e+02, 2.10789505e+02, 1.68034348e+02,
    2.11553116e+02, 2.28906342e+02, 1.99048691e+02, 2.34284622e+02,
    1.94892715e+02, 2.42467941e+02, 1.93900101e+02, 2.50337875e+02,
    1.95160461e+02, 2.44383545e+02, 2.00787399e+02, 2.35540146e+02,
    2.01823853e+02, 1.87752945e+02, 2.79670349e+02, 1.98569824e+02,
    2.81945374e+02, 2.07937988e+02, 2.82576141e+02, 2.16938263e+02,
    2.82650208e+02, 2.28844315e+02, 2.80902344e+02, 2.39985626e+02,
    2.77098602e+02, 2.50671066e+02, 2.72853058e+02, 2.40869003e+02,
    2.85286438e+02, 2.30062546e+02, 2.95235260e+02, 2.17463806e+02,
    2.99349731e+02, 2.08006683e+02, 2.98249420e+02, 1.97787750e+02,
    2.92504089e+02, 1.90918564e+02, 2.81296997e+02, 2.08200287e+02,
    2.85695038e+02, 2.17044662e+02, 2.85992340e+02, 2.28990646e+02,
    2.83280914e+02, 2.46296600e+02, 2.75442108e+02, 2.28990646e+02,
    2.83280914e+02, 2.17044662e+02, 2.85992340e+02, 2.08200287e+02,
    2.85695038e+02 ]
noOfLandmarkPoint: 68
