%YAML:1.0
landmark: [ 1.74026520e+02, 1.97925568e+02, 1.77034668e+02,
    2.16015640e+02, 1.81318634e+02, 2.33099670e+02, 1.88688492e+02,
    2.49384979e+02, 1.96006516e+02, 2.65908844e+02, 2.06783875e+02,
    2.79243164e+02, 2.20112320e+02, 2.92600830e+02, 2.40619415e+02,
    3.06440857e+02, 2.61618225e+02, 3.08078064e+02, 2.82480469e+02,
    3.04711823e+02, 2.98443146e+02, 2.90465149e+02, 3.12850433e+02,
    2.75893127e+02, 3.25575012e+02, 2.58968994e+02, 3.29529510e+02,
    2.37199982e+02, 3.32758728e+02, 2.16923630e+02, 3.35346497e+02,
    1.96115402e+02, 3.32155701e+02, 1.77958252e+02, 1.85016525e+02,
    1.86235199e+02, 2.00202103e+02, 1.77086502e+02, 2.15921936e+02,
    1.72190536e+02, 2.31906250e+02, 1.75245193e+02, 2.42896240e+02,
    1.82900116e+02, 2.71919830e+02, 1.58700729e+02, 2.83941772e+02,
    1.55692596e+02, 2.93228455e+02, 1.55036957e+02, 3.03523468e+02,
    1.56783310e+02, 3.12399475e+02, 1.60513229e+02, 2.51182693e+02,
    1.87289398e+02, 2.52265091e+02, 2.04259644e+02, 2.53336716e+02,
    2.20312393e+02, 2.54477707e+02, 2.36286163e+02, 2.40760880e+02,
    2.40369675e+02, 2.48919373e+02, 2.42601746e+02, 2.56260284e+02,
    2.46113632e+02, 2.64224304e+02, 2.40444443e+02, 2.71344177e+02,
    2.38195419e+02, 2.05580490e+02, 1.92785736e+02, 2.13484589e+02,
    1.85203247e+02, 2.24848038e+02, 1.84243729e+02, 2.34002045e+02,
    1.91800293e+02, 2.24552338e+02, 1.93423645e+02, 2.15745850e+02,
    1.93397736e+02, 2.76215546e+02, 1.85448212e+02, 2.81904724e+02,
    1.80014908e+02, 2.90472626e+02, 1.79074753e+02, 2.97750488e+02,
    1.82189194e+02, 2.94109161e+02, 1.87967499e+02, 2.84777039e+02,
    1.88017242e+02, 2.23437317e+02, 2.56059784e+02, 2.37332993e+02,
    2.57919098e+02, 2.47494141e+02, 2.57136566e+02, 2.55249268e+02,
    2.57705750e+02, 2.65269592e+02, 2.56731415e+02, 2.77159027e+02,
    2.56768097e+02, 2.91130219e+02, 2.56832581e+02, 2.77991028e+02,
    2.64424988e+02, 2.67331177e+02, 2.68883545e+02, 2.56403381e+02,
    2.70251801e+02, 2.47847870e+02, 2.70247650e+02, 2.37276291e+02,
    2.67581299e+02, 2.26709930e+02, 2.58321045e+02, 2.47551880e+02,
    2.62057648e+02, 2.55623627e+02, 2.62837280e+02, 2.65961121e+02,
    2.61870911e+02, 2.86607697e+02, 2.58720398e+02, 2.65961121e+02,
    2.61870911e+02, 2.55623627e+02, 2.62837280e+02, 2.47551880e+02,
    2.62057648e+02 ]
noOfLandmarkPoint: 68
