%YAML:1.0
landmark: [ 3.00463837e+02, 1.24094994e+02, 3.02315277e+02,
    1.48032516e+02, 3.05727875e+02, 1.67927475e+02, 3.12479004e+02,
    1.84571106e+02, 3.17225006e+02, 2.01867844e+02, 3.29576050e+02,
    2.18574203e+02, 3.48746246e+02, 2.33981216e+02, 3.71780273e+02,
    2.44351349e+02, 3.92477692e+02, 2.46201813e+02, 4.11799927e+02,
    2.39691284e+02, 4.27604279e+02, 2.25583130e+02, 4.41300507e+02,
    2.09261322e+02, 4.50997253e+02, 1.90907028e+02, 4.52923584e+02,
    1.69939926e+02, 4.54094971e+02, 1.49469452e+02, 4.54821869e+02,
    1.30101074e+02, 4.53211700e+02, 1.08870247e+02, 3.14272278e+02,
    1.04682869e+02, 3.23661560e+02, 9.74740906e+01, 3.36079895e+02,
    9.70210571e+01, 3.48675934e+02, 9.80032578e+01, 3.60904449e+02,
    1.00601715e+02, 3.90755890e+02, 9.64640656e+01, 4.02812805e+02,
    9.26891251e+01, 4.13952118e+02, 8.88048172e+01, 4.26775787e+02,
    8.99871368e+01, 4.36803070e+02, 9.36858673e+01, 3.79035675e+02,
    1.12524338e+02, 3.81008148e+02, 1.25918289e+02, 3.82968048e+02,
    1.38437164e+02, 3.85110474e+02, 1.52582932e+02, 3.70681519e+02,
    1.63670654e+02, 3.77565887e+02, 1.65745148e+02, 3.84903381e+02,
    1.68785416e+02, 3.91572845e+02, 1.63785995e+02, 3.97862091e+02,
    1.59734085e+02, 3.30356689e+02, 1.20044647e+02, 3.37084839e+02,
    1.13734978e+02, 3.47172119e+02, 1.13419403e+02, 3.55636108e+02,
    1.20967567e+02, 3.47791748e+02, 1.22147888e+02, 3.37651031e+02,
    1.22655525e+02, 3.98127258e+02, 1.15453056e+02, 4.06124969e+02,
    1.07215340e+02, 4.16781372e+02, 1.05422508e+02, 4.23649902e+02,
    1.10284782e+02, 4.18776978e+02, 1.14842415e+02, 4.08633148e+02,
    1.15735909e+02, 3.55584320e+02, 1.88762558e+02, 3.63721649e+02,
    1.80084091e+02, 3.73965424e+02, 1.78632309e+02, 3.83783325e+02,
    1.80438278e+02, 3.94904968e+02, 1.76997757e+02, 4.07056732e+02,
    1.76051941e+02, 4.16273560e+02, 1.84954269e+02, 4.07684662e+02,
    1.93466095e+02, 3.97238617e+02, 2.01261215e+02, 3.86044617e+02,
    2.04792786e+02, 3.74515503e+02, 2.04148941e+02, 3.64153778e+02,
    1.98654327e+02, 3.59900208e+02, 1.89587326e+02, 3.74148132e+02,
    1.86585144e+02, 3.84192627e+02, 1.86487778e+02, 3.95439362e+02,
    1.84463181e+02, 4.11338867e+02, 1.85095749e+02, 3.95745911e+02,
    1.88604706e+02, 3.84897064e+02, 1.92138550e+02, 3.74516846e+02,
    1.92215836e+02 ]
noOfLandmarkPoint: 68
