%YAML:1.0
landmark: [ 1.74632172e+02, 1.36599747e+02, 1.69990204e+02,
    1.57030975e+02, 1.68061111e+02, 1.75695724e+02, 1.68931366e+02,
    1.93863922e+02, 1.80068283e+02, 2.09391922e+02, 1.94120483e+02,
    2.21257217e+02, 2.10174454e+02, 2.30816238e+02, 2.29365158e+02,
    2.39537888e+02, 2.48218491e+02, 2.42145203e+02, 2.67786377e+02,
    2.40821655e+02, 2.85276367e+02, 2.33307648e+02, 2.98044800e+02,
    2.21935440e+02, 3.08813538e+02, 2.07059433e+02, 3.14211243e+02,
    1.86730545e+02, 3.15534790e+02, 1.67731873e+02, 3.15045166e+02,
    1.49219376e+02, 3.14667969e+02, 1.30750137e+02, 1.99607407e+02,
    1.18782799e+02, 2.07195038e+02, 1.13138062e+02, 2.14822235e+02,
    1.14440689e+02, 2.22844086e+02, 1.17857338e+02, 2.31076614e+02,
    1.21388062e+02, 2.61704132e+02, 1.20879341e+02, 2.71462830e+02,
    1.18045921e+02, 2.81638245e+02, 1.15554741e+02, 2.89511078e+02,
    1.14971512e+02, 2.93585449e+02, 1.22541679e+02, 2.47291626e+02,
    1.28262207e+02, 2.47115555e+02, 1.38157364e+02, 2.47017319e+02,
    1.47553131e+02, 2.46902313e+02, 1.58136215e+02, 2.34508331e+02,
    1.65773651e+02, 2.40808182e+02, 1.67998810e+02, 2.46506256e+02,
    1.71294342e+02, 2.52990936e+02, 1.68255966e+02, 2.59884644e+02,
    1.66223434e+02, 2.07583603e+02, 1.30826935e+02, 2.13319946e+02,
    1.27182129e+02, 2.19995331e+02, 1.26693382e+02, 2.26682098e+02,
    1.29506516e+02, 2.20858047e+02, 1.30629456e+02, 2.14256485e+02,
    1.31252243e+02, 2.65264801e+02, 1.31195908e+02, 2.72479584e+02,
    1.27182129e+02, 2.80186279e+02, 1.27235283e+02, 2.86980316e+02,
    1.31791641e+02, 2.80532776e+02, 1.32386261e+02, 2.73285950e+02,
    1.32252213e+02, 2.19247299e+02, 1.87256516e+02, 2.29226151e+02,
    1.80200363e+02, 2.39510849e+02, 1.79519592e+02, 2.48014328e+02,
    1.81017426e+02, 2.56712280e+02, 1.80172394e+02, 2.67917511e+02,
    1.80654327e+02, 2.79143585e+02, 1.85840057e+02, 2.68355591e+02,
    1.94545593e+02, 2.57673950e+02, 1.97122025e+02, 2.48254837e+02,
    1.97831131e+02, 2.39939789e+02, 1.97526627e+02, 2.29292496e+02,
    1.95071564e+02, 2.21779373e+02, 1.86349030e+02, 2.39413818e+02,
    1.82310043e+02, 2.48029800e+02, 1.83474426e+02, 2.56899597e+02,
    1.83286621e+02, 2.77162262e+02, 1.84871460e+02, 2.57414612e+02,
    1.93707016e+02, 2.48149765e+02, 1.93650742e+02, 2.39914108e+02,
    1.93832138e+02 ]
noOfLandmarkPoint: 68
