%YAML:1.0
landmark: [ 5.74727234e+02, 4.75408966e+02, 5.66434448e+02,
    5.14453796e+02, 5.79521362e+02, 5.68183716e+02, 5.97661743e+02,
    6.19322083e+02, 6.16795410e+02, 6.61519958e+02, 6.42191833e+02,
    7.00132874e+02, 6.68149780e+02, 7.35376892e+02, 7.03523376e+02,
    7.44231140e+02, 7.44814209e+02, 7.32914978e+02, 7.84204590e+02,
    7.18143616e+02, 8.33442566e+02, 6.95986511e+02, 8.92528137e+02,
    6.66443726e+02, 9.34227295e+02, 6.39935364e+02, 9.60467957e+02,
    5.85460266e+02, 9.73554871e+02, 5.29484436e+02, 9.66385132e+02,
    4.64567993e+02, 9.58999390e+02, 4.00558624e+02, 5.60344666e+02,
    3.72311432e+02, 5.69630798e+02, 3.61600098e+02, 5.83700134e+02,
    3.58783356e+02, 6.03803406e+02, 3.62673340e+02, 6.20227661e+02,
    3.71802429e+02, 6.68495300e+02, 3.43934937e+02, 7.14493958e+02,
    3.20654877e+02, 7.61745239e+02, 3.12837280e+02, 8.07959839e+02,
    3.19575165e+02, 8.50287292e+02, 3.37154022e+02, 6.54426575e+02,
    4.04989471e+02, 6.49406006e+02, 4.38381226e+02, 6.43299744e+02,
    4.71528717e+02, 6.33690063e+02, 5.03177643e+02, 6.31756958e+02,
    5.39001221e+02, 6.42235168e+02, 5.41016479e+02, 6.54415039e+02,
    5.42916870e+02, 6.76701721e+02, 5.35747131e+02, 6.93675781e+02,
    5.25208435e+02, 5.88548523e+02, 4.44440918e+02, 5.86960510e+02,
    4.22169739e+02, 6.07485962e+02, 4.12850464e+02, 6.32736145e+02,
    4.31908783e+02, 6.15802063e+02, 4.45218353e+02, 5.98136902e+02,
    4.50574036e+02, 7.28509460e+02, 4.04335480e+02, 7.41013367e+02,
    3.74471100e+02, 7.73785278e+02, 3.77641205e+02, 8.02790283e+02,
    3.86632935e+02, 7.81836304e+02, 4.00597748e+02, 7.53614319e+02,
    4.09735352e+02, 6.38349915e+02, 6.27639587e+02, 6.39777954e+02,
    6.04993835e+02, 6.48930298e+02, 5.93480835e+02, 6.61941467e+02,
    5.95379761e+02, 6.72093567e+02, 5.86205566e+02, 7.10701721e+02,
    5.90669617e+02, 7.62256348e+02, 5.99929382e+02, 7.28749329e+02,
    6.25354004e+02, 7.04439270e+02, 6.39093750e+02, 6.89048462e+02,
    6.43803772e+02, 6.73445007e+02, 6.46574341e+02, 6.51532959e+02,
    6.45909973e+02, 6.48794250e+02, 6.23917847e+02, 6.58485352e+02,
    6.11870667e+02, 6.70460693e+02, 6.08736694e+02, 6.81832947e+02,
    6.04856689e+02, 7.48269470e+02, 6.05371399e+02, 6.87675293e+02,
    6.16330505e+02, 6.76382568e+02, 6.19397095e+02, 6.64058533e+02,
    6.21403870e+02 ]
noOfLandmarkPoint: 68
