%YAML:1.0
landmark: [ 5.61898743e+02, 1.06907410e+03, 5.74918579e+02,
    1.19099915e+03, 6.03970947e+02, 1.30174268e+03, 6.38959106e+02,
    1.40649817e+03, 6.75092590e+02, 1.50084082e+03, 7.19400452e+02,
    1.59044531e+03, 7.59968933e+02, 1.68035376e+03, 8.34017395e+02,
    1.75554297e+03, 9.80998230e+02, 1.77544666e+03, 1.11561133e+03,
    1.75549512e+03, 1.22731677e+03, 1.70312756e+03, 1.32786877e+03,
    1.62590625e+03, 1.41325464e+03, 1.53426294e+03, 1.45159314e+03,
    1.42550000e+03, 1.45856995e+03, 1.30689539e+03, 1.46554663e+03,
    1.18709314e+03, 1.46913940e+03, 1.05588916e+03, 5.87955872e+02,
    9.45982178e+02, 6.00605286e+02, 8.50559875e+02, 6.89098328e+02,
    8.25552185e+02, 7.76030151e+02, 8.25670959e+02, 8.56704712e+02,
    8.53651306e+02, 1.04597253e+03, 8.54403687e+02, 1.13635901e+03,
    8.36529175e+02, 1.22273340e+03, 8.31372437e+02, 1.30796423e+03,
    8.70218079e+02, 1.37412329e+03, 9.39121765e+02, 9.41539246e+02,
    9.60222168e+02, 9.33484192e+02, 1.04726367e+03, 9.28424622e+02,
    1.14068420e+03, 9.18638550e+02, 1.22486719e+03, 8.68156494e+02,
    1.26059692e+03, 9.06421082e+02, 1.28312476e+03, 9.56180786e+02,
    1.29873779e+03, 1.00824921e+03, 1.27437903e+03, 1.04909863e+03,
    1.25487500e+03, 7.00239014e+02, 9.66128052e+02, 7.35279297e+02,
    9.33639526e+02, 7.86459534e+02, 9.32546326e+02, 8.24630676e+02,
    9.65866577e+02, 7.80422668e+02, 9.85723999e+02, 7.30857361e+02,
    9.83406494e+02, 1.10515112e+03, 9.58058167e+02, 1.14826147e+03,
    9.23226624e+02, 1.19846765e+03, 9.32129333e+02, 1.22968457e+03,
    9.59055298e+02, 1.19825684e+03, 9.76005920e+02, 1.14625220e+03,
    9.73639771e+02, 8.29255737e+02, 1.45756873e+03, 9.00937256e+02,
    1.41893579e+03, 9.43018616e+02, 1.40227893e+03, 9.80637268e+02,
    1.41197009e+03, 1.01390778e+03, 1.40308350e+03, 1.06532458e+03,
    1.41041577e+03, 1.13702991e+03, 1.43462769e+03, 1.07034448e+03,
    1.47717810e+03, 1.01687701e+03, 1.49627588e+03, 9.81419006e+02,
    1.49886084e+03, 9.45973022e+02, 1.49818079e+03, 8.97270813e+02,
    1.48628357e+03, 8.54723572e+02, 1.45909924e+03, 9.45413818e+02,
    1.45340698e+03, 9.80190735e+02, 1.45776758e+03, 1.01786987e+03,
    1.45228748e+03, 1.11786670e+03, 1.43920923e+03, 1.01786987e+03,
    1.45228748e+03, 9.80190735e+02, 1.45776758e+03, 9.45413818e+02,
    1.45340698e+03 ]
noOfLandmarkPoint: 68
