%YAML:1.0
landmark: [ 1.57952927e+02, 1.41675781e+02, 1.54630905e+02,
    1.65050888e+02, 1.52658920e+02, 1.84072357e+02, 1.52499710e+02,
    2.05533493e+02, 1.57330963e+02, 2.24193390e+02, 1.65580505e+02,
    2.41670197e+02, 1.77794159e+02, 2.60030579e+02, 1.93302292e+02,
    2.73792236e+02, 2.12546936e+02, 2.78415100e+02, 2.30491104e+02,
    2.76755981e+02, 2.48684921e+02, 2.66420959e+02, 2.63676208e+02,
    2.52410126e+02, 2.75877045e+02, 2.35725372e+02, 2.83689087e+02,
    2.19405075e+02, 2.88862579e+02, 2.00226044e+02, 2.93839569e+02,
    1.81667435e+02, 3.00350677e+02, 1.63194397e+02, 1.67865570e+02,
    1.32518982e+02, 1.83226013e+02, 1.29406647e+02, 1.96416763e+02,
    1.32054199e+02, 2.07856461e+02, 1.36448608e+02, 2.17311996e+02,
    1.42842194e+02, 2.47056168e+02, 1.47101151e+02, 2.60039856e+02,
    1.44431870e+02, 2.70659180e+02, 1.44485992e+02, 2.81737793e+02,
    1.45513046e+02, 2.91611420e+02, 1.50149963e+02, 2.29544968e+02,
    1.58824814e+02, 2.28065430e+02, 1.71483017e+02, 2.26183990e+02,
    1.84505478e+02, 2.23944901e+02, 1.98504257e+02, 2.12103180e+02,
    2.02566620e+02, 2.17474091e+02, 2.05987015e+02, 2.22592407e+02,
    2.09343124e+02, 2.28515915e+02, 2.07956833e+02, 2.33944519e+02,
    2.06816422e+02, 1.82480652e+02, 1.50339920e+02, 1.92090088e+02,
    1.45875183e+02, 2.02070999e+02, 1.47379471e+02, 2.09298767e+02,
    1.54134583e+02, 1.99115494e+02, 1.55851135e+02, 1.88773026e+02,
    1.54761490e+02, 2.48590530e+02, 1.58917725e+02, 2.58614624e+02,
    1.56892670e+02, 2.68229004e+02, 1.58970795e+02, 2.74415222e+02,
    1.62765457e+02, 2.65842377e+02, 1.67702835e+02, 2.56956085e+02,
    1.66299744e+02, 1.95267761e+02, 2.29019699e+02, 2.06364517e+02,
    2.25272614e+02, 2.15541290e+02, 2.24188004e+02, 2.21847473e+02,
    2.27450409e+02, 2.28576492e+02, 2.26485672e+02, 2.35899460e+02,
    2.29698807e+02, 2.43999557e+02, 2.33605316e+02, 2.34051559e+02,
    2.42284958e+02, 2.26469849e+02, 2.45764313e+02, 2.19461349e+02,
    2.45405029e+02, 2.11030182e+02, 2.43503967e+02, 2.02041336e+02,
    2.38968597e+02, 1.99057480e+02, 2.30109344e+02, 2.13949356e+02,
    2.31377426e+02, 2.20816071e+02, 2.33521744e+02, 2.28100662e+02,
    2.33011749e+02, 2.38870010e+02, 2.34058273e+02, 2.28100662e+02,
    2.33011749e+02, 2.20816071e+02, 2.33521744e+02, 2.13949356e+02,
    2.31377426e+02 ]
noOfLandmarkPoint: 68
