%YAML:1.0
landmark: [ 8.66092758e+01, 1.69862167e+02, 8.78773575e+01,
    1.89896225e+02, 8.94622650e+01, 2.06801880e+02, 9.58018875e+01,
    2.25820755e+02, 1.02141510e+02, 2.45896225e+02, 1.08481133e+02,
    2.64915100e+02, 1.20103775e+02, 2.81292450e+02, 1.33311325e+02,
    2.92915100e+02, 1.50989334e+02, 2.95964294e+02, 1.75495056e+02,
    2.93647247e+02, 2.00488876e+02, 2.85478668e+02, 2.22815399e+02,
    2.77238037e+02, 2.45029358e+02, 2.63892670e+02, 2.55345474e+02,
    2.40983871e+02, 2.61836853e+02, 2.13609756e+02, 2.64187225e+02,
    1.90285049e+02, 2.64146362e+02, 1.65598541e+02, 8.80783920e+01,
    1.33775604e+02, 9.68584900e+01, 1.24915092e+02, 1.08280098e+02,
    1.21501236e+02, 1.21691490e+02, 1.21989334e+02, 1.35346924e+02,
    1.28656219e+02, 1.63789200e+02, 1.23577042e+02, 1.80410599e+02,
    1.15529091e+02, 1.97610474e+02, 1.12943825e+02, 2.14640656e+02,
    1.16922646e+02, 2.31457657e+02, 1.27111526e+02, 1.46193680e+02,
    1.50258987e+02, 1.43826630e+02, 1.60995880e+02, 1.40667313e+02,
    1.72726654e+02, 1.37344925e+02, 1.84689148e+02, 1.33773682e+02,
    2.04755600e+02, 1.38189468e+02, 2.06801880e+02, 1.42820755e+02,
    2.08266174e+02, 1.50908920e+02, 2.06397018e+02, 1.58891769e+02,
    2.04332916e+02, 1.01449570e+02, 1.59785828e+02, 1.10226868e+02,
    1.49176773e+02, 1.23273582e+02, 1.48932724e+02, 1.33190704e+02,
    1.58037292e+02, 1.23844902e+02, 1.59378143e+02, 1.10677628e+02,
    1.61160385e+02, 1.79029541e+02, 1.52266174e+02, 1.88863434e+02,
    1.39503708e+02, 2.04264603e+02, 1.39503708e+02, 2.15198120e+02,
    1.50233383e+02, 2.03452042e+02, 1.54054916e+02, 1.90244492e+02,
    1.54054916e+02, 1.21558189e+02, 2.47429703e+02, 1.25837135e+02,
    2.33668884e+02, 1.36886948e+02, 2.24679062e+02, 1.42538666e+02,
    2.25835022e+02, 1.48131317e+02, 2.23848495e+02, 1.65655594e+02,
    2.31251907e+02, 1.82533676e+02, 2.42617844e+02, 1.66570251e+02,
    2.50092834e+02, 1.52007431e+02, 2.53584167e+02, 1.45194000e+02,
    2.54657501e+02, 1.38464920e+02, 2.54345444e+02, 1.28962631e+02,
    2.52225006e+02, 1.26497627e+02, 2.46899323e+02, 1.38520996e+02,
    2.38668625e+02, 1.43834351e+02, 2.38419586e+02, 1.49315582e+02,
    2.38175537e+02, 1.76862823e+02, 2.42814621e+02, 1.49315582e+02,
    2.38175537e+02, 1.43834351e+02, 2.38419586e+02, 1.38520996e+02,
    2.38668625e+02 ]
noOfLandmarkPoint: 68
