%YAML:1.0
landmark: [ 1.03790802e+02, 1.40999237e+02, 1.01647430e+02,
    1.47708313e+02, 9.99102325e+01, 1.59501785e+02, 1.03132614e+02,
    1.69907974e+02, 1.10360390e+02, 1.80201614e+02, 1.17531898e+02,
    1.94307266e+02, 1.19897964e+02, 2.06198624e+02, 1.24552383e+02,
    2.13690475e+02, 1.33551102e+02, 2.15019363e+02, 1.45356857e+02,
    2.13534180e+02, 1.60595428e+02, 2.08758057e+02, 1.74728027e+02,
    2.01349197e+02, 1.88635559e+02, 1.91559601e+02, 1.97488007e+02,
    1.75956482e+02, 2.02068359e+02, 1.60815781e+02, 2.04603241e+02,
    1.47735260e+02, 2.06130020e+02, 1.33519440e+02, 1.02557640e+02,
    1.20593048e+02, 1.07152672e+02, 1.16979156e+02, 1.12155800e+02,
    1.16825325e+02, 1.18011688e+02, 1.19748238e+02, 1.22287651e+02,
    1.22787491e+02, 1.36049133e+02, 1.23661896e+02, 1.45069778e+02,
    1.18917191e+02, 1.54794693e+02, 1.17607697e+02, 1.66510590e+02,
    1.21204384e+02, 1.77426437e+02, 1.25259453e+02, 1.30344666e+02,
    1.31152786e+02, 1.28340286e+02, 1.40254547e+02, 1.26187614e+02,
    1.49419815e+02, 1.24108353e+02, 1.58531464e+02, 1.18566933e+02,
    1.64879822e+02, 1.22124550e+02, 1.67162674e+02, 1.25919533e+02,
    1.68310242e+02, 1.31087158e+02, 1.66377289e+02, 1.36367310e+02,
    1.65410812e+02, 1.05806969e+02, 1.33519440e+02, 1.10274796e+02,
    1.30676270e+02, 1.14742630e+02, 1.30676270e+02, 1.21647453e+02,
    1.33925598e+02, 1.15554962e+02, 1.37174927e+02, 1.09462463e+02,
    1.36362595e+02, 1.47235931e+02, 1.34737930e+02, 1.53328415e+02,
    1.31082443e+02, 1.59827072e+02, 1.31894775e+02, 1.65919571e+02,
    1.36362595e+02, 1.60639404e+02, 1.37987259e+02, 1.52922256e+02,
    1.37987259e+02, 1.19984779e+02, 1.81961075e+02, 1.16812836e+02,
    1.75493011e+02, 1.23200546e+02, 1.74206940e+02, 1.26602158e+02,
    1.75938248e+02, 1.34605637e+02, 1.74965317e+02, 1.48514648e+02,
    1.77173676e+02, 1.59225159e+02, 1.79359955e+02, 1.49787506e+02,
    1.88668106e+02, 1.38555206e+02, 1.92482132e+02, 1.30778778e+02,
    1.93329529e+02, 1.25904259e+02, 1.92959244e+02, 1.21264053e+02,
    1.90966446e+02, 1.21670219e+02, 1.81623795e+02, 1.24125671e+02,
    1.80120590e+02, 1.27828712e+02, 1.80322540e+02, 1.35770035e+02,
    1.80136856e+02, 1.56271332e+02, 1.80228546e+02, 1.36697906e+02,
    1.85820862e+02, 1.29423004e+02, 1.86815964e+02, 1.25240623e+02,
    1.87164093e+02 ]
noOfLandmarkPoint: 68
