%YAML:1.0
landmark: [ 1.58386185e+02, 9.99187012e+01, 1.55654465e+02,
    1.14739838e+02, 1.53483734e+02, 1.29117889e+02, 1.53040649e+02,
    1.42613815e+02, 1.56109756e+02, 1.59166672e+02, 1.65191055e+02,
    1.72443085e+02, 1.76854782e+02, 1.85511246e+02, 1.90756104e+02,
    1.98361786e+02, 2.04422760e+02, 2.03504059e+02, 2.16971542e+02,
    2.03060974e+02, 2.28788620e+02, 1.93975616e+02, 2.38321136e+02,
    1.85666672e+02, 2.47243896e+02, 1.73406509e+02, 2.54378052e+02,
    1.59410568e+02, 2.57113678e+02, 1.46467026e+02, 2.59028961e+02,
    1.34289871e+02, 2.60906494e+02, 1.24784554e+02, 1.79231705e+02,
    9.94268265e+01, 1.89650406e+02, 9.31300812e+01, 2.01634140e+02,
    9.15121918e+01, 2.15898376e+02, 9.44593506e+01, 2.25930893e+02,
    1.01869919e+02, 2.39792221e+02, 1.06490250e+02, 2.48331787e+02,
    1.05187836e+02, 2.55474777e+02, 1.07099464e+02, 2.61083435e+02,
    1.11098709e+02, 2.63843414e+02, 1.15895111e+02, 2.28215088e+02,
    1.15613106e+02, 2.27732819e+02, 1.26469215e+02, 2.26874374e+02,
    1.36605560e+02, 2.25809219e+02, 1.47152679e+02, 2.10609756e+02,
    1.47642273e+02, 2.15414627e+02, 1.50821136e+02, 2.19878052e+02,
    1.53109756e+02, 2.25231705e+02, 1.52995941e+02, 2.30467484e+02,
    1.51434967e+02, 1.92844543e+02, 1.09168106e+02, 1.99889877e+02,
    1.06371826e+02, 2.06977173e+02, 1.08619400e+02, 2.10919312e+02,
    1.13946945e+02, 2.05058151e+02, 1.14417564e+02, 1.98501160e+02,
    1.12194229e+02, 2.37263504e+02, 1.19785271e+02, 2.43655197e+02,
    1.17183975e+02, 2.50351440e+02, 1.18411118e+02, 2.53738373e+02,
    1.22268784e+02, 2.49589767e+02, 1.24270363e+02, 2.42980576e+02,
    1.22542503e+02, 1.92923172e+02, 1.57574875e+02, 2.03009583e+02,
    1.58634811e+02, 2.11434967e+02, 1.61853653e+02, 2.15292679e+02,
    1.64032516e+02, 2.19593491e+02, 1.64479675e+02, 2.25052841e+02,
    1.65650406e+02, 2.28853653e+02, 1.67544724e+02, 2.23416473e+02,
    1.72281158e+02, 2.17308945e+02, 1.72333328e+02, 2.12550232e+02,
    1.71067657e+02, 2.08089432e+02, 1.69260162e+02, 1.99963409e+02,
    1.63861786e+02, 1.95504059e+02, 1.58073166e+02, 2.10093491e+02,
    1.64752029e+02, 2.14565033e+02, 1.66430893e+02, 2.18756104e+02,
    1.66878052e+02, 2.27073166e+02, 1.67601624e+02, 2.18756104e+02,
    1.66878052e+02, 2.14565033e+02, 1.66430893e+02, 2.10093491e+02,
    1.64752029e+02 ]
noOfLandmarkPoint: 68
