%YAML:1.0
landmark: [ 2.59128571e+02, 1.41485229e+02, 2.60458252e+02,
    1.54034836e+02, 2.61943665e+02, 1.66353989e+02, 2.64989197e+02,
    1.78497208e+02, 2.70560211e+02, 1.91702316e+02, 2.76922211e+02,
    2.01245300e+02, 2.86368652e+02, 2.08782837e+02, 2.96604523e+02,
    2.15375275e+02, 3.05473328e+02, 2.15991852e+02, 3.14128815e+02,
    2.14699524e+02, 3.23748108e+02, 2.09225037e+02, 3.34407471e+02,
    1.99876678e+02, 3.41751953e+02, 1.91124649e+02, 3.47765167e+02,
    1.78613983e+02, 3.50405853e+02, 1.65100586e+02, 3.51852325e+02,
    1.53186249e+02, 3.51833649e+02, 1.39576324e+02, 2.60437469e+02,
    1.26061394e+02, 2.68724945e+02, 1.22468338e+02, 2.76282074e+02,
    1.21244308e+02, 2.84192932e+02, 1.23317780e+02, 2.91708893e+02,
    1.25713387e+02, 3.16383392e+02, 1.22959785e+02, 3.22628601e+02,
    1.18352554e+02, 3.29337799e+02, 1.15672920e+02, 3.37126038e+02,
    1.15210487e+02, 3.43621918e+02, 1.18506699e+02, 3.03934723e+02,
    1.35024948e+02, 3.04345856e+02, 1.46690964e+02, 3.04324371e+02,
    1.58202286e+02, 3.04315216e+02, 1.69197540e+02, 2.92190369e+02,
    1.74025436e+02, 2.97761383e+02, 1.75297531e+02, 3.03891388e+02,
    1.76164780e+02, 3.09906158e+02, 1.74372650e+02, 3.15573730e+02,
    1.73273392e+02, 2.68838806e+02, 1.40923660e+02, 2.80437225e+02,
    1.37952255e+02, 2.89827026e+02, 1.37432663e+02, 2.91325928e+02,
    1.42319000e+02, 2.85095032e+02, 1.43566971e+02, 2.77678955e+02,
    1.43593460e+02, 3.18734467e+02, 1.40891937e+02, 3.24302185e+02,
    1.37382095e+02, 3.30858521e+02, 1.36966690e+02, 3.36703125e+02,
    1.39748428e+02, 3.31618347e+02, 1.42723495e+02, 3.25462372e+02,
    1.43104538e+02, 2.86862946e+02, 1.90018646e+02, 2.93356476e+02,
    1.88375107e+02, 2.99251617e+02, 1.87557556e+02, 3.03390015e+02,
    1.88965057e+02, 3.08422333e+02, 1.87134003e+02, 3.14398163e+02,
    1.87538834e+02, 3.21184479e+02, 1.88823929e+02, 3.15128296e+02,
    1.94940689e+02, 3.08957794e+02, 1.97260025e+02, 3.03641846e+02,
    1.98144775e+02, 2.98772339e+02, 1.97662750e+02, 2.93712036e+02,
    1.96313278e+02, 2.89167023e+02, 1.90294800e+02, 2.99126312e+02,
    1.91546005e+02, 3.03602570e+02, 1.91779175e+02, 3.08597351e+02,
    1.91391861e+02, 3.18545807e+02, 1.89414551e+02, 3.08597351e+02,
    1.91391861e+02, 3.03602570e+02, 1.91779175e+02, 2.99126312e+02,
    1.91546005e+02 ]
noOfLandmarkPoint: 68
