%YAML:1.0
landmark: [ 5.40659409e+01, 2.15245026e+02, 5.30330315e+01,
    2.40838181e+02, 5.30078316e+01, 2.65479553e+02, 5.64172592e+01,
    2.88595398e+02, 6.40870895e+01, 3.09413055e+02, 7.58843842e+01,
    3.27278290e+02, 9.51722107e+01, 3.35866241e+02, 1.19867104e+02,
    3.50686310e+02, 1.43545898e+02, 3.55857666e+02, 1.61491867e+02,
    3.52948639e+02, 1.72326004e+02, 3.35992279e+02, 1.82823685e+02,
    3.14840698e+02, 1.89177872e+02, 2.94927155e+02, 1.95196152e+02,
    2.78137543e+02, 2.00878540e+02, 2.59282104e+02, 2.02790390e+02,
    2.44944611e+02, 2.01292801e+02, 2.24101730e+02, 8.87564392e+01,
    1.93078201e+02, 1.01490013e+02, 1.79132553e+02, 1.20295403e+02,
    1.74608170e+02, 1.40167068e+02, 1.78221786e+02, 1.58650330e+02,
    1.84582153e+02, 1.74133987e+02, 1.86541641e+02, 1.85167252e+02,
    1.84217514e+02, 1.94627914e+02, 1.85951416e+02, 2.02479675e+02,
    1.90987183e+02, 2.06510513e+02, 1.98449890e+02, 1.66823456e+02,
    2.02611984e+02, 1.68997696e+02, 2.17874298e+02, 1.72742111e+02,
    2.33288559e+02, 1.74581085e+02, 2.51025040e+02, 1.46173691e+02,
    2.55354843e+02, 1.55086334e+02, 2.61398315e+02, 1.63274017e+02,
    2.66716827e+02, 1.69549835e+02, 2.63385773e+02, 1.73423935e+02,
    2.59486481e+02, 1.05285744e+02, 2.01165070e+02, 1.16882843e+02,
    1.91686951e+02, 1.27550606e+02, 1.92848633e+02, 1.35377167e+02,
    2.04006271e+02, 1.24689316e+02, 2.06831467e+02, 1.13737091e+02,
    2.05214127e+02, 1.75384247e+02, 2.11372696e+02, 1.83109177e+02,
    2.03076920e+02, 1.94524353e+02, 2.05142746e+02, 1.96986877e+02,
    2.15377106e+02, 1.90960953e+02, 2.17643982e+02, 1.82669708e+02,
    2.16997375e+02, 1.17949478e+02, 2.92100861e+02, 1.34083954e+02,
    2.83895508e+02, 1.48962387e+02, 2.81100983e+02, 1.55891006e+02,
    2.82956696e+02, 1.61211914e+02, 2.81988281e+02, 1.73742996e+02,
    2.88600037e+02, 1.77941864e+02, 2.92628998e+02, 1.75512177e+02,
    3.04869934e+02, 1.64432922e+02, 3.13623077e+02, 1.57353760e+02,
    3.13958984e+02, 1.49112930e+02, 3.13673462e+02, 1.34619125e+02,
    3.11536591e+02, 1.24012405e+02, 2.91618530e+02, 1.48466187e+02,
    2.88136871e+02, 1.55797714e+02, 2.88657654e+02, 1.61869598e+02,
    2.88438324e+02, 1.71152206e+02, 2.97614563e+02, 1.62781372e+02,
    3.04041382e+02, 1.55805786e+02, 3.04867157e+02, 1.48415924e+02,
    3.05253479e+02 ]
noOfLandmarkPoint: 68
