%YAML:1.0
landmark: [ 2.83731049e+02, 1.11375900e+02, 2.82881073e+02,
    1.23731293e+02, 2.85936646e+02, 1.37659164e+02, 2.90371887e+02,
    1.50911804e+02, 2.94387268e+02, 1.66381439e+02, 2.99277802e+02,
    1.80152679e+02, 3.04760193e+02, 1.94361481e+02, 3.12353333e+02,
    2.02598419e+02, 3.22005371e+02, 2.06047897e+02, 3.36531891e+02,
    2.07149918e+02, 3.55837921e+02, 1.99396225e+02, 3.70625885e+02,
    1.87896271e+02, 3.84688995e+02, 1.74913376e+02, 3.96427948e+02,
    1.57857880e+02, 4.00161499e+02, 1.37977448e+02, 4.00562164e+02,
    1.20903397e+02, 3.99642365e+02, 1.04129814e+02, 2.82624481e+02,
    8.90584564e+01, 2.88232788e+02, 8.59804764e+01, 2.94042053e+02,
    8.54996719e+01, 3.00315613e+02, 8.70994797e+01, 3.06115845e+02,
    8.99364243e+01, 3.25351746e+02, 8.94967957e+01, 3.36137054e+02,
    8.36020355e+01, 3.48003693e+02, 8.29842300e+01, 3.59095703e+02,
    8.38813629e+01, 3.71841492e+02, 8.71246414e+01, 3.16060181e+02,
    1.05610199e+02, 3.14386993e+02, 1.16240471e+02, 3.11915771e+02,
    1.27978058e+02, 3.09171600e+02, 1.40304428e+02, 3.05595306e+02,
    1.46233780e+02, 3.10166199e+02, 1.48853699e+02, 3.15854767e+02,
    1.50964478e+02, 3.21877808e+02, 1.48544418e+02, 3.26870697e+02,
    1.46536728e+02, 2.90300354e+02, 1.06850082e+02, 2.95663696e+02,
    1.01917480e+02, 3.03584442e+02, 1.01858932e+02, 3.08601715e+02,
    1.08388031e+02, 3.01648315e+02, 1.09458046e+02, 2.95387787e+02,
    1.09683090e+02, 3.38681458e+02, 1.07921753e+02, 3.44661591e+02,
    1.01497452e+02, 3.53682617e+02, 1.01142029e+02, 3.60956787e+02,
    1.06166924e+02, 3.54376068e+02, 1.09860382e+02, 3.46740509e+02,
    1.09405457e+02, 3.02430817e+02, 1.66790710e+02, 3.07085693e+02,
    1.62106979e+02, 3.12605011e+02, 1.59749329e+02, 3.17230957e+02,
    1.61093979e+02, 3.23094269e+02, 1.60305664e+02, 3.35678619e+02,
    1.64282715e+02, 3.45182312e+02, 1.68894516e+02, 3.37253693e+02,
    1.77567444e+02, 3.27078064e+02, 1.81951767e+02, 3.19098206e+02,
    1.82317368e+02, 3.13595123e+02, 1.81774689e+02, 3.06742249e+02,
    1.76218170e+02, 3.07386444e+02, 1.68107315e+02, 3.13255615e+02,
    1.66057327e+02, 3.17787567e+02, 1.65975769e+02, 3.24413513e+02,
    1.66040024e+02, 3.38482391e+02, 1.69428040e+02, 3.25361816e+02,
    1.72629730e+02, 3.18632477e+02, 1.72388733e+02, 3.13268463e+02,
    1.70997009e+02 ]
noOfLandmarkPoint: 68
