%YAML:1.0
landmark: [ 1.28913422e+02, 2.25897186e+02, 1.25685600e+02,
    2.55204269e+02, 1.26175392e+02, 2.80387115e+02, 1.30392395e+02,
    3.05265747e+02, 1.42448715e+02, 3.28202942e+02, 1.61748245e+02,
    3.50409271e+02, 1.87067902e+02, 3.69343353e+02, 2.17581589e+02,
    3.83639313e+02, 2.48730911e+02, 3.89198761e+02, 2.74860596e+02,
    3.84242798e+02, 2.92619232e+02, 3.68374420e+02, 3.08026947e+02,
    3.50091461e+02, 3.20242157e+02, 3.31093689e+02, 3.25912933e+02,
    3.08220154e+02, 3.26484894e+02, 2.79882416e+02, 3.25749573e+02,
    2.56108643e+02, 3.21578674e+02, 2.32462646e+02, 1.71700623e+02,
    2.06370819e+02, 1.90158493e+02, 1.99047653e+02, 2.07933731e+02,
    1.95715591e+02, 2.25883789e+02, 1.98975204e+02, 2.45308533e+02,
    2.08970779e+02, 2.68191437e+02, 2.08169022e+02, 2.82176422e+02,
    2.02614120e+02, 2.96251709e+02, 2.00031540e+02, 3.09997772e+02,
    2.02077362e+02, 3.17426910e+02, 2.08469788e+02, 2.54999466e+02,
    2.25542099e+02, 2.56529999e+02, 2.39281830e+02, 2.58118500e+02,
    2.54197342e+02, 2.60469421e+02, 2.68286743e+02, 2.37436996e+02,
    2.81867889e+02, 2.46538895e+02, 2.84218811e+02, 2.57721527e+02,
    2.87681519e+02, 2.64821869e+02, 2.84314056e+02, 2.70540253e+02,
    2.80692444e+02, 1.89180099e+02, 2.26583069e+02, 1.99143585e+02,
    2.21358017e+02, 2.11614990e+02, 2.21375275e+02, 2.24188110e+02,
    2.28863831e+02, 2.11877686e+02, 2.30639618e+02, 2.00825027e+02,
    2.29980484e+02, 2.73273865e+02, 2.30033478e+02, 2.81078552e+02,
    2.23992783e+02, 2.92876190e+02, 2.24987595e+02, 3.00315521e+02,
    2.30388077e+02, 2.93058899e+02, 2.33915604e+02, 2.81736908e+02,
    2.33430405e+02, 2.10846664e+02, 3.07505371e+02, 2.27112015e+02,
    3.03677246e+02, 2.40267868e+02, 3.02386566e+02, 2.52366455e+02,
    3.06965271e+02, 2.63659790e+02, 3.03831329e+02, 2.73748810e+02,
    3.06123383e+02, 2.81611572e+02, 3.08934967e+02, 2.73478607e+02,
    3.18433838e+02, 2.63932098e+02, 3.24867035e+02, 2.53098846e+02,
    3.25375305e+02, 2.39612930e+02, 3.25073547e+02, 2.27366150e+02,
    3.20165192e+02, 2.16565033e+02, 3.09649750e+02, 2.39929794e+02,
    3.13080566e+02, 2.52388367e+02, 3.14638153e+02, 2.63981567e+02,
    3.12298065e+02, 2.77481689e+02, 3.10364563e+02, 2.63981567e+02,
    3.12298065e+02, 2.52388367e+02, 3.14638153e+02, 2.39929794e+02,
    3.13080566e+02 ]
noOfLandmarkPoint: 68
