%YAML:1.0
landmark: [ 1.10064888e+02, 2.12223633e+02, 1.11212730e+02,
    2.32296356e+02, 1.13935150e+02, 2.51423630e+02, 1.15064850e+02,
    2.75872131e+02, 1.20950912e+02, 2.94012726e+02, 1.33893936e+02,
    3.09287872e+02, 1.49918182e+02, 3.21244232e+02, 1.70041824e+02,
    3.28856354e+02, 1.88972733e+02, 3.29380005e+02, 2.09413940e+02,
    3.26689087e+02, 2.30657578e+02, 3.19365448e+02, 2.47576370e+02,
    3.08230896e+02, 2.60129089e+02, 2.89658783e+02, 2.63457581e+02,
    2.70429688e+02, 2.63848297e+02, 2.47672745e+02, 2.64219116e+02,
    2.26341812e+02, 2.65226715e+02, 2.03780701e+02, 1.18402756e+02,
    1.95599258e+02, 1.26200264e+02, 1.84665253e+02, 1.39137115e+02,
    1.80132614e+02, 1.51670013e+02, 1.79024857e+02, 1.62475479e+02,
    1.84217957e+02, 2.04660919e+02, 1.81017090e+02, 2.16982574e+02,
    1.77246735e+02, 2.29410156e+02, 1.79353241e+02, 2.40999451e+02,
    1.79811539e+02, 2.49562637e+02, 1.88853760e+02, 1.82740845e+02,
    1.92675858e+02, 1.82928741e+02, 2.10329117e+02, 1.82679214e+02,
    2.27266708e+02, 1.82512711e+02, 2.44360062e+02, 1.68427628e+02,
    2.48696091e+02, 1.74327194e+02, 2.52286636e+02, 1.81932007e+02,
    2.57663605e+02, 1.91984329e+02, 2.51818039e+02, 2.00983414e+02,
    2.48811829e+02, 1.35289413e+02, 2.03594955e+02, 1.42244019e+02,
    1.98641342e+02, 1.52429169e+02, 1.99503998e+02, 1.59992096e+02,
    2.04267639e+02, 1.50195480e+02, 2.06470230e+02, 1.41580124e+02,
    2.06317337e+02, 2.11069702e+02, 2.04994553e+02, 2.18218781e+02,
    1.98676971e+02, 2.27617569e+02, 1.98759399e+02, 2.32824844e+02,
    2.02795761e+02, 2.27268478e+02, 2.06904846e+02, 2.19380005e+02,
    2.06298782e+02, 1.50718048e+02, 2.72957062e+02, 1.62889587e+02,
    2.68769379e+02, 1.70676834e+02, 2.67199585e+02, 1.83961884e+02,
    2.67814972e+02, 1.95608109e+02, 2.65496704e+02, 2.06336960e+02,
    2.66564697e+02, 2.19984039e+02, 2.71670288e+02, 2.06886398e+02,
    2.81629120e+02, 1.96387787e+02, 2.86522919e+02, 1.83697006e+02,
    2.89115173e+02, 1.70535339e+02, 2.87611267e+02, 1.62421936e+02,
    2.83520203e+02, 1.54480484e+02, 2.73812042e+02, 1.70752045e+02,
    2.72658142e+02, 1.83765961e+02, 2.73146912e+02, 1.95874924e+02,
    2.71618958e+02, 2.13858261e+02, 2.72749756e+02, 1.96253357e+02,
    2.77738770e+02, 1.83569489e+02, 2.80115692e+02, 1.70704575e+02,
    2.79202667e+02 ]
noOfLandmarkPoint: 68
