%YAML:1.0
landmark: [ 9.53451691e+01, 1.81860123e+02, 9.66796494e+01,
    1.94789291e+02, 9.84720917e+01, 2.09441574e+02, 1.00511032e+02,
    2.24949448e+02, 1.03453011e+02, 2.39192947e+02, 1.10321793e+02,
    2.49848328e+02, 1.21325562e+02, 2.58100891e+02, 1.38379578e+02,
    2.66722382e+02, 1.55040115e+02, 2.67553711e+02, 1.69685928e+02,
    2.67030792e+02, 1.86642670e+02, 2.59711029e+02, 1.98933624e+02,
    2.49234528e+02, 2.06527313e+02, 2.37901855e+02, 2.08556870e+02,
    2.22599838e+02, 2.08597061e+02, 2.06939575e+02, 2.08738953e+02,
    1.93478973e+02, 2.09933029e+02, 1.79338257e+02, 1.06665802e+02,
    1.58147095e+02, 1.12330650e+02, 1.52136383e+02, 1.20282455e+02,
    1.48175247e+02, 1.30644470e+02, 1.50543549e+02, 1.39870422e+02,
    1.55112564e+02, 1.65276718e+02, 1.56321350e+02, 1.75198547e+02,
    1.50258499e+02, 1.85602463e+02, 1.48095566e+02, 1.96660278e+02,
    1.50828598e+02, 2.04943161e+02, 1.57070129e+02, 1.55193115e+02,
    1.69542969e+02, 1.55106628e+02, 1.76899170e+02, 1.54690704e+02,
    1.84224304e+02, 1.54443863e+02, 1.92488571e+02, 1.46365402e+02,
    2.04897430e+02, 1.50446976e+02, 2.05641388e+02, 1.55149994e+02,
    2.06546005e+02, 1.59874054e+02, 2.05478577e+02, 1.63679718e+02,
    2.04727448e+02, 1.19151001e+02, 1.75267441e+02, 1.24793823e+02,
    1.70915024e+02, 1.31094879e+02, 1.70935837e+02, 1.36847366e+02,
    1.74339798e+02, 1.31709534e+02, 1.77841675e+02, 1.24297127e+02,
    1.78550430e+02, 1.73937225e+02, 1.74114258e+02, 1.79600952e+02,
    1.70626297e+02, 1.86187424e+02, 1.70728622e+02, 1.91862030e+02,
    1.74292221e+02, 1.86624542e+02, 1.77573425e+02, 1.79413528e+02,
    1.77970520e+02, 1.32054413e+02, 2.30739349e+02, 1.40346329e+02,
    2.25370209e+02, 1.49364090e+02, 2.23239777e+02, 1.56249512e+02,
    2.25702393e+02, 1.64582291e+02, 2.22780334e+02, 1.71025284e+02,
    2.24956848e+02, 1.77671707e+02, 2.29792953e+02, 1.71742157e+02,
    2.34485306e+02, 1.65500931e+02, 2.37528595e+02, 1.56195847e+02,
    2.38926422e+02, 1.49416092e+02, 2.38729538e+02, 1.40358658e+02,
    2.36218155e+02, 1.35181625e+02, 2.30551636e+02, 1.49232483e+02,
    2.30049225e+02, 1.56436188e+02, 2.30830643e+02, 1.65071854e+02,
    2.30049255e+02, 1.74827911e+02, 2.29921646e+02, 1.65071854e+02,
    2.30049255e+02, 1.56436188e+02, 2.30830643e+02, 1.49232483e+02,
    2.30049225e+02 ]
noOfLandmarkPoint: 68
