%YAML:1.0
landmark: [ 1.55020157e+02, 2.23933746e+02, 1.58869125e+02,
    2.52921509e+02, 1.65992142e+02, 2.81733887e+02, 1.74241913e+02,
    3.08049683e+02, 1.81804611e+02, 3.32944855e+02, 2.00752151e+02,
    3.57621277e+02, 2.28342712e+02, 3.84427521e+02, 2.55517929e+02,
    4.01937042e+02, 2.89325745e+02, 4.09201233e+02, 3.16403931e+02,
    4.03278870e+02, 3.40428558e+02, 3.88710052e+02, 3.59339111e+02,
    3.64929169e+02, 3.69664978e+02, 3.34831635e+02, 3.75760620e+02,
    3.06313080e+02, 3.77718140e+02, 2.78357941e+02, 3.83374084e+02,
    2.48639709e+02, 3.81929169e+02, 2.16276886e+02, 1.90030090e+02,
    2.00809036e+02, 2.04326904e+02, 1.82153168e+02, 2.24988892e+02,
    1.75248901e+02, 2.47977341e+02, 1.77648270e+02, 2.72528473e+02,
    1.83046448e+02, 3.03763214e+02, 1.83290558e+02, 3.21675049e+02,
    1.76350235e+02, 3.40737488e+02, 1.77178741e+02, 3.59233398e+02,
    1.83489532e+02, 3.71179565e+02, 1.97485046e+02, 2.86229370e+02,
    1.97282532e+02, 2.86080078e+02, 2.21412247e+02, 2.86354309e+02,
    2.44273972e+02, 2.86575928e+02, 2.68174255e+02, 2.67388885e+02,
    2.82202209e+02, 2.76005402e+02, 2.85898499e+02, 2.85610626e+02,
    2.88046509e+02, 2.96322784e+02, 2.84429260e+02, 3.06408539e+02,
    2.79802856e+02, 2.10737793e+02, 2.07120483e+02, 2.22516617e+02,
    1.96913971e+02, 2.38110336e+02, 1.93829681e+02, 2.52504364e+02,
    2.04918518e+02, 2.40485397e+02, 2.09105255e+02, 2.24915985e+02,
    2.09226791e+02, 3.14145721e+02, 2.04209305e+02, 3.25013641e+02,
    1.94393066e+02, 3.40313507e+02, 1.94196457e+02, 3.48440399e+02,
    2.02266037e+02, 3.39701508e+02, 2.06827423e+02, 3.26728088e+02,
    2.06730194e+02, 2.46589828e+02, 3.30987000e+02, 2.66020172e+02,
    3.18979614e+02, 2.81274475e+02, 3.13896271e+02, 2.89251740e+02,
    3.18657593e+02, 3.00442963e+02, 3.14780182e+02, 3.11247314e+02,
    3.18381256e+02, 3.24268158e+02, 3.26595612e+02, 3.14044586e+02,
    3.40336517e+02, 3.01245483e+02, 3.41477295e+02, 2.89615204e+02,
    3.45249084e+02, 2.81002563e+02, 3.45443878e+02, 2.67158813e+02,
    3.42247070e+02, 2.51207458e+02, 3.30035065e+02, 2.81105957e+02,
    3.26338318e+02, 2.88719788e+02, 3.28101379e+02, 3.01528107e+02,
    3.26883636e+02, 3.20650024e+02, 3.26495087e+02, 3.01886688e+02,
    3.27167938e+02, 2.88698761e+02, 3.31043793e+02, 2.81390533e+02,
    3.31186127e+02 ]
noOfLandmarkPoint: 68
