%YAML:1.0
landmark: [ 9.94022369e+01, 1.66316269e+02, 9.73191299e+01,
    1.92910477e+02, 9.70702515e+01, 2.18212051e+02, 9.92073822e+01,
    2.43930298e+02, 1.13951836e+02, 2.70968933e+02, 1.38422058e+02,
    2.94102966e+02, 1.63796143e+02, 3.14019043e+02, 1.91476074e+02,
    3.25552612e+02, 2.18028595e+02, 3.25637207e+02, 2.39976074e+02,
    3.22785400e+02, 2.53199615e+02, 3.05929108e+02, 2.61628082e+02,
    2.85903442e+02, 2.74217773e+02, 2.60639496e+02, 2.82371582e+02,
    2.34192413e+02, 2.88412933e+02, 2.12308060e+02, 2.88645294e+02,
    1.90022186e+02, 2.86089600e+02, 1.70398056e+02, 1.38701431e+02,
    1.66402740e+02, 1.54985657e+02, 1.61457794e+02, 1.69494431e+02,
    1.61343384e+02, 1.86187271e+02, 1.66865265e+02, 2.00777222e+02,
    1.71188828e+02, 2.34165817e+02, 1.64173248e+02, 2.45900543e+02,
    1.59798050e+02, 2.56698578e+02, 1.55142929e+02, 2.70051483e+02,
    1.51506577e+02, 2.79372070e+02, 1.53753250e+02, 2.19374115e+02,
    1.83859726e+02, 2.21457428e+02, 1.97392593e+02, 2.23402557e+02,
    2.11732071e+02, 2.25868652e+02, 2.26687836e+02, 1.98510529e+02,
    2.35143219e+02, 2.11079376e+02, 2.38332779e+02, 2.24154541e+02,
    2.40318359e+02, 2.34695496e+02, 2.38015839e+02, 2.43543915e+02,
    2.32443237e+02, 1.50778458e+02, 1.82095474e+02, 1.63380081e+02,
    1.79133163e+02, 1.78153503e+02, 1.79154190e+02, 1.83322586e+02,
    1.83820221e+02, 1.74513702e+02, 1.87234161e+02, 1.61374756e+02,
    1.87656525e+02, 2.38739380e+02, 1.78606216e+02, 2.48119370e+02,
    1.71849411e+02, 2.59998993e+02, 1.71124634e+02, 2.67057037e+02,
    1.73630539e+02, 2.60495880e+02, 1.79237900e+02, 2.48653061e+02,
    1.79607742e+02, 1.78355392e+02, 2.74578491e+02, 1.95235748e+02,
    2.62160400e+02, 2.11226471e+02, 2.56224487e+02, 2.21936630e+02,
    2.58294678e+02, 2.36131805e+02, 2.53731934e+02, 2.48636887e+02,
    2.61315033e+02, 2.56410645e+02, 2.68434082e+02, 2.48826920e+02,
    2.85459595e+02, 2.38560608e+02, 2.92641785e+02, 2.24048477e+02,
    2.94162720e+02, 2.11605911e+02, 2.94352753e+02, 1.95235107e+02,
    2.88374512e+02, 1.83244156e+02, 2.73990997e+02, 2.11429123e+02,
    2.73508270e+02, 2.23163681e+02, 2.74256348e+02, 2.37102829e+02,
    2.73968475e+02, 2.52354874e+02, 2.70335083e+02, 2.37102829e+02,
    2.73968475e+02, 2.23163681e+02, 2.74256348e+02, 2.11429123e+02,
    2.73508270e+02 ]
noOfLandmarkPoint: 68
