%YAML:1.0
landmark: [ 1.37572571e+02, 1.22160248e+02, 1.37803040e+02,
    1.38537491e+02, 1.40584808e+02, 1.57841171e+02, 1.47385941e+02,
    1.75237289e+02, 1.54317169e+02, 1.92757462e+02, 1.60864151e+02,
    2.07830063e+02, 1.69988800e+02, 2.22636444e+02, 1.83194778e+02,
    2.35113281e+02, 1.97899033e+02, 2.35148087e+02, 2.15506348e+02,
    2.31805283e+02, 2.34766464e+02, 2.17935486e+02, 2.52473694e+02,
    2.08259674e+02, 2.62702911e+02, 1.90840454e+02, 2.67500916e+02,
    1.75016449e+02, 2.68795776e+02, 1.54697754e+02, 2.70735077e+02,
    1.34548508e+02, 2.71854492e+02, 1.13839554e+02, 1.34401443e+02,
    1.05026970e+02, 1.38987381e+02, 9.31957092e+01, 1.49815613e+02,
    8.86545410e+01, 1.62123535e+02, 8.78082809e+01, 1.71602921e+02,
    9.12702332e+01, 1.85887314e+02, 8.79571609e+01, 2.00264099e+02,
    8.08565063e+01, 2.17784271e+02, 7.93922043e+01, 2.35733673e+02,
    8.34139633e+01, 2.46330429e+02, 9.53302612e+01, 1.77694534e+02,
    1.03895012e+02, 1.75026123e+02, 1.16078362e+02, 1.72487793e+02,
    1.28951492e+02, 1.70509171e+02, 1.42124146e+02, 1.67275894e+02,
    1.51540237e+02, 1.72605820e+02, 1.55850479e+02, 1.79881943e+02,
    1.57015244e+02, 1.88628387e+02, 1.50220154e+02, 1.99652985e+02,
    1.44063431e+02, 1.43710434e+02, 1.11849098e+02, 1.47991150e+02,
    1.03045227e+02, 1.58895966e+02, 1.02398277e+02, 1.66715836e+02,
    1.09533707e+02, 1.58815430e+02, 1.13038643e+02, 1.50587204e+02,
    1.13252304e+02, 2.01937164e+02, 1.03544090e+02, 2.08614243e+02,
    9.44648056e+01, 2.18949051e+02, 9.28310776e+01, 2.28709167e+02,
    1.00471542e+02, 2.21974350e+02, 1.05169991e+02, 2.12195999e+02,
    1.05913490e+02, 1.66810089e+02, 1.83081894e+02, 1.69813339e+02,
    1.72308685e+02, 1.79489792e+02, 1.67699203e+02, 1.86569595e+02,
    1.68644989e+02, 1.97215881e+02, 1.66345078e+02, 2.09676208e+02,
    1.71567490e+02, 2.19802246e+02, 1.79793579e+02, 2.13600143e+02,
    1.93096329e+02, 2.01332092e+02, 2.01446472e+02, 1.90646362e+02,
    2.02220978e+02, 1.81001343e+02, 2.01960800e+02, 1.72842972e+02,
    1.96254745e+02, 1.69513824e+02, 1.82377289e+02, 1.79896774e+02,
    1.72969025e+02, 1.86892090e+02, 1.72517532e+02, 1.97578934e+02,
    1.72132217e+02, 2.17127792e+02, 1.80652802e+02, 2.00258057e+02,
    1.92022293e+02, 1.89402893e+02, 1.92796799e+02, 1.80272202e+02,
    1.93096329e+02 ]
noOfLandmarkPoint: 68
