%YAML:1.0
landmark: [ 1.40512207e+02, 1.00317314e+02, 1.41124207e+02,
    1.20950539e+02, 1.41942291e+02, 1.39947586e+02, 1.43784576e+02,
    1.58713333e+02, 1.47050644e+02, 1.76673584e+02, 1.57261063e+02,
    1.91342575e+02, 1.72792236e+02, 2.02152390e+02, 1.91150894e+02,
    2.10042389e+02, 2.09425964e+02, 2.11542068e+02, 2.28902283e+02,
    2.12550003e+02, 2.45419846e+02, 2.07048355e+02, 2.59277039e+02,
    1.96225937e+02, 2.68090546e+02, 1.81917725e+02, 2.72707886e+02,
    1.62988876e+02, 2.76216217e+02, 1.46532089e+02, 2.80219421e+02,
    1.28471222e+02, 2.80530426e+02, 1.12617828e+02, 1.56535294e+02,
    7.32842255e+01, 1.68029556e+02, 6.74334946e+01, 1.81428970e+02,
    6.51953506e+01, 1.94678162e+02, 6.91628189e+01, 2.05861069e+02,
    7.83472061e+01, 2.33247070e+02, 7.83379898e+01, 2.45396118e+02,
    7.54790115e+01, 2.57045441e+02, 7.57332382e+01, 2.67545380e+02,
    8.05689163e+01, 2.75686401e+02, 8.80166397e+01, 2.16437393e+02,
    9.21741714e+01, 2.16255249e+02, 1.04682510e+02, 2.16018890e+02,
    1.16479370e+02, 2.16836990e+02, 1.28332260e+02, 1.98658112e+02,
    1.35845856e+02, 2.06567169e+02, 1.40177963e+02, 2.14406921e+02,
    1.44480560e+02, 2.21663940e+02, 1.41714996e+02, 2.28219452e+02,
    1.36746338e+02, 1.68051987e+02, 9.32235565e+01, 1.78687195e+02,
    8.68912125e+01, 1.85623978e+02, 8.73358383e+01, 1.97239914e+02,
    9.78830719e+01, 1.86121109e+02, 9.75956726e+01, 1.77038406e+02,
    9.64959259e+01, 2.35436279e+02, 1.01133492e+02, 2.44969467e+02,
    9.35318756e+01, 2.52324051e+02, 9.39384613e+01, 2.62171173e+02,
    1.02428703e+02, 2.54586365e+02, 1.04940079e+02, 2.45248886e+02,
    1.03745270e+02, 1.78068893e+02, 1.62591400e+02, 1.92563095e+02,
    1.55720856e+02, 2.02579819e+02, 1.53325073e+02, 2.09026840e+02,
    1.55016525e+02, 2.17713989e+02, 1.54234070e+02, 2.29348251e+02,
    1.58887589e+02, 2.42934082e+02, 1.67087753e+02, 2.30187057e+02,
    1.74011490e+02, 2.18359131e+02, 1.74024902e+02, 2.09664856e+02,
    1.74299667e+02, 2.01711121e+02, 1.73602158e+02, 1.92137955e+02,
    1.73351257e+02, 1.82675812e+02, 1.62693237e+02, 2.02611679e+02,
    1.64421082e+02, 2.09480453e+02, 1.65245468e+02, 2.17592102e+02,
    1.65438980e+02, 2.37432419e+02, 1.67293854e+02, 2.17592102e+02,
    1.65438980e+02, 2.09480453e+02, 1.65245468e+02, 2.02611679e+02,
    1.64421082e+02 ]
noOfLandmarkPoint: 68
