%YAML:1.0
landmark: [ 1.23236839e+02, 2.46815796e+02, 1.22514687e+02,
    2.68992035e+02, 1.15657898e+02, 2.87829865e+02, 1.14555077e+02,
    3.14456543e+02, 1.12870872e+02, 3.45674408e+02, 1.12750916e+02,
    3.70446136e+02, 1.17362915e+02, 3.92020203e+02, 1.28421051e+02,
    4.15026917e+02, 1.47148102e+02, 4.26384949e+02, 1.76220322e+02,
    4.33532440e+02, 2.14094254e+02, 4.35246643e+02, 2.52194641e+02,
    4.33037231e+02, 2.73492096e+02, 4.28898865e+02, 2.96029816e+02,
    4.07683472e+02, 3.13284668e+02, 3.76551178e+02, 3.27980560e+02,
    3.47007294e+02, 3.40454926e+02, 3.14522095e+02, 1.34171707e+02,
    2.21535477e+02, 1.51337982e+02, 2.09673340e+02, 1.70544678e+02,
    2.05612610e+02, 1.85642593e+02, 2.13512238e+02, 1.99176254e+02,
    2.25331696e+02, 2.33783356e+02, 2.33923492e+02, 2.57482239e+02,
    2.31136475e+02, 2.81732544e+02, 2.39386780e+02, 3.01421661e+02,
    2.56669525e+02, 3.16780304e+02, 2.76007965e+02, 2.03277649e+02,
    2.60142578e+02, 1.94513550e+02, 2.74058441e+02, 1.85847504e+02,
    2.87789185e+02, 1.77279831e+02, 3.00228638e+02, 1.69792526e+02,
    3.17993256e+02, 1.72870255e+02, 3.22233795e+02, 1.76960831e+02,
    3.25281525e+02, 1.87006119e+02, 3.25221527e+02, 1.95657898e+02,
    3.25973694e+02, 1.52860458e+02, 2.51116272e+02, 1.59548264e+02,
    2.43609787e+02, 1.73811768e+02, 2.44809860e+02, 1.85465714e+02,
    2.60416656e+02, 1.70981262e+02, 2.60449890e+02, 1.57635788e+02,
    2.57430817e+02, 2.38562271e+02, 2.75388763e+02, 2.51338135e+02,
    2.66466858e+02, 2.65511780e+02, 2.69082397e+02, 2.79831085e+02,
    2.85375702e+02, 2.64982971e+02, 2.86380371e+02, 2.50795303e+02,
    2.81361267e+02, 1.36630127e+02, 3.59771423e+02, 1.48579590e+02,
    3.46481140e+02, 1.61817490e+02, 3.40776825e+02, 1.67800964e+02,
    3.45064301e+02, 1.76638321e+02, 3.45774353e+02, 1.97747147e+02,
    3.62147095e+02, 2.07855637e+02, 3.77757538e+02, 1.91003281e+02,
    3.80710205e+02, 1.69127914e+02, 3.78346741e+02, 1.60512634e+02,
    3.76618164e+02, 1.52455704e+02, 3.73736176e+02, 1.43726746e+02,
    3.66208954e+02, 1.43828033e+02, 3.60848633e+02, 1.57883102e+02,
    3.58615051e+02, 1.65252136e+02, 3.59367188e+02, 1.72761932e+02,
    3.60841492e+02, 2.00807312e+02, 3.76442413e+02, 1.72761932e+02,
    3.60841492e+02, 1.65252136e+02, 3.59367188e+02, 1.57883102e+02,
    3.58615051e+02 ]
noOfLandmarkPoint: 68
