%YAML:1.0
landmark: [ 1.87626846e+02, 1.36257904e+02, 1.90289993e+02,
    1.50923889e+02, 1.92825577e+02, 1.62127914e+02, 1.97476746e+02,
    1.73290695e+02, 2.02045456e+02, 1.84877380e+02, 2.05807602e+02,
    1.98658218e+02, 2.15064835e+02, 2.11767792e+02, 2.24584915e+02,
    2.24239609e+02, 2.37994690e+02, 2.26985214e+02, 2.54150070e+02,
    2.24231873e+02, 2.71014069e+02, 2.12187820e+02, 2.82893219e+02,
    1.98320648e+02, 2.92532410e+02, 1.82099426e+02, 2.98065552e+02,
    1.66194138e+02, 2.99164551e+02, 1.52030640e+02, 2.97563080e+02,
    1.37570801e+02, 2.95912628e+02, 1.23576080e+02, 1.86005524e+02,
    1.14239830e+02, 1.92538147e+02, 1.10980721e+02, 1.98406982e+02,
    1.10623688e+02, 2.05383728e+02, 1.10368584e+02, 2.15484192e+02,
    1.10445641e+02, 2.38189346e+02, 1.09932999e+02, 2.46877884e+02,
    1.04520386e+02, 2.57403931e+02, 1.03152237e+02, 2.67447021e+02,
    1.03856819e+02, 2.76973419e+02, 1.07965393e+02, 2.27337341e+02,
    1.30113464e+02, 2.26313950e+02, 1.38406982e+02, 2.25383728e+02,
    1.47709305e+02, 2.24918610e+02, 1.57476746e+02, 2.18785767e+02,
    1.66523972e+02, 2.22169128e+02, 1.69059555e+02, 2.27412964e+02,
    1.70874924e+02, 2.34262161e+02, 1.67791763e+02, 2.41182404e+02,
    1.64866516e+02, 1.98859207e+02, 1.32555695e+02, 2.03780762e+02,
    1.29687256e+02, 2.09204193e+02, 1.29255096e+02, 2.15768784e+02,
    1.31189362e+02, 2.10070358e+02, 1.34374985e+02, 2.03808548e+02,
    1.34268326e+02, 2.46364624e+02, 1.28451141e+02, 2.51812805e+02,
    1.26054810e+02, 2.57979645e+02, 1.25581688e+02, 2.63208893e+02,
    1.27638222e+02, 2.57799042e+02, 1.29714874e+02, 2.52390747e+02,
    1.29919846e+02, 2.16126495e+02, 1.86441513e+02, 2.22889359e+02,
    1.85086411e+02, 2.30410141e+02, 1.85113785e+02, 2.34107224e+02,
    1.85788574e+02, 2.38118698e+02, 1.84169373e+02, 2.47061874e+02,
    1.84648666e+02, 2.54158020e+02, 1.86007431e+02, 2.47840729e+02,
    1.98012726e+02, 2.38883698e+02, 2.00510956e+02, 2.34434814e+02,
    2.00811142e+02, 2.29948563e+02, 2.00601135e+02, 2.22633591e+02,
    1.98564819e+02, 2.18845367e+02, 1.88101944e+02, 2.30031021e+02,
    1.87540527e+02, 2.34206757e+02, 1.88287140e+02, 2.38415039e+02,
    1.87384613e+02, 2.52360458e+02, 1.87087952e+02, 2.38691483e+02,
    1.93271759e+02, 2.34405930e+02, 1.93059814e+02, 2.30072250e+02,
    1.93624390e+02 ]
noOfLandmarkPoint: 68
