%YAML:1.0
landmark: [ 1.99554199e+02, 9.53826065e+01, 1.96457855e+02,
    1.21259918e+02, 1.93388779e+02, 1.44100861e+02, 1.92854553e+02,
    1.69449402e+02, 1.95127747e+02, 1.89542908e+02, 2.02067261e+02,
    2.07472229e+02, 2.11514359e+02, 2.22283401e+02, 2.27546631e+02,
    2.39972870e+02, 2.50244934e+02, 2.52741074e+02, 2.73205261e+02,
    2.55182892e+02, 2.90031403e+02, 2.45931839e+02, 3.03155670e+02,
    2.32269257e+02, 3.15835876e+02, 2.15202148e+02, 3.26848419e+02,
    1.98009430e+02, 3.35652008e+02, 1.79044296e+02, 3.43883606e+02,
    1.59490143e+02, 3.46385834e+02, 1.39113113e+02, 2.33521255e+02,
    8.80015259e+01, 2.42968353e+02, 7.94647980e+01, 2.56013306e+02,
    7.73060837e+01, 2.68872925e+02, 8.08276215e+01, 2.78679443e+02,
    9.01184921e+01, 3.07533234e+02, 9.66431656e+01, 3.18877686e+02,
    9.34255829e+01, 3.28482880e+02, 9.39325485e+01, 3.38218903e+02,
    9.86806335e+01, 3.44378876e+02, 1.05696449e+02, 2.90770752e+02,
    1.22023026e+02, 2.89631470e+02, 1.32484131e+02, 2.88617523e+02,
    1.42787094e+02, 2.87788940e+02, 1.54714539e+02, 2.61181976e+02,
    1.65080399e+02, 2.69834442e+02, 1.69352295e+02, 2.78446228e+02,
    1.73535614e+02, 2.87462006e+02, 1.73275421e+02, 2.95896667e+02,
    1.73324829e+02, 2.35074677e+02, 1.08483528e+02, 2.46429504e+02,
    1.05374313e+02, 2.58047546e+02, 1.09472000e+02, 2.65661865e+02,
    1.17783722e+02, 2.54232742e+02, 1.17340317e+02, 2.41904129e+02,
    1.14584114e+02, 3.07402710e+02, 1.27414429e+02, 3.16184753e+02,
    1.22933456e+02, 3.26482269e+02, 1.25201202e+02, 3.33072876e+02,
    1.32298798e+02, 3.26345978e+02, 1.34217651e+02, 3.16288330e+02,
    1.31442932e+02, 2.34371643e+02, 1.94334579e+02, 2.53158524e+02,
    1.90389343e+02, 2.64570343e+02, 1.91225693e+02, 2.71828979e+02,
    1.93833359e+02, 2.80007111e+02, 1.93141891e+02, 2.89522614e+02,
    1.99250763e+02, 2.97448639e+02, 2.09838074e+02, 2.83925690e+02,
    2.20488617e+02, 2.72557037e+02, 2.21380463e+02, 2.63870941e+02,
    2.19290970e+02, 2.55438629e+02, 2.16719864e+02, 2.45380981e+02,
    2.09466751e+02, 2.41294586e+02, 1.94871613e+02, 2.61099365e+02,
    2.01857376e+02, 2.68545898e+02, 2.04921066e+02, 2.76793732e+02,
    2.05074371e+02, 2.92673309e+02, 2.09756302e+02, 2.76793732e+02,
    2.05074371e+02, 2.68545898e+02, 2.04921066e+02, 2.61099365e+02,
    2.01857376e+02 ]
noOfLandmarkPoint: 68
