%YAML:1.0
landmark: [ 8.92686539e+01, 1.44063431e+02, 8.75895538e+01,
    1.63652985e+02, 8.70298538e+01, 1.83802246e+02, 8.75895538e+01,
    2.04511200e+02, 8.91451645e+01, 2.26975113e+02, 9.78425369e+01,
    2.48091370e+02, 1.10426277e+02, 2.67315155e+02, 1.26653915e+02,
    2.83266571e+02, 1.47136383e+02, 2.91266602e+02, 1.73092606e+02,
    2.91249390e+02, 1.93751450e+02, 2.77025360e+02, 2.13572495e+02,
    2.61469452e+02, 2.30791962e+02, 2.42686646e+02, 2.38133728e+02,
    2.22850067e+02, 2.41966263e+02, 1.97017456e+02, 2.47478729e+02,
    1.73714462e+02, 2.50644241e+02, 1.49855362e+02, 9.81595306e+01,
    1.24949051e+02, 1.08511719e+02, 1.10062248e+02, 1.22097198e+02,
    1.06171150e+02, 1.37126022e+02, 1.08180656e+02, 1.51225815e+02,
    1.13414467e+02, 1.86033066e+02, 1.15886620e+02, 2.04371918e+02,
    1.12563179e+02, 2.20732758e+02, 1.13520164e+02, 2.32894638e+02,
    1.21731087e+02, 2.40987930e+02, 1.37449005e+02, 1.65637100e+02,
    1.36385178e+02, 1.63817657e+02, 1.51589218e+02, 1.62520294e+02,
    1.66971420e+02, 1.60799149e+02, 1.81804825e+02, 1.45782639e+02,
    1.88567673e+02, 1.53084747e+02, 1.92582596e+02, 1.60363541e+02,
    1.95496674e+02, 1.68497238e+02, 1.93322098e+02, 1.76196014e+02,
    1.92208542e+02, 1.21059273e+02, 1.32477188e+02, 1.28309433e+02,
    1.27869446e+02, 1.39275269e+02, 1.29226959e+02, 1.45853867e+02,
    1.36073639e+02, 1.38070038e+02, 1.36379395e+02, 1.29260880e+02,
    1.35000671e+02, 1.89980576e+02, 1.41005768e+02, 1.98015274e+02,
    1.36136063e+02, 2.06742081e+02, 1.36373581e+02, 2.13963516e+02,
    1.41070328e+02, 2.07189209e+02, 1.42975601e+02, 1.98787170e+02,
    1.42268738e+02, 1.20611938e+02, 2.08000687e+02, 1.35339661e+02,
    2.09026627e+02, 1.46893417e+02, 2.10157120e+02, 1.57303116e+02,
    2.13950455e+02, 1.70781494e+02, 2.13828369e+02, 1.85951004e+02,
    2.15790253e+02, 1.99514328e+02, 2.20051559e+02, 1.84512070e+02,
    2.34674194e+02, 1.69273239e+02, 2.42930893e+02, 1.52811874e+02,
    2.42310806e+02, 1.41131287e+02, 2.40109955e+02, 1.29440918e+02,
    2.29040863e+02, 1.25765007e+02, 2.11161972e+02, 1.45896225e+02,
    2.15819412e+02, 1.56351288e+02, 2.19417923e+02, 1.71264862e+02,
    2.18585251e+02, 1.93407928e+02, 2.20672729e+02, 1.69641251e+02,
    2.32030945e+02, 1.54686874e+02, 2.33409164e+02, 1.43095459e+02,
    2.31299835e+02 ]
noOfLandmarkPoint: 68
