%YAML:1.0
landmark: [ 1.59455200e+02, 1.75158279e+02, 1.57879395e+02,
    1.88174072e+02, 1.59190781e+02, 2.03042297e+02, 1.68512405e+02,
    2.25679199e+02, 1.71795212e+02, 2.33650787e+02, 1.76251099e+02,
    2.49166824e+02, 1.77222824e+02, 2.56826691e+02, 1.78744217e+02,
    2.66389862e+02, 1.91191010e+02, 2.75340271e+02, 2.09405090e+02,
    2.73862610e+02, 2.26666763e+02, 2.67601562e+02, 2.40824112e+02,
    2.58919128e+02, 2.57501007e+02, 2.47349472e+02, 2.72771973e+02,
    2.34345886e+02, 2.85190796e+02, 2.18257294e+02, 2.88599701e+02,
    2.00671722e+02, 2.88260010e+02, 1.80862518e+02, 1.52558563e+02,
    1.45516434e+02, 1.55489487e+02, 1.47258514e+02, 1.57709564e+02,
    1.49186203e+02, 1.62105957e+02, 1.53428513e+02, 1.66502350e+02,
    1.57177094e+02, 1.94804840e+02, 1.68589111e+02, 2.06236176e+02,
    1.67309250e+02, 2.17387344e+02, 1.67139420e+02, 2.27906448e+02,
    1.67787231e+02, 2.41111404e+02, 1.70441544e+02, 1.77361130e+02,
    1.77560394e+02, 1.73027786e+02, 1.88466461e+02, 1.68816986e+02,
    1.99218460e+02, 1.64851288e+02, 2.11530502e+02, 1.62738007e+02,
    2.17823044e+02, 1.65360794e+02, 2.21804520e+02, 1.70744675e+02,
    2.23439819e+02, 1.77795380e+02, 2.21895538e+02, 1.86801727e+02,
    2.21062119e+02, 1.59439438e+02, 1.66862793e+02, 1.61829330e+02,
    1.68407074e+02, 1.64760269e+02, 1.68529617e+02, 1.69990067e+02,
    1.68806244e+02, 1.64760269e+02, 1.68296738e+02, 1.61627975e+02,
    1.68344025e+02, 2.00836533e+02, 1.80557938e+02, 2.07437225e+02,
    1.86095886e+02, 2.16522400e+02, 1.87423035e+02, 2.26409470e+02,
    1.85463837e+02, 2.16506638e+02, 1.87375748e+02, 2.07235870e+02,
    1.86064362e+02, 1.73182831e+02, 2.40444901e+02, 1.73084366e+02,
    2.37098190e+02, 1.75461411e+02, 2.36779510e+02, 1.78234711e+02,
    2.37751236e+02, 1.82691574e+02, 2.37534119e+02, 1.93927048e+02,
    2.39355988e+02, 2.05477051e+02, 2.42730453e+02, 1.96896866e+02,
    2.48503235e+02, 1.87045776e+02, 2.49647705e+02, 1.82771042e+02,
    2.49153961e+02, 1.79167236e+02, 2.48383606e+02, 1.75620987e+02,
    2.44836380e+02, 1.74615799e+02, 2.40421310e+02, 1.76555679e+02,
    2.40389786e+02, 1.79546112e+02, 2.40836243e+02, 1.83489578e+02,
    2.41161118e+02, 2.02425522e+02, 2.42779694e+02, 1.83489578e+02,
    2.41161118e+02, 1.79546112e+02, 2.40836243e+02, 1.76555679e+02,
    2.40389786e+02 ]
noOfLandmarkPoint: 68
