%YAML:1.0
landmark: [ 1.60705460e+02, 1.57375397e+02, 1.57400879e+02,
    1.74791290e+02, 1.55373474e+02, 1.90859909e+02, 1.55430588e+02,
    2.06731232e+02, 1.63785202e+02, 2.20001434e+02, 1.74724747e+02,
    2.31964569e+02, 1.86460693e+02, 2.41262558e+02, 1.98581055e+02,
    2.56197021e+02, 2.21011047e+02, 2.62807709e+02, 2.36347076e+02,
    2.59257904e+02, 2.46787170e+02, 2.44979370e+02, 2.57080841e+02,
    2.31190796e+02, 2.64977173e+02, 2.17716171e+02, 2.70906555e+02,
    2.04409073e+02, 2.76916077e+02, 1.92126709e+02, 2.80617828e+02,
    1.79149796e+02, 2.81440735e+02, 1.66512970e+02, 1.91456451e+02,
    1.39747192e+02, 2.03748062e+02, 1.33339966e+02, 2.18227997e+02,
    1.33524277e+02, 2.31643600e+02, 1.38671936e+02, 2.41315918e+02,
    1.45847000e+02, 2.64450592e+02, 1.47819885e+02, 2.73214325e+02,
    1.44912491e+02, 2.79270569e+02, 1.43069397e+02, 2.86461212e+02,
    1.43835190e+02, 2.89552917e+02, 1.50174377e+02, 2.48568024e+02,
    1.56379211e+02, 2.48607803e+02, 1.69236053e+02, 2.48636353e+02,
    1.82807419e+02, 2.48324844e+02, 1.96280136e+02, 2.28435181e+02,
    1.97390488e+02, 2.35007889e+02, 2.00607513e+02, 2.42227081e+02,
    2.06038132e+02, 2.48566269e+02, 2.03429245e+02, 2.54054001e+02,
    1.99841721e+02, 2.06291946e+02, 1.54117233e+02, 2.15048050e+02,
    1.50966812e+02, 2.22766800e+02, 1.52921356e+02, 2.26674484e+02,
    1.59125061e+02, 2.19495651e+02, 1.61327621e+02, 2.11999023e+02,
    1.60183853e+02, 2.57760040e+02, 1.62848221e+02, 2.64341614e+02,
    1.58688644e+02, 2.71661255e+02, 1.59388718e+02, 2.76788879e+02,
    1.63605560e+02, 2.71838501e+02, 1.69023193e+02, 2.64647858e+02,
    1.68568909e+02, 2.05720947e+02, 2.16974655e+02, 2.20428787e+02,
    2.12444824e+02, 2.30588242e+02, 2.13285202e+02, 2.37940948e+02,
    2.16654312e+02, 2.44555847e+02, 2.16098190e+02, 2.50277969e+02,
    2.17652298e+02, 2.51159149e+02, 2.24606232e+02, 2.45018677e+02,
    2.32058029e+02, 2.37352386e+02, 2.38004410e+02, 2.30337509e+02,
    2.39023972e+02, 2.21875519e+02, 2.36707962e+02, 2.12756073e+02,
    2.30571045e+02, 2.12208435e+02, 2.19087051e+02, 2.28408142e+02,
    2.19156235e+02, 2.35724930e+02, 2.21913498e+02, 2.42253662e+02,
    2.21868454e+02, 2.45087067e+02, 2.24090942e+02, 2.39749847e+02,
    2.28332611e+02, 2.32754639e+02, 2.30475632e+02, 2.24945602e+02,
    2.28345642e+02 ]
noOfLandmarkPoint: 68
