%YAML:1.0
landmark: [ 2.33956894e+02, 1.89588913e+02, 2.33149384e+02,
    2.05684128e+02, 2.35071198e+02, 2.22054871e+02, 2.44213242e+02,
    2.34734085e+02, 2.53118347e+02, 2.46626648e+02, 2.63408691e+02,
    2.57844788e+02, 2.68537842e+02, 2.70557648e+02, 2.73608093e+02,
    2.88413330e+02, 2.82396057e+02, 2.95017242e+02, 3.02403320e+02,
    2.87423218e+02, 3.24940704e+02, 2.75559814e+02, 3.44893890e+02,
    2.61245819e+02, 3.61120941e+02, 2.47399597e+02, 3.75113678e+02,
    2.28060501e+02, 3.74655548e+02, 2.01873550e+02, 3.71026581e+02,
    1.75261017e+02, 3.66509094e+02, 1.49584457e+02, 2.25645569e+02,
    1.67499405e+02, 2.27185577e+02, 1.61746307e+02, 2.32101501e+02,
    1.59833405e+02, 2.38177765e+02, 1.58789291e+02, 2.43013382e+02,
    1.61497589e+02, 2.57219635e+02, 1.55791519e+02, 2.71975098e+02,
    1.48557297e+02, 2.85150665e+02, 1.43510941e+02, 3.03268555e+02,
    1.42456314e+02, 3.19808044e+02, 1.47243362e+02, 2.50892578e+02,
    1.71187836e+02, 2.50286072e+02, 1.81736816e+02, 2.48988235e+02,
    1.93636978e+02, 2.47267822e+02, 2.05449768e+02, 2.48077469e+02,
    2.12471832e+02, 2.52115021e+02, 2.14894363e+02, 2.58433075e+02,
    2.16574661e+02, 2.64107422e+02, 2.12308029e+02, 2.71145935e+02,
    2.10256607e+02, 2.35430466e+02, 1.79887650e+02, 2.35220215e+02,
    1.75126877e+02, 2.40931992e+02, 1.72250046e+02, 2.48365051e+02,
    1.75560638e+02, 2.43662720e+02, 1.77178375e+02, 2.39059586e+02,
    1.79743118e+02, 2.81034241e+02, 1.68912445e+02, 2.81846832e+02,
    1.60783005e+02, 2.90553650e+02, 1.58791397e+02, 2.99965546e+02,
    1.62285812e+02, 2.95371307e+02, 1.66236343e+02, 2.88703888e+02,
    1.68516830e+02, 2.60166931e+02, 2.38474228e+02, 2.55664902e+02,
    2.33597824e+02, 2.59882019e+02, 2.31216278e+02, 2.65073914e+02,
    2.31086227e+02, 2.71255707e+02, 2.28647125e+02, 2.86093201e+02,
    2.27436005e+02, 3.04439484e+02, 2.28687332e+02, 2.94947449e+02,
    2.40097031e+02, 2.84237518e+02, 2.47332779e+02, 2.76004578e+02,
    2.51742233e+02, 2.70354584e+02, 2.53656403e+02, 2.62148743e+02,
    2.49536423e+02, 2.62813385e+02, 2.39456955e+02, 2.61403320e+02,
    2.34662262e+02, 2.66161865e+02, 2.33841843e+02, 2.74371857e+02,
    2.32164154e+02, 3.01645813e+02, 2.29265778e+02, 2.80022034e+02,
    2.41288803e+02, 2.71020721e+02, 2.44694031e+02, 2.65631744e+02,
    2.44176239e+02 ]
noOfLandmarkPoint: 68
