%YAML:1.0
landmark: [ 7.00527420e+01, 1.29868561e+02, 6.93960876e+01,
    1.51807556e+02, 6.99822388e+01, 1.73874344e+02, 7.69052734e+01,
    1.96596390e+02, 9.30614777e+01, 2.17766129e+02, 1.14113091e+02,
    2.35695099e+02, 1.36472382e+02, 2.49381760e+02, 1.61605698e+02,
    2.60855316e+02, 1.84022095e+02, 2.58347900e+02, 2.03804779e+02,
    2.51868118e+02, 2.18842865e+02, 2.36755905e+02, 2.31007065e+02,
    2.17953476e+02, 2.33467606e+02, 2.00065872e+02, 2.34911850e+02,
    1.82096054e+02, 2.34911850e+02, 1.64760574e+02, 2.34475677e+02,
    1.44850693e+02, 2.33623016e+02, 1.27492226e+02, 1.06882492e+02,
    1.31042511e+02, 1.16486351e+02, 1.22728973e+02, 1.29980667e+02,
    1.18670769e+02, 1.44622925e+02, 1.19183258e+02, 1.59020706e+02,
    1.22141724e+02, 1.92552414e+02, 1.19573006e+02, 2.01457764e+02,
    1.13743958e+02, 2.12347900e+02, 1.10333511e+02, 2.22471176e+02,
    1.10454887e+02, 2.30586182e+02, 1.12836182e+02, 1.78707642e+02,
    1.37790283e+02, 1.81977844e+02, 1.54051086e+02, 1.85444778e+02,
    1.70484848e+02, 1.88436737e+02, 1.87391251e+02, 1.66950653e+02,
    1.92055923e+02, 1.77128616e+02, 1.94428635e+02, 1.88374023e+02,
    1.95717468e+02, 1.97253296e+02, 1.91821411e+02, 2.04173035e+02,
    1.87284225e+02, 1.22904388e+02, 1.44639526e+02, 1.31405060e+02,
    1.38221863e+02, 1.42163559e+02, 1.37034439e+02, 1.51039154e+02,
    1.40744125e+02, 1.42057587e+02, 1.44913712e+02, 1.32265610e+02,
    1.46624100e+02, 1.95630875e+02, 1.36378006e+02, 2.04693451e+02,
    1.30831497e+02, 2.15436279e+02, 1.29881317e+02, 2.24157593e+02,
    1.34691132e+02, 2.15206573e+02, 1.38589462e+02, 2.05201187e+02,
    1.38884384e+02, 1.49049576e+02, 2.17791550e+02, 1.64313889e+02,
    2.14559875e+02, 1.75501160e+02, 2.12705429e+02, 1.82962204e+02,
    2.14185928e+02, 1.90067154e+02, 2.11902496e+02, 1.97696030e+02,
    2.12335388e+02, 2.06050797e+02, 2.12422791e+02, 1.98075378e+02,
    2.21874557e+02, 1.91690598e+02, 2.25728973e+02, 1.83179291e+02,
    2.26036514e+02, 1.76421814e+02, 2.26039795e+02, 1.64743500e+02,
    2.22999680e+02, 1.54595108e+02, 2.17593430e+02, 1.76187302e+02,
    2.16945724e+02, 1.82373077e+02, 2.17010452e+02, 1.90326981e+02,
    2.15428955e+02, 2.02050781e+02, 2.13787888e+02, 1.90326981e+02,
    2.15428955e+02, 1.82373077e+02, 2.17010452e+02, 1.76187302e+02,
    2.16945724e+02 ]
noOfLandmarkPoint: 68
