%YAML:1.0
landmark: [ 6.06019897e+02, 1.26958931e+02, 6.05407532e+02,
    1.46434998e+02, 6.05582886e+02, 1.66674606e+02, 6.05172119e+02,
    1.87926453e+02, 6.08680847e+02, 2.06091858e+02, 6.17754944e+02,
    2.20132416e+02, 6.28497925e+02, 2.32501175e+02, 6.44328735e+02,
    2.41179565e+02, 6.64591675e+02, 2.43224030e+02, 6.83187012e+02,
    2.40921082e+02, 7.00683228e+02, 2.30873367e+02, 7.18262268e+02,
    2.18025986e+02, 7.35221313e+02, 2.03639999e+02, 7.47754639e+02,
    1.85536514e+02, 7.54709167e+02, 1.67001083e+02, 7.53300903e+02,
    1.48160583e+02, 7.50497314e+02, 1.30770203e+02, 6.05024536e+02,
    1.01960632e+02, 6.13286621e+02, 9.55702972e+01, 6.25015198e+02,
    9.58342209e+01, 6.35267944e+02, 9.89724808e+01, 6.45574890e+02,
    1.03928284e+02, 6.60216492e+02, 9.91322174e+01, 6.76009521e+02,
    9.62996292e+01, 6.90917114e+02, 9.16431503e+01, 7.04654114e+02,
    9.77445221e+01, 7.15308350e+02, 1.06662727e+02, 6.54739380e+02,
    1.14603065e+02, 6.52609436e+02, 1.26945839e+02, 6.50294067e+02,
    1.39253418e+02, 6.48019714e+02, 1.51434433e+02, 6.38206055e+02,
    1.58051025e+02, 6.42923340e+02, 1.62954773e+02, 6.50143250e+02,
    1.65639084e+02, 6.59653992e+02, 1.61725372e+02, 6.67704041e+02,
    1.57189774e+02, 6.20892578e+02, 1.18765541e+02, 6.25512329e+02,
    1.14347694e+02, 6.33563904e+02, 1.15282463e+02, 6.41252563e+02,
    1.21122116e+02, 6.33066772e+02, 1.23809540e+02, 6.25678528e+02,
    1.23674591e+02, 6.74495483e+02, 1.19181435e+02, 6.80981934e+02,
    1.12800896e+02, 6.89370605e+02, 1.12438232e+02, 6.96810791e+02,
    1.17340935e+02, 6.91020447e+02, 1.20334396e+02, 6.83527954e+02,
    1.19934250e+02, 6.36572937e+02, 1.88030457e+02, 6.39805847e+02,
    1.81943924e+02, 6.46101318e+02, 1.79037109e+02, 6.56262573e+02,
    1.81119659e+02, 6.68801270e+02, 1.77301498e+02, 6.81495728e+02,
    1.81200241e+02, 6.88944336e+02, 1.87926453e+02, 6.81715820e+02,
    1.96395889e+02, 6.69495605e+02, 2.00257965e+02, 6.57035156e+02,
    2.01407257e+02, 6.45640991e+02, 1.99497101e+02, 6.40476257e+02,
    1.95052658e+02, 6.40692139e+02, 1.88491470e+02, 6.46060059e+02,
    1.83597061e+02, 6.56616150e+02, 1.83738449e+02, 6.68795044e+02,
    1.82637955e+02, 6.86054688e+02, 1.87932205e+02, 6.69331482e+02,
    1.96304245e+02, 6.56669922e+02, 1.97560745e+02, 6.45571838e+02,
    1.95071960e+02 ]
noOfLandmarkPoint: 68
