%YAML:1.0
landmark: [ 1.46742966e+02, 1.48149292e+02, 1.48866608e+02,
    1.65958191e+02, 1.49162445e+02, 1.84873505e+02, 1.50806168e+02,
    2.03758957e+02, 1.56924805e+02, 2.20374405e+02, 1.64619324e+02,
    2.34074814e+02, 1.73255142e+02, 2.46372910e+02, 1.84592255e+02,
    2.58278503e+02, 1.99342270e+02, 2.63499146e+02, 2.14854721e+02,
    2.59967072e+02, 2.29154892e+02, 2.48866028e+02, 2.40672775e+02,
    2.36575668e+02, 2.52044418e+02, 2.25348297e+02, 2.63643677e+02,
    2.07454834e+02, 2.65676025e+02, 1.89425034e+02, 2.68815460e+02,
    1.71252487e+02, 2.74566406e+02, 1.54807877e+02, 1.58091522e+02,
    1.53340118e+02, 1.65573151e+02, 1.44437149e+02, 1.75440445e+02,
    1.39341324e+02, 1.87589386e+02, 1.39243088e+02, 1.98683212e+02,
    1.44119019e+02, 2.17551544e+02, 1.46856903e+02, 2.29567062e+02,
    1.42359848e+02, 2.41046921e+02, 1.43699127e+02, 2.50597855e+02,
    1.48843979e+02, 2.61519348e+02, 1.58788086e+02, 2.09079956e+02,
    1.57503662e+02, 2.09032623e+02, 1.70456085e+02, 2.08485565e+02,
    1.83067123e+02, 2.08228363e+02, 1.96031998e+02, 1.93072571e+02,
    1.93802795e+02, 1.99606018e+02, 1.97979294e+02, 2.07053955e+02,
    2.03078415e+02, 2.14742783e+02, 1.99861359e+02, 2.20324966e+02,
    1.96547684e+02, 1.74028854e+02, 1.53984314e+02, 1.80656204e+02,
    1.51281677e+02, 1.87042664e+02, 1.51973022e+02, 1.92351318e+02,
    1.56734634e+02, 1.86071213e+02, 1.56691757e+02, 1.80126434e+02,
    1.56522858e+02, 2.25858215e+02, 1.59340652e+02, 2.31890839e+02,
    1.55206406e+02, 2.40126724e+02, 1.56187576e+02, 2.46673782e+02,
    1.60161224e+02, 2.39018768e+02, 1.60853516e+02, 2.32794983e+02,
    1.60703629e+02, 1.73273529e+02, 2.04075912e+02, 1.87785294e+02,
    2.08231796e+02, 2.00578308e+02, 2.10190140e+02, 2.05267792e+02,
    2.11078751e+02, 2.12449127e+02, 2.10468277e+02, 2.22393997e+02,
    2.10233276e+02, 2.34930984e+02, 2.10526352e+02, 2.22714584e+02,
    2.27354630e+02, 2.12255127e+02, 2.33595627e+02, 2.03903809e+02,
    2.33907272e+02, 1.98510132e+02, 2.32935944e+02, 1.85361099e+02,
    2.25740707e+02, 1.78099121e+02, 2.07212677e+02, 2.00569870e+02,
    2.12941315e+02, 2.05155685e+02, 2.14109283e+02, 2.12461899e+02,
    2.12980911e+02, 2.30732742e+02, 2.11427231e+02, 2.12296600e+02,
    2.26967041e+02, 2.04478180e+02, 2.27209610e+02, 1.98851120e+02,
    2.26274078e+02 ]
noOfLandmarkPoint: 68
