%YAML:1.0
landmark: [ 3.57754547e+02, 1.05688881e+02, 3.58815063e+02,
    1.20385536e+02, 3.61336365e+02, 1.35501251e+02, 3.64545471e+02,
    1.49760574e+02, 3.69818634e+02, 1.63400620e+02, 3.77905884e+02,
    1.77729599e+02, 3.89758484e+02, 1.92374023e+02, 4.06483490e+02,
    2.05885391e+02, 4.22867065e+02, 2.07361069e+02, 4.39488129e+02,
    2.03410217e+02, 4.53474457e+02, 1.92031387e+02, 4.63563141e+02,
    1.78229355e+02, 4.73281952e+02, 1.62925644e+02, 4.77391144e+02,
    1.47411652e+02, 4.78734497e+02, 1.29500412e+02, 4.77716614e+02,
    1.13600044e+02, 4.76954803e+02, 9.80613632e+01, 3.61326355e+02,
    9.17222748e+01, 3.67972412e+02, 8.62051163e+01, 3.76776276e+02,
    8.38997803e+01, 3.85999969e+02, 8.40854568e+01, 3.94825378e+02,
    8.63337402e+01, 4.25840790e+02, 8.33595352e+01, 4.35220947e+02,
    8.03908386e+01, 4.45004822e+02, 7.90423431e+01, 4.57031891e+02,
    8.01750641e+01, 4.63602875e+02, 8.63869476e+01, 4.12595551e+02,
    9.96662064e+01, 4.12769318e+02, 1.10649078e+02, 4.12758820e+02,
    1.23606972e+02, 4.12659210e+02, 1.36519135e+02, 3.99835144e+02,
    1.40098969e+02, 4.06282990e+02, 1.42463745e+02, 4.13296539e+02,
    1.45133286e+02, 4.21591553e+02, 1.41519302e+02, 4.28341827e+02,
    1.38963867e+02, 3.76516205e+02, 1.06493607e+02, 3.81962189e+02,
    1.02491318e+02, 3.89693481e+02, 1.02473885e+02, 3.96058716e+02,
    1.06350700e+02, 3.89349304e+02, 1.08974159e+02, 3.82368134e+02,
    1.08498352e+02, 4.30814423e+02, 1.03983376e+02, 4.36097595e+02,
    9.98580093e+01, 4.44235382e+02, 9.85719604e+01, 4.50132568e+02,
    1.01798744e+02, 4.45773102e+02, 1.05423515e+02, 4.37443481e+02,
    1.05832764e+02, 3.92262024e+02, 1.62224915e+02, 4.00725922e+02,
    1.57199097e+02, 4.08195526e+02, 1.55467178e+02, 4.14450867e+02,
    1.56750443e+02, 4.23156708e+02, 1.54312637e+02, 4.33066833e+02,
    1.55297836e+02, 4.40910248e+02, 1.58903000e+02, 4.33419983e+02,
    1.68731293e+02, 4.24156067e+02, 1.74941406e+02, 4.14714722e+02,
    1.76245651e+02, 4.07997040e+02, 1.75007980e+02, 4.00628143e+02,
    1.71382599e+02, 3.96073547e+02, 1.63435913e+02, 4.08365448e+02,
    1.63581100e+02, 4.14436066e+02, 1.63445282e+02, 4.23649048e+02,
    1.61778625e+02, 4.37802155e+02, 1.59737991e+02, 4.23649048e+02,
    1.61778625e+02, 4.14436066e+02, 1.63445282e+02, 4.08365448e+02,
    1.63581100e+02 ]
noOfLandmarkPoint: 68
