%YAML:1.0
landmark: [ 1.91256592e+02, 8.66608047e+01, 1.93059525e+02,
    1.00946960e+02, 1.95632278e+02, 1.14488411e+02, 2.00757095e+02,
    1.26788040e+02, 2.09907303e+02, 1.37482956e+02, 2.22227692e+02,
    1.45769241e+02, 2.36187332e+02, 1.52684998e+02, 2.50177765e+02,
    1.57824921e+02, 2.64954529e+02, 1.61105881e+02, 2.76176392e+02,
    1.61031387e+02, 2.81544037e+02, 1.54077499e+02, 2.85650787e+02,
    1.45685150e+02, 2.89362000e+02, 1.37433090e+02, 2.91701904e+02,
    1.25370773e+02, 2.93906342e+02, 1.13897316e+02, 2.95075409e+02,
    1.00682541e+02, 2.92309479e+02, 9.13850555e+01, 2.24297684e+02,
    6.73544540e+01, 2.32118729e+02, 6.12308388e+01, 2.40258865e+02,
    5.82703438e+01, 2.48587204e+02, 6.05889664e+01, 2.56114319e+02,
    6.47786331e+01, 2.74228241e+02, 6.79688721e+01, 2.79445862e+02,
    6.45517273e+01, 2.85492859e+02, 6.22923965e+01, 2.91137299e+02,
    6.33989677e+01, 2.94679413e+02, 6.86251831e+01, 2.69781921e+02,
    7.97807159e+01, 2.71978058e+02, 8.47549210e+01, 2.74443054e+02,
    9.05364532e+01, 2.77877502e+02, 9.56886444e+01, 2.62251831e+02,
    1.02448441e+02, 2.66259552e+02, 1.04177963e+02, 2.70376373e+02,
    1.06357803e+02, 2.74821625e+02, 1.05322449e+02, 2.78925659e+02,
    1.04189751e+02, 2.36514557e+02, 8.07350540e+01, 2.41308182e+02,
    7.78810272e+01, 2.46390076e+02, 7.78828812e+01, 2.50085999e+02,
    8.16299057e+01, 2.46122314e+02, 8.25594864e+01, 2.41352386e+02,
    8.22020416e+01, 2.76124390e+02, 8.41060562e+01, 2.80180267e+02,
    8.17797012e+01, 2.84297119e+02, 8.25957947e+01, 2.86720795e+02,
    8.65297470e+01, 2.83639313e+02, 8.71875381e+01, 2.79680786e+02,
    8.65907135e+01, 2.43215286e+02, 1.25455315e+02, 2.51935654e+02,
    1.15565872e+02, 2.63882996e+02, 1.13044846e+02, 2.70131531e+02,
    1.14433182e+02, 2.75161804e+02, 1.13958275e+02, 2.79205872e+02,
    1.16223663e+02, 2.79641174e+02, 1.27173447e+02, 2.77975861e+02,
    1.35369339e+02, 2.73575287e+02, 1.38214523e+02, 2.68218628e+02,
    1.37982483e+02, 2.62733643e+02, 1.37886887e+02, 2.51630844e+02,
    1.37207993e+02, 2.45127701e+02, 1.25163300e+02, 2.64235992e+02,
    1.16978798e+02, 2.70387177e+02, 1.17453697e+02, 2.75064453e+02,
    1.16978798e+02, 2.77695618e+02, 1.27318558e+02, 2.73709015e+02,
    1.35630753e+02, 2.68405121e+02, 1.34547623e+02, 2.62717438e+02,
    1.34348495e+02 ]
noOfLandmarkPoint: 68
