%YAML:1.0
landmark: [ 1.07016434e+02, 1.37961441e+02, 1.07876106e+02,
    1.53263596e+02, 1.08391907e+02, 1.68909607e+02, 1.08907715e+02,
    1.85243362e+02, 1.15793518e+02, 2.00207260e+02, 1.29157181e+02,
    2.11795197e+02, 1.48373795e+02, 2.24046783e+02, 1.70668274e+02,
    2.31127335e+02, 1.86297043e+02, 2.31943146e+02, 1.96766113e+02,
    2.27539185e+02, 2.02783813e+02, 2.10517700e+02, 2.07941849e+02,
    1.98310364e+02, 2.10348923e+02, 1.85415298e+02, 2.13568558e+02,
    1.73691238e+02, 2.16579529e+02, 1.62408234e+02, 2.17453659e+02,
    1.50833206e+02, 2.14663269e+02, 1.38668930e+02, 1.36760590e+02,
    1.29296646e+02, 1.45812820e+02, 1.21572876e+02, 1.56713364e+02,
    1.17079697e+02, 1.67775909e+02, 1.19612129e+02, 1.79318649e+02,
    1.24250313e+02, 1.95390640e+02, 1.24378632e+02, 2.03815430e+02,
    1.21455750e+02, 2.09496597e+02, 1.18364807e+02, 2.14475342e+02,
    1.17501266e+02, 2.17226303e+02, 1.21627686e+02, 1.87643936e+02,
    1.35069366e+02, 1.89706451e+02, 1.45354797e+02, 1.91963852e+02,
    1.54462036e+02, 1.94873093e+02, 1.64354156e+02, 1.79400757e+02,
    1.70972824e+02, 1.84902649e+02, 1.72520233e+02, 1.90232620e+02,
    1.74755371e+02, 1.94702911e+02, 1.72520233e+02, 1.98082626e+02,
    1.70183197e+02, 1.50498734e+02, 1.35312866e+02, 1.56877243e+02,
    1.32712875e+02, 1.63669739e+02, 1.32775009e+02, 1.68900879e+02,
    1.36808640e+02, 1.62532913e+02, 1.38713974e+02, 1.56558426e+02,
    1.38734695e+02, 1.95032318e+02, 1.35834076e+02, 2.00495895e+02,
    1.33002228e+02, 2.07284271e+02, 1.32964417e+02, 2.11852081e+02,
    1.36345688e+02, 2.07720367e+02, 1.37597443e+02, 2.02433960e+02,
    1.37345703e+02, 1.63241608e+02, 1.91563202e+02, 1.74823959e+02,
    1.88612762e+02, 1.83015900e+02, 1.86506683e+02, 1.88055313e+02,
    1.87694382e+02, 1.92968048e+02, 1.86172592e+02, 1.98007935e+02,
    1.88151733e+02, 2.00499847e+02, 1.91708511e+02, 1.97298965e+02,
    1.96677399e+02, 1.92224762e+02, 2.00779343e+02, 1.87666672e+02,
    2.01129486e+02, 1.82333649e+02, 2.00319824e+02, 1.73671112e+02,
    1.96932724e+02, 1.67216721e+02, 1.92240433e+02, 1.82574310e+02,
    1.92691971e+02, 1.88154938e+02, 1.93709106e+02, 1.92453293e+02,
    1.92654205e+02, 1.97946365e+02, 1.92184998e+02, 1.92225922e+02,
    1.92645370e+02, 1.88154938e+02, 1.93709106e+02, 1.82574310e+02,
    1.92691971e+02 ]
noOfLandmarkPoint: 68
