%YAML:1.0
landmark: [ 6.82749939e+01, 2.29937775e+02, 7.81296768e+01,
    2.74137054e+02, 9.68554001e+01, 3.26035583e+02, 1.15327316e+02,
    3.52430267e+02, 1.44604095e+02, 3.71284149e+02, 1.80979095e+02,
    3.80854095e+02, 2.16626160e+02, 3.85797516e+02, 2.55409744e+02,
    3.88332397e+02, 2.88743561e+02, 3.86399841e+02, 3.24485321e+02,
    3.77052124e+02, 3.32212891e+02, 3.41565277e+02, 3.40678406e+02,
    3.13426208e+02, 3.46267914e+02, 2.77728119e+02, 3.43048889e+02,
    2.50616730e+02, 3.38588165e+02, 2.19157135e+02, 3.25626770e+02,
    1.94986450e+02, 3.14505005e+02, 1.75340866e+02, 1.29080566e+02,
    1.64377533e+02, 1.44955124e+02, 1.45176407e+02, 1.64536957e+02,
    1.33611420e+02, 1.87476913e+02, 1.31900467e+02, 2.09244461e+02,
    1.38078827e+02, 2.56742523e+02, 1.30252655e+02, 2.67927429e+02,
    1.19923203e+02, 2.80030975e+02, 1.14790359e+02, 2.91152771e+02,
    1.16659775e+02, 3.01133728e+02, 1.22933456e+02, 2.47216156e+02,
    1.65188660e+02, 2.57931122e+02, 1.81069443e+02, 2.67071320e+02,
    1.97774475e+02, 2.79935638e+02, 2.14789886e+02, 2.44794128e+02,
    2.37334656e+02, 2.59397095e+02, 2.38628738e+02, 2.73107727e+02,
    2.43761948e+02, 2.82820129e+02, 2.37981964e+02, 2.90549805e+02,
    2.31211670e+02, 1.61241333e+02, 1.87445663e+02, 1.75088013e+02,
    1.75531525e+02, 1.93719025e+02, 1.73725250e+02, 2.08706558e+02,
    1.82312180e+02, 1.93751221e+02, 1.87381897e+02, 1.76925858e+02,
    1.88839676e+02, 2.64314880e+02, 1.74042191e+02, 2.73472565e+02,
    1.64504440e+02, 2.88427887e+02, 1.60892502e+02, 2.99740326e+02,
    1.68845581e+02, 2.91913544e+02, 1.72965103e+02, 2.78985474e+02,
    1.74866089e+02, 2.04777054e+02, 2.96253723e+02, 2.31107971e+02,
    2.69764984e+02, 2.56102509e+02, 2.58041107e+02, 2.72299500e+02,
    2.55252853e+02, 2.87445496e+02, 2.51704056e+02, 3.02897675e+02,
    2.56768829e+02, 3.14590454e+02, 2.78174316e+02, 3.14216736e+02,
    3.06941864e+02, 3.04967865e+02, 3.23630157e+02, 2.90106628e+02,
    3.28763611e+02, 2.74009186e+02, 3.30696167e+02, 2.42355392e+02,
    3.23534821e+02, 2.11526138e+02, 2.93434143e+02, 2.59660400e+02,
    2.70213165e+02, 2.74727509e+02, 2.67494568e+02, 2.89884644e+02,
    2.64631714e+02, 3.08684235e+02, 2.74428101e+02, 2.99106689e+02,
    3.02861816e+02, 2.83769806e+02, 3.08928009e+02, 2.68368744e+02,
    3.10227295e+02 ]
noOfLandmarkPoint: 68
