%YAML:1.0
landmark: [ 6.06700630e+01, 1.56499695e+02, 5.68272057e+01,
    1.78533997e+02, 5.60586357e+01, 1.98998138e+02, 5.27971382e+01,
    2.21885391e+02, 5.50911064e+01, 2.49171539e+02, 6.90360107e+01,
    2.75618317e+02, 8.91129761e+01, 3.00726898e+02, 1.09593620e+02,
    3.17768372e+02, 1.30865128e+02, 3.24746582e+02, 1.51202118e+02,
    3.22346771e+02, 1.71346909e+02, 3.05002869e+02, 1.90728012e+02,
    2.88977203e+02, 2.05821030e+02, 2.72361572e+02, 2.14939026e+02,
    2.48966812e+02, 2.19074951e+02, 2.29121841e+02, 2.23821335e+02,
    2.10397781e+02, 2.27203140e+02, 1.89310516e+02, 8.19866714e+01,
    1.56391739e+02, 9.49486923e+01, 1.46400024e+02, 1.12713539e+02,
    1.47234390e+02, 1.28680252e+02, 1.54451706e+02, 1.43340836e+02,
    1.64708389e+02, 1.70054703e+02, 1.70324615e+02, 1.87014389e+02,
    1.67134476e+02, 2.01989548e+02, 1.66355759e+02, 2.17161942e+02,
    1.71390015e+02, 2.25391144e+02, 1.83763535e+02, 1.57444794e+02,
    1.84793182e+02, 1.55907654e+02, 1.99711395e+02, 1.53546631e+02,
    2.16293869e+02, 1.51296219e+02, 2.31687592e+02, 1.28012070e+02,
    2.29912689e+02, 1.38025787e+02, 2.35989441e+02, 1.48221939e+02,
    2.42359253e+02, 1.57831970e+02, 2.40346588e+02, 1.65976669e+02,
    2.38461075e+02, 9.99799881e+01, 1.71467865e+02, 1.08610298e+02,
    1.66885941e+02, 1.19173264e+02, 1.69650742e+02, 1.27139351e+02,
    1.76928406e+02, 1.17421631e+02, 1.76626160e+02, 1.07202126e+02,
    1.75547760e+02, 1.77017960e+02, 1.87451202e+02, 1.85098679e+02,
    1.81785843e+02, 1.94450607e+02, 1.83498901e+02, 2.02372421e+02,
    1.88076416e+02, 1.95541245e+02, 1.91579239e+02, 1.86078262e+02,
    1.90344788e+02, 1.03350807e+02, 2.46448044e+02, 1.19943100e+02,
    2.52026352e+02, 1.30586548e+02, 2.54452332e+02, 1.39345184e+02,
    2.57476044e+02, 1.51469360e+02, 2.57738525e+02, 1.63570938e+02,
    2.59618042e+02, 1.72069931e+02, 2.61817047e+02, 1.60091354e+02,
    2.74765259e+02, 1.46084076e+02, 2.82040802e+02, 1.32726349e+02,
    2.80457001e+02, 1.22423592e+02, 2.77353180e+02, 1.12006538e+02,
    2.69278259e+02, 1.06860947e+02, 2.49188049e+02, 1.29583832e+02,
    2.57172516e+02, 1.38690628e+02, 2.60378235e+02, 1.50898453e+02,
    2.61121155e+02, 1.65445862e+02, 2.62823364e+02, 1.48633102e+02,
    2.71390198e+02, 1.35891098e+02, 2.69812103e+02, 1.26004631e+02,
    2.67362396e+02 ]
noOfLandmarkPoint: 68
