%YAML:1.0
landmark: [ 5.16135674e+01, 1.60340836e+02, 5.94232788e+01,
    1.74644485e+02, 6.71032944e+01, 1.86811783e+02, 7.72427139e+01,
    2.01513947e+02, 8.74681931e+01, 2.15051239e+02, 1.02505188e+02,
    2.27941269e+02, 1.18426437e+02, 2.36624619e+02, 1.39503952e+02,
    2.40279694e+02, 1.58099319e+02, 2.35234695e+02, 1.72056076e+02,
    2.24979446e+02, 1.82568558e+02, 2.13038086e+02, 1.90869034e+02,
    1.95581207e+02, 1.95572067e+02, 1.79563278e+02, 1.94417831e+02,
    1.62391129e+02, 1.92325089e+02, 1.41691376e+02, 1.89067505e+02,
    1.23354362e+02, 1.84697876e+02, 1.02500092e+02, 5.37185783e+01,
    1.35567184e+02, 5.63556442e+01, 1.23315948e+02, 6.54094391e+01,
    1.14246468e+02, 7.91035538e+01, 1.09467392e+02, 9.33818741e+01,
    1.07288216e+02, 1.19863266e+02, 9.69005966e+01, 1.32542175e+02,
    9.00289993e+01, 1.43822357e+02, 8.53622742e+01, 1.55685074e+02,
    8.45619507e+01, 1.65559952e+02, 9.20424957e+01, 1.10743172e+02,
    1.16812386e+02, 1.14646385e+02, 1.28143570e+02, 1.18987083e+02,
    1.39424683e+02, 1.22901375e+02, 1.50657410e+02, 1.12730675e+02,
    1.61970215e+02, 1.18814323e+02, 1.63491135e+02, 1.27432823e+02,
    1.61463242e+02, 1.34023453e+02, 1.57914444e+02, 1.38079208e+02,
    1.53351715e+02, 7.33814850e+01, 1.35834106e+02, 7.79668427e+01,
    1.29501923e+02, 8.63700409e+01, 1.27309372e+02, 9.38218384e+01,
    1.30236206e+02, 8.70605316e+01, 1.32349625e+02, 8.02778091e+01,
    1.35423080e+02, 1.34608551e+02, 1.14367775e+02, 1.39100784e+02,
    1.08055695e+02, 1.46726196e+02, 1.04756233e+02, 1.54621887e+02,
    1.06834976e+02, 1.49423782e+02, 1.09812737e+02, 1.42802292e+02,
    1.12460464e+02, 1.05396103e+02, 1.93467255e+02, 1.06711868e+02,
    1.79412369e+02, 1.18707039e+02, 1.71893875e+02, 1.30011307e+02,
    1.70211441e+02, 1.40107101e+02, 1.63491135e+02, 1.55521378e+02,
    1.62121124e+02, 1.67408066e+02, 1.70944778e+02, 1.65455643e+02,
    1.85646927e+02, 1.56751068e+02, 1.97598480e+02, 1.45101349e+02,
    2.03973343e+02, 1.32049805e+02, 2.06508194e+02, 1.18782494e+02,
    2.05408188e+02, 1.07790657e+02, 1.90360580e+02, 1.21608559e+02,
    1.78916016e+02, 1.31995560e+02, 1.76165405e+02, 1.43138306e+02,
    1.70523880e+02, 1.64441696e+02, 1.72109634e+02, 1.52379959e+02,
    1.90973114e+02, 1.40830750e+02, 1.95792847e+02, 1.28565857e+02,
    1.98979080e+02 ]
noOfLandmarkPoint: 68
