%YAML:1.0
landmark: [ 2.24390533e+02, 1.54433655e+02, 2.23424942e+02,
    1.67210541e+02, 2.25078278e+02, 1.80265274e+02, 2.29796875e+02,
    1.92390869e+02, 2.33173004e+02, 2.04790863e+02, 2.36033340e+02,
    2.18946671e+02, 2.41406662e+02, 2.31759995e+02, 2.47815063e+02,
    2.43194397e+02, 2.62827087e+02, 2.48981064e+02, 2.80633423e+02,
    2.47499664e+02, 2.92334534e+02, 2.39489517e+02, 3.03585602e+02,
    2.30659195e+02, 3.15851318e+02, 2.21571686e+02, 3.24401428e+02,
    2.09531342e+02, 3.30048248e+02, 1.94597900e+02, 3.36226898e+02,
    1.76753922e+02, 3.38330933e+02, 1.57642502e+02, 2.25699081e+02,
    1.35615311e+02, 2.33318695e+02, 1.32285858e+02, 2.40850693e+02,
    1.34567673e+02, 2.48100616e+02, 1.38026337e+02, 2.54451645e+02,
    1.42212784e+02, 2.73505066e+02, 1.43683060e+02, 2.85759155e+02,
    1.41156967e+02, 2.97190582e+02, 1.40076492e+02, 3.09089691e+02,
    1.41147507e+02, 3.19370148e+02, 1.46149338e+02, 2.63667999e+02,
    1.53989853e+02, 2.61611084e+02, 1.62723679e+02, 2.59191071e+02,
    1.72157944e+02, 2.56537537e+02, 1.81762634e+02, 2.48568802e+02,
    1.91319336e+02, 2.51736542e+02, 1.95141815e+02, 2.57453735e+02,
    1.97310944e+02, 2.64481476e+02, 1.95868530e+02, 2.72163605e+02,
    1.94145721e+02, 2.31803360e+02, 1.49513428e+02, 2.37825592e+02,
    1.45373337e+02, 2.47280945e+02, 1.48107315e+02, 2.52735138e+02,
    1.54082886e+02, 2.44820450e+02, 1.56384460e+02, 2.36848602e+02,
    1.54349609e+02, 2.82687988e+02, 1.56773453e+02, 2.90281097e+02,
    1.51633133e+02, 2.97532501e+02, 1.52048645e+02, 3.04282867e+02,
    1.56527252e+02, 2.98823547e+02, 1.60802139e+02, 2.90249451e+02,
    1.61076538e+02, 2.40510529e+02, 2.08097534e+02, 2.47569275e+02,
    2.05870590e+02, 2.53520813e+02, 2.03935852e+02, 2.59760193e+02,
    2.06125259e+02, 2.66115601e+02, 2.04156189e+02, 2.75625092e+02,
    2.07607193e+02, 2.88903809e+02, 2.11886337e+02, 2.76269043e+02,
    2.23281479e+02, 2.65939178e+02, 2.27484283e+02, 2.59527313e+02,
    2.27381805e+02, 2.52530212e+02, 2.25867401e+02, 2.46227737e+02,
    2.20633011e+02, 2.42511200e+02, 2.09406998e+02, 2.53219589e+02,
    2.09798294e+02, 2.59869873e+02, 2.11048111e+02, 2.66199677e+02,
    2.10881927e+02, 2.85910126e+02, 2.12680923e+02, 2.66241028e+02,
    2.17094482e+02, 2.59750580e+02, 2.17202560e+02, 2.53013000e+02,
    2.15190201e+02 ]
noOfLandmarkPoint: 68
