%YAML:1.0
landmark: [ 1.98450607e+02, 7.37657318e+01, 1.98849655e+02,
    9.16933441e+01, 2.01251221e+02, 1.09033379e+02, 2.04029877e+02,
    1.28187408e+02, 2.08999603e+02, 1.45752594e+02, 2.18358795e+02,
    1.60705688e+02, 2.29727829e+02, 1.72865509e+02, 2.45363708e+02,
    1.82501099e+02, 2.63110107e+02, 1.83668930e+02, 2.82778503e+02,
    1.81078827e+02, 3.02412109e+02, 1.74490967e+02, 3.18954071e+02,
    1.64718094e+02, 3.33101746e+02, 1.52783432e+02, 3.44101044e+02,
    1.35979721e+02, 3.49709595e+02, 1.17653061e+02, 3.51095276e+02,
    9.28685074e+01, 3.49469818e+02, 7.33154297e+01, 2.02860336e+02,
    5.46855278e+01, 2.11165649e+02, 4.70175285e+01, 2.22734909e+02,
    4.36406212e+01, 2.34700043e+02, 4.53047600e+01, 2.44848602e+02,
    4.96545677e+01, 2.74042755e+02, 4.83959084e+01, 2.87045319e+02,
    4.20162392e+01, 3.01048401e+02, 4.10515862e+01, 3.14811707e+02,
    4.48827629e+01, 3.29409698e+02, 5.16811256e+01, 2.59394257e+02,
    5.97270584e+01, 2.58724548e+02, 7.12626801e+01, 2.57801788e+02,
    8.25762634e+01, 2.56431763e+02, 9.36315613e+01, 2.45740784e+02,
    1.07277962e+02, 2.50652328e+02, 1.09095558e+02, 2.57311920e+02,
    1.10047226e+02, 2.64684296e+02, 1.08852165e+02, 2.71054352e+02,
    1.07255997e+02, 2.14688385e+02, 7.06568298e+01, 2.21624054e+02,
    6.45911560e+01, 2.32040710e+02, 6.43041611e+01, 2.41291595e+02,
    7.05871429e+01, 2.31651337e+02, 7.35602112e+01, 2.22332550e+02,
    7.42174759e+01, 2.83602448e+02, 6.99650269e+01, 2.92804596e+02,
    6.24102249e+01, 3.03006866e+02, 6.31554108e+01, 3.13832092e+02,
    6.78342438e+01, 3.04429047e+02, 7.22394791e+01, 2.93605835e+02,
    7.19930267e+01, 2.33157623e+02, 1.38255997e+02, 2.40966156e+02,
    1.28108887e+02, 2.49478378e+02, 1.23493797e+02, 2.56190552e+02,
    1.24719124e+02, 2.63885773e+02, 1.23969711e+02, 2.74506805e+02,
    1.29092163e+02, 2.83958679e+02, 1.40346939e+02, 2.74881104e+02,
    1.45455002e+02, 2.65020508e+02, 1.47526764e+02, 2.55644135e+02,
    1.48417282e+02, 2.48872192e+02, 1.48055923e+02, 2.40842499e+02,
    1.45325394e+02, 2.40007812e+02, 1.37661087e+02, 2.49754181e+02,
    1.31663864e+02, 2.56505035e+02, 1.31271057e+02, 2.63765015e+02,
    1.30966705e+02, 2.78716370e+02, 1.39136642e+02, 2.64432373e+02,
    1.38582504e+02, 2.55972916e+02, 1.38728241e+02, 2.49376938e+02,
    1.37677856e+02 ]
noOfLandmarkPoint: 68
