%YAML:1.0
landmark: [ 5.32934036e+01, 1.48796661e+02, 6.88625793e+01,
    1.90403687e+02, 8.56680984e+01, 2.22117142e+02, 1.03716125e+02,
    2.54587097e+02, 1.31866943e+02, 2.81281006e+02, 1.58890182e+02,
    3.01905945e+02, 1.93839417e+02, 3.18736328e+02, 2.30894623e+02,
    3.26715973e+02, 2.61863647e+02, 3.21269257e+02, 2.90343811e+02,
    3.04519287e+02, 3.09333771e+02, 2.75080017e+02, 3.23631256e+02,
    2.45186966e+02, 3.33743652e+02, 2.16128616e+02, 3.39271393e+02,
    1.77241547e+02, 3.36000854e+02, 1.41449631e+02, 3.27674683e+02,
    1.12391266e+02, 3.17277954e+02, 8.84163208e+01, 8.84811935e+01,
    1.26345268e+02, 1.03522324e+02, 1.06700272e+02, 1.27341492e+02,
    9.31770630e+01, 1.51451813e+02, 8.68114090e+01, 1.77172531e+02,
    8.77191696e+01, 2.28434570e+02, 9.04758224e+01, 2.44767181e+02,
    7.07047958e+01, 2.66502502e+02, 6.05215759e+01, 2.89970459e+02,
    5.54921875e+01, 3.10249786e+02, 6.30384827e+01, 2.16760086e+02,
    1.03543015e+02, 2.26753540e+02, 1.26857208e+02, 2.37488159e+02,
    1.51169464e+02, 2.50772888e+02, 1.76423645e+02, 2.11096771e+02,
    1.96187103e+02, 2.28327316e+02, 1.97129028e+02, 2.47263657e+02,
    2.02868668e+02, 2.59730896e+02, 1.88971329e+02, 2.68554840e+02,
    1.77348389e+02, 1.29555710e+02, 1.35000732e+02, 1.41162125e+02,
    1.24102814e+02, 1.56411591e+02, 1.18875084e+02, 1.69256912e+02,
    1.24285202e+02, 1.60813141e+02, 1.31945923e+02, 1.45872406e+02,
    1.36564743e+02, 2.50409180e+02, 1.07467094e+02, 2.61147919e+02,
    9.29762421e+01, 2.78655426e+02, 8.71898727e+01, 2.89756561e+02,
    9.26664886e+01, 2.81374817e+02, 1.00567093e+02, 2.67808319e+02,
    1.05192390e+02, 1.69180649e+02, 2.37729889e+02, 2.06296234e+02,
    2.25378342e+02, 2.35495926e+02, 2.18473831e+02, 2.48889023e+02,
    2.17478271e+02, 2.61543945e+02, 2.11121246e+02, 2.80154785e+02,
    2.04979858e+02, 3.02562134e+02, 1.99510681e+02, 2.86726440e+02,
    2.35870239e+02, 2.73726776e+02, 2.54584396e+02, 2.60857758e+02,
    2.60313446e+02, 2.45728073e+02, 2.64326385e+02, 2.13196152e+02,
    2.60537689e+02, 1.76147522e+02, 2.37063660e+02, 2.37629501e+02,
    2.33114441e+02, 2.52542542e+02, 2.29024048e+02, 2.64170929e+02,
    2.25146805e+02, 2.97381500e+02, 2.04095917e+02, 2.69434387e+02,
    2.40937225e+02, 2.56902863e+02, 2.46964127e+02, 2.42191177e+02,
    2.50308441e+02 ]
noOfLandmarkPoint: 68
