%YAML:1.0
landmark: [ 8.09292297e+02, 5.48360718e+02, 8.03704529e+02,
    5.69434692e+02, 8.04792297e+02, 5.93587341e+02, 8.16054443e+02,
    6.17670959e+02, 8.30424072e+02, 6.45880798e+02, 8.45225281e+02,
    6.70327026e+02, 8.55134949e+02, 6.91009521e+02, 8.64268311e+02,
    7.22338074e+02, 8.80232727e+02, 7.29278259e+02, 9.09875183e+02,
    7.27171753e+02, 9.45968445e+02, 7.12704224e+02, 9.71571350e+02,
    6.96285889e+02, 9.97645813e+02, 6.75171875e+02, 1.01821277e+03,
    6.46323547e+02, 1.01936945e+03, 6.10074585e+02, 1.01999670e+03,
    5.76012268e+02, 1.02009460e+03, 5.38008301e+02, 8.07939819e+02,
    5.23816650e+02, 8.17918518e+02, 5.17210205e+02, 8.29278564e+02,
    5.17808594e+02, 8.41697388e+02, 5.20121948e+02, 8.52792664e+02,
    5.26101135e+02, 8.81434082e+02, 5.21836975e+02, 9.01253540e+02,
    5.14171631e+02, 9.19357971e+02, 5.11495697e+02, 9.39079529e+02,
    5.11789307e+02, 9.58478577e+02, 5.19120911e+02, 8.70248596e+02,
    5.48510864e+02, 8.67187317e+02, 5.68400452e+02, 8.63709534e+02,
    5.86583374e+02, 8.59934448e+02, 6.07235046e+02, 8.46548767e+02,
    6.11427063e+02, 8.56164917e+02, 6.19955444e+02, 8.66897644e+02,
    6.23494446e+02, 8.82659790e+02, 6.16318481e+02, 8.97127258e+02,
    6.10701904e+02, 8.20427673e+02, 5.44861755e+02, 8.28219727e+02,
    5.39078308e+02, 8.39383972e+02, 5.39176147e+02, 8.50881958e+02,
    5.45851624e+02, 8.39021423e+02, 5.48233948e+02, 8.27523438e+02,
    5.47969238e+02, 9.06315430e+02, 5.46261658e+02, 9.15965271e+02,
    5.38183350e+02, 9.29631836e+02, 5.38765869e+02, 9.42233154e+02,
    5.43624695e+02, 9.30169189e+02, 5.47648743e+02, 9.16970215e+02,
    5.49168091e+02, 8.50018860e+02, 6.40402161e+02, 8.59174500e+02,
    6.37628296e+02, 8.68102356e+02, 6.37472656e+02, 8.75596497e+02,
    6.39216248e+02, 8.86241455e+02, 6.37222595e+02, 9.04407166e+02,
    6.37278198e+02, 9.32346252e+02, 6.44303772e+02, 9.07951172e+02,
    6.66095886e+02, 8.89920349e+02, 6.75577026e+02, 8.76891541e+02,
    6.72722229e+02, 8.67285278e+02, 6.70078552e+02, 8.58314453e+02,
    6.58573486e+02, 8.56331726e+02, 6.41656677e+02, 8.68454590e+02,
    6.41587952e+02, 8.75797485e+02, 6.42673096e+02, 8.86113586e+02, 641.,
    9.28945190e+02, 6.43803223e+02, 8.88156189e+02, 6.61820984e+02,
    8.76632263e+02, 6.61028748e+02, 8.68342773e+02, 6.57257568e+02 ]
noOfLandmarkPoint: 68
