%YAML:1.0
landmark: [ 3.51909729e+02, 1.76706131e+02, 3.53185760e+02,
    1.99621490e+02, 3.57445801e+02, 2.20895782e+02, 3.60279358e+02,
    2.44085098e+02, 3.66190674e+02, 2.67030151e+02, 3.74582153e+02,
    2.85939911e+02, 3.84910980e+02, 3.06765228e+02, 4.04386414e+02,
    3.26771637e+02, 4.29083618e+02, 3.28723816e+02, 4.51678375e+02,
    3.26479248e+02, 4.81121735e+02, 3.12997101e+02, 4.98636139e+02,
    2.97601013e+02, 5.12963074e+02, 2.76085327e+02, 5.20598511e+02,
    2.55316635e+02, 5.25925232e+02, 2.36555023e+02, 5.25783569e+02,
    2.09709778e+02, 5.25545837e+02, 1.87034973e+02, 3.53063629e+02,
    1.60780869e+02, 3.61570740e+02, 1.51778748e+02, 3.75526672e+02,
    1.49876709e+02, 3.89373505e+02, 1.54727905e+02, 4.01909424e+02,
    1.60285858e+02, 4.34863708e+02, 1.61292282e+02, 4.51153351e+02,
    1.54879547e+02, 4.67810822e+02, 1.53854080e+02, 4.84304413e+02,
    1.53471481e+02, 4.96902527e+02, 1.62222260e+02, 4.18195099e+02,
    1.76752640e+02, 4.15991150e+02, 1.92251709e+02, 4.14083405e+02,
    2.09428268e+02, 4.11847839e+02, 2.27045944e+02, 4.00125946e+02,
    2.34148422e+02, 4.07122711e+02, 2.38208069e+02, 4.15303040e+02,
    2.39692352e+02, 4.27341858e+02, 2.35458649e+02, 4.38128510e+02,
    2.32111496e+02, 3.73181671e+02, 1.75301926e+02, 3.81682251e+02,
    1.69268478e+02, 3.91500275e+02, 1.70810623e+02, 3.99762085e+02,
    1.78346542e+02, 3.91494995e+02, 1.80805283e+02, 3.81091125e+02,
    1.80628632e+02, 4.45042633e+02, 1.79690628e+02, 4.54706268e+02,
    1.68998474e+02, 4.66484222e+02, 1.68497299e+02, 4.75081268e+02,
    1.75301926e+02, 4.67910217e+02, 1.81090408e+02, 4.55837708e+02,
    1.83617188e+02, 3.91397644e+02, 2.62789612e+02, 4.00392883e+02,
    2.60675293e+02, 4.11284027e+02, 2.60392212e+02, 4.19039276e+02,
    2.62159668e+02, 4.32255737e+02, 2.60283173e+02, 4.45807007e+02,
    2.60109772e+02, 4.63156006e+02, 2.59596191e+02, 4.46244965e+02,
    2.67099670e+02, 4.32061768e+02, 2.72734406e+02, 4.19095520e+02,
    2.73343933e+02, 4.11113586e+02, 2.73865112e+02, 4.00578613e+02,
    2.69935028e+02, 3.96075531e+02, 2.64293030e+02, 4.10943237e+02,
    2.65134430e+02, 4.19032776e+02, 2.65526550e+02, 4.32088898e+02,
    2.64954468e+02, 4.56769165e+02, 2.61376099e+02, 4.32088898e+02,
    2.64954468e+02, 4.19032776e+02, 2.65526550e+02, 4.10943237e+02,
    2.65134430e+02 ]
noOfLandmarkPoint: 68
