%YAML:1.0
landmark: [ 1.05202988e+02, 6.11193886e+01, 1.04186691e+02,
    8.67242889e+01, 1.06766907e+02, 1.15456947e+02, 1.13013542e+02,
    1.50044922e+02, 1.22972710e+02, 1.84248489e+02, 1.42177948e+02,
    2.15822983e+02, 1.68353775e+02, 2.49804047e+02, 1.95214737e+02,
    2.86330627e+02, 2.35395599e+02, 2.97915771e+02, 2.69349915e+02,
    2.87473633e+02, 2.97471588e+02, 2.54871490e+02, 3.16694977e+02,
    2.18762558e+02, 3.38871155e+02, 1.82967972e+02, 3.52556061e+02,
    1.46887054e+02, 3.55626556e+02, 1.15433624e+02, 3.54733978e+02,
    8.68628387e+01, 3.53441132e+02, 5.71047440e+01, 1.26070213e+02,
    7.89164276e+01, 1.47501160e+02, 7.57638855e+01, 1.66268875e+02,
    7.92586441e+01, 1.87371338e+02, 8.55283737e+01, 2.05470963e+02,
    9.49477158e+01, 2.51963699e+02, 9.31943665e+01, 2.71772614e+02,
    8.08229904e+01, 2.93736938e+02, 7.64388199e+01, 3.12901184e+02,
    6.41522675e+01, 3.34787109e+02, 6.70513992e+01, 2.32125259e+02,
    1.13861168e+02, 2.33323471e+02, 1.33916382e+02, 2.33992065e+02,
    1.55356186e+02, 2.35295059e+02, 1.76936600e+02, 2.04895859e+02,
    1.83173965e+02, 2.19592285e+02, 1.87969254e+02, 2.35717682e+02,
    1.92594391e+02, 2.50915466e+02, 1.88081665e+02, 2.64176208e+02,
    1.83212448e+02, 1.50537689e+02, 1.07045502e+02, 1.65455505e+02,
    1.01179543e+02, 1.84512192e+02, 1.00437256e+02, 1.95044495e+02,
    1.10073463e+02, 1.78656403e+02, 1.15087151e+02, 1.63607574e+02,
    1.14474754e+02, 2.70557129e+02, 1.06904289e+02, 2.82251068e+02,
    9.57718124e+01, 2.98867645e+02, 9.39085464e+01, 3.12568848e+02,
    9.83934937e+01, 3.00640778e+02, 1.07398834e+02, 2.86058258e+02,
    1.08763657e+02, 1.82300690e+02, 2.28445648e+02, 2.03179764e+02,
    2.20489487e+02, 2.19743896e+02, 2.14802277e+02, 2.34858109e+02,
    2.20673248e+02, 2.49437317e+02, 2.16279297e+02, 2.69514923e+02,
    2.22246429e+02, 2.87039917e+02, 2.26725922e+02, 2.73329529e+02,
    2.50805405e+02, 2.49838760e+02, 2.60832794e+02, 2.35795258e+02,
    2.62496552e+02, 2.19818588e+02, 2.59943665e+02, 2.02377838e+02,
    2.50413773e+02, 1.87600113e+02, 2.29259003e+02, 2.20429703e+02,
    2.33675354e+02, 2.34928513e+02, 2.35939041e+02, 2.49902451e+02,
    2.34908768e+02, 2.81618256e+02, 2.29084290e+02, 2.49902451e+02,
    2.34908768e+02, 2.34928513e+02, 2.35939041e+02, 2.20429703e+02,
    2.33675354e+02 ]
noOfLandmarkPoint: 68
