%YAML:1.0
landmark: [ 7.52778168e+01, 1.88044083e+02, 7.70278473e+01,
    2.23819839e+02, 8.14129410e+01, 2.58570587e+02, 8.94331131e+01,
    2.92496338e+02, 1.03983330e+02, 3.24722900e+02, 1.31376419e+02,
    3.52586670e+02, 1.63767212e+02, 3.83131317e+02, 1.85555176e+02,
    3.90598480e+02, 2.12755783e+02, 3.91283478e+02, 2.33211243e+02,
    3.78328217e+02, 2.44789734e+02, 3.55500885e+02, 2.58171783e+02,
    3.31432190e+02, 2.73542145e+02, 3.11206757e+02, 2.88228943e+02,
    2.84900818e+02, 2.96092285e+02, 2.58644928e+02, 3.00141785e+02,
    2.28783646e+02, 2.99132690e+02, 2.01804367e+02, 1.12439713e+02,
    1.76888947e+02, 1.29238007e+02, 1.63719940e+02, 1.51345459e+02,
    1.59165283e+02, 1.75849701e+02, 1.58932602e+02, 1.98537552e+02,
    1.64870117e+02, 2.36137146e+02, 1.66465302e+02, 2.55609512e+02,
    1.62220215e+02, 2.74859650e+02, 1.63793167e+02, 2.90616028e+02,
    1.75202927e+02, 2.97727905e+02, 1.93043930e+02, 2.15201004e+02,
    1.87809036e+02, 2.16998550e+02, 2.08449585e+02, 2.18561096e+02,
    2.27494873e+02, 2.20375961e+02, 2.48485382e+02, 1.86725235e+02,
    2.56425568e+02, 2.00835556e+02, 2.59825653e+02, 2.15675873e+02,
    2.65330750e+02, 2.29061172e+02, 2.60180634e+02, 2.40716415e+02,
    2.56465576e+02, 1.41856003e+02, 1.91791519e+02, 1.55095978e+02,
    1.84409348e+02, 1.67731491e+02, 1.84774811e+02, 1.81438354e+02,
    1.93280457e+02, 1.68041519e+02, 1.93368027e+02, 1.53270615e+02,
    1.92958664e+02, 2.36818680e+02, 1.95174591e+02, 2.48631042e+02,
    1.87071274e+02, 2.60215729e+02, 1.87600494e+02, 2.71643463e+02,
    1.93440170e+02, 2.64053284e+02, 1.96865799e+02, 2.50582474e+02,
    1.95895081e+02, 1.40159225e+02, 2.85221191e+02, 1.69053787e+02,
    2.78024719e+02, 1.98444077e+02, 2.78374512e+02, 2.11202652e+02,
    2.82260406e+02, 2.25912231e+02, 2.77858429e+02, 2.41088028e+02,
    2.79275330e+02, 2.56246765e+02, 2.84966187e+02, 2.41031540e+02,
    3.12813934e+02, 2.25096039e+02, 3.25850159e+02, 2.09581650e+02,
    3.27972137e+02, 1.96139374e+02, 3.27428711e+02, 1.66954803e+02,
    3.15121826e+02, 1.45289337e+02, 2.86931213e+02, 1.97765030e+02,
    2.86654907e+02, 2.11382828e+02, 2.88326691e+02, 2.25622513e+02,
    2.85958679e+02, 2.50151627e+02, 2.86656219e+02, 2.25173203e+02,
    3.09603119e+02, 2.09768341e+02, 3.12656311e+02, 1.96180389e+02,
    3.13008484e+02 ]
noOfLandmarkPoint: 68
