%YAML:1.0
landmark: [ 3.72332184e+02, 1.17337837e+02, 3.72929047e+02,
    1.47662155e+02, 3.77888123e+02, 1.77323074e+02, 3.84700195e+02,
    2.05885788e+02, 3.93839722e+02, 2.33188370e+02, 4.11818420e+02,
    2.57430878e+02, 4.28228119e+02, 2.76765472e+02, 4.49836639e+02,
    2.90230164e+02, 4.74082977e+02, 2.96801788e+02, 5.00802979e+02,
    2.93061249e+02, 5.30741272e+02, 2.78536743e+02, 5.50602783e+02,
    2.60523071e+02, 5.68456360e+02, 2.39763229e+02, 5.81804626e+02,
    2.13953262e+02, 5.87371399e+02, 1.84919815e+02, 5.91515259e+02,
    1.52067642e+02, 5.90614990e+02, 1.22222031e+02, 3.88976318e+02,
    6.94710541e+01, 4.03554047e+02, 6.26351357e+01, 4.16635132e+02,
    6.26351357e+01, 4.31500000e+02, 6.50135117e+01, 4.45770264e+02,
    7.15540543e+01, 4.92743256e+02, 6.97702713e+01, 5.11770264e+02,
    6.26351357e+01, 5.30797302e+02, 6.20405426e+01, 5.49229736e+02,
    6.20405426e+01, 5.61121643e+02, 6.91756744e+01, 4.71333313e+02,
    1.02163246e+02, 4.70736450e+02, 1.17923393e+02, 4.70144135e+02,
    1.32799561e+02, 4.69549530e+02, 1.49149780e+02, 4.47080902e+02,
    1.71171051e+02, 4.58853607e+02, 1.73819809e+02, 4.71925659e+02,
    1.77385117e+02, 4.84106934e+02, 1.74118225e+02, 4.96306305e+02,
    1.72332184e+02, 3.96751587e+02, 1.10240463e+02, 4.09855652e+02,
    1.01811966e+02, 4.23420837e+02, 1.02307739e+02, 4.37384857e+02,
    1.12803207e+02, 4.24145935e+02, 1.18273430e+02, 4.09756592e+02,
    1.17265266e+02, 5.06667877e+02, 1.11631599e+02, 5.21524658e+02,
    1.00889168e+02, 5.36273071e+02, 1.01173882e+02, 5.49498901e+02,
    1.08920845e+02, 5.38642822e+02, 1.15658401e+02, 5.22997437e+02,
    1.17490097e+02, 4.29551117e+02, 2.19533951e+02, 4.42923370e+02,
    2.01771790e+02, 4.56327911e+02, 1.93437134e+02, 4.68537811e+02,
    1.97115311e+02, 4.80831757e+02, 1.93510086e+02, 5.00858612e+02,
    2.05280396e+02, 5.15878723e+02, 2.21199554e+02, 5.02249969e+02,
    2.44246490e+02, 4.84131805e+02, 2.51392929e+02, 4.69547272e+02,
    2.51689102e+02, 4.55557343e+02, 2.49306198e+02, 4.41594543e+02,
    2.41259964e+02, 4.37730804e+02, 2.19531693e+02, 4.55867065e+02,
    2.12771408e+02, 4.67770264e+02, 2.13067566e+02, 4.80860382e+02,
    2.13361481e+02, 5.10063843e+02, 2.21410919e+02, 4.81454987e+02,
    2.23763489e+02, 4.68360352e+02, 2.24654251e+02, 4.56158722e+02,
    2.21984222e+02 ]
noOfLandmarkPoint: 68
