%YAML:1.0
landmark: [ 6.59872589e+01, 1.66065994e+02, 6.89252777e+01,
    1.88555725e+02, 7.35429764e+01, 2.11331375e+02, 7.90118637e+01,
    2.31133881e+02, 8.72151794e+01, 2.50500000e+02, 9.97622299e+01,
    2.68693237e+02, 1.15446045e+02, 2.83122345e+02, 1.29779678e+02,
    2.94864746e+02, 1.50845535e+02, 2.99643127e+02, 1.71185318e+02,
    2.95682800e+02, 1.89998276e+02, 2.82035370e+02, 2.03864807e+02,
    2.66403564e+02, 2.14983749e+02, 2.46464172e+02, 2.22191467e+02,
    2.25358154e+02, 2.26228348e+02, 2.04123642e+02, 2.28062668e+02,
    1.81941284e+02, 2.27162537e+02, 1.58360992e+02, 7.14836273e+01,
    1.50444092e+02, 8.22441025e+01, 1.40440536e+02, 9.48159027e+01,
    1.42560196e+02, 1.06570770e+02, 1.46278168e+02, 1.18641006e+02,
    1.51490128e+02, 1.51086121e+02, 1.49120972e+02, 1.65311630e+02,
    1.41589752e+02, 1.81030655e+02, 1.35999802e+02, 1.96435928e+02,
    1.35660400e+02, 2.08273804e+02, 1.44409256e+02, 1.38480270e+02,
    1.69907394e+02, 1.39209442e+02, 1.84755814e+02, 1.39899933e+02,
    1.99761490e+02, 1.40691574e+02, 2.14470856e+02, 1.26559685e+02,
    2.24724716e+02, 1.34853256e+02, 2.25202621e+02, 1.42567459e+02,
    2.27658234e+02, 1.51408463e+02, 2.23693161e+02, 1.59928711e+02,
    2.22148209e+02, 8.91952667e+01, 1.71598602e+02, 9.76640015e+01,
    1.68026657e+02, 1.08768410e+02, 1.68713242e+02, 1.18864342e+02,
    1.75349808e+02, 1.08416107e+02, 1.77156921e+02, 9.71972427e+01,
    1.76535126e+02, 1.64014328e+02, 1.71033340e+02, 1.72144745e+02,
    1.64975266e+02, 1.81560394e+02, 1.63810684e+02, 1.91010117e+02,
    1.65257034e+02, 1.83641434e+02, 1.70237442e+02, 1.72490082e+02,
    1.71523010e+02, 1.19585312e+02, 2.55097183e+02, 1.27294205e+02,
    2.47504303e+02, 1.36058365e+02, 2.42978088e+02, 1.44107986e+02,
    2.44690720e+02, 1.52200470e+02, 2.42064545e+02, 1.64268967e+02,
    2.45410858e+02, 1.77567947e+02, 2.47623291e+02, 1.65774841e+02,
    2.60695312e+02, 1.54289841e+02, 2.66141022e+02, 1.45835876e+02,
    2.67786804e+02, 1.37082916e+02, 2.66733185e+02, 1.28539200e+02,
    2.63420959e+02, 1.23666039e+02, 2.54156128e+02, 1.36447220e+02,
    2.52201141e+02, 1.44574463e+02, 2.52419525e+02, 1.53186081e+02,
    2.51034943e+02, 1.72903473e+02, 2.49475830e+02, 1.53186081e+02,
    2.51034943e+02, 1.44574463e+02, 2.52419525e+02, 1.36447220e+02,
    2.52201141e+02 ]
noOfLandmarkPoint: 68
