%YAML:1.0
landmark: [ 5.97397400e+02, 3.02289978e+02, 5.98113342e+02,
    3.14461823e+02, 6.00161926e+02, 3.27195496e+02, 6.02963257e+02,
    3.39409119e+02, 6.07671936e+02, 3.49461792e+02, 6.13403320e+02,
    3.58690277e+02, 6.21988464e+02, 3.65947693e+02, 6.31125183e+02,
    3.71949646e+02, 6.43415771e+02, 3.73701569e+02, 6.55363281e+02,
    3.71922089e+02, 6.64970398e+02, 3.64037720e+02, 6.72237061e+02,
    3.55288361e+02, 6.76454529e+02, 3.46208893e+02, 6.81630676e+02,
    3.36448639e+02, 6.85782532e+02, 3.25355804e+02, 6.88184082e+02,
    3.13546997e+02, 6.88831238e+02, 3.00635895e+02, 6.07928345e+02,
    2.88243835e+02, 6.13965271e+02, 2.80075409e+02, 6.23645508e+02,
    2.76514313e+02, 6.34296021e+02, 2.78727081e+02, 6.40531067e+02,
    2.85335205e+02, 6.51295471e+02, 2.83728973e+02, 6.59181458e+02,
    2.79069977e+02, 6.68752930e+02, 2.80303162e+02, 6.76474670e+02,
    2.83584869e+02, 6.81938965e+02, 2.89258057e+02, 6.45311951e+02,
    2.90459137e+02, 6.45163696e+02, 2.99862732e+02, 6.44976929e+02,
    3.09406952e+02, 6.45026672e+02, 3.18935486e+02, 6.37111084e+02,
    3.23270508e+02, 6.40824280e+02, 3.25031647e+02, 6.45248474e+02,
    3.26014160e+02, 6.49544434e+02, 3.24773071e+02, 6.52570435e+02,
    3.22745422e+02, 6.17445129e+02, 2.91550110e+02, 6.21696411e+02,
    2.88474396e+02, 6.27157776e+02, 2.88712097e+02, 6.31132507e+02,
    2.91900208e+02, 6.26757996e+02, 2.94236176e+02, 6.21850525e+02,
    2.94061127e+02, 6.56562073e+02, 2.93513824e+02, 6.61519592e+02,
    2.90723938e+02, 6.67243225e+02, 2.91243591e+02, 6.72069275e+02,
    2.94215271e+02, 6.67835999e+02, 2.96096741e+02, 6.62298950e+02,
    2.96250885e+02, 6.30604492e+02, 3.42714630e+02, 6.36802917e+02,
    3.39319275e+02, 6.41842224e+02, 3.36143677e+02, 6.45776306e+02,
    3.37454590e+02, 6.50203430e+02, 3.36105316e+02, 6.54249756e+02,
    3.38789001e+02, 6.58614563e+02, 3.42573456e+02, 6.54273682e+02,
    3.46236755e+02, 6.49944885e+02, 3.47894623e+02, 6.45612122e+02,
    3.48612427e+02, 6.40729553e+02, 3.47949982e+02, 6.36390381e+02,
    3.46117584e+02, 6.33389893e+02, 3.42118927e+02, 6.41822021e+02,
    3.41474487e+02, 6.45886475e+02, 3.41411804e+02, 6.50187744e+02,
    3.41447052e+02, 6.56978699e+02, 3.42006561e+02, 6.50187744e+02,
    3.41447052e+02, 6.45886475e+02, 3.41411804e+02, 6.41822021e+02,
    3.41474487e+02 ]
noOfLandmarkPoint: 68
