%YAML:1.0
landmark: [ 1.13089905e+02, 1.26720573e+02, 1.14466972e+02,
    1.45895432e+02, 1.16008125e+02, 1.67150497e+02, 1.20721321e+02,
    1.85647568e+02, 1.37302277e+02, 2.00023346e+02, 1.61715607e+02,
    2.13682236e+02, 1.91978973e+02, 2.23343124e+02, 2.18597000e+02,
    2.28119659e+02, 2.31361099e+02, 2.24735214e+02, 2.39365234e+02,
    2.18985703e+02, 2.43079254e+02, 2.04929794e+02, 2.42850754e+02,
    1.89069580e+02, 2.46165405e+02, 1.73434006e+02, 2.48659653e+02,
    1.62415833e+02, 2.51978149e+02, 1.49088959e+02, 2.48474091e+02,
    1.37203568e+02, 2.43942596e+02, 1.27359276e+02, 1.60980515e+02,
    1.14263252e+02, 1.72071030e+02, 1.06082024e+02, 1.84210571e+02,
    9.99552612e+01, 1.98427765e+02, 9.99168701e+01, 2.11267044e+02,
    1.03559929e+02, 2.29506256e+02, 1.03524078e+02, 2.33420517e+02,
    1.00848129e+02, 2.38383682e+02, 9.87894135e+01, 2.42462021e+02,
    9.79651566e+01, 2.45716110e+02, 1.01240715e+02, 2.21920074e+02,
    1.15754097e+02, 2.28504486e+02, 1.26312302e+02, 2.35025436e+02,
    1.36042496e+02, 2.41198776e+02, 1.47084473e+02, 2.19122925e+02,
    1.55247482e+02, 2.25506104e+02, 1.57927277e+02, 2.31025925e+02,
    1.60607086e+02, 2.37162994e+02, 1.58052277e+02, 2.42047958e+02,
    1.55600967e+02, 1.80255615e+02, 1.22991867e+02, 1.87715195e+02,
    1.19821976e+02, 1.94590591e+02, 1.19476662e+02, 1.98917221e+02,
    1.24721161e+02, 1.93533966e+02, 1.25892899e+02, 1.86338135e+02,
    1.25892899e+02, 2.28371460e+02, 1.20337387e+02, 2.32100159e+02,
    1.16155533e+02, 2.37270355e+02, 1.14589058e+02, 2.37784073e+02,
    1.18028702e+02, 2.37063324e+02, 1.21140175e+02, 2.32820908e+02,
    1.21325729e+02, 1.98727173e+02, 1.79006577e+02, 2.14035965e+02,
    1.73144989e+02, 2.25133286e+02, 1.70965500e+02, 2.28865189e+02,
    1.71907242e+02, 2.33226089e+02, 1.70026810e+02, 2.36908890e+02,
    1.71733658e+02, 2.38112228e+02, 1.77205658e+02, 2.37418228e+02,
    1.83193069e+02, 2.33831696e+02, 1.91529343e+02, 2.29553665e+02,
    1.93724518e+02, 2.23895050e+02, 1.94034348e+02, 2.12474472e+02,
    1.89883392e+02, 2.01679871e+02, 1.78864075e+02, 2.24118393e+02,
    1.77169022e+02, 2.28626083e+02, 1.76953613e+02, 2.32739822e+02,
    1.76597107e+02, 2.35867966e+02, 1.76649002e+02, 2.32786011e+02,
    1.81324646e+02, 2.29203247e+02, 1.83611282e+02, 2.24079788e+02,
    1.84187790e+02 ]
noOfLandmarkPoint: 68
