%YAML:1.0
landmark: [ 1.34324951e+02, 1.36390869e+02, 1.40688385e+02,
    1.48567749e+02, 1.47973373e+02, 1.62772781e+02, 1.57475204e+02,
    1.78544052e+02, 1.69860550e+02, 1.86727127e+02, 1.83961288e+02,
    1.92622681e+02, 2.00087326e+02, 1.97084381e+02, 2.18716492e+02,
    2.00680237e+02, 2.35594360e+02, 1.98651367e+02, 2.50900818e+02,
    1.93578094e+02, 2.58555908e+02, 1.81404892e+02, 2.63905273e+02,
    1.69138412e+02, 2.66579590e+02, 1.54844559e+02, 2.65934875e+02,
    1.40270920e+02, 2.65658051e+02, 1.24776466e+02, 2.62891205e+02,
    1.10571442e+02, 2.57450775e+02, 9.65536728e+01, 1.56511169e+02,
    1.01002792e+02, 1.66016235e+02, 9.00472336e+01, 1.77528931e+02,
    8.45240097e+01, 1.89481873e+02, 8.16743622e+01, 2.01147522e+02,
    8.41919403e+01, 2.17564880e+02, 8.04346924e+01, 2.25210236e+02,
    7.42111053e+01, 2.35119064e+02, 7.28976135e+01, 2.43225830e+02,
    7.19849091e+01, 2.50604935e+02, 7.67516632e+01, 2.14869675e+02,
    9.74657211e+01, 2.18963074e+02, 1.08508598e+02, 2.23099640e+02,
    1.17847527e+02, 2.27736679e+02, 1.28053589e+02, 2.17054047e+02,
    1.39809769e+02, 2.23694305e+02, 1.38242050e+02, 2.28674316e+02,
    1.37319763e+02, 2.32214050e+02, 1.36037323e+02, 2.34854919e+02,
    1.35197647e+02, 1.75874496e+02, 1.12889206e+02, 1.82035324e+02,
    1.07545631e+02, 1.89313782e+02, 1.05402489e+02, 1.96948517e+02,
    1.08229370e+02, 1.90539978e+02, 1.10961678e+02, 1.83330780e+02,
    1.12763504e+02, 2.27841232e+02, 1.02319214e+02, 2.34025162e+02,
    9.54478226e+01, 2.40666168e+02, 9.32346420e+01, 2.46384888e+02,
    9.63701019e+01, 2.42934265e+02, 9.96717987e+01, 2.36366241e+02,
    1.01014305e+02, 2.10736664e+02, 1.65370773e+02, 2.17199097e+02,
    1.58140747e+02, 2.23897415e+02, 1.53570770e+02, 2.31006424e+02,
    1.52485764e+02, 2.36055618e+02, 1.51653137e+02, 2.42046707e+02,
    1.53757507e+02, 2.47098083e+02, 1.55941345e+02, 2.45374481e+02,
    1.64321106e+02, 2.41701172e+02, 1.67997833e+02, 2.36914490e+02,
    1.71151123e+02, 2.30976059e+02, 1.71870544e+02, 2.21830261e+02,
    1.72029053e+02, 2.15952606e+02, 1.64536972e+02, 2.26065414e+02,
    1.60019394e+02, 2.32376236e+02, 1.58176392e+02, 2.37690826e+02,
    1.56995132e+02, 2.44430847e+02, 1.57432251e+02, 2.38756699e+02,
    1.60771622e+02, 2.33448029e+02, 1.61981018e+02, 2.27601547e+02,
    1.63700439e+02 ]
noOfLandmarkPoint: 68
