%YAML:1.0
landmark: [ 1.64562622e+02, 1.07213600e+02, 1.62425812e+02,
    1.23420891e+02, 1.61427277e+02, 1.40561157e+02, 1.61915115e+02,
    1.57441772e+02, 1.66810730e+02, 1.73184097e+02, 1.77494827e+02,
    1.86552795e+02, 1.88164688e+02, 1.98346710e+02, 2.05598679e+02,
    2.06805557e+02, 2.21104202e+02, 2.10251892e+02, 2.32521561e+02,
    2.06112411e+02, 2.43149979e+02, 2.00092285e+02, 2.55204453e+02,
    1.93056595e+02, 2.64221954e+02, 1.82390793e+02, 2.70949951e+02,
    1.69905792e+02, 2.73292084e+02, 1.54085419e+02, 2.76737396e+02,
    1.39495758e+02, 2.77532898e+02, 1.24598404e+02, 1.83825485e+02,
    1.09224899e+02, 1.91862061e+02, 1.05453331e+02, 2.00594803e+02,
    1.04491890e+02, 2.07804092e+02, 1.08403206e+02, 2.14340057e+02,
    1.12063492e+02, 2.36450134e+02, 1.12913643e+02, 2.45722046e+02,
    1.08905281e+02, 2.53404938e+02, 1.07367577e+02, 2.60400269e+02,
    1.11093422e+02, 2.65886383e+02, 1.15027603e+02, 2.25069870e+02,
    1.26519150e+02, 2.24818848e+02, 1.37166153e+02, 2.24293915e+02,
    1.47613434e+02, 2.24256821e+02, 1.57336090e+02, 2.10303223e+02,
    1.54905533e+02, 2.15490417e+02, 1.59666885e+02, 2.23871628e+02,
    1.61789597e+02, 2.30667267e+02, 1.60214798e+02, 2.36013626e+02,
    1.56155106e+02, 1.90826431e+02, 1.22045807e+02, 1.97060043e+02,
    1.19398293e+02, 2.03404938e+02, 1.19235680e+02, 2.08189270e+02,
    1.24108437e+02, 2.02680298e+02, 1.26333679e+02, 1.95884659e+02,
    1.25683228e+02, 2.38726700e+02, 1.26681763e+02, 2.44346970e+02,
    1.22119995e+02, 2.51504913e+02, 1.21883194e+02, 2.55690125e+02,
    1.25232491e+02, 2.51054169e+02, 1.28005524e+02, 2.45160019e+02,
    1.28293655e+02, 1.98566879e+02, 1.70147888e+02, 2.06317719e+02,
    1.69110168e+02, 2.16151657e+02, 1.69472473e+02, 2.21683411e+02,
    1.70870270e+02, 2.28826309e+02, 1.69857422e+02, 2.36102051e+02,
    1.70197113e+02, 2.41759399e+02, 1.71771912e+02, 2.36398804e+02,
    1.81132248e+02, 2.28353607e+02, 1.84704102e+02, 2.21209885e+02,
    1.85066422e+02, 2.15780701e+02, 1.83905273e+02, 2.04845581e+02,
    1.77782959e+02, 2.01556168e+02, 1.71631500e+02, 2.15951950e+02,
    1.72733353e+02, 2.21520874e+02, 1.73702454e+02, 2.28737976e+02,
    1.73635986e+02, 2.39437119e+02, 1.72733353e+02, 2.28649551e+02,
    1.77879852e+02, 2.21417480e+02, 1.78279175e+02, 2.15515442e+02,
    1.76770187e+02 ]
noOfLandmarkPoint: 68
