%YAML:1.0
landmark: [ 9.83397675e+01, 1.51230835e+02, 9.79029388e+01,
    1.63123047e+02, 9.98470154e+01, 1.75312622e+02, 1.04961128e+02,
    1.87036606e+02, 1.10729027e+02, 1.99132111e+02, 1.17197762e+02,
    2.10667908e+02, 1.25157425e+02, 2.21567215e+02, 1.33046722e+02,
    2.32718460e+02, 1.44963516e+02, 2.38462891e+02, 1.59972763e+02,
    2.36107239e+02, 1.77714066e+02, 2.28813934e+02, 1.91974564e+02,
    2.18599426e+02, 2.02850464e+02, 2.07238174e+02, 2.11862885e+02,
    1.90012436e+02, 2.12275650e+02, 1.72886597e+02, 2.11904984e+02,
    1.56173523e+02, 2.11492218e+02, 1.37951355e+02, 9.75056839e+01,
    1.33893219e+02, 1.02554161e+02, 1.30540985e+02, 1.09620186e+02,
    1.29638107e+02, 1.16962883e+02, 1.30121841e+02, 1.24996208e+02,
    1.33252060e+02, 1.42065521e+02, 1.31380402e+02, 1.53401733e+02,
    1.26549576e+02, 1.63801270e+02, 1.23156837e+02, 1.74663025e+02,
    1.22122200e+02, 1.84372208e+02, 1.23884407e+02, 1.35269119e+02,
    1.45627701e+02, 1.34107651e+02, 1.54693314e+02, 1.33765869e+02,
    1.64060730e+02, 1.33353104e+02, 1.73512360e+02, 1.26577873e+02,
    1.80416367e+02, 1.31411606e+02, 1.82503296e+02, 1.36956848e+02,
    1.84713577e+02, 1.43188553e+02, 1.80982971e+02, 1.49781876e+02,
    1.77712845e+02, 1.06930344e+02, 1.46285522e+02, 1.11342476e+02,
    1.41323303e+02, 1.20145508e+02, 1.41656418e+02, 1.26682495e+02,
    1.46782257e+02, 1.18978676e+02, 1.49202805e+02, 1.11502129e+02,
    1.49471909e+02, 1.54644089e+02, 1.42973343e+02, 1.59005142e+02,
    1.35474731e+02, 1.68182510e+02, 1.35515305e+02, 1.76397308e+02,
    1.38562531e+02, 1.70790329e+02, 1.42637100e+02, 1.63096680e+02,
    1.44399796e+02, 1.21932068e+02, 1.94738586e+02, 1.26726730e+02,
    1.92448975e+02, 1.34228653e+02, 1.91587906e+02, 1.40311462e+02,
    1.91015091e+02, 1.46853714e+02, 1.88617493e+02, 1.59295013e+02,
    1.87442322e+02, 1.72945038e+02, 1.91124588e+02, 1.63916306e+02,
    2.03659241e+02, 1.55160538e+02, 2.08538834e+02, 1.45030075e+02,
    2.10120300e+02, 1.37687195e+02, 2.09561172e+02, 1.27616302e+02,
    2.04276993e+02, 1.24357956e+02, 1.95867676e+02, 1.34812881e+02,
    1.94673370e+02, 1.41000885e+02, 1.94414856e+02, 1.48601685e+02,
    1.92796127e+02, 1.71087112e+02, 1.91975754e+02, 1.52644363e+02,
    2.03201828e+02, 1.43233978e+02, 2.05053848e+02, 1.36397736e+02,
    2.04147919e+02 ]
noOfLandmarkPoint: 68
