%YAML:1.0
landmark: [ 9.59887390e+01, 2.28916168e+02, 9.64930191e+01,
    2.56661407e+02, 9.95382614e+01, 2.86064056e+02, 1.02129921e+02,
    3.12494843e+02, 1.04832108e+02, 3.35042938e+02, 1.15027359e+02,
    3.59799866e+02, 1.24243942e+02, 3.80906372e+02, 1.42214188e+02,
    4.03456055e+02, 1.75675110e+02, 4.11423248e+02, 2.08197418e+02,
    4.10092194e+02, 2.37754852e+02, 4.00481567e+02, 2.67080017e+02,
    3.84013794e+02, 2.94832275e+02, 3.63552795e+02, 3.11075500e+02,
    3.31021637e+02, 3.21838074e+02, 2.98175049e+02, 3.23270050e+02,
    2.68476654e+02, 3.24429749e+02, 2.35137451e+02, 9.51718369e+01,
    1.99187347e+02, 1.05329063e+02, 1.88031418e+02, 1.21989548e+02,
    1.88691986e+02, 1.39877472e+02, 1.98368073e+02, 1.55795837e+02,
    2.07194824e+02, 1.95652374e+02, 2.01093460e+02, 2.14913635e+02,
    1.92400665e+02, 2.34073990e+02, 1.88447495e+02, 2.55009094e+02,
    1.93147079e+02, 2.68885223e+02, 2.02051315e+02, 1.70552658e+02,
    2.19446518e+02, 1.67587784e+02, 2.41400360e+02, 1.64381042e+02,
    2.62980988e+02, 1.61215912e+02, 2.84224640e+02, 1.51369019e+02,
    2.96311798e+02, 1.59329071e+02, 2.99970612e+02, 1.67073608e+02,
    3.03923767e+02, 1.81564819e+02, 3.01029388e+02, 1.93262527e+02,
    2.99083221e+02, 1.14173683e+02, 2.25162857e+02, 1.23511887e+02,
    2.16747177e+02, 1.38818481e+02, 2.15510468e+02, 1.53293289e+02,
    2.24432602e+02, 1.38723541e+02, 2.27978088e+02, 1.24294617e+02,
    2.27880875e+02, 2.14552917e+02, 2.27986389e+02, 2.26311829e+02,
    2.20422745e+02, 2.42072296e+02, 2.20981567e+02, 2.54189621e+02,
    2.29410461e+02, 2.42077347e+02, 2.33769791e+02, 2.27344070e+02,
    2.32661240e+02, 1.36830551e+02, 3.39561340e+02, 1.50683746e+02,
    3.34421173e+02, 1.61620316e+02, 3.31195496e+02, 1.70924149e+02,
    3.34645081e+02, 1.81330673e+02, 3.31686676e+02, 2.01751175e+02,
    3.38874237e+02, 2.24289948e+02, 3.44148804e+02, 2.02752411e+02,
    3.52225342e+02, 1.81388504e+02, 3.58114868e+02, 1.70867920e+02,
    3.58738922e+02, 1.60575607e+02, 3.56883820e+02, 1.49985840e+02,
    3.52559265e+02, 1.41233871e+02, 3.40110779e+02, 1.61319916e+02,
    3.39787384e+02, 1.70575668e+02, 3.42063507e+02, 1.81732086e+02,
    3.41341431e+02, 2.16471008e+02, 3.43918335e+02, 1.81732086e+02,
    3.41341431e+02, 1.70575668e+02, 3.42063507e+02, 1.61319916e+02,
    3.39787384e+02 ]
noOfLandmarkPoint: 68
