%YAML:1.0
landmark: [ 9.20205078e+01, 1.66345154e+02, 9.33368378e+01,
    1.77121719e+02, 9.51079941e+01, 1.93228195e+02, 9.78119965e+01,
    2.06280548e+02, 1.01867996e+02, 2.19519455e+02, 1.08346916e+02,
    2.34460495e+02, 1.16108788e+02, 2.46020309e+02, 1.27505051e+02,
    2.54226807e+02, 1.41326675e+02, 2.53876694e+02, 1.59416351e+02,
    2.50170807e+02, 1.75103653e+02, 2.42153320e+02, 1.87527252e+02,
    2.30240952e+02, 1.96710175e+02, 2.17283096e+02, 2.03097031e+02,
    2.00453384e+02, 2.05801025e+02, 1.83649124e+02, 2.05450912e+02,
    1.63042038e+02, 2.04658615e+02, 1.46189301e+02, 8.21246872e+01,
    1.37146912e+02, 8.91172867e+01, 1.33650620e+02, 9.78580246e+01,
    1.33650620e+02, 1.04418289e+02, 1.36740295e+02, 1.13661072e+02,
    1.39171692e+02, 1.34191223e+02, 1.39205704e+02, 1.44504013e+02,
    1.33148026e+02, 1.55166916e+02, 1.29046005e+02, 1.67133957e+02,
    1.25492592e+02, 1.78122452e+02, 1.32417908e+02, 1.29451584e+02,
    1.57156281e+02, 1.28892487e+02, 1.70100784e+02, 1.27778030e+02,
    1.81252808e+02, 1.27127045e+02, 1.93832047e+02, 1.24247429e+02,
    2.00777954e+02, 1.28591599e+02, 2.02952271e+02, 1.33925720e+02,
    2.03850296e+02, 1.39474243e+02, 2.00323624e+02, 1.45246979e+02,
    1.97762238e+02, 9.83734436e+01, 1.64869278e+02, 1.02593712e+02,
    1.61271454e+02, 1.08241219e+02, 1.61102402e+02, 1.14986061e+02,
    1.64276566e+02, 1.08723824e+02, 1.68477768e+02, 1.02142685e+02,
    1.68462067e+02, 1.50717850e+02, 1.58403091e+02, 1.54432907e+02,
    1.54674316e+02, 1.61325912e+02, 1.55364548e+02, 1.66873581e+02,
    1.57576508e+02, 1.63766937e+02, 1.61893250e+02, 1.55984375e+02,
    1.61394302e+02, 1.15794182e+02, 2.21823563e+02, 1.25042885e+02,
    2.19490616e+02, 1.32358322e+02, 2.19822006e+02, 1.36646469e+02,
    2.20744400e+02, 1.41728058e+02, 2.18648834e+02, 1.50355759e+02,
    2.17613647e+02, 1.59679596e+02, 2.17393875e+02, 1.50440552e+02,
    2.20812546e+02, 1.42177658e+02, 2.23250000e+02, 1.36695938e+02,
    2.24533554e+02, 1.32421341e+02, 2.23963715e+02, 1.25276840e+02,
    2.23573868e+02, 1.18020493e+02, 2.21921814e+02, 1.32343506e+02,
    2.22092560e+02, 1.36651199e+02, 2.22805405e+02, 1.41930099e+02,
    2.21375076e+02, 1.55999908e+02, 2.17709457e+02, 1.41930099e+02,
    2.21375076e+02, 1.36651199e+02, 2.22805405e+02, 1.32343506e+02,
    2.22092560e+02 ]
noOfLandmarkPoint: 68
