%YAML:1.0
landmark: [ 6.75274124e+01, 1.53889435e+02, 6.90244293e+01,
    1.66856277e+02, 7.33467102e+01, 1.79830429e+02, 7.90485916e+01,
    1.92922012e+02, 8.74332428e+01, 2.05155014e+02, 9.94124603e+01,
    2.14203171e+02, 1.06589340e+02, 2.22877075e+02, 1.14756905e+02,
    2.30941910e+02, 1.28670380e+02, 2.31859192e+02, 1.40392258e+02,
    2.28237900e+02, 1.54445953e+02, 2.17472916e+02, 1.65731598e+02,
    2.05737869e+02, 1.75191513e+02, 1.91962936e+02, 1.81841125e+02,
    1.76130859e+02, 1.82264175e+02, 1.61168732e+02, 1.80323425e+02,
    1.42994476e+02, 1.76487885e+02, 1.25812782e+02, 6.51131058e+01,
    1.40504333e+02, 6.79383621e+01, 1.35022598e+02, 7.46749496e+01,
    1.33620972e+02, 8.14664764e+01, 1.34099777e+02, 8.86552505e+01,
    1.35631805e+02, 1.09465965e+02, 1.30619598e+02, 1.16180542e+02,
    1.24389359e+02, 1.24465515e+02, 1.20045059e+02, 1.32655090e+02,
    1.18188461e+02, 1.41534836e+02, 1.22553627e+02, 1.01273888e+02,
    1.45035400e+02, 1.02033752e+02, 1.56087646e+02, 1.02344269e+02,
    1.68389526e+02, 1.02722015e+02, 1.80723404e+02, 9.59561081e+01,
    1.84005951e+02, 1.02619308e+02, 1.87843903e+02, 1.10324554e+02,
    1.87990662e+02, 1.15454048e+02, 1.83572983e+02, 1.21684288e+02,
    1.79969864e+02, 7.57424622e+01, 1.52384750e+02, 7.97693558e+01,
    1.48458252e+02, 8.53632202e+01, 1.46861237e+02, 9.16982498e+01,
    1.49785385e+02, 8.59533157e+01, 1.51917633e+02, 8.07214508e+01,
    1.53105759e+02, 1.21584152e+02, 1.43207199e+02, 1.25984535e+02,
    1.39044769e+02, 1.32110626e+02, 1.37708939e+02, 1.37255264e+02,
    1.39251602e+02, 1.32819260e+02, 1.42189636e+02, 1.27400520e+02,
    1.43482574e+02, 9.93610916e+01, 1.97897400e+02, 1.02485672e+02,
    1.94314362e+02, 1.07966629e+02, 1.94500916e+02, 1.13866028e+02,
    1.94620728e+02, 1.21003761e+02, 1.91720016e+02, 1.31134659e+02,
    1.90561874e+02, 1.40499771e+02, 1.90360931e+02, 1.35994781e+02,
    1.99052307e+02, 1.30033737e+02, 2.04687881e+02, 1.20776863e+02,
    2.08704620e+02, 1.13846756e+02, 2.09132690e+02, 1.06987907e+02,
    2.06619812e+02, 1.01415825e+02, 1.98572525e+02, 1.09222260e+02,
    1.97956497e+02, 1.15288368e+02, 1.97473007e+02, 1.22643150e+02,
    1.94497314e+02, 1.37769913e+02, 1.91520401e+02, 1.25763916e+02,
    1.99287903e+02, 1.17869644e+02, 2.02273010e+02, 1.11025513e+02,
    2.02104401e+02 ]
noOfLandmarkPoint: 68
