%YAML:1.0
landmark: [ 7.44675446e+01, 1.74456070e+02, 7.55697861e+01,
    1.94613541e+02, 7.81445541e+01, 2.13209915e+02, 8.26416092e+01,
    2.29324600e+02, 9.36807632e+01, 2.45837204e+02, 1.13191185e+02,
    2.58953461e+02, 1.34228836e+02, 2.67589844e+02, 1.54263245e+02,
    2.72318756e+02, 1.73118423e+02, 2.71570587e+02, 1.87724655e+02,
    2.65154175e+02, 1.97764893e+02, 2.51610168e+02, 2.07331009e+02,
    2.37872116e+02, 2.15677872e+02, 2.22831772e+02, 2.18864563e+02,
    2.05984039e+02, 2.21777206e+02, 1.89333359e+02, 2.21621216e+02,
    1.73699310e+02, 2.20160843e+02, 1.43516205e+02, 1.06078552e+02,
    1.53436417e+02, 1.16669907e+02, 1.46702911e+02, 1.28243469e+02,
    1.43790268e+02, 1.41747467e+02, 1.43082108e+02, 1.55999634e+02,
    1.49381516e+02, 1.79377808e+02, 1.46822937e+02, 1.87644638e+02,
    1.40760605e+02, 1.97564835e+02, 1.37453857e+02, 2.05831665e+02,
    1.36351624e+02, 2.13547379e+02, 1.38004990e+02, 1.70562866e+02,
    1.70207123e+02, 1.73515518e+02, 1.82174789e+02, 1.76625198e+02,
    1.92646103e+02, 1.79340805e+02, 2.03708557e+02, 1.57884033e+02,
    2.11304245e+02, 1.66581970e+02, 2.14493958e+02, 1.74217651e+02,
    2.17883713e+02, 1.82130402e+02, 2.13865814e+02, 1.89060944e+02,
    2.09930954e+02, 1.22484291e+02, 1.78014984e+02, 1.29973846e+02,
    1.71900513e+02, 1.39459946e+02, 1.70955292e+02, 1.46310471e+02,
    1.74379059e+02, 1.41390381e+02, 1.80678452e+02, 1.30564987e+02,
    1.83357056e+02, 1.83986832e+02, 1.74499084e+02, 1.90174973e+02,
    1.65822617e+02, 1.99093704e+02, 1.63860062e+02, 2.03110077e+02,
    1.71047607e+02, 2.00645142e+02, 1.75044464e+02, 1.92524857e+02,
    1.77275757e+02, 1.38594757e+02, 2.31104630e+02, 1.59141144e+02,
    2.28003555e+02, 1.70021057e+02, 2.27083084e+02, 1.75513733e+02,
    2.28452560e+02, 1.80840256e+02, 2.25769531e+02, 1.87537109e+02,
    2.26456253e+02, 1.97820801e+02, 2.27705032e+02, 1.85148788e+02,
    2.41158401e+02, 1.79987946e+02, 2.44209915e+02, 1.73642471e+02,
    2.45302750e+02, 1.66599304e+02, 2.45442062e+02, 1.56388168e+02,
    2.43931519e+02, 1.43674896e+02, 2.32838013e+02, 1.69163361e+02,
    2.31663589e+02, 1.74991440e+02, 2.32461929e+02, 1.80650513e+02,
    2.30460266e+02, 1.91622528e+02, 2.29728333e+02, 1.80019363e+02,
    2.38005722e+02, 1.73998886e+02, 2.39577515e+02, 1.67730499e+02,
    2.39957230e+02 ]
noOfLandmarkPoint: 68
