%YAML:1.0
landmark: [ 3.50905090e+02, 5.92036438e+02, 3.43390167e+02,
    6.79575134e+02, 3.49057190e+02, 7.51831787e+02, 3.62581848e+02,
    8.15646790e+02, 3.87552948e+02, 8.73216309e+02, 4.32996063e+02,
    9.22467590e+02, 4.77070770e+02, 9.63539917e+02, 5.16854126e+02,
    9.96402161e+02, 5.78355408e+02, 1.00080811e+03, 6.14385376e+02,
    9.80528442e+02, 6.44896729e+02, 9.42692871e+02, 6.82819458e+02,
    9.05466553e+02, 7.12413025e+02, 8.69166870e+02, 7.38423218e+02,
    8.24195312e+02, 7.62243164e+02, 7.74087402e+02, 7.77349182e+02,
    7.23370300e+02, 7.85372742e+02, 6.63515442e+02, 4.19106781e+02,
    5.55646362e+02, 4.68818665e+02, 5.45705078e+02, 5.16564819e+02,
    5.42930481e+02, 5.57966675e+02, 5.53836853e+02, 5.93624695e+02,
    5.75389038e+02, 6.77950256e+02, 5.94029663e+02, 7.08936584e+02,
    5.83970520e+02, 7.38187378e+02, 5.82931396e+02, 7.65820679e+02,
    5.80499573e+02, 7.85933533e+02, 5.91715698e+02, 6.32531494e+02,
    6.46594849e+02, 6.32231201e+02, 6.78649475e+02, 6.31141785e+02,
    7.11482666e+02, 6.30681213e+02, 7.44429260e+02, 5.61193665e+02,
    7.68361267e+02, 5.84884216e+02, 7.78540283e+02, 6.06507874e+02,
    7.91720276e+02, 6.32753906e+02, 7.84896240e+02, 6.55528931e+02,
    7.80734436e+02, 4.81073914e+02, 6.12064331e+02, 5.08825073e+02,
    6.03622742e+02, 5.34835266e+02, 6.08941589e+02, 5.51869080e+02,
    6.27056580e+02, 5.28825500e+02, 6.28133240e+02, 5.02579559e+02,
    6.23623230e+02, 6.86509705e+02, 6.47089111e+02, 7.08785767e+02,
    6.33170837e+02, 7.28884338e+02, 6.36171265e+02, 7.44315002e+02,
    6.47667603e+02, 7.31016296e+02, 6.55471008e+02, 7.07206604e+02,
    6.52756165e+02, 4.97378601e+02, 8.30789001e+02, 5.44173096e+02,
    8.25481628e+02, 5.83077454e+02, 8.19567017e+02, 6.03616028e+02,
    8.28804138e+02, 6.24318176e+02, 8.23006958e+02, 6.45607788e+02,
    8.31618103e+02, 6.65838562e+02, 8.40242554e+02, 6.38706970e+02,
    8.88193481e+02, 6.13441040e+02, 9.03500183e+02, 5.92761230e+02,
    9.05556396e+02, 5.69931824e+02, 9.03216919e+02, 5.33868408e+02,
    8.83684326e+02, 5.08358978e+02, 8.33793884e+02, 5.80406860e+02,
    8.37222107e+02, 6.02251526e+02, 8.39861633e+02, 6.21002808e+02,
    8.41818542e+02, 6.54471863e+02, 8.46051758e+02, 6.18376831e+02,
    8.63950623e+02, 5.96360046e+02, 8.67966797e+02, 5.74785095e+02,
    8.65219849e+02 ]
noOfLandmarkPoint: 68
