%YAML:1.0
landmark: [ 1.02320946e+02, 1.31386963e+02, 1.00245331e+02,
    1.42481293e+02, 9.85657730e+01, 1.52443176e+02, 1.01358322e+02,
    1.64028229e+02, 1.06754791e+02, 1.75066177e+02, 1.12056602e+02,
    1.87254715e+02, 1.17188583e+02, 1.99556702e+02, 1.21886909e+02,
    2.12745453e+02, 1.29697998e+02, 2.23802200e+02, 1.46962128e+02,
    2.25594528e+02, 1.67151031e+02, 2.20745834e+02, 1.84226532e+02,
    2.11802292e+02, 2.00075592e+02, 2.01066422e+02, 2.09698471e+02,
    1.86028275e+02, 2.15019089e+02, 1.69990585e+02, 2.17830429e+02,
    1.50405823e+02, 2.18981018e+02, 1.32009918e+02, 1.01320175e+02,
    1.13269768e+02, 1.06358177e+02, 1.11580872e+02, 1.12283501e+02,
    1.12810646e+02, 1.18943993e+02, 1.15115822e+02, 1.25748856e+02,
    1.18030602e+02, 1.41249786e+02, 1.18426659e+02, 1.51340027e+02,
    1.14769478e+02, 1.62589844e+02, 1.13498215e+02, 1.73716324e+02,
    1.13794174e+02, 1.85167023e+02, 1.16741653e+02, 1.32683792e+02,
    1.30205765e+02, 1.29664322e+02, 1.39300385e+02, 1.27235893e+02,
    1.48708328e+02, 1.24404701e+02, 1.58478882e+02, 1.21031143e+02,
    1.65947342e+02, 1.24869766e+02, 1.68659607e+02, 1.30049347e+02,
    1.71223145e+02, 1.36221786e+02, 1.68172989e+02, 1.42883392e+02,
    1.66797455e+02, 1.08660568e+02, 1.26990707e+02, 1.12543976e+02,
    1.24010086e+02, 1.20748451e+02, 1.25771500e+02, 1.26056938e+02,
    1.31179535e+02, 1.18909073e+02, 1.32206772e+02, 1.12672882e+02,
    1.31427338e+02, 1.52037704e+02, 1.33481369e+02, 1.57015381e+02,
    1.26378418e+02, 1.66360397e+02, 1.26967773e+02, 1.73965988e+02,
    1.31395630e+02, 1.67829819e+02, 1.33559341e+02, 1.59736023e+02,
    1.34386932e+02, 1.16177780e+02, 1.80511856e+02, 1.22264801e+02,
    1.79807098e+02, 1.27362274e+02, 1.79906418e+02, 1.31461105e+02,
    1.80294449e+02, 1.37421082e+02, 1.78917709e+02, 1.51761108e+02,
    1.81254211e+02, 1.63998367e+02, 1.85100021e+02, 1.52959854e+02,
    1.94606674e+02, 1.38622742e+02, 2.01745758e+02, 1.32219009e+02,
    2.00904037e+02, 1.27609589e+02, 1.98430054e+02, 1.21635963e+02,
    1.93756195e+02, 1.19118042e+02, 1.82363861e+02, 1.27310532e+02,
    1.83160950e+02, 1.31434708e+02, 1.83549332e+02, 1.37586823e+02,
    1.83327667e+02, 1.60938660e+02, 1.85628876e+02, 1.38253159e+02,
    1.93008545e+02, 1.32094009e+02, 1.92912247e+02, 1.27822899e+02,
    1.91094696e+02 ]
noOfLandmarkPoint: 68
