%YAML:1.0
landmark: [ 1.22491714e+02, 1.62209763e+02, 1.24620468e+02,
    1.82193039e+02, 1.26188484e+02, 2.00673538e+02, 1.28142258e+02,
    2.19589783e+02, 1.30662170e+02, 2.39377563e+02, 1.39504150e+02,
    2.56165039e+02, 1.50274918e+02, 2.69194946e+02, 1.63460220e+02,
    2.81708771e+02, 1.81344238e+02, 2.84689423e+02, 1.99619354e+02,
    2.85716339e+02, 2.17303329e+02, 2.78086945e+02, 2.37451859e+02,
    2.67166168e+02, 2.53008774e+02, 2.54237259e+02, 2.64283783e+02,
    2.37077148e+02, 2.67485260e+02, 2.17186920e+02, 2.70978394e+02,
    1.96192429e+02, 2.73724792e+02, 1.74354309e+02, 1.31196228e+02,
    1.42028778e+02, 1.42769150e+02, 1.36357300e+02, 1.56015793e+02,
    1.33537918e+02, 1.68144165e+02, 1.37146744e+02, 1.79869003e+02,
    1.44412659e+02, 2.04965164e+02, 1.48053009e+02, 2.17781693e+02,
    1.42708466e+02, 2.31760849e+02, 1.40440582e+02, 2.46256363e+02,
    1.43599640e+02, 2.57192200e+02, 1.51694397e+02, 1.91241211e+02,
    1.62186005e+02, 1.88571289e+02, 1.76442398e+02, 1.85607300e+02,
    1.90939163e+02, 1.82846069e+02, 2.04537582e+02, 1.73754059e+02,
    2.12816086e+02, 1.77993973e+02, 2.15181488e+02, 1.82976486e+02,
    2.17622803e+02, 1.89957382e+02, 2.16256256e+02, 1.96418030e+02,
    2.15479843e+02, 1.44758484e+02, 1.60663696e+02, 1.53482025e+02,
    1.55483383e+02, 1.63944702e+02, 1.56165787e+02, 1.73380936e+02,
    1.66561035e+02, 1.63304001e+02, 1.68720795e+02, 1.51504425e+02,
    1.65968857e+02, 2.13787827e+02, 1.71135101e+02, 2.22810608e+02,
    1.61963303e+02, 2.33360794e+02, 1.62621140e+02, 2.43100830e+02,
    1.69681320e+02, 2.34253357e+02, 1.75475037e+02, 2.22447311e+02,
    1.75056503e+02, 1.56541443e+02, 2.38474960e+02, 1.65309647e+02,
    2.34717697e+02, 1.75088867e+02, 2.32149445e+02, 1.79976181e+02,
    2.34623322e+02, 1.88130432e+02, 2.34329269e+02, 2.02919617e+02,
    2.41120590e+02, 2.13453033e+02, 2.45462143e+02, 2.00824158e+02,
    2.52476456e+02, 1.87364792e+02, 2.53916412e+02, 1.79134918e+02,
    2.53767197e+02, 1.72739349e+02, 2.53098953e+02, 1.64425400e+02,
    2.48041260e+02, 1.59549698e+02, 2.40379486e+02, 1.74568542e+02,
    2.42240417e+02, 1.79629166e+02, 2.42802948e+02, 1.87188873e+02,
    2.43455978e+02, 2.05941437e+02, 2.46838486e+02, 1.87188873e+02,
    2.43455978e+02, 1.79629166e+02, 2.42802948e+02, 1.74568542e+02,
    2.42240417e+02 ]
noOfLandmarkPoint: 68
