%YAML:1.0
landmark: [ 1.28520462e+02, 1.27736870e+02, 1.31408936e+02,
    1.67621994e+02, 1.35266190e+02, 2.04315491e+02, 1.40881653e+02,
    2.38629898e+02, 1.60681747e+02, 2.60079681e+02, 1.92034348e+02,
    2.80838928e+02, 2.24582932e+02, 2.96467590e+02, 2.63302032e+02,
    3.09657990e+02, 3.01391388e+02, 3.09767792e+02, 3.27659637e+02,
    2.99347778e+02, 3.43249939e+02, 2.80563293e+02, 3.49703796e+02,
    2.57518219e+02, 3.55563080e+02, 2.32141739e+02, 3.60615631e+02,
    2.00332718e+02, 3.66864197e+02, 1.69468323e+02, 3.70469208e+02,
    1.41943665e+02, 3.63655365e+02, 1.10576698e+02, 1.74372116e+02,
    8.90864029e+01, 1.95810150e+02, 8.01482468e+01, 2.19544861e+02,
    7.60403137e+01, 2.42398468e+02, 7.74413834e+01, 2.61034363e+02,
    8.21473160e+01, 3.11193390e+02, 7.88424606e+01, 3.24083435e+02,
    6.96356888e+01, 3.38438049e+02, 6.18444977e+01, 3.50761841e+02,
    5.84443550e+01, 3.61953186e+02, 6.05214577e+01, 2.91161743e+02,
    1.10762047e+02, 2.96969177e+02, 1.32357880e+02, 3.02982635e+02,
    1.53662903e+02, 3.09063049e+02, 1.74892075e+02, 2.79401642e+02,
    1.95343674e+02, 2.90858826e+02, 1.95626785e+02, 3.01954865e+02,
    1.98145813e+02, 3.11996490e+02, 1.92983459e+02, 3.19728943e+02,
    1.86751663e+02, 2.02672836e+02, 1.21711777e+02, 2.14395569e+02,
    1.12698990e+02, 2.31402023e+02, 1.12225349e+02, 2.44661072e+02,
    1.21323364e+02, 2.31932190e+02, 1.27822769e+02, 2.15673584e+02,
    1.28963715e+02, 3.12196930e+02, 1.10932449e+02, 3.23092499e+02,
    1.00207611e+02, 3.38163574e+02, 9.76364975e+01, 3.50516205e+02,
    1.04224251e+02, 3.42960114e+02, 1.13046272e+02, 3.28948517e+02,
    1.14982864e+02, 2.47875717e+02, 2.42215118e+02, 2.76492798e+02,
    2.26381317e+02, 2.96509369e+02, 2.18639984e+02, 3.05293640e+02,
    2.20924683e+02, 3.15197571e+02, 2.16739685e+02, 3.29801178e+02,
    2.18601852e+02, 3.41084137e+02, 2.27860489e+02, 3.30115417e+02,
    2.48170563e+02, 3.17563202e+02, 2.57006104e+02, 3.07143005e+02,
    2.61547638e+02, 2.96402557e+02, 2.61600281e+02, 2.75917786e+02,
    2.58886932e+02, 2.58762390e+02, 2.43400452e+02, 2.96231781e+02,
    2.36925705e+02, 3.04774261e+02, 2.36501022e+02, 3.14971954e+02,
    2.31448456e+02, 3.32489868e+02, 2.30945755e+02, 3.14971954e+02,
    2.31448456e+02, 3.04774261e+02, 2.36501022e+02, 2.96231781e+02,
    2.36925705e+02 ]
noOfLandmarkPoint: 68
