%YAML:1.0
landmark: [ 1.02855499e+02, 2.14807831e+02, 1.05648026e+02,
    2.34725677e+02, 1.11440300e+02, 2.57551270e+02, 1.13169205e+02,
    2.82203064e+02, 1.19671577e+02, 3.06443329e+02, 1.33746475e+02,
    3.25283020e+02, 1.50285751e+02, 3.41379089e+02, 1.68389603e+02,
    3.55076935e+02, 1.91731339e+02, 3.60875946e+02, 2.16198517e+02,
    3.57131134e+02, 2.31911438e+02, 3.41891144e+02, 2.46848785e+02,
    3.23859253e+02, 2.59427063e+02, 3.05888519e+02, 2.65294434e+02,
    2.83057922e+02, 2.67338318e+02, 2.62221191e+02, 2.69144440e+02,
    2.41250488e+02, 2.71889526e+02, 2.22152344e+02, 1.22787621e+02,
    2.09174133e+02, 1.39173401e+02, 2.04569244e+02, 1.56518112e+02,
    2.05065018e+02, 1.72968323e+02, 2.09810165e+02, 1.87946304e+02,
    2.18787216e+02, 2.08316269e+02, 2.17976761e+02, 2.23428818e+02,
    2.10960434e+02, 2.38829651e+02, 2.08848969e+02, 2.54320999e+02,
    2.09700165e+02, 2.66617950e+02, 2.17166992e+02, 1.98940506e+02,
    2.29736847e+02, 1.99412842e+02, 2.44817184e+02, 1.99642746e+02,
    2.60679199e+02, 1.99846634e+02, 2.76547394e+02, 1.80567413e+02,
    2.82141113e+02, 1.90367706e+02, 2.86239838e+02, 1.98553619e+02,
    2.91184937e+02, 2.07700745e+02, 2.87237335e+02, 2.13762268e+02,
    2.82872406e+02, 1.44129257e+02, 2.27558609e+02, 1.54271072e+02,
    2.22062027e+02, 1.66425934e+02, 2.22920639e+02, 1.74991272e+02,
    2.30158356e+02, 1.63997177e+02, 2.32811005e+02, 1.52281387e+02,
    2.32147491e+02, 2.17373581e+02, 2.32646103e+02, 2.25317810e+02,
    2.24669434e+02, 2.36279800e+02, 2.23320831e+02, 2.44459824e+02,
    2.28644119e+02, 2.38066147e+02, 2.33429153e+02, 2.27999298e+02,
    2.33962662e+02, 1.61542221e+02, 3.01194092e+02, 1.75813690e+02,
    3.01631989e+02, 1.88631363e+02, 3.00793915e+02, 1.97123077e+02,
    3.03039886e+02, 2.06202972e+02, 3.00222168e+02, 2.16931396e+02,
    3.01327240e+02, 2.25772644e+02, 3.03780121e+02, 2.16849686e+02,
    3.16746063e+02, 2.06691208e+02, 3.22399963e+02, 1.97794479e+02,
    3.24069733e+02, 1.88026047e+02, 3.22757874e+02, 1.75614441e+02,
    3.16451233e+02, 1.69289261e+02, 3.05586456e+02, 1.88486313e+02,
    3.07567352e+02, 1.97395401e+02, 3.08266602e+02, 2.06265732e+02,
    3.07992737e+02, 2.19184128e+02, 3.07310455e+02, 2.06538834e+02,
    3.12805725e+02, 1.97287308e+02, 3.13596161e+02, 1.88381073e+02,
    3.12168762e+02 ]
noOfLandmarkPoint: 68
