%YAML:1.0
landmark: [ 1.20308556e+02, 1.84025787e+02, 1.21815216e+02,
    2.12872955e+02, 1.23354691e+02, 2.42950836e+02, 1.23619995e+02,
    2.74029602e+02, 1.28293396e+02, 2.99609589e+02, 1.46320999e+02,
    3.23432709e+02, 1.70860947e+02, 3.43546204e+02, 2.00056244e+02,
    3.59287537e+02, 2.20954941e+02, 3.61632416e+02, 2.41394470e+02,
    3.57549469e+02, 2.65908508e+02, 3.41586700e+02, 2.87274261e+02,
    3.23918518e+02, 3.04864929e+02, 3.01903656e+02, 3.09441132e+02,
    2.75713745e+02, 3.13429535e+02, 2.50432510e+02, 3.18138092e+02,
    2.23239182e+02, 3.20372009e+02, 1.98976044e+02, 1.40434158e+02,
    1.92007950e+02, 1.55805710e+02, 1.83978516e+02, 1.75649719e+02,
    1.84800842e+02, 1.92882111e+02, 1.88227112e+02, 2.10087860e+02,
    1.93475983e+02, 2.45952927e+02, 1.94059158e+02, 2.63949005e+02,
    1.90213959e+02, 2.79715149e+02, 1.88090515e+02, 2.95440155e+02,
    1.88893921e+02, 3.08285675e+02, 1.98188705e+02, 2.26997391e+02,
    2.10358276e+02, 2.25898758e+02, 2.28887314e+02, 2.25349442e+02,
    2.46539139e+02, 2.24398438e+02, 2.64756622e+02, 2.04723511e+02,
    2.73163330e+02, 2.14436981e+02, 2.76857849e+02, 2.23463760e+02,
    2.80391479e+02, 2.32310242e+02, 2.77628601e+02, 2.40951645e+02,
    2.75267395e+02, 1.59458145e+02, 2.09510925e+02, 1.71200912e+02,
    2.02139511e+02, 1.84344910e+02, 2.05310654e+02, 1.95683777e+02,
    2.14292374e+02, 1.82655777e+02, 2.16384354e+02, 1.69211960e+02,
    2.14956848e+02, 2.55143646e+02, 2.16818756e+02, 2.67023468e+02,
    2.09128372e+02, 2.78600159e+02, 2.09677689e+02, 2.89512634e+02,
    2.16580994e+02, 2.80338257e+02, 2.18852066e+02, 2.67720398e+02,
    2.18704453e+02, 1.82027496e+02, 3.00552155e+02, 2.02167465e+02,
    2.96791107e+02, 2.16692795e+02, 2.93781097e+02, 2.22452576e+02,
    2.95631805e+02, 2.30973404e+02, 2.93741699e+02, 2.43491760e+02,
    2.97326447e+02, 2.59078979e+02, 3.04397339e+02, 2.42896133e+02,
    3.17189362e+02, 2.31198242e+02, 3.22667786e+02, 2.22660843e+02,
    3.23329926e+02, 2.15895035e+02, 3.21767761e+02, 2.01033936e+02,
    3.14399048e+02, 1.86940384e+02, 3.02490662e+02, 2.16658081e+02,
    3.06665344e+02, 2.21840012e+02, 3.06657104e+02, 2.31497528e+02,
    3.07123322e+02, 2.54208969e+02, 3.05659912e+02, 2.31497528e+02,
    3.07123322e+02, 2.21840012e+02, 3.06657104e+02, 2.16658081e+02,
    3.06665344e+02 ]
noOfLandmarkPoint: 68
