%YAML:1.0
landmark: [ 1.72946945e+02, 1.83967133e+02, 1.72512970e+02,
    2.01249481e+02, 1.74886520e+02, 2.19616501e+02, 1.76916855e+02,
    2.37471161e+02, 1.82403015e+02, 2.53452484e+02, 1.91357849e+02,
    2.67741821e+02, 2.06313446e+02, 2.83981323e+02, 2.21790955e+02,
    2.99650818e+02, 2.39172012e+02, 3.02942047e+02, 2.53506821e+02,
    3.01652740e+02, 2.68713989e+02, 2.91103271e+02, 2.83663879e+02,
    2.76743500e+02, 2.95367035e+02, 2.61974640e+02, 3.03305206e+02,
    2.45109283e+02, 3.06967712e+02, 2.27149078e+02, 3.12176025e+02,
    2.08883453e+02, 3.15142639e+02, 1.90594513e+02, 1.84713394e+02,
    1.70650848e+02, 1.95183975e+02, 1.64089111e+02, 2.07893005e+02,
    1.64644379e+02, 2.20109863e+02, 1.68840485e+02, 2.28575073e+02,
    1.76398987e+02, 2.56559357e+02, 1.75801071e+02, 2.66408325e+02,
    1.70744720e+02, 2.80484741e+02, 1.67774857e+02, 2.93608093e+02,
    1.68934387e+02, 3.04224121e+02, 1.75200867e+02, 2.42049484e+02,
    1.88018829e+02, 2.41184708e+02, 2.01656525e+02, 2.40782120e+02,
    2.15119492e+02, 2.40533249e+02, 2.28659439e+02, 2.29466766e+02,
    2.35403534e+02, 2.34811111e+02, 2.37408951e+02, 2.39928146e+02,
    2.39680710e+02, 2.46186081e+02, 2.36597687e+02, 2.52829529e+02,
    2.33979584e+02, 1.97239395e+02, 1.84787491e+02, 2.04901276e+02,
    1.78828766e+02, 2.14130981e+02, 1.79755859e+02, 2.22632217e+02,
    1.86596390e+02, 2.12434555e+02, 1.89072525e+02, 2.04220383e+02,
    1.88358780e+02, 2.60662415e+02, 1.90273804e+02, 2.70578522e+02,
    1.83887482e+02, 2.79270844e+02, 1.84811844e+02, 2.86920135e+02,
    1.91262589e+02, 2.78664612e+02, 1.94279785e+02, 2.70301605e+02,
    1.93177216e+02, 2.07481018e+02, 2.45473587e+02, 2.18402313e+02,
    2.45291870e+02, 2.29125275e+02, 2.47633026e+02, 2.38148926e+02,
    2.50079620e+02, 2.49908890e+02, 2.47585678e+02, 2.60451050e+02,
    2.48774887e+02, 2.70022949e+02, 2.49835159e+02, 2.60845917e+02,
    2.63506226e+02, 2.50389282e+02, 2.71690277e+02, 2.38044937e+02,
    2.72844055e+02, 2.27824631e+02, 2.71708130e+02, 2.16603073e+02,
    2.61593292e+02, 2.11915848e+02, 2.47136673e+02, 2.28909546e+02,
    2.51793671e+02, 2.38162949e+02, 2.53030457e+02, 2.50187592e+02,
    2.52148315e+02, 2.64907776e+02, 2.51453583e+02, 2.50289566e+02,
    2.61496246e+02, 2.38242767e+02, 2.63563202e+02, 2.28249115e+02,
    2.61351624e+02 ]
noOfLandmarkPoint: 68
