%YAML:1.0
landmark: [ 1.19968613e+02, 1.23677490e+02, 1.18553696e+02,
    1.42025925e+02, 1.18605942e+02, 1.60372009e+02, 1.19871826e+02,
    1.80181885e+02, 1.28910645e+02, 1.96367996e+02, 1.41335083e+02,
    2.10033585e+02, 1.57258698e+02, 2.21607315e+02, 1.72853317e+02,
    2.29705887e+02, 1.92635284e+02, 2.34440262e+02, 2.10089066e+02,
    2.28284088e+02, 2.26423615e+02, 2.14219635e+02, 2.39775879e+02,
    1.98650177e+02, 2.48887909e+02, 1.84559280e+02, 2.51541199e+02,
    1.69949081e+02, 2.51567642e+02, 1.53915787e+02, 2.50691589e+02,
    1.38128281e+02, 2.49569763e+02, 1.22204659e+02, 1.36532852e+02,
    1.11192764e+02, 1.44864410e+02, 1.02155647e+02, 1.57614151e+02,
    1.01115746e+02, 1.71590256e+02, 1.06622604e+02, 1.82001297e+02,
    1.14474731e+02, 2.09350433e+02, 1.09734917e+02, 2.17914124e+02,
    1.02976212e+02, 2.27818970e+02, 9.95288010e+01, 2.37805740e+02,
    9.93372116e+01, 2.43865875e+02, 1.07970222e+02, 1.93099640e+02,
    1.29471710e+02, 1.94785065e+02, 1.43197723e+02, 1.95382385e+02,
    1.55881439e+02, 1.96339493e+02, 1.69105225e+02, 1.80335434e+02,
    1.72931992e+02, 1.87118088e+02, 1.75803864e+02, 1.93596664e+02,
    1.78388016e+02, 2.01111252e+02, 1.76075439e+02, 2.05988983e+02,
    1.73028549e+02, 1.53838165e+02, 1.33539902e+02, 1.60418076e+02,
    1.30113831e+02, 1.68379486e+02, 1.29760529e+02, 1.74602280e+02,
    1.33858292e+02, 1.68266159e+02, 1.38203705e+02, 1.59573013e+02,
    1.38330917e+02, 2.07953873e+02, 1.33685532e+02, 2.15728958e+02,
    1.29372833e+02, 2.24328339e+02, 1.27893517e+02, 2.30138123e+02,
    1.31964203e+02, 2.25304840e+02, 1.36998749e+02, 2.17188217e+02,
    1.37321991e+02, 1.71009705e+02, 1.93938828e+02, 1.80030075e+02,
    1.91458176e+02, 1.86802231e+02, 1.89873108e+02, 1.93203445e+02,
    1.90901688e+02, 1.99263077e+02, 1.89219986e+02, 2.05485077e+02,
    1.89961273e+02, 2.13719131e+02, 1.90876541e+02, 2.05529526e+02,
    1.98897629e+02, 2.00044342e+02, 2.01074478e+02, 1.93193161e+02,
    2.01551865e+02, 1.87244492e+02, 2.02086700e+02, 1.80087311e+02,
    2.00138962e+02, 1.74547379e+02, 1.94229248e+02, 1.86851425e+02,
    1.94059265e+02, 1.93149567e+02, 1.94622086e+02, 1.99436584e+02,
    1.93433304e+02, 2.09847763e+02, 1.91961685e+02, 1.99436584e+02,
    1.93433304e+02, 1.93149567e+02, 1.94622086e+02, 1.86851425e+02,
    1.94059265e+02 ]
noOfLandmarkPoint: 68
