%YAML:1.0
landmark: [ 1.26643272e+02, 1.16210747e+02, 1.28874542e+02,
    1.29276749e+02, 1.32403671e+02, 1.41817581e+02, 1.34097214e+02,
    1.55545547e+02, 1.41800934e+02, 1.66751968e+02, 1.49595795e+02,
    1.74975525e+02, 1.61819321e+02, 1.82744629e+02, 1.73600296e+02,
    1.87253510e+02, 1.87282852e+02, 1.89296890e+02, 1.97852432e+02,
    1.84846848e+02, 2.05921631e+02, 1.76603775e+02, 2.13509369e+02,
    1.66203979e+02, 2.18405075e+02, 1.55521484e+02, 2.21919983e+02,
    1.44645813e+02, 2.23688858e+02, 1.33870148e+02, 2.22761078e+02,
    1.22024887e+02, 2.22187256e+02, 1.10977242e+02, 1.39529419e+02,
    1.06621414e+02, 1.45095200e+02, 1.00546257e+02, 1.53371674e+02,
    9.88581009e+01, 1.62353622e+02, 1.00820480e+02, 1.69366531e+02,
    1.05472725e+02, 1.88152161e+02, 1.03267784e+02, 1.94546539e+02,
    9.89376068e+01, 2.00613174e+02, 9.58391037e+01, 2.07795532e+02,
    9.70572815e+01, 2.12923111e+02, 1.01016670e+02, 1.79672729e+02,
    1.12908333e+02, 1.80677048e+02, 1.21203964e+02, 1.81966309e+02,
    1.29628708e+02, 1.83235870e+02, 1.37862381e+02, 1.71956299e+02,
    1.40697632e+02, 1.77668594e+02, 1.42551590e+02, 1.82818390e+02,
    1.44348557e+02, 1.87673248e+02, 1.41542908e+02, 1.91955872e+02,
    1.38614395e+02, 1.51298065e+02, 1.16292160e+02, 1.55272842e+02,
    1.12665817e+02, 1.62214172e+02, 1.12985275e+02, 1.66687759e+02,
    1.17442352e+02, 1.61012894e+02, 1.19338287e+02, 1.55310928e+02,
    1.19390038e+02, 1.90570007e+02, 1.13757088e+02, 1.94510757e+02,
    1.09270966e+02, 2.00831543e+02, 1.08576851e+02, 2.05095139e+02,
    1.11559502e+02, 2.02200043e+02, 1.15226585e+02, 1.96330887e+02,
    1.15838326e+02, 1.59404907e+02, 1.52604614e+02, 1.67122742e+02,
    1.50097992e+02, 1.76364853e+02, 1.49054337e+02, 1.82657089e+02,
    1.49942825e+02, 1.87647110e+02, 1.48721695e+02, 1.93711319e+02,
    1.47723846e+02, 2.02373459e+02, 1.48523148e+02, 1.95359894e+02,
    1.61302505e+02, 1.88988571e+02, 1.65034027e+02, 1.83408936e+02,
    1.66143906e+02, 1.76785843e+02, 1.65992767e+02, 1.66951492e+02,
    1.61169250e+02, 1.62317383e+02, 1.53157761e+02, 1.76489578e+02,
    1.52323029e+02, 1.82717636e+02, 1.52238052e+02, 1.87731583e+02,
    1.51404419e+02, 2.00251846e+02, 1.49595413e+02, 1.88570236e+02,
    1.60319565e+02, 1.83027100e+02, 1.60992371e+02, 1.76608582e+02,
    1.60934753e+02 ]
noOfLandmarkPoint: 68
