%YAML:1.0
landmark: [ 4.95065575e+01, 1.95530014e+02, 5.01195068e+01,
    2.21179291e+02, 5.41657982e+01, 2.41670532e+02, 6.33520393e+01,
    2.57265991e+02, 7.78026047e+01, 2.72170990e+02, 9.81256332e+01,
    2.82596771e+02, 1.17684395e+02, 2.91699677e+02, 1.36359421e+02,
    2.94168671e+02, 1.50917953e+02, 2.93122864e+02, 1.58717010e+02,
    2.84364471e+02, 1.60947052e+02, 2.69916565e+02, 1.65666901e+02,
    2.57303162e+02, 1.68679260e+02, 2.45940857e+02, 1.69794495e+02,
    2.31518753e+02, 1.71907562e+02, 2.16879257e+02, 1.72117615e+02,
    2.00476532e+02, 1.71298233e+02, 1.84794601e+02, 8.02061234e+01,
    1.81343124e+02, 9.08495178e+01, 1.75180496e+02, 1.03314430e+02,
    1.75556931e+02, 1.16467278e+02, 1.75783707e+02, 1.28728806e+02,
    1.76531509e+02, 1.50818695e+02, 1.74327057e+02, 1.58580612e+02,
    1.69045715e+02, 1.64953796e+02, 1.66721924e+02, 1.70054535e+02,
    1.65935318e+02, 1.72975327e+02, 1.69769745e+02, 1.42914719e+02,
    1.88257111e+02, 1.46105621e+02, 1.96798523e+02, 1.50252975e+02,
    2.05586121e+02, 1.54089584e+02, 2.14715012e+02, 1.37030792e+02,
    2.26680176e+02, 1.43357574e+02, 2.28198166e+02, 1.49091629e+02,
    2.29323227e+02, 1.54867325e+02, 2.26946793e+02, 1.59831848e+02,
    2.23068863e+02, 1.02138725e+02, 1.90570221e+02, 1.09910431e+02,
    1.86885742e+02, 1.18242859e+02, 1.85467606e+02, 1.23130394e+02,
    1.90880585e+02, 1.17522858e+02, 1.92685547e+02, 1.08857605e+02,
    1.93466888e+02, 1.49358551e+02, 1.87431076e+02, 1.53290680e+02,
    1.81675186e+02, 1.60376770e+02, 1.80619095e+02, 1.64318542e+02,
    1.83913834e+02, 1.62306519e+02, 1.87845871e+02, 1.56300262e+02,
    1.88633728e+02, 1.25882439e+02, 2.51769241e+02, 1.35815399e+02,
    2.46230301e+02, 1.45920944e+02, 2.41503891e+02, 1.49979660e+02,
    2.41851868e+02, 1.54437531e+02, 2.40499146e+02, 1.59654877e+02,
    2.42592255e+02, 1.61871307e+02, 2.47096542e+02, 1.59858292e+02,
    2.54123840e+02, 1.56320694e+02, 2.56012970e+02, 1.51186935e+02,
    2.58397705e+02, 1.46245193e+02, 2.59252411e+02, 1.37034958e+02,
    2.57828461e+02, 1.28968765e+02, 2.51460419e+02, 1.46473877e+02,
    2.47742905e+02, 1.49484482e+02, 2.46948517e+02, 1.54246964e+02,
    2.45816772e+02, 1.59387543e+02, 2.47421463e+02, 1.54600418e+02,
    2.48711075e+02, 1.49596848e+02, 2.49059616e+02, 1.46694733e+02,
    2.49674652e+02 ]
noOfLandmarkPoint: 68
