%YAML:1.0
landmark: [ 1.19099304e+02, 9.55740356e+01, 1.06559982e+02,
    1.09524231e+02, 9.66780090e+01, 1.31630219e+02, 9.31292191e+01,
    1.55855942e+02, 9.63502426e+01, 1.75929489e+02, 1.03299255e+02,
    1.92956680e+02, 1.11559364e+02, 2.07807419e+02, 1.22920959e+02,
    2.20341537e+02, 1.37532822e+02, 2.24773361e+02, 1.48671066e+02,
    2.25593399e+02, 1.60110611e+02, 2.13322845e+02, 1.73593552e+02,
    2.03480576e+02, 1.80927048e+02, 1.96085831e+02, 1.89934570e+02,
    1.88153503e+02, 1.99177994e+02, 1.78249985e+02, 2.04426895e+02,
    1.68678787e+02, 2.08810440e+02, 1.59763138e+02, 1.47318390e+02,
    1.11124557e+02, 1.59249786e+02, 1.12619385e+02, 1.70822784e+02,
    1.18825531e+02, 1.78785751e+02, 1.27264832e+02, 1.85223251e+02,
    1.37614075e+02, 2.01999527e+02, 1.43085754e+02, 2.07731140e+02,
    1.42649338e+02, 2.11913452e+02, 1.42297302e+02, 2.15969208e+02,
    1.42762085e+02, 2.19940613e+02, 1.42860260e+02, 1.87425797e+02,
    1.48496368e+02, 1.85249329e+02, 1.57503891e+02, 1.83610474e+02,
    1.66240341e+02, 1.82356079e+02, 1.75155991e+02, 1.62824661e+02,
    1.75033508e+02, 1.67653931e+02, 1.79237854e+02, 1.70691208e+02,
    1.82935211e+02, 1.76149948e+02, 1.84368805e+02, 1.80835175e+02,
    1.84609253e+02, 1.53678482e+02, 1.29280182e+02, 1.60339737e+02,
    1.29529099e+02, 1.66403412e+02, 1.32798248e+02, 1.68597153e+02,
    1.38176788e+02, 1.63525681e+02, 1.36757935e+02, 1.58425903e+02,
    1.33465561e+02, 1.98558258e+02, 1.49708679e+02, 2.03755142e+02,
    1.49442657e+02, 2.07480042e+02, 1.51488724e+02, 2.07312027e+02,
    1.55401230e+02, 2.04585754e+02, 1.55741608e+02, 2.00891464e+02,
    1.53512756e+02, 1.37685944e+02, 1.83682632e+02, 1.50043900e+02,
    1.87095276e+02, 1.58415039e+02, 1.90247177e+02, 1.61959305e+02,
    1.93944550e+02, 1.65984436e+02, 1.94569473e+02, 1.72431030e+02,
    1.98599152e+02, 1.69861008e+02, 1.99726501e+02, 1.65656677e+02,
    2.04350494e+02, 1.59721588e+02, 2.08078476e+02, 1.54687057e+02,
    2.07274353e+02, 1.48454819e+02, 2.04564850e+02, 1.41870300e+02,
    1.97883179e+02, 1.40937592e+02, 1.86396683e+02, 1.55137314e+02,
    1.95168304e+02, 1.59009338e+02, 1.98266830e+02, 1.63720657e+02,
    1.98563980e+02, 1.67295532e+02, 1.99398727e+02, 1.63720657e+02,
    1.98563980e+02, 1.59009338e+02, 1.98266830e+02, 1.55137314e+02,
    1.95168304e+02 ]
noOfLandmarkPoint: 68
