%YAML:1.0
landmark: [ 1.46387421e+02, 2.29301743e+02, 1.41411667e+02,
    2.43525269e+02, 1.33780609e+02, 2.65918823e+02, 1.29925308e+02,
    2.88169647e+02, 1.32554886e+02, 3.15368134e+02, 1.38988068e+02,
    3.39671234e+02, 1.43633728e+02, 3.62277863e+02, 1.44795410e+02,
    3.87113708e+02, 1.61457092e+02, 4.00471863e+02, 2.02866745e+02,
    3.97123962e+02, 2.32174454e+02, 3.89975983e+02, 2.64965149e+02,
    3.78987152e+02, 2.96954102e+02, 3.66924561e+02, 3.21166199e+02,
    3.52090698e+02, 3.25459778e+02, 3.22244232e+02, 3.30463715e+02,
    2.96784454e+02, 3.36094147e+02, 2.65782318e+02, 1.48904205e+02,
    1.95374268e+02, 1.59177216e+02, 1.91888214e+02, 1.69631256e+02,
    1.96441833e+02, 1.79901260e+02, 2.03950714e+02, 1.87171906e+02,
    2.11062744e+02, 2.04038727e+02, 2.11273621e+02, 2.23426178e+02,
    2.05915207e+02, 2.43351547e+02, 2.10471924e+02, 2.60861481e+02,
    2.20836990e+02, 2.68366333e+02, 2.36025650e+02, 1.90692490e+02,
    2.28057846e+02, 1.83752365e+02, 2.42548828e+02, 1.75442719e+02,
    2.58184357e+02, 1.66865158e+02, 2.73909912e+02, 1.57839676e+02,
    2.83381226e+02, 1.63110153e+02, 2.92135681e+02, 1.76157700e+02,
    2.95261078e+02, 1.85089905e+02, 2.92047760e+02, 1.96707672e+02,
    2.91868805e+02, 1.56853867e+02, 2.23872040e+02, 1.58465515e+02,
    2.18333649e+02, 1.67668915e+02, 2.20300125e+02, 1.77942963e+02,
    2.30395218e+02, 1.67578918e+02, 2.29412491e+02, 1.59179276e+02,
    2.27357071e+02, 2.23930984e+02, 2.40883774e+02, 2.30728699e+02,
    2.33675308e+02, 2.41026138e+02, 2.35131897e+02, 2.48353058e+02,
    2.43709473e+02, 2.40400299e+02, 2.45152466e+02, 2.31144150e+02,
    2.45188675e+02, 1.54802567e+02, 3.06701599e+02, 1.61681595e+02,
    3.07861237e+02, 1.70368820e+02, 3.09768311e+02, 1.76157516e+02,
    3.13937500e+02, 1.85451920e+02, 3.14347839e+02, 2.06804825e+02,
    3.19565887e+02, 2.34483749e+02, 3.30109924e+02, 2.02518112e+02,
    3.50211151e+02, 1.78451538e+02, 3.50207947e+02, 1.68593948e+02,
    3.48930634e+02, 1.60288681e+02, 3.44919922e+02, 1.53105057e+02,
    3.38325470e+02, 1.60163025e+02, 3.11704163e+02, 1.69236893e+02,
    3.14612396e+02, 1.75623306e+02, 3.17701569e+02, 1.84828857e+02,
    3.18045959e+02, 2.30314514e+02, 3.30319489e+02, 1.79894394e+02,
    3.40913879e+02, 1.71322845e+02, 3.37860016e+02, 1.63344711e+02,
    3.34861328e+02 ]
noOfLandmarkPoint: 68
