%YAML:1.0
landmark: [ 9.60051727e+01, 1.14081390e+02, 9.84005890e+01,
    1.31280685e+02, 1.00885101e+02, 1.47983154e+02, 1.03613243e+02,
    1.64566238e+02, 1.07413261e+02, 1.78691833e+02, 1.16724998e+02,
    1.94814926e+02, 1.29978333e+02, 2.09471298e+02, 1.42799271e+02,
    2.20585312e+02, 1.58164291e+02, 2.24456879e+02, 1.74074539e+02,
    2.19826782e+02, 1.90106247e+02, 2.08902542e+02, 2.02474716e+02,
    1.96424118e+02, 2.12367859e+02, 1.82518936e+02, 2.17232986e+02,
    1.66671005e+02, 2.21113419e+02, 1.49821793e+02, 2.24036438e+02,
    1.33889908e+02, 2.25504410e+02, 1.16528824e+02, 1.06111740e+02,
    1.08844810e+02, 1.14367882e+02, 1.01350601e+02, 1.25495750e+02,
    1.00287399e+02, 1.37568924e+02, 1.02654358e+02, 1.49198990e+02,
    1.07578255e+02, 1.71997375e+02, 1.11330086e+02, 1.82820251e+02,
    1.07482986e+02, 1.95163864e+02, 1.08378983e+02, 2.06525955e+02,
    1.10705315e+02, 2.14757721e+02, 1.17149971e+02, 1.59566589e+02,
    1.21523331e+02, 1.59655380e+02, 1.33595734e+02, 1.59296982e+02,
    1.45046600e+02, 1.59474564e+02, 1.57661453e+02, 1.44493912e+02,
    1.61034149e+02, 1.51773468e+02, 1.62642181e+02, 1.59498032e+02,
    1.65999237e+02, 1.66541275e+02, 1.62422684e+02, 1.73213654e+02,
    1.61871063e+02, 1.19651505e+02, 1.18786003e+02, 1.27684204e+02,
    1.15164650e+02, 1.36190536e+02, 1.17601624e+02, 1.42839890e+02,
    1.23313690e+02, 1.33983353e+02, 1.24208061e+02, 1.24479111e+02,
    1.23758186e+02, 1.78464096e+02, 1.25957588e+02, 1.85191101e+02,
    1.20923866e+02, 1.93283096e+02, 1.21242012e+02, 2.00878586e+02,
    1.24992027e+02, 1.92691925e+02, 1.27909546e+02, 1.85829208e+02,
    1.27867676e+02, 1.31976791e+02, 1.75303802e+02, 1.41292435e+02,
    1.73408661e+02, 1.50224716e+02, 1.72884979e+02, 1.56681961e+02,
    1.74666641e+02, 1.66175201e+02, 1.73984909e+02, 1.76032120e+02,
    1.74690247e+02, 1.86046097e+02, 1.77684082e+02, 1.76133804e+02,
    1.91719315e+02, 1.67134537e+02, 1.94316269e+02, 1.56837509e+02,
    1.95799850e+02, 1.48863663e+02, 1.94345963e+02, 1.39729279e+02,
    1.89075851e+02, 1.36910568e+02, 1.77889587e+02, 1.50078598e+02,
    1.79798096e+02, 1.56492996e+02, 1.80000397e+02, 1.66351227e+02,
    1.80303650e+02, 1.79652512e+02, 1.80111252e+02, 1.66682281e+02,
    1.87057770e+02, 1.56322968e+02, 1.88247742e+02, 1.49816101e+02,
    1.86258087e+02 ]
noOfLandmarkPoint: 68
