%YAML:1.0
landmark: [ 1.10815895e+02, 1.22790924e+02, 1.09852806e+02,
    1.51921371e+02, 1.10247337e+02, 1.75661575e+02, 1.13296761e+02,
    1.97442337e+02, 1.20412102e+02, 2.17417557e+02, 1.32629929e+02,
    2.33380264e+02, 1.50893234e+02, 2.48045670e+02, 1.68113007e+02,
    2.58056519e+02, 1.85954727e+02, 2.59788544e+02, 2.06511688e+02,
    2.55328110e+02, 2.19848541e+02, 2.40646255e+02, 2.30833618e+02,
    2.27895096e+02, 2.40844467e+02, 2.12656204e+02, 2.47678986e+02,
    1.94867859e+02, 2.48675354e+02, 1.73555130e+02, 2.48541534e+02,
    1.52750641e+02, 2.48655243e+02, 1.32173569e+02, 1.21910095e+02,
    1.22223976e+02, 1.32400589e+02, 1.11031174e+02, 1.45310974e+02,
    1.10054352e+02, 1.57136887e+02, 1.10253952e+02, 1.67443497e+02,
    1.13050705e+02, 1.97737808e+02, 1.15448868e+02, 2.09882141e+02,
    1.12513153e+02, 2.21685059e+02, 1.10484726e+02, 2.32793610e+02,
    1.14395348e+02, 2.42571671e+02, 1.22827728e+02, 1.86234848e+02,
    1.29423828e+02, 1.86202271e+02, 1.41027878e+02, 1.86917816e+02,
    1.52737473e+02, 1.87426056e+02, 1.65028793e+02, 1.70426773e+02,
    1.72351440e+02, 1.77936630e+02, 1.74083481e+02, 1.86088547e+02,
    1.75835617e+02, 1.93618515e+02, 1.73762451e+02, 2.00299118e+02,
    1.71522186e+02, 1.39510376e+02, 1.32093399e+02, 1.46860291e+02,
    1.28083557e+02, 1.56785233e+02, 1.27327751e+02, 1.63416473e+02,
    1.33530090e+02, 1.55843246e+02, 1.34980820e+02, 1.45955353e+02,
    1.35105072e+02, 2.04010513e+02, 1.33229416e+02, 2.11030914e+02,
    1.28526566e+02, 2.19289612e+02, 1.27984917e+02, 2.27742065e+02,
    1.32838425e+02, 2.20797150e+02, 1.35191299e+02, 2.13006668e+02,
    1.34913467e+02, 1.51460144e+02, 2.03159790e+02, 1.65270889e+02,
    1.99515503e+02, 1.78017059e+02, 1.96974319e+02, 1.87860794e+02,
    1.98706345e+02, 1.97537430e+02, 1.97161514e+02, 2.07013626e+02,
    1.97815659e+02, 2.15142105e+02, 2.03122162e+02, 2.07470490e+02,
    2.16937515e+02, 1.98199005e+02, 2.21880341e+02, 1.88402054e+02,
    2.21730606e+02, 1.77923599e+02, 2.21348801e+02, 1.64625244e+02,
    2.16693405e+02, 1.58007706e+02, 2.04854187e+02, 1.77963684e+02,
    2.03447586e+02, 1.87860794e+02, 2.03975937e+02, 1.97648544e+02,
    2.02942841e+02, 2.10553085e+02, 2.03630402e+02, 1.97340378e+02,
    2.09393372e+02, 1.87880814e+02, 2.11075729e+02, 1.78187988e+02,
    2.10613190e+02 ]
noOfLandmarkPoint: 68
