%YAML:1.0
landmark: [ 9.02039413e+01, 1.49865479e+02, 9.30670624e+01,
    1.78470581e+02, 1.04206566e+02, 2.05369568e+02, 1.11751968e+02,
    2.31930954e+02, 1.20203682e+02, 2.56266754e+02, 1.35687851e+02,
    2.77577148e+02, 1.51272018e+02, 3.00024963e+02, 1.70456802e+02,
    3.14189880e+02, 1.95467804e+02, 3.13590027e+02, 2.25660965e+02,
    3.10089355e+02, 2.52791061e+02, 2.97837067e+02, 2.80727509e+02,
    2.74038818e+02, 3.02775391e+02, 2.50878113e+02, 3.13277374e+02,
    2.26829193e+02, 3.15996246e+02, 1.94517715e+02, 3.15044159e+02,
    1.59749481e+02, 3.13611572e+02, 1.28206467e+02, 8.52984543e+01,
    1.27588348e+02, 9.90847168e+01, 1.18447784e+02, 1.17578186e+02,
    1.20616295e+02, 1.34206314e+02, 1.22804207e+02, 1.49084106e+02,
    1.29805511e+02, 1.94637695e+02, 1.23400391e+02, 2.12909576e+02,
    1.13830544e+02, 2.32680679e+02, 1.07171547e+02, 2.53254822e+02,
    1.05748634e+02, 2.71371643e+02, 1.12641541e+02, 1.76141449e+02,
    1.45155640e+02, 1.78602051e+02, 1.68812622e+02, 1.80083603e+02,
    1.91829147e+02, 1.82202682e+02, 2.15420914e+02, 1.56960571e+02,
    2.19947433e+02, 1.70119186e+02, 2.24085632e+02, 1.82640274e+02,
    2.27586288e+02, 1.95061371e+02, 2.21697769e+02, 2.06813797e+02,
    2.18497040e+02, 1.10772018e+02, 1.49345749e+02, 1.21031471e+02,
    1.43940308e+02, 1.36084244e+02, 1.43681732e+02, 1.48453003e+02,
    1.50198853e+02, 1.36321136e+02, 1.56651810e+02, 1.21381851e+02,
    1.57561478e+02, 2.13103806e+02, 1.45444794e+02, 2.24348221e+02,
    1.36369247e+02, 2.41276276e+02, 1.36100479e+02, 2.52291183e+02,
    1.39669952e+02, 2.41445084e+02, 1.48383926e+02, 2.25929749e+02,
    1.49190262e+02, 1.45092102e+02, 2.54414490e+02, 1.59755661e+02,
    2.47882812e+02, 1.71463089e+02, 2.45227219e+02, 1.83790741e+02,
    2.50640488e+02, 1.99681351e+02, 2.44383209e+02, 2.24304031e+02,
    2.46533447e+02, 2.37338043e+02, 2.51115753e+02, 2.25213181e+02,
    2.61181915e+02, 2.02463913e+02, 2.69049622e+02, 1.86205170e+02,
    2.71297974e+02, 1.73204453e+02, 2.70850250e+02, 1.61603790e+02,
    2.67531250e+02, 1.51172028e+02, 2.54954010e+02, 1.72081528e+02,
    2.57052429e+02, 1.84510361e+02, 2.58793549e+02, 2.00525360e+02,
    2.55553864e+02, 2.32493484e+02, 2.52597290e+02, 2.00525360e+02,
    2.55553864e+02, 1.84510361e+02, 2.58793549e+02, 1.72081528e+02,
    2.57052429e+02 ]
noOfLandmarkPoint: 68
