%YAML:1.0
landmark: [ 1.23577225e+02, 2.71471008e+02, 1.26918839e+02,
    2.94154999e+02, 1.33073792e+02, 3.14980621e+02, 1.42727722e+02,
    3.36649475e+02, 1.54232864e+02, 3.54974579e+02, 1.71602890e+02,
    3.71025543e+02, 1.91200638e+02, 3.83576141e+02, 2.12868240e+02,
    3.92921417e+02, 2.36807098e+02, 3.95666901e+02, 2.52821808e+02,
    3.88186920e+02, 2.64818634e+02, 3.70708008e+02, 2.75095062e+02,
    3.52111816e+02, 2.82643005e+02, 3.32150116e+02, 2.84917175e+02,
    3.12188385e+02, 2.84917175e+02, 2.91361938e+02, 2.82599091e+02,
    2.73171082e+02, 2.79449524e+02, 2.51531586e+02, 1.45350327e+02,
    2.61763519e+02, 1.54680695e+02, 2.50660995e+02, 1.67956635e+02,
    2.44887054e+02, 1.83440765e+02, 2.42256104e+02, 1.96443130e+02,
    2.48769196e+02, 2.31857422e+02, 2.39688110e+02, 2.41166870e+02,
    2.31084091e+02, 2.51389648e+02, 2.28324554e+02, 2.62295898e+02,
    2.30649246e+02, 2.71124390e+02, 2.37720428e+02, 2.16789764e+02,
    2.60447784e+02, 2.21134964e+02, 2.74988525e+02, 2.25482376e+02,
    2.90614166e+02, 2.30329041e+02, 3.06134827e+02, 2.11695679e+02,
    3.14959076e+02, 2.21035431e+02, 3.16913177e+02, 2.28425323e+02,
    3.20185577e+02, 2.35127731e+02, 3.15185425e+02, 2.40083954e+02,
    3.10365997e+02, 1.65799973e+02, 2.70216492e+02, 1.72431900e+02,
    2.64826477e+02, 1.82382263e+02, 2.63226501e+02, 1.92062088e+02,
    2.67894226e+02, 1.84005264e+02, 2.68843506e+02, 1.74055817e+02,
    2.70429169e+02, 2.33591141e+02, 2.59956696e+02, 2.40035538e+02,
    2.52084824e+02, 2.48795303e+02, 2.49481323e+02, 2.56467316e+02,
    2.52530136e+02, 2.52054962e+02, 2.55781631e+02, 2.43376892e+02,
    2.58006500e+02, 1.86645370e+02, 3.38714233e+02, 2.03645142e+02,
    3.35531281e+02, 2.18572083e+02, 3.33157501e+02, 2.28845261e+02,
    3.32889252e+02, 2.37725204e+02, 3.29419342e+02, 2.46494293e+02,
    3.27849091e+02, 2.58723114e+02, 3.25279388e+02, 2.49719879e+02,
    3.48355469e+02, 2.40788559e+02, 3.54118713e+02, 2.31424301e+02,
    3.56643250e+02, 2.20253952e+02, 3.57389099e+02, 2.02133774e+02,
    3.53344910e+02, 1.92407639e+02, 3.39212036e+02, 2.18881500e+02,
    3.37509155e+02, 2.29297302e+02, 3.37056641e+02, 2.38697311e+02,
    3.32924316e+02, 2.53770370e+02, 3.28100006e+02, 2.39833130e+02,
    3.44736816e+02, 2.30366074e+02, 3.47952393e+02, 2.19933899e+02,
    3.50040375e+02 ]
noOfLandmarkPoint: 68
