%YAML:1.0
landmark: [ 1.03414635e+02, 1.90521362e+02, 1.04666313e+02,
    2.27448654e+02, 1.11570152e+02, 2.62530121e+02, 1.21022690e+02,
    2.92438873e+02, 1.41125641e+02, 3.15178680e+02, 1.65980118e+02,
    3.34235260e+02, 1.92082672e+02, 3.50497070e+02, 2.24698380e+02,
    3.61585876e+02, 2.56820038e+02, 3.64511536e+02, 2.80297363e+02,
    3.56556671e+02, 2.89227417e+02, 3.34535706e+02, 2.94150665e+02,
    3.09742828e+02, 3.01440277e+02, 2.87667969e+02, 3.05634827e+02,
    2.63595337e+02, 3.05463409e+02, 2.37287659e+02, 3.05931641e+02,
    2.12991791e+02, 3.00419525e+02, 1.90373489e+02, 1.72767899e+02,
    1.87709549e+02, 1.83478821e+02, 1.79610916e+02, 1.98142258e+02,
    1.74567032e+02, 2.12154953e+02, 1.76841949e+02, 2.26597168e+02,
    1.82639832e+02, 2.64627014e+02, 1.70107178e+02, 2.73675568e+02,
    1.65978622e+02, 2.83183594e+02, 1.62633972e+02, 2.92955444e+02,
    1.60846115e+02, 2.98391632e+02, 1.63491135e+02, 2.49529846e+02,
    1.88900162e+02, 2.52764923e+02, 2.06845551e+02, 2.56737122e+02,
    2.24328506e+02, 2.60461212e+02, 2.44006210e+02, 2.31198639e+02,
    2.52211029e+02, 2.41961197e+02, 2.55343216e+02, 2.55922272e+02,
    2.58490082e+02, 2.64255005e+02, 2.54421402e+02, 2.71509277e+02,
    2.47895325e+02, 1.82346954e+02, 1.99720184e+02, 1.96984558e+02,
    1.94130585e+02, 2.09334335e+02, 1.92375565e+02, 2.14768417e+02,
    1.97299011e+02, 2.07852158e+02, 2.02450424e+02, 1.97218674e+02,
    2.02502060e+02, 2.65288696e+02, 1.90708145e+02, 2.74057037e+02,
    1.84783905e+02, 2.81720978e+02, 1.83298523e+02, 2.87318542e+02,
    1.84026230e+02, 2.82796509e+02, 1.90793610e+02, 2.74374481e+02,
    1.91262955e+02, 2.23031250e+02, 2.94668030e+02, 2.34422943e+02,
    2.90416321e+02, 2.49515884e+02, 2.85918121e+02, 2.56560089e+02,
    2.85606567e+02, 2.62487061e+02, 2.84813843e+02, 2.69814026e+02,
    2.84221802e+02, 2.74355713e+02, 2.85462799e+02, 2.70310394e+02,
    2.92226288e+02, 2.64289398e+02, 2.96654877e+02, 2.57332123e+02,
    2.97540405e+02, 2.49918823e+02, 2.97845245e+02, 2.35170273e+02,
    2.98669739e+02, 2.27037033e+02, 2.94502380e+02, 2.49737106e+02,
    2.91520630e+02, 2.56995056e+02, 2.90727386e+02, 2.63449371e+02,
    2.89492737e+02, 2.72149628e+02, 2.86468872e+02, 2.63449371e+02,
    2.89492737e+02, 2.56995056e+02, 2.90727386e+02, 2.49737106e+02,
    2.91520630e+02 ]
noOfLandmarkPoint: 68
