%YAML:1.0
landmark: [ 7.23786011e+01, 1.44417862e+02, 7.05569458e+01,
    1.56217484e+02, 7.24246674e+01, 1.67589386e+02, 7.73193359e+01,
    1.82935822e+02, 8.30420303e+01, 1.96177643e+02, 8.93788834e+01,
    2.08165909e+02, 9.37054520e+01, 2.20342804e+02, 9.88117905e+01,
    2.27625031e+02, 1.10185890e+02, 2.30037827e+02, 1.24467400e+02,
    2.28784271e+02, 1.41681549e+02, 2.24055206e+02, 1.57145325e+02,
    2.17741379e+02, 1.71332520e+02, 2.09465515e+02, 1.82446686e+02,
    1.95846436e+02, 1.87506958e+02, 1.79223419e+02, 1.88900894e+02,
    1.61820633e+02, 1.89846268e+02, 1.45082474e+02, 6.60634308e+01,
    1.24816284e+02, 7.09455414e+01, 1.20253044e+02, 7.73732605e+01,
    1.19496490e+02, 8.39349213e+01, 1.22690262e+02, 9.06685867e+01,
    1.26304451e+02, 1.10514900e+02, 1.27180679e+02, 1.21870560e+02,
    1.23789612e+02, 1.35398132e+02, 1.22924698e+02, 1.46534744e+02,
    1.24644661e+02, 1.55804230e+02, 1.28119568e+02, 1.01579163e+02,
    1.41419571e+02, 9.90606766e+01, 1.53246948e+02, 9.59197845e+01,
    1.64763168e+02, 9.32336578e+01, 1.75054718e+02, 9.09112854e+01,
    1.79387482e+02, 9.49359741e+01, 1.82288162e+02, 9.88330307e+01,
    1.84249588e+02, 1.02797974e+02, 1.83139801e+02, 1.06945076e+02,
    1.81990448e+02, 7.71789551e+01, 1.38766449e+02, 7.96413345e+01,
    1.33378860e+02, 8.76867676e+01, 1.33937332e+02, 9.63868256e+01,
    1.42588791e+02, 8.70304184e+01, 1.45986954e+02, 7.93472824e+01,
    1.43363495e+02, 1.20002113e+02, 1.44836334e+02, 1.26358391e+02,
    1.36423660e+02, 1.35036484e+02, 1.37349091e+02, 1.43094513e+02,
    1.42563904e+02, 1.36061813e+02, 1.47931580e+02, 1.27895905e+02,
    1.48513718e+02, 8.81154633e+01, 1.96490997e+02, 9.16381454e+01,
    1.94406662e+02, 9.47878265e+01, 1.93453262e+02, 9.91754456e+01,
    1.95106842e+02, 1.02356522e+02, 1.93617065e+02, 1.11765480e+02,
    1.96820679e+02, 1.24206879e+02, 2.00543182e+02, 1.13581955e+02,
    2.07957504e+02, 1.04548431e+02, 2.09292984e+02, 9.98936996e+01,
    2.08948380e+02, 9.49872055e+01, 2.06382721e+02, 9.22429199e+01,
    2.00919861e+02, 9.14834976e+01, 1.96957413e+02, 9.55052719e+01,
    1.99405792e+02, 9.96622467e+01, 2.00735214e+02, 1.03233269e+02,
    2.00864517e+02, 1.20695076e+02, 2.00708786e+02, 1.03233269e+02,
    2.00864517e+02, 9.96622467e+01, 2.00735214e+02, 9.55052719e+01,
    1.99405792e+02 ]
noOfLandmarkPoint: 68
