%YAML:1.0
landmark: [ 7.64960403e+01, 2.15786942e+02, 8.02294159e+01,
    2.45992340e+02, 8.40963821e+01, 2.80949677e+02, 8.69247284e+01,
    3.11643829e+02, 9.69215698e+01, 3.40237732e+02, 1.16880180e+02,
    3.62155426e+02, 1.50437454e+02, 3.73364563e+02, 1.83473495e+02,
    3.89138885e+02, 2.17710144e+02, 3.88617676e+02, 2.44207458e+02,
    3.79630981e+02, 2.61343323e+02, 3.60659119e+02, 2.80054565e+02,
    3.37936218e+02, 2.85823120e+02, 3.11971802e+02, 2.88254669e+02,
    2.86570618e+02, 2.92800323e+02, 2.61280273e+02, 2.94211731e+02,
    2.34414597e+02, 2.93492615e+02, 2.09430267e+02, 1.12486969e+02,
    1.96562119e+02, 1.27671242e+02, 1.83531387e+02, 1.48044952e+02,
    1.80344131e+02, 1.66862213e+02, 1.83428253e+02, 1.87769196e+02,
    1.86291336e+02, 2.28665115e+02, 1.82969940e+02, 2.41560577e+02,
    1.78504593e+02, 2.55040894e+02, 1.75696274e+02, 2.68643555e+02,
    1.76126022e+02, 2.79710510e+02, 1.83102173e+02, 2.16146027e+02,
    2.10784515e+02, 2.19511047e+02, 2.27039261e+02, 2.23976547e+02,
    2.42623138e+02, 2.27138992e+02, 2.58909790e+02, 1.94635864e+02,
    2.75591797e+02, 2.07511139e+02, 2.79536072e+02, 2.17575378e+02,
    2.85099731e+02, 2.29373123e+02, 2.81257904e+02, 2.37850281e+02,
    2.74458588e+02, 1.36516129e+02, 2.12058380e+02, 1.48308731e+02,
    2.04241211e+02, 1.63271820e+02, 2.04375092e+02, 1.73212479e+02,
    2.12382874e+02, 1.62479904e+02, 2.16635620e+02, 1.47690811e+02,
    2.17332550e+02, 2.31360489e+02, 2.10113327e+02, 2.41436768e+02,
    2.00062866e+02, 2.55242996e+02, 1.98386627e+02, 2.66851288e+02,
    2.05212357e+02, 2.57171936e+02, 2.10636581e+02, 2.44709305e+02,
    2.11096909e+02, 1.65713943e+02, 3.12493042e+02, 1.77596466e+02,
    3.06425476e+02, 2.01289719e+02, 3.02427307e+02, 2.17923706e+02,
    3.06344666e+02, 2.29904312e+02, 3.02385620e+02, 2.44148010e+02,
    3.02911865e+02, 2.55902756e+02, 3.04458038e+02, 2.45024002e+02,
    3.17288574e+02, 2.31981094e+02, 3.24692474e+02, 2.19406265e+02,
    3.26083832e+02, 2.02788132e+02, 3.27150787e+02, 1.77118805e+02,
    3.20369690e+02, 1.72864655e+02, 3.14838562e+02, 2.01210358e+02,
    3.14850830e+02, 2.18149445e+02, 3.15324005e+02, 2.30938812e+02,
    3.12493561e+02, 2.49103424e+02, 3.10203217e+02, 2.30938812e+02,
    3.12493561e+02, 2.18149445e+02, 3.15324005e+02, 2.01210358e+02,
    3.14850830e+02 ]
noOfLandmarkPoint: 68
