%YAML:1.0
landmark: [ 9.47260742e+01, 1.86174957e+02, 9.28703690e+01,
    1.97025848e+02, 9.57688980e+01, 2.08109375e+02, 9.92530823e+01,
    2.18208908e+02, 1.04242668e+02, 2.30223007e+02, 1.09132782e+02,
    2.43835434e+02, 1.16604233e+02, 2.55367706e+02, 1.25610863e+02,
    2.64791809e+02, 1.38418396e+02, 2.67412231e+02, 1.53216049e+02,
    2.64278351e+02, 1.70564621e+02, 2.56039917e+02, 1.86405090e+02,
    2.48264084e+02, 1.98764084e+02, 2.38052277e+02, 2.07523911e+02,
    2.25284134e+02, 2.10775467e+02, 2.08630783e+02, 2.11820984e+02,
    1.90530869e+02, 2.12401230e+02, 1.71962967e+02, 9.21559372e+01,
    1.62691971e+02, 9.63469086e+01, 1.59045792e+02, 1.03566055e+02,
    1.58982407e+02, 1.12193016e+02, 1.59631165e+02, 1.19757011e+02,
    1.62738541e+02, 1.36249359e+02, 1.57923492e+02, 1.47860764e+02,
    1.53528122e+02, 1.59997116e+02, 1.51213043e+02, 1.73379471e+02,
    1.54536835e+02, 1.83763351e+02, 1.60269760e+02, 1.26005508e+02,
    1.75491989e+02, 1.25112389e+02, 1.82859985e+02, 1.24318634e+02,
    1.89672104e+02, 1.23462814e+02, 1.96912750e+02, 1.20929138e+02,
    2.05058762e+02, 1.24580025e+02, 2.05676132e+02, 1.28158661e+02,
    2.06082901e+02, 1.34006363e+02, 2.04109177e+02, 1.39808823e+02,
    2.02194641e+02, 1.05157448e+02, 1.80089188e+02, 1.05052849e+02,
    1.76254623e+02, 1.09927467e+02, 1.76080826e+02, 1.16831589e+02,
    1.77821564e+02, 1.12767159e+02, 1.79909912e+02, 1.08935364e+02,
    1.80548996e+02, 1.50376022e+02, 1.70957779e+02, 1.53947098e+02,
    1.67823273e+02, 1.58595352e+02, 1.67545654e+02, 1.65208618e+02,
    1.70213516e+02, 1.59900208e+02, 1.71554504e+02, 1.55645401e+02,
    1.71717468e+02, 1.16964066e+02, 2.28630875e+02, 1.19334213e+02,
    2.21885178e+02, 1.25272690e+02, 2.18251480e+02, 1.29972473e+02,
    2.18670181e+02, 1.35800415e+02, 2.17069611e+02, 1.49371094e+02,
    2.19713852e+02, 1.62382324e+02, 2.24417831e+02, 1.50965805e+02,
    2.35070877e+02, 1.39499771e+02, 2.40673111e+02, 1.33329727e+02,
    2.40632935e+02, 1.28122696e+02, 2.40809311e+02, 1.22685249e+02,
    2.40174377e+02, 1.19656540e+02, 2.28439987e+02, 1.25829651e+02,
    2.23394958e+02, 1.30330200e+02, 2.22676392e+02, 1.36632156e+02,
    2.22321594e+02, 1.60114761e+02, 2.24765427e+02, 1.38085678e+02,
    2.33980591e+02, 1.32677231e+02, 2.34569595e+02, 1.27137421e+02,
    2.34830856e+02 ]
noOfLandmarkPoint: 68
