%YAML:1.0
landmark: [ 9.02101364e+01, 1.16576416e+02, 9.42400970e+01,
    1.43359619e+02, 9.84555206e+01, 1.63868484e+02, 1.03517372e+02,
    1.86029770e+02, 1.08063278e+02, 2.07054596e+02, 1.14313896e+02,
    2.27511169e+02, 1.27487961e+02, 2.47451797e+02, 1.40416397e+02,
    2.66141113e+02, 1.60427048e+02, 2.72947906e+02, 1.83911102e+02,
    2.68833679e+02, 2.09799271e+02, 2.58813782e+02, 2.32307053e+02,
    2.44885849e+02, 2.51792999e+02, 2.24964005e+02, 2.66486298e+02,
    2.02654266e+02, 2.70857330e+02, 1.75138550e+02, 2.70735809e+02,
    1.47468994e+02, 2.73534637e+02, 1.21822723e+02, 9.32130737e+01,
    9.52566833e+01, 1.04444672e+02, 9.10579910e+01, 1.15019768e+02,
    9.98938370e+01, 1.25997292e+02, 1.10454094e+02, 1.37055283e+02,
    1.18751770e+02, 1.77787842e+02, 1.23454552e+02, 1.94939575e+02,
    1.13742210e+02, 2.12619110e+02, 1.05960480e+02, 2.29388062e+02,
    1.04824005e+02, 2.47200760e+02, 1.12593880e+02, 1.55041580e+02,
    1.31612076e+02, 1.51434845e+02, 1.50944031e+02, 1.48355896e+02,
    1.70699203e+02, 1.45369675e+02, 1.91695435e+02, 1.34492279e+02,
    1.89439209e+02, 1.42459473e+02, 1.97116348e+02, 1.53163269e+02,
    2.00763535e+02, 1.67461945e+02, 1.93405014e+02, 1.80479141e+02,
    1.89201447e+02, 1.03900146e+02, 1.13927673e+02, 1.13177422e+02,
    1.09885857e+02, 1.23365273e+02, 1.16055603e+02, 1.32376205e+02,
    1.21871155e+02, 1.21185043e+02, 1.25332870e+02, 1.10428963e+02,
    1.24155960e+02, 1.93113541e+02, 1.30487457e+02, 2.06368484e+02,
    1.23430840e+02, 2.19530701e+02, 1.23761330e+02, 2.29150314e+02,
    1.29391418e+02, 2.19530701e+02, 1.37399048e+02, 2.05759811e+02,
    1.37213577e+02, 1.28241653e+02, 2.11253281e+02, 1.41150192e+02,
    2.10826340e+02, 1.47178986e+02, 2.11652786e+02, 1.58630890e+02,
    2.17377426e+02, 1.71282745e+02, 2.14586716e+02, 1.79093048e+02,
    2.14639008e+02, 1.91832047e+02, 2.13595261e+02, 1.80838211e+02,
    2.28462189e+02, 1.72274200e+02, 2.30920593e+02, 1.58163498e+02,
    2.30761459e+02, 1.46939819e+02, 2.28653152e+02, 1.38927444e+02,
    2.22322723e+02, 1.33935898e+02, 2.11531479e+02, 1.46652054e+02,
    2.15761063e+02, 1.58750305e+02, 2.19146545e+02, 1.71137711e+02,
    2.17561066e+02, 1.88753098e+02, 2.14969482e+02, 1.71137711e+02,
    2.17561066e+02, 1.58750305e+02, 2.19146545e+02, 1.46652054e+02,
    2.15761063e+02 ]
noOfLandmarkPoint: 68
