%YAML:1.0
landmark: [ 1.87784668e+02, 1.68661087e+02, 1.95964752e+02,
    1.86406784e+02, 2.03645752e+02, 2.01412567e+02, 2.15157303e+02,
    2.15177673e+02, 2.28438782e+02, 2.25464355e+02, 2.43725876e+02,
    2.33136581e+02, 2.64023743e+02, 2.37788376e+02, 2.83778168e+02,
    2.38198685e+02, 2.99872772e+02, 2.34267120e+02, 3.14265106e+02,
    2.23952454e+02, 3.23697876e+02, 2.08938309e+02, 3.27574127e+02,
    1.93732758e+02, 3.27539825e+02, 1.77102341e+02, 3.25697510e+02,
    1.62427200e+02, 3.23737183e+02, 1.48135254e+02, 3.22238708e+02,
    1.34879929e+02, 3.16903320e+02, 1.21128479e+02, 2.10355423e+02,
    1.41179581e+02, 2.17161102e+02, 1.32958939e+02, 2.26263641e+02,
    1.24931129e+02, 2.37974976e+02, 1.19245583e+02, 2.50476379e+02,
    1.16491905e+02, 2.74354950e+02, 1.12864616e+02, 2.82100983e+02,
    1.06422661e+02, 2.90982391e+02, 1.02886559e+02, 2.99166168e+02,
    1.04236366e+02, 3.07157135e+02, 1.09122292e+02, 2.69674286e+02,
    1.25851112e+02, 2.75759521e+02, 1.35075439e+02, 2.81676941e+02,
    1.44525604e+02, 2.85910278e+02, 1.53562439e+02, 2.70848999e+02,
    1.65915237e+02, 2.78647125e+02, 1.65070206e+02, 2.86409637e+02,
    1.65309677e+02, 2.91441742e+02, 1.61534088e+02, 2.94473083e+02,
    1.57464905e+02, 2.30681641e+02, 1.44449158e+02, 2.34408875e+02,
    1.37393082e+02, 2.42002045e+02, 1.33254333e+02, 2.50338531e+02,
    1.39112411e+02, 2.46232483e+02, 1.43337585e+02, 2.39287933e+02,
    1.45367889e+02, 2.84029297e+02, 1.29587357e+02, 2.87712799e+02,
    1.21477280e+02, 2.95125275e+02, 1.19401558e+02, 3.01463043e+02,
    1.25169365e+02, 2.98123535e+02, 1.28685226e+02, 2.91738220e+02,
    1.30764725e+02, 2.69417542e+02, 1.99775421e+02, 2.76086456e+02,
    1.86900940e+02, 2.83014771e+02, 1.81006989e+02, 2.89371399e+02,
    1.79932465e+02, 2.93089661e+02, 1.77206848e+02, 3.00389984e+02,
    1.78637466e+02, 3.08471222e+02, 1.87241440e+02, 3.05864532e+02,
    1.94965851e+02, 3.01813629e+02, 1.97271835e+02, 2.97371582e+02,
    1.99575714e+02, 2.91992584e+02, 2.01238571e+02, 2.83401886e+02,
    2.02903702e+02, 2.74218445e+02, 1.96723846e+02, 2.85232300e+02,
    1.86855774e+02, 2.91348846e+02, 1.85375244e+02, 2.95626862e+02,
    1.84281006e+02, 3.02494110e+02, 1.87518661e+02, 2.97977234e+02,
    1.90569244e+02, 2.94033325e+02, 1.92015778e+02, 2.88872589e+02,
    1.93944778e+02 ]
noOfLandmarkPoint: 68
