%YAML:1.0
landmark: [ 6.32894249e+01, 1.57250259e+02, 6.47230072e+01,
    1.76846512e+02, 6.76680832e+01, 1.96155075e+02, 7.23522644e+01,
    2.15101044e+02, 7.80725632e+01, 2.35206635e+02, 8.76123657e+01,
    2.52166885e+02, 1.02755928e+02, 2.67232880e+02, 1.24048706e+02,
    2.82738983e+02, 1.50609177e+02, 2.87081024e+02, 1.78503281e+02,
    2.80490387e+02, 1.96600388e+02, 2.69932281e+02, 2.14763062e+02,
    2.60079132e+02, 2.33301788e+02, 2.42203537e+02, 2.39609665e+02,
    2.18287613e+02, 2.39285233e+02, 1.90927155e+02, 2.37828354e+02,
    1.65531738e+02, 2.35117737e+02, 1.45040176e+02, 7.41483459e+01,
    1.36686401e+02, 8.52283936e+01, 1.23092682e+02, 1.01025566e+02,
    1.21821678e+02, 1.13788353e+02, 1.23001968e+02, 1.26705254e+02,
    1.24481384e+02, 1.52173920e+02, 1.21941383e+02, 1.67092773e+02,
    1.16003525e+02, 1.79452286e+02, 1.12219078e+02, 1.91987106e+02,
    1.10128197e+02, 2.04403793e+02, 1.15446236e+02, 1.41780670e+02,
    1.43101288e+02, 1.41130569e+02, 1.53185852e+02, 1.40480469e+02,
    1.62664459e+02, 1.39643082e+02, 1.73542267e+02, 1.21909813e+02,
    1.81598953e+02, 1.31134277e+02, 1.84640778e+02, 1.41869507e+02,
    1.88358032e+02, 1.53760696e+02, 1.84739761e+02, 1.64308090e+02,
    1.80959549e+02, 8.92449951e+01, 1.51495941e+02, 9.87198715e+01,
    1.45652878e+02, 1.09063461e+02, 1.43470825e+02, 1.18034042e+02,
    1.48307587e+02, 1.09315849e+02, 1.51221603e+02, 9.84774399e+01,
    1.52109879e+02, 1.68330429e+02, 1.42385620e+02, 1.76629242e+02,
    1.36301971e+02, 1.86945221e+02, 1.35706726e+02, 1.94219376e+02,
    1.39575211e+02, 1.87639465e+02, 1.43542694e+02, 1.78150146e+02,
    1.44281082e+02, 1.11913528e+02, 2.23269547e+02, 1.20781494e+02,
    2.08237946e+02, 1.32236176e+02, 2.02697891e+02, 1.40806458e+02,
    2.03049057e+02, 1.52318192e+02, 2.02520706e+02, 1.70333664e+02,
    2.08535629e+02, 1.84684708e+02, 2.16740540e+02, 1.71824371e+02,
    2.28206833e+02, 1.54231781e+02, 2.37159454e+02, 1.44629913e+02,
    2.38459717e+02, 1.34776779e+02, 2.38142212e+02, 1.22054665e+02,
    2.33412415e+02, 1.19528801e+02, 2.22211472e+02, 1.33761307e+02,
    2.15523636e+02, 1.41797653e+02, 2.13750870e+02, 1.52199188e+02,
    2.16626862e+02, 1.79527817e+02, 2.17526596e+02, 1.52731110e+02,
    2.21857315e+02, 1.42081360e+02, 2.23661133e+02, 1.34423355e+02,
    2.23517288e+02 ]
noOfLandmarkPoint: 68
