%YAML:1.0
landmark: [ 9.66329193e+01, 2.05599319e+02, 9.94678650e+01,
    2.27109604e+02, 1.04588860e+02, 2.47242340e+02, 1.12931763e+02,
    2.69183716e+02, 1.25459785e+02, 2.93798126e+02, 1.43207642e+02,
    3.13895111e+02, 1.63329895e+02, 3.26629913e+02, 1.84275848e+02,
    3.42645599e+02, 2.13256424e+02, 3.47365173e+02, 2.36308029e+02,
    3.40620697e+02, 2.49174759e+02, 3.22081024e+02, 2.61871613e+02,
    3.05804596e+02, 2.70439545e+02, 2.84771729e+02, 2.74948517e+02,
    2.61965973e+02, 2.75884399e+02, 2.39547180e+02, 2.76109436e+02,
    2.17065292e+02, 2.74885437e+02, 1.93197495e+02, 1.33417923e+02,
    1.88208313e+02, 1.47104645e+02, 1.78923920e+02, 1.59632675e+02,
    1.73739838e+02, 1.73784348e+02, 1.76615555e+02, 1.88416733e+02,
    1.81814453e+02, 2.24251770e+02, 1.83559113e+02, 2.32018417e+02,
    1.77601089e+02, 2.40622101e+02, 1.74928085e+02, 2.49190033e+02,
    1.75090012e+02, 2.57272156e+02, 1.75962784e+02, 2.12975082e+02,
    1.92747437e+02, 2.15585007e+02, 2.04600372e+02, 2.18258011e+02,
    2.15328156e+02, 2.20769089e+02, 2.26245224e+02, 1.99862411e+02,
    2.43444183e+02, 2.08016037e+02, 2.44893204e+02, 2.16682800e+02,
    2.46693451e+02, 2.23639771e+02, 2.44182373e+02, 2.29633545e+02,
    2.41221237e+02, 1.65483459e+02, 2.01117676e+02, 1.71378372e+02,
    1.97094498e+02, 1.77794846e+02, 1.95906250e+02, 1.82663452e+02,
    1.99029312e+02, 1.77731750e+02, 2.03052505e+02, 1.71477219e+02,
    2.03565659e+02, 2.27923737e+02, 2.01729675e+02, 2.34817627e+02,
    1.97256424e+02, 2.42998596e+02, 1.96419403e+02, 2.48893509e+02,
    1.99803253e+02, 2.43736771e+02, 2.04051468e+02, 2.35618912e+02,
    2.04726562e+02, 1.85426910e+02, 2.78264801e+02, 1.97014725e+02,
    2.69483795e+02, 2.11872437e+02, 2.62625641e+02, 2.17970276e+02,
    2.63460968e+02, 2.23204437e+02, 2.62064270e+02, 2.32885712e+02,
    2.66824280e+02, 2.40249237e+02, 2.76046478e+02, 2.33241989e+02,
    2.84942871e+02, 2.26232544e+02, 2.88470490e+02, 2.20210907e+02,
    2.89026428e+02, 2.13270798e+02, 2.89124847e+02, 1.97744156e+02,
    2.86283020e+02, 1.89809723e+02, 2.77561493e+02, 2.12760788e+02,
    2.72679688e+02, 2.18160980e+02, 2.71665863e+02, 2.24180389e+02,
    2.71680450e+02, 2.36847321e+02, 2.76311493e+02, 2.25552292e+02,
    2.80211670e+02, 2.18843231e+02, 2.80059723e+02, 2.13302170e+02,
    2.80200958e+02 ]
noOfLandmarkPoint: 68
