%YAML:1.0
landmark: [ 2.30505661e+02, 1.49041504e+02, 2.27857864e+02,
    1.68635223e+02, 2.28387421e+02, 1.92465408e+02, 2.28916977e+02,
    2.17884277e+02, 2.33691360e+02, 2.42756912e+02, 2.40331680e+02,
    2.63670349e+02, 2.46938675e+02, 2.81423126e+02, 2.56201813e+02,
    3.01546387e+02, 2.72071930e+02, 3.11860291e+02, 3.01450012e+02,
    3.11868622e+02, 3.30542450e+02, 3.01294098e+02, 3.53313507e+02,
    2.88542999e+02, 3.72882233e+02, 2.73177429e+02, 3.90803925e+02,
    2.51667770e+02, 4.00679962e+02, 2.25777679e+02, 4.10766602e+02,
    1.95088211e+02, 4.14759125e+02, 1.68316269e+02, 2.34187576e+02,
    1.18049767e+02, 2.40567291e+02, 1.10913208e+02, 2.47981125e+02,
    1.10913208e+02, 2.59606445e+02, 1.16730034e+02, 2.65009552e+02,
    1.24912727e+02, 3.08350952e+02, 1.29977356e+02, 3.19471710e+02,
    1.21504402e+02, 3.33794800e+02, 1.19655113e+02, 3.50186157e+02,
    1.22033958e+02, 3.63122864e+02, 1.30531921e+02, 2.83737823e+02,
    1.51052734e+02, 2.79048737e+02, 1.67712601e+02, 2.74584137e+02,
    1.82900879e+02, 2.69720795e+02, 2.00115189e+02, 2.53512344e+02,
    2.09117371e+02, 2.61993622e+02, 2.13606125e+02, 2.73341675e+02,
    2.18111557e+02, 2.83957855e+02, 2.17069107e+02, 2.96137726e+02,
    2.15757706e+02, 2.41526413e+02, 1.49202118e+02, 2.40608963e+02,
    1.40568558e+02, 2.52144562e+02, 1.42976120e+02, 2.63211182e+02,
    1.51522644e+02, 2.49586472e+02, 1.55631836e+02, 2.43035400e+02,
    1.53123749e+02, 3.15111450e+02, 1.57926331e+02, 3.24506683e+02,
    1.49579407e+02, 3.36276642e+02, 1.51049149e+02, 3.48012909e+02,
    1.59227829e+02, 3.36672943e+02, 1.62074524e+02, 3.26467407e+02,
    1.61789612e+02, 2.49040253e+02, 2.45681992e+02, 2.55622253e+02,
    2.41420517e+02, 2.61741364e+02, 2.41143234e+02, 2.70003693e+02,
    2.45640335e+02, 2.82208557e+02, 2.45102432e+02, 2.98566589e+02,
    2.50927597e+02, 3.13285919e+02, 2.59417206e+02, 2.98860535e+02,
    2.73388062e+02, 2.82494171e+02, 2.74219879e+02, 2.70541595e+02,
    2.71857697e+02, 2.61480743e+02, 2.66587097e+02, 2.55394974e+02,
    2.54423904e+02, 2.53260056e+02, 2.46480499e+02, 2.61733032e+02,
    2.48842682e+02, 2.70272644e+02, 2.53642059e+02, 2.81695679e+02,
    2.55533020e+02, 3.07225159e+02, 2.59417206e+02, 2.81695679e+02,
    2.55533020e+02, 2.70272644e+02, 2.53642059e+02, 2.61733032e+02,
    2.48842682e+02 ]
noOfLandmarkPoint: 68
