%YAML:1.0
landmark: [ 2.65597443e+02, 9.49356689e+01, 2.64758820e+02,
    1.06472878e+02, 2.68059662e+02, 1.19389900e+02, 2.72843170e+02,
    1.30732529e+02, 2.76155151e+02, 1.44888504e+02, 2.79570007e+02,
    1.58140976e+02, 2.86171661e+02, 1.69910767e+02, 2.96912750e+02,
    1.82302277e+02, 3.13146271e+02, 1.82145721e+02, 3.29867310e+02,
    1.77708832e+02, 3.43931580e+02, 1.66918549e+02, 3.57285919e+02,
    1.54631073e+02, 3.67085999e+02, 1.39537979e+02, 3.71476379e+02,
    1.22133858e+02, 3.72353027e+02, 1.07230972e+02, 3.72353027e+02,
    9.10131226e+01, 3.71038055e+02, 7.61102371e+01, 2.59731567e+02,
    7.38426056e+01, 2.62453186e+02, 6.78850174e+01, 2.68277496e+02,
    6.76179657e+01, 2.74155853e+02, 6.84855881e+01, 2.80429871e+02,
    6.95120239e+01, 3.00207489e+02, 6.72871323e+01, 3.09468750e+02,
    6.35217400e+01, 3.18932159e+02, 6.11634445e+01, 3.28439423e+02,
    6.02173309e+01, 3.36346771e+02, 6.26996689e+01, 2.92540405e+02,
    8.31023941e+01, 2.90615143e+02, 9.08056183e+01, 2.89253601e+02,
    9.94801941e+01, 2.87784271e+02, 1.08077904e+02, 2.83530579e+02,
    1.16733131e+02, 2.88584686e+02, 1.18383545e+02, 2.94179962e+02,
    1.20937439e+02, 3.01269104e+02, 1.17106598e+02, 3.08244232e+02,
    1.14244095e+02, 2.68757385e+02, 8.79985733e+01, 2.70552155e+02,
    8.26410522e+01, 2.77201111e+02, 8.14122925e+01, 2.86366241e+02,
    8.60127029e+01, 2.79509674e+02, 8.97518463e+01, 2.73144104e+02,
    9.06031723e+01, 3.12943146e+02, 8.16238937e+01, 3.17046753e+02,
    7.55196609e+01, 3.24913483e+02, 7.56653519e+01, 3.32225800e+02,
    7.89081192e+01, 3.26349030e+02, 8.24017410e+01, 3.19451294e+02,
    8.30105896e+01, 2.82263641e+02, 1.46196045e+02, 2.84715820e+02,
    1.39796371e+02, 2.91317474e+02, 1.38546280e+02, 2.96123322e+02,
    1.40532135e+02, 3.03006714e+02, 1.37940231e+02, 3.15463104e+02,
    1.40532135e+02, 3.24496368e+02, 1.44028168e+02, 3.16115631e+02,
    1.49070404e+02, 3.03616577e+02, 1.52436020e+02, 2.96892639e+02,
    1.53347717e+02, 2.91142822e+02, 1.53469162e+02, 2.85010437e+02,
    1.52677505e+02, 2.84267487e+02, 1.45515137e+02, 2.91058044e+02,
    1.45159088e+02, 2.96264191e+02, 1.45456528e+02, 3.03185608e+02,
    1.44412170e+02, 3.20168610e+02, 1.44110443e+02, 3.03185608e+02,
    1.44412170e+02, 2.96264191e+02, 1.45456528e+02, 2.91058044e+02,
    1.45159088e+02 ]
noOfLandmarkPoint: 68
