%YAML:1.0
landmark: [ 1.26819290e+02, 9.65974197e+01, 1.27423355e+02,
    1.09916145e+02, 1.28264893e+02, 1.23947304e+02, 1.30006271e+02,
    1.37278549e+02, 1.34130646e+02, 1.48026871e+02, 1.40908737e+02,
    1.57696182e+02, 1.51111298e+02, 1.66607285e+02, 1.63446854e+02,
    1.73160416e+02, 1.78377853e+02, 1.75068451e+02, 1.94246231e+02,
    1.73564560e+02, 2.05965210e+02, 1.65020050e+02, 2.11901764e+02,
    1.55459091e+02, 2.15788651e+02, 1.44735809e+02, 2.18538239e+02,
    1.33287567e+02, 2.20244370e+02, 1.21452301e+02, 2.21432098e+02,
    1.10313904e+02, 2.22161377e+02, 9.85201645e+01, 1.39355972e+02,
    8.40354462e+01, 1.47468475e+02, 7.79804993e+01, 1.57142715e+02,
    7.67529297e+01, 1.67209579e+02, 7.82492523e+01, 1.75881210e+02,
    8.19632416e+01, 1.85580841e+02, 8.19997559e+01, 1.93817062e+02,
    7.97000961e+01, 2.02907333e+02, 7.91668472e+01, 2.11072739e+02,
    8.06124496e+01, 2.15788651e+02, 8.55658417e+01, 1.79769241e+02,
    8.99724731e+01, 1.79396240e+02, 9.93129044e+01, 1.79047852e+02,
    1.08471046e+02, 1.78423523e+02, 1.17282082e+02, 1.70415726e+02,
    1.23383308e+02, 1.73841110e+02, 1.24268112e+02, 1.78177917e+02,
    1.25642899e+02, 1.82052307e+02, 1.24480553e+02, 1.85855865e+02,
    1.23355759e+02, 1.49678207e+02, 9.10524826e+01, 1.53687637e+02,
    8.77192841e+01, 1.58955902e+02, 8.73592758e+01, 1.64217590e+02,
    9.09691544e+01, 1.59406158e+02, 9.27243881e+01, 1.54162247e+02,
    9.29809647e+01, 1.93388611e+02, 9.17929306e+01, 1.98385452e+02,
    8.95700226e+01, 2.03242004e+02, 9.03407440e+01, 2.06877563e+02,
    9.38603592e+01, 2.02651443e+02, 9.52420807e+01, 1.97320297e+02,
    9.44209824e+01, 1.59958511e+02, 1.43281021e+02, 1.66896347e+02,
    1.39340729e+02, 1.73841461e+02, 1.36496994e+02, 1.77421051e+02,
    1.37460068e+02, 1.82540771e+02, 1.36542114e+02, 1.89696976e+02,
    1.40657227e+02, 1.94010101e+02, 1.44380478e+02, 1.89767792e+02,
    1.45385651e+02, 1.82635925e+02, 1.46336548e+02, 1.77336044e+02,
    1.46927109e+02, 1.73500214e+02, 1.46457733e+02, 1.66935898e+02,
    1.45683105e+02, 1.61910004e+02, 1.42856781e+02, 1.73822357e+02,
    1.41312653e+02, 1.77466187e+02, 1.41385498e+02, 1.82521667e+02,
    1.41101547e+02, 1.91890945e+02, 1.43307053e+02, 1.82521667e+02,
    1.41101547e+02, 1.77466187e+02, 1.41385498e+02, 1.73822357e+02,
    1.41312653e+02 ]
noOfLandmarkPoint: 68
