%YAML:1.0
landmark: [ 1.24383423e+02, 1.53246307e+02, 1.28988464e+02,
    1.69605515e+02, 1.32848526e+02, 1.82559418e+02, 1.37428543e+02,
    1.98265350e+02, 1.42725906e+02, 2.11438766e+02, 1.53816635e+02,
    2.24500320e+02, 1.67129242e+02, 2.33361649e+02, 1.81254929e+02,
    2.42290390e+02, 1.99071182e+02, 2.49510529e+02, 2.14069839e+02,
    2.44673325e+02, 2.26243362e+02, 2.34714157e+02, 2.36472260e+02,
    2.18557755e+02, 2.44797745e+02, 2.03937485e+02, 2.45861877e+02,
    1.87563736e+02, 2.47731552e+02, 1.71433517e+02, 2.48578354e+02,
    1.56041412e+02, 2.46884766e+02, 1.39416611e+02, 1.42884567e+02,
    1.51657516e+02, 1.53151260e+02, 1.42866821e+02, 1.65033020e+02,
    1.42464355e+02, 1.76549377e+02, 1.43327606e+02, 1.87095596e+02,
    1.47175827e+02, 2.09693222e+02, 1.43227905e+02, 2.17918472e+02,
    1.35758240e+02, 2.26960663e+02, 1.30793900e+02, 2.34387070e+02,
    1.25499863e+02, 2.42251419e+02, 1.28509979e+02, 2.00201324e+02,
    1.54006973e+02, 2.01430649e+02, 1.64656448e+02, 2.02982574e+02,
    1.76340363e+02, 2.03983673e+02, 1.88169754e+02, 1.91075317e+02,
    1.94487946e+02, 1.98276779e+02, 1.95368454e+02, 2.04773834e+02,
    1.98152344e+02, 2.10734711e+02, 1.93057632e+02, 2.15757965e+02,
    1.89304474e+02, 1.57818176e+02, 1.60811188e+02, 1.63287750e+02,
    1.54822403e+02, 1.72800537e+02, 1.53679214e+02, 1.79639908e+02,
    1.57525177e+02, 1.72810379e+02, 1.60278854e+02, 1.65304413e+02,
    1.62328659e+02, 2.14259521e+02, 1.49901794e+02, 2.19336212e+02,
    1.43065842e+02, 2.27933121e+02, 1.41635452e+02, 2.34388672e+02,
    1.45261093e+02, 2.29833054e+02, 1.48834885e+02, 2.21973694e+02,
    1.50445587e+02, 1.78255081e+02, 2.11265015e+02, 1.90669022e+02,
    2.09780014e+02, 1.99390442e+02, 2.08942352e+02, 2.07181839e+02,
    2.08914078e+02, 2.12442627e+02, 2.05948822e+02, 2.19434753e+02,
    2.04003052e+02, 2.27116348e+02, 2.01689423e+02, 2.22636627e+02,
    2.15172379e+02, 2.16640213e+02, 2.19335815e+02, 2.10369644e+02,
    2.22444473e+02, 2.03095337e+02, 2.23133423e+02, 1.91378113e+02,
    2.21362778e+02, 1.83589081e+02, 2.13124817e+02, 2.01035309e+02,
    2.15105225e+02, 2.08220901e+02, 2.14608582e+02, 2.14389160e+02,
    2.12117615e+02, 2.23434280e+02, 2.06338959e+02, 2.14389160e+02,
    2.12117615e+02, 2.08220901e+02, 2.14608582e+02, 2.01035309e+02,
    2.15105225e+02 ]
noOfLandmarkPoint: 68
