%YAML:1.0
landmark: [ 2.00685455e+02, 1.44272995e+02, 2.06916916e+02,
    1.80103851e+02, 2.13667664e+02, 2.18531158e+02, 2.22495544e+02,
    2.55919876e+02, 2.34958450e+02, 2.88115723e+02, 2.52614243e+02,
    3.18753723e+02, 2.82732941e+02, 3.54584564e+02, 3.17005920e+02,
    3.85741852e+02, 3.49570892e+02, 3.91948029e+02, 3.79512482e+02,
    3.84887604e+02, 4.03132172e+02, 3.67365784e+02, 4.20067719e+02,
    3.45237396e+02, 4.39800659e+02, 3.14574219e+02, 4.62264008e+02,
    2.76691406e+02, 4.69676544e+02, 2.33590500e+02, 4.76946594e+02,
    1.88412460e+02, 4.79023743e+02, 1.59332336e+02, 2.33757980e+02,
    1.44916641e+02, 2.49427780e+02, 1.35241425e+02, 2.70730255e+02,
    1.32076859e+02, 2.93477936e+02, 1.35501038e+02, 3.15448059e+02,
    1.40637985e+02, 3.81397614e+02, 1.38560837e+02, 4.03207703e+02,
    1.28694366e+02, 4.24256439e+02, 1.28183060e+02, 4.44606140e+02,
    1.30069702e+02, 4.59594299e+02, 1.38618774e+02, 3.50639923e+02,
    1.82105988e+02, 3.51914337e+02, 2.10710739e+02, 3.51800415e+02,
    2.40991898e+02, 3.51060394e+02, 2.67388916e+02, 3.14686584e+02,
    2.65027039e+02, 3.32000824e+02, 2.74657928e+02, 3.51119781e+02,
    2.88400330e+02, 3.71351837e+02, 2.73999359e+02, 3.87981049e+02,
    2.63898956e+02, 2.54720749e+02, 1.71929611e+02, 2.68405823e+02,
    1.62724777e+02, 2.87419434e+02, 1.61572723e+02, 3.03614502e+02,
    1.75424622e+02, 2.87474518e+02, 1.79321442e+02, 2.69116302e+02,
    1.78607574e+02, 3.87393646e+02, 1.74998398e+02, 4.08295532e+02,
    1.59097870e+02, 4.25803223e+02, 1.59145660e+02, 4.38997833e+02,
    1.69237305e+02, 4.26846863e+02, 1.76655151e+02, 4.09599823e+02,
    1.77421906e+02, 2.98180450e+02, 3.09620178e+02, 3.14635345e+02,
    3.03725342e+02, 3.33413635e+02, 3.03870148e+02, 3.49964233e+02,
    3.06793060e+02, 3.69320038e+02, 3.03057739e+02, 3.86431335e+02,
    3.05654175e+02, 4.03921997e+02, 3.07929688e+02, 3.90447235e+02,
    3.28130829e+02, 3.69278198e+02, 3.41099731e+02, 3.51320740e+02,
    3.42640961e+02, 3.31969879e+02, 3.41709198e+02, 3.09526428e+02,
    3.25367950e+02, 3.08646973e+02, 3.11299347e+02, 3.32241089e+02,
    3.13309509e+02, 3.50363220e+02, 3.14665527e+02, 3.68800751e+02,
    3.13962769e+02, 3.95778534e+02, 3.09699677e+02, 3.69546173e+02,
    3.19993256e+02, 3.50333527e+02, 3.21559998e+02, 3.32375061e+02,
    3.18820709e+02 ]
noOfLandmarkPoint: 68
