%YAML:1.0
landmark: [ 2.30070587e+02, 1.72579727e+02, 2.31371124e+02,
    1.95540375e+02, 2.33729599e+02, 2.18193146e+02, 2.37526062e+02,
    2.42013397e+02, 2.44978760e+02, 2.66815460e+02, 2.57923096e+02,
    2.89690582e+02, 2.75510529e+02, 3.08177216e+02, 2.96135529e+02,
    3.21690613e+02, 3.19253052e+02, 3.26722961e+02, 3.42211517e+02,
    3.19866180e+02, 3.62092407e+02, 3.04740631e+02, 3.78773926e+02,
    2.84949280e+02, 3.90337616e+02, 2.60905579e+02, 3.95995697e+02,
    2.35046295e+02, 3.98119995e+02, 2.10199402e+02, 3.98867645e+02,
    1.86571152e+02, 3.98574219e+02, 1.62756592e+02, 2.49632950e+02,
    1.49864166e+02, 2.59568146e+02, 1.45462112e+02, 2.70670410e+02,
    1.45692337e+02, 2.83610413e+02, 1.49852188e+02, 2.97006836e+02,
    1.54702682e+02, 3.29459595e+02, 1.51787903e+02, 3.43503784e+02,
    1.46156754e+02, 3.56447754e+02, 1.40373413e+02, 3.70320587e+02,
    1.40611618e+02, 3.83717041e+02, 1.45005676e+02, 3.14272675e+02,
    1.68089508e+02, 3.14149506e+02, 1.90341522e+02, 3.15403381e+02,
    2.13176239e+02, 3.15491669e+02, 2.35066132e+02, 2.98627441e+02,
    2.38149658e+02, 3.07660645e+02, 2.41869324e+02, 3.16452759e+02,
    2.47184250e+02, 3.26051086e+02, 2.39134277e+02, 3.34555267e+02,
    2.30433304e+02, 2.64414673e+02, 1.68119080e+02, 2.71361053e+02,
    1.60490021e+02, 2.81538452e+02, 1.60486023e+02, 2.89862152e+02,
    1.67420441e+02, 2.82459320e+02, 1.74827271e+02, 2.70734375e+02,
    1.74340195e+02, 3.40963440e+02, 1.66968002e+02, 3.54808319e+02,
    1.53793793e+02, 3.64525269e+02, 1.56322174e+02, 3.67558014e+02,
    1.61649078e+02, 3.65576172e+02, 1.67352570e+02, 3.53342468e+02,
    1.70030991e+02, 2.90396515e+02, 2.71977356e+02, 3.02325745e+02,
    2.65915558e+02, 3.08811737e+02, 2.61767670e+02, 3.15996307e+02,
    2.64304047e+02, 3.25713287e+02, 2.61541473e+02, 3.35745239e+02,
    2.64586517e+02, 3.47775452e+02, 2.70205566e+02, 3.39318268e+02,
    2.77957275e+02, 3.26433868e+02, 2.80674225e+02, 3.16889282e+02,
    2.81477173e+02, 3.08419525e+02, 2.80823456e+02, 2.99090759e+02,
    2.77946655e+02, 2.94571198e+02, 2.69905426e+02, 3.08808624e+02,
    2.71966827e+02, 3.16623657e+02, 2.72597839e+02, 3.25639130e+02,
    2.70109985e+02, 3.42768646e+02, 2.69426178e+02, 3.25639130e+02,
    2.70109985e+02, 3.16623657e+02, 2.72597839e+02, 3.08808624e+02,
    2.71966827e+02 ]
noOfLandmarkPoint: 68
