%YAML:1.0
landmark: [ 1.29773270e+02, 1.97397339e+02, 1.27083626e+02,
    2.23471466e+02, 1.25134636e+02, 2.50882584e+02, 1.23088303e+02,
    2.74926025e+02, 1.27645248e+02, 3.05930817e+02, 1.42446136e+02,
    3.31587646e+02, 1.64138947e+02, 3.54812134e+02, 1.90906754e+02,
    3.72996368e+02, 2.09200577e+02, 3.75444336e+02, 2.29704117e+02,
    3.74801025e+02, 2.47436310e+02, 3.58744843e+02, 2.64057526e+02,
    3.43975281e+02, 2.78601105e+02, 3.26258728e+02, 2.90326355e+02,
    3.08316162e+02, 2.99634949e+02, 2.91051666e+02, 3.09687164e+02,
    2.73577576e+02, 3.18624420e+02, 2.52133362e+02, 1.61854340e+02,
    1.91748474e+02, 1.83274170e+02, 1.94196457e+02, 2.08575043e+02,
    2.01988907e+02, 2.29851837e+02, 2.12507584e+02, 2.52822113e+02,
    2.25446045e+02, 2.83641357e+02, 2.28468170e+02, 2.96945282e+02,
    2.27840530e+02, 3.07509186e+02, 2.28822845e+02, 3.17527100e+02,
    2.28822845e+02, 3.24403381e+02, 2.32752136e+02, 2.62131104e+02,
    2.49181107e+02, 2.59582275e+02, 2.68812897e+02, 2.57520264e+02,
    2.89718079e+02, 2.55925964e+02, 3.10011261e+02, 2.27417831e+02,
    3.06732269e+02, 2.37534103e+02, 3.12026062e+02, 2.45733109e+02,
    3.17482727e+02, 2.53955597e+02, 3.16346436e+02, 2.61190491e+02,
    3.12686371e+02, 1.96063446e+02, 2.30658829e+02, 2.08319000e+02,
    2.27840530e+02, 2.21339188e+02, 2.32556808e+02, 2.27452301e+02,
    2.43085373e+02, 2.15661652e+02, 2.42977386e+02, 2.02826706e+02,
    2.39452774e+02, 2.74636078e+02, 2.50637466e+02, 2.85048767e+02,
    2.44000076e+02, 2.96688660e+02, 2.45970474e+02, 3.02902100e+02,
    2.53119751e+02, 2.95468292e+02, 2.59188721e+02, 2.84549225e+02,
    2.56377991e+02, 1.99926697e+02, 3.28094727e+02, 2.18994171e+02,
    3.26841187e+02, 2.30235489e+02, 3.27580750e+02, 2.35885803e+02,
    3.32237640e+02, 2.42287552e+02, 3.29969543e+02, 2.49240982e+02,
    3.30059357e+02, 2.53251968e+02, 3.34955322e+02, 2.44674088e+02,
    3.42129791e+02, 2.37686340e+02, 3.44687469e+02, 2.30547043e+02,
    3.46001740e+02, 2.22406219e+02, 3.44132050e+02, 2.12351852e+02,
    3.40489716e+02, 2.07789627e+02, 3.30220154e+02, 2.26307556e+02,
    3.34568390e+02, 2.33912170e+02, 3.36831787e+02, 2.40197784e+02,
    3.36232727e+02, 2.49671616e+02, 3.34613708e+02, 2.40197784e+02,
    3.36232727e+02, 2.33912170e+02, 3.36831787e+02, 2.26307556e+02,
    3.34568390e+02 ]
noOfLandmarkPoint: 68
