%YAML:1.0
landmark: [ 1.47818237e+02, 1.61075485e+02, 1.46645554e+02,
    1.71493286e+02, 1.49650131e+02, 1.82880630e+02, 1.53494385e+02,
    1.94619919e+02, 1.57318314e+02, 2.03730621e+02, 1.62680832e+02,
    2.11666504e+02, 1.65186798e+02, 2.20320358e+02, 1.73015244e+02,
    2.33210770e+02, 1.83170197e+02, 2.34727585e+02, 1.96278030e+02,
    2.37435654e+02, 2.09737015e+02, 2.31671036e+02, 2.24889481e+02,
    2.25228012e+02, 2.38918503e+02, 2.12566849e+02, 2.50798218e+02,
    1.97668198e+02, 2.58540253e+02, 1.83049011e+02, 2.57203674e+02,
    1.62786636e+02, 2.55053604e+02, 1.43751999e+02, 1.49186081e+02,
    1.37720749e+02, 1.55130997e+02, 1.39852768e+02, 1.60156769e+02,
    1.43198135e+02, 1.66358582e+02, 1.46879105e+02, 1.72904053e+02,
    1.50464844e+02, 1.88987930e+02, 1.48924194e+02, 1.98613052e+02,
    1.43207687e+02, 2.08726181e+02, 1.41750290e+02, 2.18589691e+02,
    1.43944855e+02, 2.27918594e+02, 1.46946823e+02, 1.77011215e+02,
    1.60996262e+02, 1.75029831e+02, 1.69888046e+02, 1.72005768e+02,
    1.80089478e+02, 1.70146194e+02, 1.89011734e+02, 1.67165466e+02,
    1.95293762e+02, 1.71111725e+02, 1.98282837e+02, 1.74959686e+02,
    2.00050354e+02, 1.80956116e+02, 1.96859695e+02, 1.86752502e+02,
    1.94787903e+02, 1.55355392e+02, 1.59359268e+02, 1.57681351e+02,
    1.56282181e+02, 1.62031219e+02, 1.56932495e+02, 1.65326157e+02,
    1.61552444e+02, 1.61737671e+02, 1.61946457e+02, 1.57418182e+02,
    1.61516235e+02, 2.01179459e+02, 1.63491531e+02, 2.01870865e+02,
    1.59834305e+02, 2.07382980e+02, 1.59770889e+02, 2.12127914e+02,
    1.62358353e+02, 2.09023392e+02, 1.64732513e+02, 2.04514130e+02,
    1.65040619e+02, 1.68762833e+02, 2.05571350e+02, 1.71494553e+02,
    2.04556656e+02, 1.74942337e+02, 2.05637222e+02, 1.78450150e+02,
    2.06796555e+02, 1.84033142e+02, 2.05930435e+02, 1.92017731e+02,
    2.06458160e+02, 2.01162888e+02, 2.07209641e+02, 1.92712708e+02,
    2.14130798e+02, 1.84916595e+02, 2.15286743e+02, 1.78982086e+02,
    2.14366302e+02, 1.75581482e+02, 2.13947495e+02, 1.71744629e+02,
    2.11028748e+02, 1.72386917e+02, 2.07894852e+02, 1.75032074e+02,
    2.08870132e+02, 1.78528992e+02, 2.09816284e+02, 1.84423798e+02,
    2.09870728e+02, 1.96901535e+02, 2.08619019e+02, 1.84423798e+02,
    2.09870728e+02, 1.78528992e+02, 2.09816284e+02, 1.75032074e+02,
    2.08870132e+02 ]
noOfLandmarkPoint: 68
