%YAML:1.0
landmark: [ 1.34246292e+02, 1.10929634e+02, 1.33445480e+02,
    1.19630882e+02, 1.34786362e+02, 1.34316483e+02, 1.37321213e+02,
    1.48331650e+02, 1.40216125e+02, 1.62363358e+02, 1.44124969e+02,
    1.74497559e+02, 1.49471970e+02, 1.84539703e+02, 1.55261765e+02,
    1.95070251e+02, 1.69814987e+02, 1.97785126e+02, 1.87272247e+02,
    1.97848022e+02, 2.02780045e+02, 1.89963623e+02, 2.15982498e+02,
    1.81497116e+02, 2.29998611e+02, 1.71152161e+02, 2.36009018e+02,
    1.56544281e+02, 2.40880844e+02, 1.43147079e+02, 2.41987778e+02,
    1.27976372e+02, 2.41423004e+02, 1.13993820e+02, 1.32944092e+02,
    9.72404556e+01, 1.37011856e+02, 9.19288788e+01, 1.44090927e+02,
    9.44049225e+01, 1.50828247e+02, 9.67149734e+01, 1.58154816e+02,
    9.95130997e+01, 1.72185501e+02, 1.00061188e+02, 1.84305298e+02,
    9.60027847e+01, 1.97185287e+02, 9.59904938e+01, 2.08673538e+02,
    9.95448151e+01, 2.16622406e+02, 1.07061249e+02, 1.62179337e+02,
    1.07217361e+02, 1.60151459e+02, 1.17569901e+02, 1.58450516e+02,
    1.26858849e+02, 1.56095688e+02, 1.37128647e+02, 1.55309402e+02,
    1.44503540e+02, 1.58057373e+02, 1.46841812e+02, 1.61769653e+02,
    1.48379272e+02, 1.67869843e+02, 1.47005295e+02, 1.74073105e+02,
    1.46152496e+02, 1.39263840e+02, 1.06900375e+02, 1.42394714e+02,
    1.03382416e+02, 1.49677460e+02, 1.04484711e+02, 1.55221420e+02,
    1.08649261e+02, 1.49151825e+02, 1.09497345e+02, 1.42955276e+02,
    1.09090996e+02, 1.84357971e+02, 1.11779198e+02, 1.89809769e+02,
    1.07529823e+02, 1.96768448e+02, 1.08474426e+02, 2.02217178e+02,
    1.12504135e+02, 1.97220261e+02, 1.13805939e+02, 1.91267578e+02,
    1.13530014e+02, 1.51819855e+02, 1.63050064e+02, 1.48920212e+02,
    1.60420441e+02, 1.58220428e+02, 1.56915253e+02, 1.62045364e+02,
    1.58518478e+02, 1.67656494e+02, 1.57706451e+02, 1.75550598e+02,
    1.59633423e+02, 1.86453842e+02, 1.64372406e+02, 1.76866501e+02,
    1.71003647e+02, 1.71096771e+02, 1.71840408e+02, 1.65257278e+02,
    1.71273911e+02, 1.59205597e+02, 1.70078339e+02, 1.54569763e+02,
    1.66492599e+02, 1.54403793e+02, 1.62969391e+02, 1.58514786e+02,
    1.62872040e+02, 1.62866333e+02, 1.63948456e+02, 1.68346832e+02,
    1.63351929e+02, 1.83145172e+02, 1.64962387e+02, 1.68346832e+02,
    1.63351929e+02, 1.62866333e+02, 1.63948456e+02, 1.58514786e+02,
    1.62872040e+02 ]
noOfLandmarkPoint: 68
