%YAML:1.0
landmark: [ 5.58662796e+01, 2.86258087e+02, 5.47841911e+01,
    3.15123260e+02, 6.21483650e+01, 3.48908295e+02, 8.32640152e+01,
    3.77625580e+02, 1.02690422e+02, 4.03808990e+02, 1.25495331e+02,
    4.38438660e+02, 1.40698593e+02, 4.71379089e+02, 1.58435745e+02,
    5.01785645e+02, 1.84471283e+02, 5.11002594e+02, 2.25857956e+02,
    5.04171631e+02, 2.64556000e+02, 4.77159790e+02, 2.98168762e+02,
    4.47523376e+02, 3.32502686e+02, 4.11220093e+02, 3.50641663e+02,
    3.72839996e+02, 3.55004120e+02, 3.24781555e+02, 3.49265198e+02,
    2.70707703e+02, 3.38314667e+02, 2.24205231e+02, 3.34310760e+01,
    2.38262268e+02, 4.22043762e+01, 2.27503952e+02, 5.39395638e+01,
    2.27904938e+02, 6.82982101e+01, 2.32201996e+02, 8.22715073e+01,
    2.39951523e+02, 1.29481003e+02, 2.29905579e+02, 1.57960831e+02,
    2.11545624e+02, 1.89465591e+02, 2.04068115e+02, 2.20288162e+02,
    2.08206253e+02, 2.49905289e+02, 2.18863190e+02, 1.10089279e+02,
    2.66422546e+02, 1.08368065e+02, 2.98896912e+02, 1.05018471e+02,
    3.31956970e+02, 1.02889412e+02, 3.63542725e+02, 1.01713554e+02,
    3.79256531e+02, 1.14636047e+02, 3.83331787e+02, 1.29543549e+02,
    3.84250366e+02, 1.40033127e+02, 3.75640564e+02, 1.52523361e+02,
    3.66956848e+02, 6.03268700e+01, 2.70980865e+02, 6.71982193e+01,
    2.57376343e+02, 9.23357773e+01, 2.59211853e+02, 1.02394661e+02,
    2.74137543e+02, 8.62279205e+01, 2.77162354e+02, 6.83976517e+01,
    2.77343628e+02, 1.65340637e+02, 2.63379242e+02, 1.73385910e+02,
    2.46412766e+02, 1.98024841e+02, 2.40895981e+02, 2.23488678e+02,
    2.47333206e+02, 2.07218338e+02, 2.60967010e+02, 1.84619156e+02,
    2.65379883e+02, 1.22903145e+02, 4.18405090e+02, 1.14539658e+02,
    4.07643829e+02, 1.23642555e+02, 4.04120392e+02, 1.36821838e+02,
    4.07806213e+02, 1.49926926e+02, 4.03069580e+02, 1.96680099e+02,
    3.99302490e+02, 2.21946228e+02, 3.94444153e+02, 2.03262878e+02,
    4.17808838e+02, 1.64318237e+02, 4.40472382e+02, 1.45915649e+02,
    4.44015381e+02, 1.36436935e+02, 4.42897034e+02, 1.25273506e+02,
    4.29073853e+02, 1.24666344e+02, 4.20331818e+02, 1.30710968e+02,
    4.21709656e+02, 1.41438004e+02, 4.23161469e+02, 1.55870789e+02,
    4.18844635e+02, 2.13410385e+02, 3.96978058e+02, 1.55870789e+02,
    4.18844635e+02, 1.41438004e+02, 4.23161469e+02, 1.30710968e+02,
    4.21709656e+02 ]
noOfLandmarkPoint: 68
