%YAML:1.0
landmark: [ 1.08702309e+02, 2.29509048e+02, 1.09749565e+02,
    2.62589630e+02, 1.13898003e+02, 2.97002228e+02, 1.16190247e+02,
    3.23932892e+02, 1.25735916e+02, 3.48418518e+02, 1.40379761e+02,
    3.68296204e+02, 1.60030594e+02, 3.86670319e+02, 1.80331757e+02,
    4.04450867e+02, 2.09667389e+02, 4.11810608e+02, 2.39509552e+02,
    4.11932678e+02, 2.62935852e+02, 3.98887512e+02, 2.88853271e+02,
    3.82588745e+02, 3.12040710e+02, 3.62055084e+02, 3.23667419e+02,
    3.33072113e+02, 3.28888519e+02, 3.01786133e+02, 3.29823914e+02,
    2.73763977e+02, 3.30149261e+02, 2.40012283e+02, 1.20639168e+02,
    2.22076614e+02, 1.34457062e+02, 2.11797089e+02, 1.52499603e+02,
    2.11522568e+02, 1.71177643e+02, 2.17216476e+02, 1.92140884e+02,
    2.22764114e+02, 2.35142380e+02, 2.28467041e+02, 2.57069061e+02,
    2.20282028e+02, 2.77912872e+02, 2.18350174e+02, 2.97150146e+02,
    2.18212921e+02, 3.11344177e+02, 2.32366364e+02, 2.13660019e+02,
    2.45976410e+02, 2.11989471e+02, 2.66374634e+02, 2.11303589e+02,
    2.87173615e+02, 2.09952805e+02, 3.08642578e+02, 1.88412674e+02,
    3.11160095e+02, 1.98783997e+02, 3.17551117e+02, 2.09627121e+02,
    3.23585571e+02, 2.21843155e+02, 3.17012238e+02, 2.34751038e+02,
    3.13336609e+02, 1.44960297e+02, 2.41664642e+02, 1.56525970e+02,
    2.35696213e+02, 1.73831406e+02, 2.37826355e+02, 1.85320862e+02,
    2.48105881e+02, 1.72199493e+02, 2.51034180e+02, 1.55453308e+02,
    2.49514099e+02, 2.43959473e+02, 2.50392258e+02, 2.56967438e+02,
    2.40891907e+02, 2.71771545e+02, 2.41115601e+02, 2.82325592e+02,
    2.48517654e+02, 2.72008606e+02, 2.55148315e+02, 2.57104675e+02,
    2.54984314e+02, 1.68126678e+02, 3.31479095e+02, 1.81490768e+02,
    3.33124054e+02, 1.98916626e+02, 3.34934784e+02, 2.11695221e+02,
    3.37666626e+02, 2.23447235e+02, 3.35680054e+02, 2.37442078e+02,
    3.34303284e+02, 2.57292755e+02, 3.33036499e+02, 2.38229919e+02,
    3.46572418e+02, 2.24797287e+02, 3.50012726e+02, 2.12020325e+02,
    3.51341553e+02, 1.97957397e+02, 3.49130707e+02, 1.80596466e+02,
    3.41482941e+02, 1.72448593e+02, 3.32263763e+02, 1.98811707e+02,
    3.40578339e+02, 2.11626801e+02, 3.42494904e+02, 2.23870667e+02,
    3.41274170e+02, 2.49356857e+02, 3.35166626e+02, 2.23870667e+02,
    3.41274170e+02, 2.11626801e+02, 3.42494904e+02, 1.98811707e+02,
    3.40578339e+02 ]
noOfLandmarkPoint: 68
