%YAML:1.0
landmark: [ 6.11284180e+02, 2.72773926e+02, 6.07899780e+02,
    3.04319122e+02, 6.13094666e+02, 3.39255585e+02, 6.22808899e+02,
    3.72005493e+02, 6.32669434e+02, 4.04678833e+02, 6.43511780e+02,
    4.32387054e+02, 6.51944702e+02, 4.60095306e+02, 6.65273071e+02,
    4.90435791e+02, 6.95836426e+02, 5.05268311e+02, 7.32882874e+02,
    5.07601135e+02, 7.71140930e+02, 4.96682190e+02, 8.14580017e+02,
    4.68528229e+02, 8.52378540e+02, 4.42776794e+02, 8.79780396e+02,
    4.11071472e+02, 8.94313416e+02, 3.65675598e+02, 9.05385559e+02,
    3.15920471e+02, 9.12766968e+02, 2.65622284e+02, 6.08920105e+02,
    2.14000565e+02, 6.24612427e+02, 2.05921890e+02, 6.41092529e+02,
    2.13028610e+02, 6.56643494e+02, 2.18496368e+02, 6.75118164e+02,
    2.29895966e+02, 7.14507874e+02, 2.32709442e+02, 7.46296509e+02,
    2.21279251e+02, 7.80463684e+02, 2.16098007e+02, 8.14843689e+02,
    2.19577698e+02, 8.43144958e+02, 2.31216339e+02, 6.91116699e+02,
    2.58293884e+02, 6.86687439e+02, 2.84649170e+02, 6.78837402e+02,
    3.14952209e+02, 6.71575195e+02, 3.41518860e+02, 6.62787048e+02,
    3.57695282e+02, 6.72577881e+02, 3.63872009e+02, 6.84099915e+02,
    3.68436768e+02, 7.01177979e+02, 3.66977142e+02, 7.16657227e+02,
    3.64432770e+02, 6.29308716e+02, 2.53419968e+02, 6.41102356e+02,
    2.39634125e+02, 6.56763550e+02, 2.42043533e+02, 6.75896667e+02,
    2.61234528e+02, 6.57320801e+02, 2.66311127e+02, 6.39427307e+02,
    2.64662781e+02, 7.46963257e+02, 2.68769928e+02, 7.63151123e+02,
    2.49645233e+02, 7.92895264e+02, 2.51681183e+02, 8.10965881e+02,
    2.64932953e+02, 7.93647400e+02, 2.74870026e+02, 7.70089172e+02,
    2.77392548e+02, 6.50466736e+02, 4.02919128e+02, 6.62802246e+02,
    3.96521667e+02, 6.74655334e+02, 3.93178619e+02, 6.85548706e+02,
    3.99199280e+02, 6.99727844e+02, 3.94238434e+02, 7.20617065e+02,
    4.03327942e+02, 7.62033020e+02, 4.12238892e+02, 7.27622864e+02,
    4.31747040e+02, 7.06539612e+02, 4.37383087e+02, 6.91346558e+02,
    4.38212555e+02, 6.79045593e+02, 4.36837860e+02, 6.65204529e+02,
    4.28934296e+02, 6.57444153e+02, 4.06740234e+02, 6.77532776e+02,
    4.09255981e+02, 6.88027100e+02, 4.10142700e+02, 7.01031921e+02,
    4.11571228e+02, 7.50088013e+02, 4.13800873e+02, 7.01031921e+02,
    4.11571228e+02, 6.88027100e+02, 4.10142700e+02, 6.77532776e+02,
    4.09255981e+02 ]
noOfLandmarkPoint: 68
