%YAML:1.0
landmark: [ 5.71992126e+02, 5.14356079e+02, 5.77429626e+02,
    5.76072632e+02, 5.80783081e+02, 6.40263977e+02, 5.99041016e+02,
    7.17860901e+02, 6.48704102e+02, 7.65739746e+02, 7.02808167e+02,
    7.91889282e+02, 7.63364929e+02, 8.09661194e+02, 8.20707581e+02,
    8.30779968e+02, 8.87855713e+02, 8.37823547e+02, 9.50278381e+02,
    8.22579590e+02, 9.84973389e+02, 7.77643555e+02, 1.00495685e+03,
    7.33581970e+02, 1.01314819e+03, 6.80077515e+02, 1.01477942e+03,
    6.36960083e+02, 1.01954083e+03, 5.92643555e+02, 1.01894128e+03,
    5.48326965e+02, 1.01200488e+03, 5.06297089e+02, 6.58476685e+02,
    4.56157776e+02, 7.01342712e+02, 4.35375122e+02, 7.40274597e+02,
    4.24002319e+02, 7.85076477e+02, 4.24664856e+02, 8.27751221e+02,
    4.36576569e+02, 8.80596924e+02, 4.33488953e+02, 9.13393311e+02,
    4.23549072e+02, 9.45508057e+02, 4.20631989e+02, 9.76325073e+02,
    4.25156769e+02, 1.00165741e+03, 4.36196808e+02, 8.63077637e+02,
    4.71050537e+02, 8.72300659e+02, 5.03390167e+02, 8.80024841e+02,
    5.29748535e+02, 8.90279541e+02, 5.57438416e+02, 8.35743408e+02,
    5.98624756e+02, 8.59571167e+02, 6.05805176e+02, 8.80080627e+02,
    6.12574158e+02, 9.00590088e+02, 6.05993286e+02, 9.15494629e+02,
    5.99356689e+02, 7.09144287e+02, 4.94010803e+02, 7.30059387e+02,
    4.72782013e+02, 7.64717590e+02, 4.69071472e+02, 7.87617493e+02,
    4.91509796e+02, 7.65285522e+02, 4.98577362e+02, 7.34698181e+02,
    5.01669739e+02, 8.98878357e+02, 4.89805267e+02, 9.15707336e+02,
    4.68036407e+02, 9.49593445e+02, 4.62744934e+02, 9.66747559e+02,
    4.87586304e+02, 9.48235901e+02, 4.93224152e+02, 9.24427551e+02,
    4.93983337e+02, 7.97678528e+02, 7.04510864e+02, 8.35018311e+02,
    6.60874390e+02, 8.66109009e+02, 6.49832275e+02, 8.82709106e+02,
    6.53767334e+02, 8.97205566e+02, 6.48454468e+02, 9.27932068e+02,
    6.66442627e+02, 9.44120667e+02, 7.00051270e+02, 9.28073486e+02,
    7.14377258e+02, 8.99299744e+02, 7.19302368e+02, 8.82353271e+02,
    7.23078552e+02, 8.66131104e+02, 7.21047791e+02, 8.36498962e+02,
    7.18371826e+02, 8.16704773e+02, 7.03228455e+02, 8.67526184e+02,
    6.75733643e+02, 8.81587097e+02, 6.76119080e+02, 8.97777710e+02,
    6.79662354e+02, 9.19005432e+02, 6.93830933e+02, 8.98375732e+02,
    6.92528931e+02, 8.81769409e+02, 6.93462036e+02, 8.67866394e+02,
    6.94355469e+02 ]
noOfLandmarkPoint: 68
