%YAML:1.0
landmark: [ 3.45851471e+02, 1.75258850e+02, 3.39523651e+02,
    2.02772720e+02, 3.40170898e+02, 2.29958176e+02, 3.42112732e+02,
    2.55849091e+02, 3.47938171e+02, 2.81739990e+02, 3.57647278e+02,
    3.00510895e+02, 3.72534546e+02, 3.17987274e+02, 3.92617157e+02,
    3.28699005e+02, 4.12024841e+02, 3.36931976e+02, 4.42857269e+02,
    3.38390869e+02, 4.73072632e+02, 3.31297150e+02, 4.98783020e+02,
    3.19191345e+02, 5.19382385e+02, 3.04420135e+02, 5.32523560e+02,
    2.85418945e+02, 5.38252319e+02, 2.60950439e+02, 5.45433350e+02,
    2.34404205e+02, 5.50827576e+02, 2.07776810e+02, 3.71887268e+02,
    1.49155380e+02, 3.87238281e+02, 1.49261658e+02, 4.01014557e+02,
    1.51599564e+02, 4.12829285e+02, 1.54374893e+02, 4.23340454e+02,
    1.61469833e+02, 4.69625458e+02, 1.69114548e+02, 4.83865448e+02,
    1.66882919e+02, 4.95516357e+02, 1.68931015e+02, 5.08461823e+02,
    1.70264191e+02, 5.23349121e+02, 1.75587280e+02, 4.44662048e+02,
    1.83315918e+02, 4.41715485e+02, 1.97517303e+02, 4.38479126e+02,
    2.11506119e+02, 4.34885284e+02, 2.28257965e+02, 4.14568665e+02,
    2.36063858e+02, 4.21437469e+02, 2.39049042e+02, 4.31040283e+02,
    2.41638123e+02, 4.40932892e+02, 2.42285400e+02, 4.50110565e+02,
    2.41638123e+02, 3.86758026e+02, 1.81287903e+02, 3.96397034e+02,
    1.78719910e+02, 4.05646301e+02, 1.79576126e+02, 4.12954590e+02,
    1.83920990e+02, 4.04114410e+02, 1.84678040e+02, 3.94763489e+02,
    1.83480759e+02, 4.79073792e+02, 1.96435318e+02, 4.88135590e+02,
    1.94677032e+02, 4.97419556e+02, 1.99207932e+02, 5.08239685e+02,
    2.07728760e+02, 4.96839935e+02, 2.02879013e+02, 4.85874939e+02,
    1.98956757e+02, 3.88382446e+02, 2.57022583e+02, 4.06686096e+02,
    2.57564392e+02, 4.22751465e+02, 2.59974335e+02, 4.28808655e+02,
    2.63568146e+02, 4.40289703e+02, 2.64020905e+02, 4.54257355e+02,
    2.67981201e+02, 4.68794647e+02, 2.73325470e+02, 4.49944458e+02,
    2.83853668e+02, 4.35374786e+02, 2.83527466e+02, 4.22189819e+02,
    2.81656067e+02, 4.15450043e+02, 2.78872681e+02, 4.00289978e+02,
    2.69285431e+02, 3.93640503e+02, 2.58765747e+02, 4.19235840e+02,
    2.67730042e+02, 4.25752411e+02, 2.71039001e+02, 4.38139679e+02,
    2.72670410e+02, 4.64702545e+02, 2.73947479e+02, 4.38139679e+02,
    2.72670410e+02, 4.25752411e+02, 2.71039001e+02, 4.19235840e+02,
    2.67730042e+02 ]
noOfLandmarkPoint: 68
