%YAML:1.0
landmark: [ 1.14622795e+02, 2.16093582e+02, 1.22344467e+02,
    2.48591980e+02, 1.31790482e+02, 2.77802429e+02, 1.44629333e+02,
    3.02901825e+02, 1.61077774e+02, 3.27282043e+02, 1.86988632e+02,
    3.45109070e+02, 2.14343124e+02, 3.60638947e+02, 2.43040741e+02,
    3.63570587e+02, 2.68231140e+02, 3.60420837e+02, 2.95374054e+02,
    3.54721405e+02, 3.17315552e+02, 3.40597778e+02, 3.34681671e+02,
    3.15551605e+02, 3.42772095e+02, 2.89488159e+02, 3.44501129e+02,
    2.61763428e+02, 3.49103363e+02, 2.29122879e+02, 3.43333405e+02,
    2.04065826e+02, 3.33261780e+02, 1.77833984e+02, 1.43804565e+02,
    1.71863708e+02, 1.63291626e+02, 1.59071365e+02, 1.83391907e+02,
    1.49244675e+02, 2.05351929e+02, 1.46011505e+02, 2.30621063e+02,
    1.51702438e+02, 2.54372589e+02, 1.43712906e+02, 2.74611389e+02,
    1.35044373e+02, 2.93806854e+02, 1.33423660e+02, 3.11883850e+02,
    1.34343918e+02, 3.26382782e+02, 1.45782883e+02, 2.45593002e+02,
    1.65465881e+02, 2.51659012e+02, 1.82072189e+02, 2.57001770e+02,
    1.96800385e+02, 2.62056763e+02, 2.13116348e+02, 2.26820816e+02,
    2.34196976e+02, 2.42414825e+02, 2.37229980e+02, 2.58441742e+02,
    2.41854691e+02, 2.71005371e+02, 2.35210587e+02, 2.82700562e+02,
    2.29289749e+02, 1.70365601e+02, 1.87849152e+02, 1.80038788e+02,
    1.80628281e+02, 1.92312057e+02, 1.77018494e+02, 2.06133499e+02,
    1.78864761e+02, 1.93034012e+02, 1.80628281e+02, 1.80616867e+02,
    1.83516113e+02, 2.71937866e+02, 1.70881027e+02, 2.84000610e+02,
    1.66189148e+02, 2.97139679e+02, 1.64168442e+02, 3.11296570e+02,
    1.69065125e+02, 2.98439728e+02, 1.67633057e+02, 2.84722565e+02,
    1.69076965e+02, 2.00975540e+02, 2.79536407e+02, 2.21923492e+02,
    2.71664612e+02, 2.39832962e+02, 2.66039551e+02, 2.58927094e+02,
    2.65289612e+02, 2.72642548e+02, 2.63312347e+02, 2.87779816e+02,
    2.64281952e+02, 3.08259399e+02, 2.69203278e+02, 2.91596588e+02,
    2.87039429e+02, 2.77643707e+02, 2.92747467e+02, 2.63719360e+02,
    2.93523102e+02, 2.44514481e+02, 2.94640839e+02, 2.24544357e+02,
    2.91634369e+02, 2.08484146e+02, 2.80114471e+02, 2.40152222e+02,
    2.71366974e+02, 2.59675812e+02, 2.69443695e+02, 2.73140991e+02,
    2.68612732e+02, 3.03537323e+02, 2.70268829e+02, 2.75858673e+02,
    2.80089081e+02, 2.61131104e+02, 2.82626556e+02, 2.41841415e+02,
    2.83312775e+02 ]
noOfLandmarkPoint: 68
