%YAML:1.0
landmark: [ 5.48735466e+01, 2.49855377e+02, 5.47663956e+01,
    2.61880463e+02, 5.70404434e+01, 2.74988983e+02, 6.08235817e+01,
    2.87927887e+02, 6.59015045e+01, 2.99187988e+02, 7.29766617e+01,
    3.08471741e+02, 8.34093094e+01, 3.17734619e+02, 9.46039581e+01,
    3.25681885e+02, 1.08010147e+02, 3.28976868e+02, 1.21001762e+02,
    3.26025970e+02, 1.31515961e+02, 3.17470703e+02, 1.41777374e+02,
    3.08267273e+02, 1.50213684e+02, 2.97408356e+02, 1.53504745e+02,
    2.85389374e+02, 1.55383942e+02, 2.73593781e+02, 1.56837860e+02,
    2.60681030e+02, 1.56754822e+02, 2.49391953e+02, 6.25316277e+01,
    2.38233810e+02, 7.12566910e+01, 2.34925964e+02, 8.05310745e+01,
    2.35552505e+02, 8.93986359e+01, 2.37502594e+02, 9.76478043e+01,
    2.41714462e+02, 1.17785912e+02, 2.43585800e+02, 1.26352898e+02,
    2.39959198e+02, 1.35186234e+02, 2.37249786e+02, 1.44711380e+02,
    2.36843063e+02, 1.52659622e+02, 2.42078156e+02, 1.08798264e+02,
    2.49615585e+02, 1.08520332e+02, 2.59580933e+02, 1.08402931e+02,
    2.69360992e+02, 1.08313766e+02, 2.80139435e+02, 1.00368027e+02,
    2.82761322e+02, 1.03914413e+02, 2.84247345e+02, 1.08002968e+02,
    2.86550720e+02, 1.11935036e+02, 2.84727509e+02, 1.15415611e+02,
    2.82958740e+02, 7.32163773e+01, 2.48963379e+02, 7.93060608e+01,
    2.45692902e+02, 8.62115707e+01, 2.47393616e+02, 9.12659073e+01,
    2.50461929e+02, 8.54856033e+01, 2.51728821e+02, 7.87361755e+01,
    2.51380142e+02, 1.23607674e+02, 2.51750153e+02, 1.28780151e+02,
    2.47941864e+02, 1.35731491e+02, 2.47503403e+02, 1.41311737e+02,
    2.51021866e+02, 1.36823898e+02, 2.53434158e+02, 1.30703003e+02,
    2.53551056e+02, 8.82634735e+01, 3.00299133e+02, 9.64710846e+01,
    2.96844727e+02, 1.03304230e+02, 2.95142090e+02, 1.07626900e+02,
    2.96365387e+02, 1.12387016e+02, 2.95088562e+02, 1.18340416e+02,
    2.96780609e+02, 1.26223923e+02, 3.00961945e+02, 1.19025421e+02,
    3.07257751e+02, 1.12752777e+02, 3.08431549e+02, 1.07325371e+02,
    3.08526123e+02, 1.03355850e+02, 3.08432861e+02, 9.65443726e+01,
    3.06465698e+02, 9.13952866e+01, 3.00752960e+02, 1.03451645e+02,
    3.00078308e+02, 1.07460213e+02, 3.00452667e+02, 1.12467453e+02,
    3.00210510e+02, 1.23430191e+02, 3.01417877e+02, 1.12467453e+02,
    3.00210510e+02, 1.07460213e+02, 3.00452667e+02, 1.03451645e+02,
    3.00078308e+02 ]
noOfLandmarkPoint: 68
