%YAML:1.0
landmark: [ 2.00827515e+02, 7.03667984e+01, 2.00772202e+02,
    9.12162170e+01, 2.04153961e+02, 1.13354897e+02, 2.10038605e+02,
    1.34952240e+02, 2.14185806e+02, 1.54026398e+02, 2.21659439e+02,
    1.75082413e+02, 2.30890854e+02, 1.92870117e+02, 2.44924240e+02,
    2.07159790e+02, 2.62543182e+02, 2.10073044e+02, 2.83753387e+02,
    2.09784164e+02, 3.05608459e+02, 2.00123520e+02, 3.22045990e+02,
    1.83399765e+02, 3.36095337e+02, 1.65856506e+02, 3.45746124e+02,
    1.43147858e+02, 3.46690002e+02, 1.15407143e+02, 3.46326874e+02,
    9.13340149e+01, 3.46101166e+02, 7.00873795e+01, 1.95484207e+02,
    4.01753273e+01, 2.00772202e+02, 2.96952972e+01, 2.12951859e+02,
    3.47388763e+01, 2.23693802e+02, 4.04925613e+01, 2.36004425e+02,
    4.90663643e+01, 2.62555969e+02, 4.23775940e+01, 2.76422363e+02,
    3.46503525e+01, 2.92627533e+02, 3.33915215e+01, 3.04060211e+02,
    2.79034462e+01, 3.18968719e+02, 3.09467373e+01, 2.46132217e+02,
    6.24099655e+01, 2.43372040e+02, 7.58788834e+01, 2.39681351e+02,
    8.97111740e+01, 2.36176025e+02, 1.03209602e+02, 2.28140732e+02,
    1.14885750e+02, 2.35425278e+02, 1.18584747e+02, 2.44248108e+02,
    1.19015442e+02, 2.53862228e+02, 1.17078789e+02, 2.63144348e+02,
    1.15545158e+02, 2.09672470e+02, 5.83660202e+01, 2.15082184e+02,
    5.09929123e+01, 2.28588928e+02, 5.15720634e+01, 2.36417618e+02,
    6.03524590e+01, 2.26086044e+02, 6.26690598e+01, 2.16426773e+02,
    6.19967728e+01, 2.76827209e+02, 6.02593193e+01, 2.84995300e+02,
    5.09477463e+01, 2.96284119e+02, 4.95736580e+01, 3.05487823e+02,
    5.41883965e+01, 2.99937897e+02, 6.19036331e+01, 2.87662292e+02,
    6.16795387e+01, 2.26141373e+02, 1.57780716e+02, 2.23379395e+02,
    1.49803558e+02, 2.35521240e+02, 1.47393829e+02, 2.41929718e+02,
    1.50289581e+02, 2.54054047e+02, 1.47213089e+02, 2.71280121e+02,
    1.47711060e+02, 2.94070770e+02, 1.53764481e+02, 2.72186676e+02,
    1.71454376e+02, 2.54638748e+02, 1.75553635e+02, 2.42098495e+02,
    1.75426376e+02, 2.36540344e+02, 1.74636978e+02, 2.25937592e+02,
    1.64264832e+02, 2.28895813e+02, 1.56251434e+02, 2.35581055e+02,
    1.57093842e+02, 2.41841187e+02, 1.57502213e+02, 2.54115829e+02,
    1.56910202e+02, 2.89082489e+02, 1.54026398e+02, 2.54115829e+02,
    1.56910202e+02, 2.41841187e+02, 1.57502213e+02, 2.35581055e+02,
    1.57093842e+02 ]
noOfLandmarkPoint: 68
