%YAML:1.0
landmark: [ 2.85581909e+02, 8.37847137e+01, 2.92015106e+02,
    1.01057365e+02, 2.99579926e+02, 1.17204567e+02, 3.07341614e+02,
    1.33857483e+02, 3.16742645e+02, 1.49069962e+02, 3.30120941e+02,
    1.61785034e+02, 3.48338776e+02, 1.70996231e+02, 3.67440918e+02,
    1.75709686e+02, 3.86149078e+02, 1.75149673e+02, 4.01377167e+02,
    1.68962250e+02, 4.13739899e+02, 1.57107269e+02, 4.24660156e+02,
    1.43067825e+02, 4.29652924e+02, 1.28792145e+02, 4.30316132e+02,
    1.10383774e+02, 4.30081940e+02, 9.33018417e+01, 4.30589691e+02,
    7.54779358e+01, 4.30135986e+02, 5.88795700e+01, 3.04849762e+02,
    6.75159760e+01, 3.13207886e+02, 5.69368210e+01, 3.25517426e+02,
    4.96980705e+01, 3.39784576e+02, 4.91200256e+01, 3.55630676e+02,
    5.13212280e+01, 3.80675323e+02, 4.54154243e+01, 3.92467285e+02,
    4.01793900e+01, 4.02628662e+02, 3.78866539e+01, 4.12433105e+02,
    3.92904434e+01, 4.19416077e+02, 4.27497253e+01, 3.70931549e+02,
    6.80627899e+01, 3.73540894e+02, 7.82467346e+01, 3.76601105e+02,
    8.89365616e+01, 3.79150940e+02, 9.97901154e+01, 3.68971832e+02,
    1.13746559e+02, 3.75414062e+02, 1.14779007e+02, 3.81255768e+02,
    1.15462875e+02, 3.85586395e+02, 1.12889320e+02, 3.89408875e+02,
    1.09787048e+02, 3.23335419e+02, 7.90655212e+01, 3.30938263e+02,
    7.23820114e+01, 3.41618988e+02, 7.07404327e+01, 3.49426697e+02,
    7.84396286e+01, 3.42443939e+02, 8.21558990e+01, 3.32734406e+02,
    8.40956039e+01, 3.88737091e+02, 7.01477203e+01, 3.95079956e+02,
    6.03539047e+01, 4.03076996e+02, 5.72791061e+01, 4.10761475e+02,
    6.34882545e+01, 4.06765564e+02, 6.86460342e+01, 3.98348541e+02,
    7.11751404e+01, 3.56713348e+02, 1.39962097e+02, 3.67532898e+02,
    1.32178268e+02, 3.76486633e+02, 1.27996696e+02, 3.81497711e+02,
    1.27761909e+02, 3.86912811e+02, 1.25348518e+02, 3.95330811e+02,
    1.26629257e+02, 4.05039856e+02, 1.29690186e+02, 3.97330139e+02,
    1.36564026e+02, 3.91501007e+02, 1.40450439e+02, 3.85938110e+02,
    1.41747498e+02, 3.80118561e+02, 1.42558929e+02, 3.71044678e+02,
    1.42331345e+02, 3.61047455e+02, 1.38724930e+02, 3.78243011e+02,
    1.33877075e+02, 3.83217285e+02, 1.33297714e+02, 3.88436859e+02,
    1.31768066e+02, 4.01507751e+02, 1.29609726e+02, 3.88436859e+02,
    1.31768066e+02, 3.83217285e+02, 1.33297714e+02, 3.78243011e+02,
    1.33877075e+02 ]
noOfLandmarkPoint: 68
