%YAML:1.0
landmark: [ 9.34179230e+01, 1.43165482e+02, 8.67182999e+01,
    1.63732437e+02, 8.44199753e+01, 1.85188065e+02, 8.49531784e+01,
    2.05559647e+02, 8.60372238e+01, 2.26416946e+02, 9.17002945e+01,
    2.50318771e+02, 1.00745735e+02, 2.72633209e+02, 1.13902122e+02,
    2.98430389e+02, 1.36429550e+02, 3.06812378e+02, 1.61770889e+02,
    3.10307373e+02, 1.86883072e+02, 3.05489441e+02, 2.08816650e+02,
    2.91739960e+02, 2.31766190e+02, 2.72217987e+02, 2.48502304e+02,
    2.47128510e+02, 2.55555542e+02, 2.20118103e+02, 2.60377350e+02,
    1.96306381e+02, 2.66159424e+02, 1.74218369e+02, 9.86612244e+01,
    1.30953247e+02, 1.08107468e+02, 1.26420967e+02, 1.19489891e+02,
    1.29048996e+02, 1.31270676e+02, 1.34805435e+02, 1.45196228e+02,
    1.42315826e+02, 1.78562637e+02, 1.47567368e+02, 1.94614410e+02,
    1.44839813e+02, 2.09341248e+02, 1.44702606e+02, 2.24486816e+02,
    1.49005051e+02, 2.35300064e+02, 1.58810837e+02, 1.57987137e+02,
    1.62003845e+02, 1.53572556e+02, 1.76362869e+02, 1.48901581e+02,
    1.91617722e+02, 1.43971954e+02, 2.06989746e+02, 1.26525299e+02,
    2.11453339e+02, 1.34697784e+02, 2.16290131e+02, 1.42998932e+02,
    2.22003418e+02, 1.57594833e+02, 2.21209717e+02, 1.67433960e+02,
    2.19462219e+02, 1.07625526e+02, 1.54527481e+02, 1.17656929e+02,
    1.50754456e+02, 1.27528343e+02, 1.53935318e+02, 1.35989990e+02,
    1.60898422e+02, 1.25151489e+02, 1.62271484e+02, 1.14253143e+02,
    1.61458450e+02, 1.84383789e+02, 1.71329361e+02, 1.94638702e+02,
    1.65903595e+02, 2.05939758e+02, 1.68766388e+02, 2.14517014e+02,
    1.75296143e+02, 2.04534546e+02, 1.80331985e+02, 1.92908035e+02,
    1.78839767e+02, 1.10576065e+02, 2.44819443e+02, 1.21342964e+02,
    2.34875244e+02, 1.30486725e+02, 2.35385971e+02, 1.38280518e+02,
    2.38573456e+02, 1.51620895e+02, 2.38758377e+02, 1.67227432e+02,
    2.45894363e+02, 1.76876755e+02, 2.59116577e+02, 1.62242218e+02,
    2.70688141e+02, 1.44574066e+02, 2.71695740e+02, 1.33357925e+02,
    2.71243378e+02, 1.24240685e+02, 2.67995667e+02, 1.16047310e+02,
    2.57399200e+02, 1.16056290e+02, 2.46628876e+02, 1.29501801e+02,
    2.47095322e+02, 1.37314102e+02, 2.50124268e+02, 1.50374237e+02,
    2.50223785e+02, 1.71297928e+02, 2.58504639e+02, 1.49408035e+02,
    2.55953812e+02, 1.36476257e+02, 2.53933929e+02, 1.28652100e+02,
    2.51474564e+02 ]
noOfLandmarkPoint: 68
