%YAML:1.0
landmark: [ 1.53397720e+02, 1.64790939e+02, 1.53135544e+02,
    1.84177795e+02, 1.54041168e+02, 2.03887848e+02, 1.56916214e+02,
    2.21510880e+02, 1.65475723e+02, 2.39362549e+02, 1.76647995e+02,
    2.56782684e+02, 1.84303772e+02, 2.72366364e+02, 2.01174225e+02,
    2.89402161e+02, 2.25198975e+02, 2.92941437e+02, 2.47713608e+02,
    2.90834137e+02, 2.65613373e+02, 2.78662292e+02, 2.76969147e+02,
    2.60284149e+02, 2.90075836e+02, 2.44573013e+02, 3.01075226e+02,
    2.25897858e+02, 3.02844879e+02, 2.02767303e+02, 3.03560852e+02,
    1.82003586e+02, 3.03153046e+02, 1.61514206e+02, 1.59349411e+02,
    1.51618683e+02, 1.64687378e+02, 1.39619675e+02, 1.79005737e+02,
    1.37229324e+02, 1.90417496e+02, 1.38423706e+02, 2.01436035e+02,
    1.44688446e+02, 2.34800735e+02, 1.42227020e+02, 2.49560196e+02,
    1.36593292e+02, 2.64050751e+02, 1.35359467e+02, 2.79582458e+02,
    1.37436844e+02, 2.88002380e+02, 1.48443161e+02, 2.19992462e+02,
    1.61701035e+02, 2.19770676e+02, 1.76555023e+02, 2.19607834e+02,
    1.91171173e+02, 2.19065063e+02, 2.06375153e+02, 2.02476227e+02,
    2.10087708e+02, 2.10351334e+02, 2.12879974e+02, 2.19616394e+02,
    2.16237595e+02, 2.28920364e+02, 2.13273346e+02, 2.37253845e+02,
    2.10048340e+02, 1.74741089e+02, 1.65050812e+02, 1.80917419e+02,
    1.60063950e+02, 1.90858597e+02, 1.60343277e+02, 1.99386765e+02,
    1.66571289e+02, 1.90369919e+02, 1.68683319e+02, 1.80665405e+02,
    1.68993774e+02, 2.43068359e+02, 1.65532471e+02, 2.50215469e+02,
    1.60621384e+02, 2.60325378e+02, 1.59018372e+02, 2.68998077e+02,
    1.63769806e+02, 2.62622894e+02, 1.68674393e+02, 2.51900497e+02,
    1.68877777e+02, 1.90878830e+02, 2.34802505e+02, 2.00802307e+02,
    2.29821014e+02, 2.09366913e+02, 2.28823135e+02, 2.18337997e+02,
    2.30159805e+02, 2.29937057e+02, 2.28464310e+02, 2.41610886e+02,
    2.29438446e+02, 2.52826447e+02, 2.34177200e+02, 2.42285736e+02,
    2.46639694e+02, 2.31870316e+02, 2.53099686e+02, 2.19443741e+02,
    2.54043533e+02, 2.09645248e+02, 2.52441177e+02, 2.00279373e+02,
    2.48551285e+02, 1.96369019e+02, 2.36951050e+02, 2.09478943e+02,
    2.37967026e+02, 2.19099915e+02, 2.39503418e+02, 2.30665756e+02,
    2.37412201e+02, 2.48482391e+02, 2.35347794e+02, 2.30665756e+02,
    2.37412201e+02, 2.19099915e+02, 2.39503418e+02, 2.09449326e+02,
    2.37785385e+02 ]
noOfLandmarkPoint: 68
