%YAML:1.0
landmark: [ 1.63467438e+02, 1.26151192e+02, 1.65091141e+02,
    1.44332458e+02, 1.67101501e+02, 1.63922913e+02, 1.72270752e+02,
    1.88176163e+02, 1.83463913e+02, 2.06070557e+02, 1.97519836e+02,
    2.18962936e+02, 2.13281891e+02, 2.31544937e+02, 2.26720551e+02,
    2.36995117e+02, 2.41025909e+02, 2.38704575e+02, 2.52443848e+02,
    2.33548782e+02, 2.65896637e+02, 2.18157745e+02, 2.76770844e+02,
    2.05563583e+02, 2.84934570e+02, 1.91772812e+02, 2.91244324e+02,
    1.76294235e+02, 2.96356812e+02, 1.58607834e+02, 2.97322815e+02,
    1.44447601e+02, 2.94658295e+02, 1.30269470e+02, 1.84797760e+02,
    1.07856194e+02, 1.96179367e+02, 1.02580223e+02, 2.06671875e+02,
    1.01411186e+02, 2.17956833e+02, 1.03775284e+02, 2.27815079e+02,
    1.09286125e+02, 2.56442657e+02, 1.12055092e+02, 2.67324554e+02,
    1.07418968e+02, 2.77242310e+02, 1.06454819e+02, 2.86774384e+02,
    1.08835793e+02, 2.93313507e+02, 1.16205048e+02, 2.42705292e+02,
    1.24592690e+02, 2.43265839e+02, 1.36352478e+02, 2.43650772e+02,
    1.49051514e+02, 2.44053650e+02, 1.60890335e+02, 2.31463593e+02,
    1.68519455e+02, 2.36769669e+02, 1.70697495e+02, 2.42066818e+02,
    1.72983978e+02, 2.46889786e+02, 1.71146194e+02, 2.50777786e+02,
    1.69449280e+02, 1.97153824e+02, 1.24425644e+02, 2.04710495e+02,
    1.20152794e+02, 2.13332977e+02, 1.21129349e+02, 2.20061539e+02,
    1.26878090e+02, 2.12918198e+02, 1.27429146e+02, 2.04392029e+02,
    1.27485878e+02, 2.58801453e+02, 1.29330902e+02, 2.65680389e+02,
    1.24103157e+02, 2.73813080e+02, 1.24311729e+02, 2.79502899e+02,
    1.29332840e+02, 2.74014282e+02, 1.30742798e+02, 2.66708038e+02,
    1.30805634e+02, 2.06994553e+02, 1.86238174e+02, 2.19524658e+02,
    1.82695450e+02, 2.31978088e+02, 1.81663132e+02, 2.41248383e+02,
    1.82596970e+02, 2.48520416e+02, 1.81368881e+02, 2.58031311e+02,
    1.82771271e+02, 2.65883911e+02, 1.86240509e+02, 2.58392548e+02,
    1.98063034e+02, 2.49723221e+02, 2.05788849e+02, 2.40796326e+02,
    2.05952789e+02, 2.31291824e+02, 2.05546967e+02, 2.19192810e+02,
    1.99633698e+02, 2.09257034e+02, 1.87314316e+02, 2.32057922e+02,
    1.88567459e+02, 2.41143250e+02, 1.89230255e+02, 2.48899643e+02,
    1.87958649e+02, 2.63545288e+02, 1.87185837e+02, 2.49149750e+02,
    1.96624527e+02, 2.40681992e+02, 1.97927002e+02, 2.31894562e+02,
    1.97474457e+02 ]
noOfLandmarkPoint: 68
