%YAML:1.0
landmark: [ 1.43260010e+02, 1.15329704e+02, 1.43787369e+02,
    1.27915085e+02, 1.45046692e+02, 1.38685654e+02, 1.47612106e+02,
    1.50424530e+02, 1.52041245e+02, 1.62313156e+02, 1.59507690e+02,
    1.73182388e+02, 1.70483017e+02, 1.81038406e+02, 1.79933350e+02,
    1.90362518e+02, 1.95245972e+02, 1.91377960e+02, 2.08559555e+02,
    1.89623642e+02, 2.20899002e+02, 1.84392303e+02, 2.33983612e+02,
    1.75818390e+02, 2.42818726e+02, 1.65137619e+02, 2.48417511e+02,
    1.49527557e+02, 2.50573471e+02, 1.33178741e+02, 2.53015930e+02,
    1.19381363e+02, 2.54609482e+02, 1.06284447e+02, 1.44888626e+02,
    1.00068550e+02, 1.48322144e+02, 9.05493622e+01, 1.55560135e+02,
    8.53319168e+01, 1.66621017e+02, 8.47436676e+01, 1.77342667e+02,
    8.70973587e+01, 2.02467270e+02, 8.65245819e+01, 2.12937790e+02,
    8.23915100e+01, 2.23358231e+02, 8.06285019e+01, 2.33025375e+02,
    8.52920074e+01, 2.40829254e+02, 9.15084991e+01, 1.88136185e+02,
    1.03842079e+02, 1.87678574e+02, 1.12896919e+02, 1.87367645e+02,
    1.21395554e+02, 1.86658203e+02, 1.30360962e+02, 1.79821320e+02,
    1.36051514e+02, 1.84225266e+02, 1.37442596e+02, 1.88395142e+02,
    1.38746552e+02, 1.93881332e+02, 1.36577805e+02, 1.98415695e+02,
    1.34673019e+02, 1.56394852e+02, 1.05485847e+02, 1.62635254e+02,
    1.01655319e+02, 1.70581818e+02, 1.01027374e+02, 1.76371231e+02,
    1.06823235e+02, 1.69932526e+02, 1.07871078e+02, 1.62285919e+02,
    1.07997421e+02, 2.06143478e+02, 1.05214394e+02, 2.12380630e+02,
    9.97031174e+01, 2.19194839e+02, 9.95694885e+01, 2.25004059e+02,
    1.02630524e+02, 2.19316681e+02, 1.04793312e+02, 2.12748627e+02,
    1.05654732e+02, 1.64310364e+02, 1.51010193e+02, 1.73727295e+02,
    1.46279892e+02, 1.82756424e+02, 1.45145477e+02, 1.91496170e+02,
    1.46953201e+02, 2.01556427e+02, 1.43703644e+02, 2.13103912e+02,
    1.45204834e+02, 2.21928833e+02, 1.48927490e+02, 2.13200821e+02,
    1.57452911e+02, 2.02925430e+02, 1.62766769e+02, 1.91863068e+02,
    1.66002274e+02, 1.82316132e+02, 1.65054749e+02, 1.73079361e+02,
    1.60496735e+02, 1.66882614e+02, 1.51513382e+02, 1.82399643e+02,
    1.49822250e+02, 1.91511017e+02, 1.50288010e+02, 2.02008072e+02,
    1.48779007e+02, 2.19184753e+02, 1.49515930e+02, 2.02304245e+02,
    1.57827728e+02, 1.91774658e+02, 1.60164017e+02, 1.82161652e+02,
    1.58987213e+02 ]
noOfLandmarkPoint: 68
