%YAML:1.0
landmark: [ 2.14240894e+01, 2.17942291e+02, 2.29297371e+01,
    2.41279800e+02, 2.59410286e+01, 2.64617310e+02, 3.04579678e+01,
    2.87201996e+02, 3.63077164e+01, 3.13322296e+02, 4.89328728e+01,
    3.34864166e+02, 6.35265045e+01, 3.54203247e+02, 8.88823776e+01,
    3.58430206e+02, 1.11988480e+02, 3.56578888e+02, 1.29074890e+02,
    3.49340637e+02, 1.44828491e+02, 3.30520081e+02, 1.62489105e+02,
    3.11060944e+02, 1.78005493e+02, 2.90037567e+02, 1.85246628e+02,
    2.65314453e+02, 1.86755173e+02, 2.44578186e+02, 1.88605881e+02,
    2.23572220e+02, 1.90809280e+02, 2.05144287e+02, 2.99951363e+01,
    2.05027130e+02, 3.43392410e+01, 1.90087830e+02, 4.92170677e+01,
    1.87252274e+02, 6.39249573e+01, 1.87249374e+02, 7.92714081e+01,
    1.92516235e+02, 1.14024231e+02, 1.92809128e+02, 1.29022110e+02,
    1.87770782e+02, 1.43381424e+02, 1.87539368e+02, 1.56117950e+02,
    1.92111984e+02, 1.68971619e+02, 1.97785995e+02, 9.68792343e+01,
    2.10704041e+02, 9.61264114e+01, 2.24313446e+02, 9.51421738e+01,
    2.38672760e+02, 9.39850998e+01, 2.53439224e+02, 8.03649902e+01,
    2.65650726e+02, 8.78424606e+01, 2.67628601e+02, 9.47936020e+01,
    2.68381439e+02, 1.03133232e+02, 2.66934357e+02, 1.09677223e+02,
    2.64790161e+02, 4.57429466e+01, 2.09661224e+02, 5.34469109e+01,
    2.03752899e+02, 6.57234955e+01, 2.04215729e+02, 7.36559753e+01,
    2.09599747e+02, 6.42764282e+01, 2.11281128e+02, 5.46625633e+01,
    2.10991135e+02, 1.26236435e+02, 2.09544067e+02, 1.35794617e+02,
    2.06647034e+02, 1.44889969e+02, 2.06532776e+02, 1.51606812e+02,
    2.10586884e+02, 1.43035751e+02, 2.11978271e+02, 1.34983215e+02,
    2.11919693e+02, 6.36964417e+01, 3.01678467e+02, 7.60872803e+01,
    2.93397430e+02, 8.66853867e+01, 2.90503296e+02, 9.49693375e+01,
    2.92064606e+02, 1.04410362e+02, 2.90617554e+02, 1.17149780e+02,
    2.92413177e+02, 1.27223572e+02, 3.00172821e+02, 1.17480614e+02,
    3.05065155e+02, 1.04680298e+02, 3.07528473e+02, 9.46722946e+01,
    3.07991302e+02, 8.58882828e+01, 3.07528473e+02, 7.54021149e+01,
    3.06073059e+02, 6.85210037e+01, 3.00153839e+02, 8.61639786e+01,
    2.97451538e+02, 9.48214569e+01, 2.97690552e+02, 1.04366631e+02,
    2.97474457e+02, 1.21778076e+02, 2.98840027e+02, 1.04366631e+02,
    2.97474457e+02, 9.48214569e+01, 2.97690552e+02, 8.61639786e+01,
    2.97451538e+02 ]
noOfLandmarkPoint: 68
