%YAML:1.0
landmark: [ 9.01679077e+01, 1.69809708e+02, 9.35261154e+01,
    1.87720154e+02, 1.00242538e+02, 2.06190292e+02, 1.05279854e+02,
    2.25779846e+02, 1.09862274e+02, 2.42829529e+02, 1.22554115e+02,
    2.57918701e+02, 1.38330933e+02, 2.70135681e+02, 1.56366669e+02,
    2.78643585e+02, 1.75922165e+02, 2.79891113e+02, 1.94926178e+02,
    2.74051025e+02, 2.10593719e+02, 2.62031616e+02, 2.24467484e+02,
    2.48055313e+02, 2.35177475e+02, 2.31296524e+02, 2.36801529e+02,
    2.10650528e+02, 2.36378281e+02, 1.91212509e+02, 2.36128418e+02,
    1.71754791e+02, 2.35175629e+02, 1.52404510e+02, 9.95103455e+01,
    1.59130051e+02, 1.06825325e+02, 1.49961304e+02, 1.17942924e+02,
    1.48042191e+02, 1.30558838e+02, 1.48434799e+02, 1.42979004e+02,
    1.48881531e+02, 1.71913315e+02, 1.43649414e+02, 1.84420944e+02,
    1.37915390e+02, 1.96123962e+02, 1.35571350e+02, 2.06638428e+02,
    1.36064102e+02, 2.16652985e+02, 1.38705322e+02, 1.59499405e+02,
    1.60214722e+02, 1.61886353e+02, 1.75077072e+02, 1.64101273e+02,
    1.89754807e+02, 1.66748398e+02, 2.05380585e+02, 1.53430756e+02,
    2.12536606e+02, 1.60331589e+02, 2.13632980e+02, 1.67040985e+02,
    2.16098969e+02, 1.73917114e+02, 2.12024658e+02, 1.81011383e+02,
    2.08253159e+02, 1.15162537e+02, 1.67507217e+02, 1.24153313e+02,
    1.61479630e+02, 1.33278015e+02, 1.62019730e+02, 1.40981766e+02,
    1.66967209e+02, 1.33080841e+02, 1.70302719e+02, 1.22684174e+02,
    1.70013123e+02, 1.80307220e+02, 1.61701355e+02, 1.87142181e+02,
    1.53821442e+02, 1.96217529e+02, 1.53166794e+02, 2.04313507e+02,
    1.56795380e+02, 1.97568588e+02, 1.61212173e+02, 1.89062393e+02,
    1.62113281e+02, 1.36892151e+02, 2.32109070e+02, 1.47585312e+02,
    2.30644073e+02, 1.60667603e+02, 2.28248322e+02, 1.71004913e+02,
    2.29872894e+02, 1.79027435e+02, 2.25678070e+02, 1.89736984e+02,
    2.24381302e+02, 2.01961655e+02, 2.21485153e+02, 1.92030823e+02,
    2.33576736e+02, 1.82659103e+02, 2.40363937e+02, 1.72964523e+02,
    2.42420914e+02, 1.63102661e+02, 2.42960541e+02, 1.48647446e+02,
    2.41085175e+02, 1.42254501e+02, 2.34625931e+02, 1.61323425e+02,
    2.35253922e+02, 1.72170883e+02, 2.34941727e+02, 1.80445908e+02,
    2.32401764e+02, 1.98973328e+02, 2.24545288e+02, 1.80445908e+02,
    2.32401764e+02, 1.72170883e+02, 2.34941727e+02, 1.61323425e+02,
    2.35253922e+02 ]
noOfLandmarkPoint: 68
