%YAML:1.0
landmark: [ 1.82260147e+02, 1.24988937e+02, 1.85473083e+02,
    1.43545639e+02, 1.89805862e+02, 1.62461502e+02, 1.92874161e+02,
    1.80228012e+02, 1.98399353e+02, 1.94750290e+02, 2.08699829e+02,
    2.09737869e+02, 2.18970764e+02, 2.24589127e+02, 2.32292801e+02,
    2.36284531e+02, 2.51124100e+02, 2.40879379e+02, 2.70320496e+02,
    2.38415863e+02, 2.85530670e+02, 2.26391342e+02, 2.97660095e+02,
    2.11735764e+02, 3.10019409e+02, 1.95030151e+02, 3.16087769e+02,
    1.77015839e+02, 3.18636383e+02, 1.58387558e+02, 3.22251648e+02,
    1.39660309e+02, 3.23778595e+02, 1.20920662e+02, 1.90899658e+02,
    1.14983910e+02, 2.00448837e+02, 1.03949379e+02, 2.15479019e+02,
    1.01610847e+02, 2.31260101e+02, 1.05202049e+02, 2.47711884e+02,
    1.12431366e+02, 2.60128754e+02, 1.11578484e+02, 2.72442749e+02,
    1.03234596e+02, 2.88596222e+02, 1.00122879e+02, 3.03573547e+02,
    1.01903427e+02, 3.13489258e+02, 1.11441414e+02, 2.53227707e+02,
    1.23711693e+02, 2.53589478e+02, 1.37558395e+02, 2.53397827e+02,
    1.53059097e+02, 2.53508240e+02, 1.66765564e+02, 2.38774643e+02,
    1.72145370e+02, 2.45881104e+02, 1.75510300e+02, 2.53678101e+02,
    1.77972214e+02, 2.61380951e+02, 1.75503662e+02, 2.67860413e+02,
    1.72647949e+02, 2.10188629e+02, 1.22632309e+02, 2.16080978e+02,
    1.18331299e+02, 2.24193909e+02, 1.18164589e+02, 2.32739090e+02,
    1.22943802e+02, 2.24828537e+02, 1.26795387e+02, 2.16638733e+02,
    1.26850471e+02, 2.70530060e+02, 1.21514656e+02, 2.79370270e+02,
    1.16929832e+02, 2.87489166e+02, 1.17613045e+02, 2.94573364e+02,
    1.22472244e+02, 2.87759491e+02, 1.26237022e+02, 2.79395508e+02,
    1.25498528e+02, 2.24381973e+02, 1.99744858e+02, 2.35836945e+02,
    1.96075348e+02, 2.44508072e+02, 1.96194962e+02, 2.51991409e+02,
    1.98777023e+02, 2.60025269e+02, 1.96406967e+02, 2.69510468e+02,
    1.96573273e+02, 2.78182190e+02, 1.98741165e+02, 2.69610779e+02,
    2.08899353e+02, 2.60585205e+02, 2.13599075e+02, 2.51936340e+02,
    2.13874268e+02, 2.43596085e+02, 2.13461563e+02, 2.33985641e+02,
    2.08102829e+02, 2.27350555e+02, 1.99291672e+02, 2.44242157e+02,
    2.01288696e+02, 2.51818359e+02, 2.02538162e+02, 2.60252228e+02,
    2.01380844e+02, 2.75223236e+02, 1.99052704e+02, 2.60252228e+02,
    2.01380844e+02, 2.51818359e+02, 2.02538162e+02, 2.44242157e+02,
    2.01288696e+02 ]
noOfLandmarkPoint: 68
