%YAML:1.0
landmark: [ 3.33301270e+02, 1.82338531e+02, 3.34419067e+02,
    2.06840973e+02, 3.41303345e+02, 2.31603958e+02, 3.52093567e+02,
    2.50697693e+02, 3.68715637e+02, 2.63634613e+02, 3.88298981e+02,
    2.71824951e+02, 4.09050354e+02, 2.78525726e+02, 4.27037201e+02,
    2.82117584e+02, 4.51385468e+02, 2.83976166e+02, 4.73291534e+02,
    2.78517059e+02, 4.92979126e+02, 2.65115173e+02, 5.11228027e+02,
    2.51475388e+02, 5.23073975e+02, 2.35748169e+02, 5.32011536e+02,
    2.14326599e+02, 5.31040527e+02, 1.89911011e+02, 5.23905090e+02,
    1.67659775e+02, 5.14395325e+02, 1.47133987e+02, 3.52781830e+02,
    1.27534050e+02, 3.58439728e+02, 1.11898224e+02, 3.74646088e+02,
    1.04476791e+02, 3.92536041e+02, 1.02562897e+02, 4.09615936e+02,
    1.05441994e+02, 4.41448120e+02, 1.05321091e+02, 4.55575531e+02,
    9.81831894e+01, 4.72172791e+02, 9.51846695e+01, 4.86647369e+02,
    9.88400955e+01, 4.96177002e+02, 1.08202629e+02, 4.30481232e+02,
    1.22760513e+02, 4.32892334e+02, 1.32787933e+02, 4.35795227e+02,
    1.41258362e+02, 4.38642334e+02, 1.50066330e+02, 4.21710297e+02,
    1.74208466e+02, 4.30815063e+02, 1.74298080e+02, 4.38673065e+02,
    1.74298080e+02, 4.46408173e+02, 1.72431244e+02, 4.53802368e+02,
    1.70826721e+02, 3.77854340e+02, 1.40133591e+02, 3.85546631e+02,
    1.33688004e+02, 3.96202881e+02, 1.30624054e+02, 4.02115967e+02,
    1.35104340e+02, 3.95401733e+02, 1.38125931e+02, 3.86540497e+02,
    1.39982452e+02, 4.53030792e+02, 1.27468422e+02, 4.61256531e+02,
    1.20602020e+02, 4.73142670e+02, 1.21062813e+02, 4.82963593e+02,
    1.28429413e+02, 4.73464783e+02, 1.28988617e+02, 4.62768036e+02,
    1.29333908e+02, 4.08699677e+02, 2.24192108e+02, 4.16196411e+02,
    2.07275574e+02, 4.31403015e+02, 1.98763962e+02, 4.41518524e+02,
    1.98166794e+02, 4.51655243e+02, 1.96679947e+02, 4.65596161e+02,
    2.00740387e+02, 4.75812927e+02, 2.10529724e+02, 4.70791687e+02,
    2.37791626e+02, 4.56836060e+02, 2.40656708e+02, 4.47817017e+02,
    2.41690231e+02, 4.37223328e+02, 2.42877808e+02, 4.18366852e+02,
    2.40562134e+02, 4.13056458e+02, 2.22975250e+02, 4.32391083e+02,
    2.06154495e+02, 4.42190033e+02, 2.04319168e+02, 4.51023743e+02,
    2.03790710e+02, 4.68519806e+02, 2.12759613e+02, 4.53938202e+02,
    2.29179016e+02, 4.45012695e+02, 2.30952744e+02, 4.36266357e+02,
    2.32229340e+02 ]
noOfLandmarkPoint: 68
