%YAML:1.0
landmark: [ 2.75830750e+02, 1.54224167e+02, 2.77334167e+02,
    1.74091248e+02, 2.78850586e+02, 1.95714188e+02, 2.83291626e+02,
    2.14812317e+02, 2.92550262e+02, 2.32306122e+02, 3.03960785e+02,
    2.47346100e+02, 3.13993011e+02, 2.61397064e+02, 3.30469818e+02,
    2.70207123e+02, 3.50537323e+02, 2.72526520e+02, 3.69291779e+02,
    2.68748230e+02, 3.83380737e+02, 2.60057312e+02, 3.95150299e+02,
    2.48100189e+02, 4.04326569e+02, 2.33764099e+02, 4.12112457e+02,
    2.15718216e+02, 4.13869110e+02, 1.94287003e+02, 4.15138031e+02,
    1.74379425e+02, 4.16337372e+02, 1.51188782e+02, 2.92917206e+02,
    1.47822968e+02, 3.05790588e+02, 1.40500320e+02, 3.19052063e+02,
    1.41718628e+02, 3.31433319e+02, 1.46980225e+02, 3.42637909e+02,
    1.52857239e+02, 3.58803619e+02, 1.50939865e+02, 3.69591919e+02,
    1.44651779e+02, 3.81122345e+02, 1.40377274e+02, 3.94832428e+02,
    1.39435425e+02, 4.05375671e+02, 1.44884521e+02, 3.50873413e+02,
    1.63182968e+02, 3.51156799e+02, 1.77239471e+02, 3.51570648e+02,
    1.90518600e+02, 3.52234436e+02, 2.05100845e+02, 3.37653107e+02,
    2.07628433e+02, 3.45380768e+02, 2.12272598e+02, 3.53652802e+02,
    2.14809036e+02, 3.61288727e+02, 2.10980103e+02, 3.67491730e+02,
    2.06258301e+02, 3.07186768e+02, 1.65221878e+02, 3.13966888e+02,
    1.60288818e+02, 3.23228760e+02, 1.60400024e+02, 3.31399048e+02,
    1.65694794e+02, 3.23051331e+02, 1.68324615e+02, 3.13984100e+02,
    1.67678207e+02, 3.70363159e+02, 1.65028976e+02, 3.77248138e+02,
    1.60982086e+02, 3.85015381e+02, 1.60375168e+02, 3.91994293e+02,
    1.63465210e+02, 3.85950378e+02, 1.66128922e+02, 3.78569000e+02,
    1.66288406e+02, 3.25394226e+02, 2.22503906e+02, 3.38280762e+02,
    2.22573624e+02, 3.44714569e+02, 2.21589020e+02, 3.50807648e+02,
    2.22508972e+02, 3.58211090e+02, 2.20991074e+02, 3.65290344e+02,
    2.21274796e+02, 3.73843719e+02, 2.21294998e+02, 3.65900238e+02,
    2.28329041e+02, 3.58824890e+02, 2.31665359e+02, 3.51222260e+02,
    2.32309418e+02, 3.44709381e+02, 2.31871933e+02, 3.38212402e+02,
    2.30911270e+02, 3.30273346e+02, 2.24468704e+02, 3.44767059e+02,
    2.25760956e+02, 3.50984009e+02, 2.26208664e+02, 3.58369019e+02,
    2.25049698e+02, 3.69973633e+02, 2.23087189e+02, 3.58369019e+02,
    2.25049698e+02, 3.50984009e+02, 2.26208664e+02, 3.44767059e+02,
    2.25760956e+02 ]
noOfLandmarkPoint: 68
