%YAML:1.0
landmark: [ 1.17478790e+02, 1.17617035e+02, 1.19366013e+02,
    1.33548279e+02, 1.22663254e+02, 1.47323959e+02, 1.25206665e+02,
    1.61134583e+02, 1.28665756e+02, 1.75783401e+02, 1.36511810e+02,
    1.89180008e+02, 1.45462875e+02, 2.00329376e+02, 1.56319763e+02,
    2.10828903e+02, 1.72079819e+02, 2.12893311e+02, 1.87898132e+02,
    2.10996674e+02, 1.99031128e+02, 2.01270584e+02, 2.09555222e+02,
    1.88824646e+02, 2.18118286e+02, 1.75521957e+02, 2.21928757e+02,
    1.60635361e+02, 2.24427856e+02, 1.46983841e+02, 2.25675552e+02,
    1.33085007e+02, 2.25920929e+02, 1.19115730e+02, 1.24702377e+02,
    1.09335052e+02, 1.32933975e+02, 1.03190346e+02, 1.43759369e+02,
    1.02389954e+02, 1.53881989e+02, 1.05441277e+02, 1.63306931e+02,
    1.09095222e+02, 1.80897156e+02, 1.09433601e+02, 1.91079742e+02,
    1.05728371e+02, 2.00943756e+02, 1.03696434e+02, 2.11479950e+02,
    1.04060570e+02, 2.19674942e+02, 1.08451027e+02, 1.71381439e+02,
    1.20262367e+02, 1.71335464e+02, 1.29898941e+02, 1.71664536e+02,
    1.39435791e+02, 1.72085770e+02, 1.48169678e+02, 1.63029922e+02,
    1.55430847e+02, 1.67447037e+02, 1.57082016e+02, 1.72066010e+02,
    1.59167633e+02, 1.77522232e+02, 1.57851303e+02, 1.82372925e+02,
    1.56001846e+02, 1.36658066e+02, 1.19794250e+02, 1.42486374e+02,
    1.15794174e+02, 1.51246704e+02, 1.16352661e+02, 1.57428970e+02,
    1.22178871e+02, 1.49290421e+02, 1.24116348e+02, 1.42154312e+02,
    1.23652451e+02, 1.88121109e+02, 1.23063629e+02, 1.91953079e+02,
    1.17887512e+02, 1.99945984e+02, 1.16189323e+02, 2.06536575e+02,
    1.20497116e+02, 2.02493332e+02, 1.24571465e+02, 1.94243423e+02,
    1.24442123e+02, 1.51131470e+02, 1.78330887e+02, 1.56077209e+02,
    1.73134262e+02, 1.67526718e+02, 1.68980743e+02, 1.73036194e+02,
    1.70711441e+02, 1.78273727e+02, 1.68717392e+02, 1.84637650e+02,
    1.71519180e+02, 1.94823364e+02, 1.77056427e+02, 1.87315750e+02,
    1.84138504e+02, 1.79271027e+02, 1.90104370e+02, 1.73052032e+02,
    1.90804596e+02, 1.67024460e+02, 1.90371048e+02, 1.55792755e+02,
    1.83519012e+02, 1.55268143e+02, 1.78603943e+02, 1.67494965e+02,
    1.74727371e+02, 1.72896378e+02, 1.74421875e+02, 1.78360992e+02,
    1.74477173e+02, 1.90980713e+02, 1.77863190e+02, 1.78528732e+02,
    1.80179840e+02, 1.72952637e+02, 1.81162659e+02, 1.67329971e+02,
    1.80710876e+02 ]
noOfLandmarkPoint: 68
