%YAML:1.0
landmark: [ 8.72040024e+01, 1.90119919e+02, 8.92878342e+01,
    2.08831512e+02, 9.27620316e+01, 2.30690308e+02, 1.01658760e+02,
    2.51323959e+02, 1.07246521e+02, 2.82564819e+02, 1.20281174e+02,
    3.07702820e+02, 1.38236404e+02, 3.34435883e+02, 1.58896332e+02,
    3.60323364e+02, 1.89027527e+02, 3.62849670e+02, 2.20859528e+02,
    3.58622559e+02, 2.48953201e+02, 3.37741394e+02, 2.76145325e+02,
    3.12913788e+02, 2.96733917e+02, 2.84510345e+02, 3.02125458e+02,
    2.57330688e+02, 3.03337433e+02, 2.28556686e+02, 3.01653229e+02,
    1.97035126e+02, 3.02155182e+02, 1.68086212e+02, 8.28843002e+01,
    1.65577972e+02, 9.57051620e+01, 1.57790268e+02, 1.11556679e+02,
    1.57678802e+02, 1.28342621e+02, 1.59876999e+02, 1.44993713e+02,
    1.65018387e+02, 1.88066498e+02, 1.58036942e+02, 2.02844833e+02,
    1.50352219e+02, 2.21548035e+02, 1.46660156e+02, 2.40279541e+02,
    1.44232376e+02, 2.57657593e+02, 1.48428345e+02, 1.67909866e+02,
    1.82771255e+02, 1.70270645e+02, 2.07486145e+02, 1.71462692e+02,
    2.30832626e+02, 1.72321289e+02, 2.53765900e+02, 1.54814407e+02,
    2.63760559e+02, 1.65454803e+02, 2.68370697e+02, 1.75616165e+02,
    2.71833923e+02, 1.87534821e+02, 2.65784943e+02, 2.00510025e+02,
    2.62459381e+02, 1.07721161e+02, 1.87448914e+02, 1.14241447e+02,
    1.81607361e+02, 1.30314209e+02, 1.80656143e+02, 1.42860641e+02,
    1.88741226e+02, 1.31130066e+02, 1.93808807e+02, 1.16001884e+02,
    1.94007660e+02, 2.02904282e+02, 1.83085770e+02, 2.13910629e+02,
    1.73585785e+02, 2.29333084e+02, 1.72280228e+02, 2.43736633e+02,
    1.77990799e+02, 2.33662903e+02, 1.85316971e+02, 2.17080246e+02,
    1.87355637e+02, 1.39682785e+02, 2.99317749e+02, 1.52172806e+02,
    2.92338043e+02, 1.65174103e+02, 2.90080841e+02, 1.75845032e+02,
    2.96743500e+02, 1.92072372e+02, 2.89681244e+02, 2.16203049e+02,
    2.91173920e+02, 2.27583221e+02, 2.96332336e+02, 2.17386490e+02,
    3.05639709e+02, 1.94387650e+02, 3.15569824e+02, 1.77423203e+02,
    3.16495056e+02, 1.65633850e+02, 3.16005402e+02, 1.53408585e+02,
    3.14363708e+02, 1.46185242e+02, 3.01001953e+02, 1.65824692e+02,
    3.02834808e+02, 1.76422226e+02, 3.04268036e+02, 1.92561188e+02,
    3.00942474e+02, 2.21922867e+02, 2.97854767e+02, 1.92561188e+02,
    3.00942474e+02, 1.76422226e+02, 3.04268036e+02, 1.65824692e+02,
    3.02834808e+02 ]
noOfLandmarkPoint: 68
