%YAML:1.0
landmark: [ 1.13189659e+02, 1.75784515e+02, 1.13737663e+02,
    1.94972443e+02, 1.16435165e+02, 2.14074753e+02, 1.23402435e+02,
    2.32723648e+02, 1.32732590e+02, 2.48606323e+02, 1.44059708e+02,
    2.62789886e+02, 1.58240967e+02, 2.76364868e+02, 1.76121658e+02,
    2.88934753e+02, 1.91345673e+02, 2.91918030e+02, 2.08455902e+02,
    2.88419891e+02, 2.24900604e+02, 2.75867615e+02, 2.38255096e+02,
    2.63090607e+02, 2.49938126e+02, 2.47787430e+02, 2.59009125e+02,
    2.29792343e+02, 2.63765015e+02, 2.09158722e+02, 2.65391510e+02,
    1.89216507e+02, 2.65318054e+02, 1.70580139e+02, 1.23871933e+02,
    1.62471130e+02, 1.33548172e+02, 1.58487762e+02, 1.45391220e+02,
    1.57447830e+02, 1.56355392e+02, 1.59330460e+02, 1.68695999e+02,
    1.63881256e+02, 2.09733063e+02, 1.63703430e+02, 2.20600800e+02,
    1.60400330e+02, 2.30313065e+02, 1.56776596e+02, 2.39904190e+02,
    1.55036682e+02, 2.48234711e+02, 1.57143875e+02, 1.90466782e+02,
    1.80916794e+02, 1.90609177e+02, 1.94418503e+02, 1.90946289e+02,
    2.08849548e+02, 1.91326660e+02, 2.23008896e+02, 1.77792007e+02,
    2.27797775e+02, 1.83874863e+02, 2.29812256e+02, 1.90413528e+02,
    2.30655304e+02, 1.97125732e+02, 2.28535339e+02, 2.03901505e+02,
    2.26854843e+02, 1.36713837e+02, 1.74624771e+02, 1.45340622e+02,
    1.70950912e+02, 1.56976685e+02, 1.72059723e+02, 1.64872894e+02,
    1.79499954e+02, 1.53576797e+02, 1.82363113e+02, 1.44478989e+02,
    1.81180847e+02, 2.13847672e+02, 1.79036697e+02, 2.21562683e+02,
    1.70309647e+02, 2.31081406e+02, 1.68880203e+02, 2.39758316e+02,
    1.70606949e+02, 2.32854797e+02, 1.78001343e+02, 2.23509811e+02,
    1.79554367e+02, 1.64730484e+02, 2.50072449e+02, 1.74044754e+02,
    2.46529739e+02, 1.84663193e+02, 2.42192612e+02, 1.91822235e+02,
    2.43941452e+02, 1.98823288e+02, 2.41685852e+02, 2.07815323e+02,
    2.44206467e+02, 2.17386734e+02, 2.48011368e+02, 2.08393631e+02,
    2.59884766e+02, 2.00000320e+02, 2.65038361e+02, 1.92100372e+02,
    2.66348785e+02, 1.83692429e+02, 2.65657440e+02, 1.74750412e+02,
    2.60182556e+02, 1.70239227e+02, 2.51067215e+02, 1.84689865e+02,
    2.49127136e+02, 1.92098129e+02, 2.49389343e+02, 1.98856232e+02,
    2.48714951e+02, 2.09422424e+02, 2.49178238e+02, 1.98680222e+02,
    2.51897797e+02, 1.91992538e+02, 2.52371964e+02, 1.84641861e+02,
    2.52676483e+02 ]
noOfLandmarkPoint: 68
