%YAML:1.0
landmark: [ 2.86140137e+02, 2.46056747e+02, 2.95041626e+02,
    2.76472778e+02, 3.07292328e+02, 3.05744049e+02, 3.11202911e+02,
    3.36104279e+02, 3.16261566e+02, 3.63825073e+02, 3.30057739e+02,
    3.91049194e+02, 3.49117950e+02, 4.02376068e+02, 3.66774689e+02,
    4.15848755e+02, 3.95644592e+02, 4.18856873e+02, 4.25463257e+02,
    4.17722656e+02, 4.46191376e+02, 4.02515289e+02, 4.67027679e+02,
    3.84546600e+02, 4.80502594e+02, 3.58185883e+02, 4.89580109e+02,
    3.32961761e+02, 4.95539215e+02, 3.05624451e+02, 4.99593872e+02,
    2.76866028e+02, 5.03879028e+02, 2.46733093e+02, 3.05807098e+02,
    2.11791229e+02, 3.28092194e+02, 2.03103104e+02, 3.48653137e+02,
    2.08172577e+02, 3.68092468e+02, 2.15422745e+02, 3.85450012e+02,
    2.20770279e+02, 4.17055237e+02, 2.16520935e+02, 4.37984253e+02,
    2.09619156e+02, 4.56437561e+02, 2.08043671e+02, 4.75184753e+02,
    2.09375244e+02, 4.91601166e+02, 2.19055649e+02, 4.01653046e+02,
    2.34736176e+02, 4.01899261e+02, 2.55366257e+02, 4.01276611e+02,
    2.76748901e+02, 4.00147888e+02, 2.98892792e+02, 3.79546783e+02,
    3.08524597e+02, 3.88751312e+02, 3.13704285e+02, 3.99275970e+02,
    3.17312653e+02, 4.10983978e+02, 3.13518066e+02, 4.21182465e+02,
    3.10093750e+02, 3.36946686e+02, 2.36204010e+02, 3.46474274e+02,
    2.31411209e+02, 3.55661499e+02, 2.30680084e+02, 3.67173431e+02,
    2.36602402e+02, 3.54647980e+02, 2.40099335e+02, 3.44273254e+02,
    2.39027817e+02, 4.31290222e+02, 2.39983307e+02, 4.42005371e+02,
    2.35024139e+02, 4.52438110e+02, 2.35646912e+02, 4.62422119e+02,
    2.40888458e+02, 4.51648987e+02, 2.44269363e+02, 4.42005371e+02,
    2.44269363e+02, 3.55127930e+02, 3.47467865e+02, 3.72138794e+02,
    3.45162415e+02, 3.89682861e+02, 3.45780792e+02, 3.98920441e+02,
    3.47475067e+02, 4.12169342e+02, 3.46345551e+02, 4.30002014e+02,
    3.49676117e+02, 4.42005371e+02, 3.51761139e+02, 4.30263641e+02,
    3.57750793e+02, 4.12576111e+02, 3.63497467e+02, 3.99597809e+02,
    3.63245667e+02, 3.89423920e+02, 3.61744019e+02, 3.72042114e+02,
    3.56245911e+02, 3.57450500e+02, 3.47433624e+02, 3.89400482e+02,
    3.51536743e+02, 3.98696075e+02, 3.52832642e+02, 4.12169342e+02,
    3.52325897e+02, 4.36423431e+02, 3.51536743e+02, 4.12169342e+02,
    3.52325897e+02, 3.98696075e+02, 3.52832642e+02, 3.89400482e+02,
    3.51536743e+02 ]
noOfLandmarkPoint: 68
