%YAML:1.0
landmark: [ 1.38910828e+02, 2.04761063e+02, 1.38123550e+02,
    2.36718750e+02, 1.40030167e+02, 2.62449341e+02, 1.44669418e+02,
    2.91393158e+02, 1.53147476e+02, 3.17162781e+02, 1.65950760e+02,
    3.40959381e+02, 1.81364639e+02, 3.61645294e+02, 2.02091812e+02,
    3.80728027e+02, 2.30474075e+02, 3.87698334e+02, 2.56041748e+02,
    3.84476624e+02, 2.76071167e+02, 3.70236053e+02, 2.95648102e+02,
    3.50033203e+02, 3.12234497e+02, 3.26922028e+02, 3.24655212e+02,
    3.00686920e+02, 3.31864471e+02, 2.73738983e+02, 3.37604126e+02,
    2.48971283e+02, 3.43425812e+02, 2.22988831e+02, 1.66615311e+02,
    1.89897446e+02, 1.80813644e+02, 1.78453644e+02, 1.98729568e+02,
    1.75291199e+02, 2.14512283e+02, 1.80917404e+02, 2.28982742e+02,
    1.87328125e+02, 2.61488037e+02, 1.89199646e+02, 2.80370300e+02,
    1.85517471e+02, 2.97768646e+02, 1.83107147e+02, 3.16377930e+02,
    1.84176849e+02, 3.23855530e+02, 1.98612183e+02, 2.45102844e+02,
    2.09300140e+02, 2.44716339e+02, 2.29124786e+02, 2.43703522e+02,
    2.47798386e+02, 2.43465240e+02, 2.68424744e+02, 2.20984436e+02,
    2.79024994e+02, 2.30192245e+02, 2.82965698e+02, 2.40318298e+02,
    2.87481964e+02, 2.49558823e+02, 2.85617432e+02, 2.57542511e+02,
    2.83645874e+02, 1.81008011e+02, 2.08408524e+02, 1.90941742e+02,
    2.02498962e+02, 2.02472595e+02, 2.04661118e+02, 2.12715988e+02,
    2.13835770e+02, 2.00804138e+02, 2.14112778e+02, 1.89651123e+02,
    2.12838943e+02, 2.71152039e+02, 2.18847702e+02, 2.82290466e+02,
    2.11908707e+02, 2.95151276e+02, 2.12320114e+02, 3.02805145e+02,
    2.18886688e+02, 2.93523010e+02, 2.21035690e+02, 2.81987000e+02,
    2.20611435e+02, 1.99697952e+02, 3.11200226e+02, 2.16564804e+02,
    3.06810883e+02, 2.28000290e+02, 3.05325958e+02, 2.37866577e+02,
    3.09457062e+02, 2.46161453e+02, 3.08033600e+02, 2.56426605e+02,
    3.11768463e+02, 2.68495056e+02, 3.17242462e+02, 2.55493454e+02,
    3.28601044e+02, 2.46806717e+02, 3.33478943e+02, 2.37938339e+02,
    3.35474426e+02, 2.26359177e+02, 3.32056061e+02, 2.15652328e+02,
    3.23352386e+02, 2.05588318e+02, 3.13078400e+02, 2.27551895e+02,
    3.16747559e+02, 2.37304733e+02, 3.18707153e+02, 2.46946915e+02,
    3.17828522e+02, 2.62935150e+02, 3.17358246e+02, 2.47040939e+02,
    3.18076141e+02, 2.37304733e+02, 3.18707153e+02, 2.27551895e+02,
    3.16747559e+02 ]
noOfLandmarkPoint: 68
