%YAML:1.0
landmark: [ 2.39992355e+02, 1.50571381e+02, 2.38055145e+02,
    1.67907867e+02, 2.36919098e+02, 1.85990723e+02, 2.37215408e+02,
    2.05774857e+02, 2.39125229e+02, 2.22963181e+02, 2.46254044e+02,
    2.40151505e+02, 2.56280579e+02, 2.54864792e+02, 2.68880127e+02,
    2.67527405e+02, 2.86831909e+02, 2.74956024e+02, 3.05024658e+02,
    2.75885193e+02, 3.22171082e+02, 2.68668549e+02, 3.36470978e+02,
    2.58201385e+02, 3.49186646e+02, 2.44772293e+02, 3.60288849e+02,
    2.31875458e+02, 3.68885590e+02, 2.18247681e+02, 3.76163422e+02,
    2.02304031e+02, 3.83236816e+02, 1.87080322e+02, 2.59359406e+02,
    1.30128647e+02, 2.71767609e+02, 1.30896820e+02, 2.85668579e+02,
    1.32181030e+02, 2.98536072e+02, 1.35064240e+02, 3.07678223e+02,
    1.43471817e+02, 3.33782074e+02, 1.48592941e+02, 3.46104736e+02,
    1.48027328e+02, 3.58791077e+02, 1.52879593e+02, 3.68848541e+02,
    1.59783188e+02, 3.76365692e+02, 1.68040146e+02, 3.17337799e+02,
    1.58829544e+02, 3.13430420e+02, 1.70364166e+02, 3.09313538e+02,
    1.81633469e+02, 3.04798706e+02, 1.93488022e+02, 2.90171173e+02,
    1.94838867e+02, 2.96456604e+02, 1.97726105e+02, 3.02625397e+02,
    2.01683167e+02, 3.10622437e+02, 2.01864197e+02, 3.17589050e+02,
    2.01021500e+02, 2.68252472e+02, 1.50164734e+02, 2.78340179e+02,
    1.49713913e+02, 2.88192139e+02, 1.52075394e+02, 2.96534821e+02,
    1.56322632e+02, 2.87463196e+02, 1.54593948e+02, 2.77738586e+02,
    1.52327438e+02, 3.35900146e+02, 1.68709015e+02, 3.44790619e+02,
    1.69515778e+02, 3.52665802e+02, 1.72737183e+02, 3.61468506e+02,
    1.77780640e+02, 3.51979828e+02, 1.74707382e+02, 3.43835724e+02,
    1.71782288e+02, 2.67234619e+02, 2.07893204e+02, 2.79071869e+02,
    2.05763290e+02, 2.90476929e+02, 2.08761581e+02, 3.00792877e+02,
    2.13632095e+02, 3.16137177e+02, 2.14053238e+02, 3.24677551e+02,
    2.18261826e+02, 3.31811615e+02, 2.26244980e+02, 3.18096985e+02,
    2.37744339e+02, 3.07961487e+02, 2.38422012e+02, 2.92435516e+02,
    2.35979065e+02, 2.80731750e+02, 2.30564133e+02, 2.70997528e+02,
    2.23001648e+02, 2.70456024e+02, 2.09951172e+02, 2.88881653e+02,
    2.12462524e+02, 2.99790680e+02, 2.16500946e+02, 3.15012909e+02,
    2.17779160e+02, 3.25785858e+02, 2.25767517e+02, 3.10156464e+02,
    2.31418488e+02, 2.95434998e+02, 2.28505676e+02, 2.84582336e+02,
    2.22921967e+02 ]
noOfLandmarkPoint: 68
