%YAML:1.0
landmark: [ 2.01740860e+02, 2.00873825e+02, 1.98924988e+02,
    2.28737274e+02, 1.97137238e+02, 2.59692169e+02, 2.02925705e+02,
    2.92862915e+02, 2.07505966e+02, 3.27049072e+02, 2.17218628e+02,
    3.57030334e+02, 2.31371933e+02, 3.80676270e+02, 2.52113724e+02,
    4.02604736e+02, 2.80553131e+02, 4.10087616e+02, 3.13143677e+02,
    4.10419708e+02, 3.44732269e+02, 3.99061737e+02, 3.78609558e+02,
    3.82425323e+02, 4.03424011e+02, 3.57589478e+02, 4.15891998e+02,
    3.26622528e+02, 4.23694519e+02, 2.97589630e+02, 4.31732330e+02,
    2.67911591e+02, 4.38520111e+02, 2.32171448e+02, 2.06991913e+02,
    1.80264908e+02, 2.17796326e+02, 1.69344879e+02, 2.37172592e+02,
    1.64840973e+02, 2.55156265e+02, 1.69456055e+02, 2.75322510e+02,
    1.78846954e+02, 3.15119080e+02, 1.77124283e+02, 3.41057678e+02,
    1.68538406e+02, 3.64713104e+02, 1.66795944e+02, 3.85996979e+02,
    1.74926819e+02, 4.02726257e+02, 1.89410873e+02, 2.91915741e+02,
    2.04039215e+02, 2.87844940e+02, 2.22155365e+02, 2.83506805e+02,
    2.39595413e+02, 2.78804413e+02, 2.56035950e+02, 2.58583527e+02,
    2.76883545e+02, 2.68969391e+02, 2.81892761e+02, 2.77824554e+02,
    2.86885895e+02, 2.94471344e+02, 2.85193298e+02, 3.08549347e+02,
    2.84159119e+02, 2.27207779e+02, 2.07844833e+02, 2.42421097e+02,
    2.00090225e+02, 2.59426666e+02, 2.01483719e+02, 2.69686188e+02,
    2.13823685e+02, 2.52780853e+02, 2.17211700e+02, 2.37146835e+02,
    2.15710129e+02, 3.28732971e+02, 2.16988144e+02, 3.44049835e+02,
    2.06999374e+02, 3.61979401e+02, 2.07548660e+02, 3.76071259e+02,
    2.18584290e+02, 3.61588715e+02, 2.23433228e+02, 3.44106262e+02,
    2.22808395e+02, 2.40743225e+02, 3.21501373e+02, 2.52787796e+02,
    3.09703339e+02, 2.68619873e+02, 3.05376678e+02, 2.79384430e+02,
    3.10076324e+02, 2.92467072e+02, 3.07555725e+02, 3.09489532e+02,
    3.13512482e+02, 3.38375214e+02, 3.25412811e+02, 3.09406830e+02,
    3.41511780e+02, 2.93422485e+02, 3.46445374e+02, 2.79700867e+02,
    3.47142365e+02, 2.68345947e+02, 3.45489716e+02, 2.51775940e+02,
    3.36951782e+02, 2.51496170e+02, 3.22010925e+02, 2.68655792e+02,
    3.14805786e+02, 2.79029327e+02, 3.15581360e+02, 2.92048340e+02,
    3.17340576e+02, 3.16775818e+02, 3.25723236e+02, 2.92356201e+02,
    3.30271149e+02, 2.79006317e+02, 3.30088440e+02, 2.68347931e+02,
    3.28967834e+02 ]
noOfLandmarkPoint: 68
