%YAML:1.0
landmark: [ 1.27462000e-01, 1.46636673e+02, 2.10625100e+00,
    1.69170563e+02, 5.36502790e+00, 1.91302368e+02, 1.09374514e+01,
    2.15586884e+02, 2.10079765e+01, 2.41941788e+02, 3.60694618e+01,
    2.65991180e+02, 5.47999687e+01, 2.85043854e+02, 7.57528763e+01,
    2.99992126e+02, 9.92947006e+01, 3.02426636e+02, 1.22136871e+02,
    2.95983978e+02, 1.41464859e+02, 2.77827362e+02, 1.57864365e+02,
    2.51471024e+02, 1.70749695e+02, 2.28043152e+02, 1.81292236e+02,
    2.00515411e+02, 1.85392105e+02, 1.74159058e+02, 1.90484070e+02,
    1.49465546e+02, 1.89588715e+02, 1.24722649e+02, 2.03177662e+01,
    1.37618500e+02, 3.13138390e+01, 1.31375488e+02, 4.56100044e+01,
    1.30232468e+02, 6.03491478e+01, 1.32962814e+02, 7.45774689e+01,
    1.38182343e+02, 1.07805130e+02, 1.38073730e+02, 1.23022621e+02,
    1.31180084e+02, 1.39043945e+02, 1.27040611e+02, 1.54882919e+02,
    1.27611511e+02, 1.67553162e+02, 1.34071823e+02, 9.31596451e+01,
    1.58304260e+02, 9.37399750e+01, 1.74352417e+02, 9.42500458e+01,
    1.90738541e+02, 9.47174149e+01, 2.07015564e+02, 7.52811356e+01,
    2.13986435e+02, 8.46522827e+01, 2.18086319e+02, 9.61375580e+01,
    2.18833023e+02, 1.06908752e+02, 2.18086319e+02, 1.15694206e+02,
    2.14572128e+02, 3.63030701e+01, 1.55849915e+02, 4.55056114e+01,
    1.49620163e+02, 5.72069511e+01, 1.49431961e+02, 6.69061356e+01,
    1.54662643e+02, 5.69250641e+01, 1.58013565e+02, 4.61961670e+01,
    1.58876282e+02, 1.21921745e+02, 1.52580032e+02, 1.31034698e+02,
    1.46625275e+02, 1.42682495e+02, 1.46265152e+02, 1.52324707e+02,
    1.51897903e+02, 1.42704834e+02, 1.55276901e+02, 1.32043182e+02,
    1.55199112e+02, 6.64956818e+01, 2.46199753e+02, 7.46954346e+01,
    2.41514175e+02, 8.52379761e+01, 2.40928482e+02, 9.63662186e+01,
    2.42099884e+02, 1.10422935e+02, 2.42685577e+02, 1.21551170e+02,
    2.42099884e+02, 1.30922318e+02, 2.43271271e+02, 1.21578804e+02,
    2.51606445e+02, 1.10023666e+02, 2.58080200e+02, 9.70143738e+01,
    2.61640839e+02, 8.43966522e+01, 2.59129517e+02, 7.29916687e+01,
    2.53401459e+02, 7.00098648e+01, 2.46785446e+02, 8.28951874e+01,
    2.46199753e+02, 9.75376053e+01, 2.48542542e+02, 1.09837234e+02,
    2.46785446e+02, 1.26822441e+02, 2.44442657e+02, 1.10422935e+02,
    2.48542542e+02, 9.66643982e+01, 2.51024994e+02, 8.28951874e+01,
    2.47371140e+02 ]
noOfLandmarkPoint: 68
