%YAML:1.0
landmark: [ 2.13003586e+02, 2.44701080e+02, 2.18741043e+02,
    2.68368134e+02, 2.27347260e+02, 2.92035217e+02, 2.41690933e+02,
    3.16419464e+02, 2.53165878e+02, 3.40803711e+02, 2.65167847e+02,
    3.63464081e+02, 2.83368958e+02, 3.80339355e+02, 3.02494202e+02,
    3.94133148e+02, 3.29438324e+02, 3.96682190e+02, 3.60859528e+02,
    3.84257843e+02, 3.92894684e+02, 3.63564972e+02, 4.23227478e+02,
    3.39414551e+02, 4.43712097e+02, 3.14089111e+02, 4.45998566e+02,
    2.82129578e+02, 4.41068024e+02, 2.45687454e+02, 4.33134460e+02,
    2.11666092e+02, 4.26366089e+02, 1.75806900e+02, 2.01932098e+02,
    2.07810303e+02, 2.06728394e+02, 1.95977097e+02, 2.18471848e+02,
    1.85578278e+02, 2.30798233e+02, 1.81543701e+02, 2.42856094e+02,
    1.79033890e+02, 2.77789001e+02, 1.59419418e+02, 2.97678802e+02,
    1.51784882e+02, 3.16577576e+02, 1.44514709e+02, 3.38383606e+02,
    1.42333969e+02, 3.60550995e+02, 1.47153061e+02, 2.68513702e+02,
    1.93723969e+02, 2.71327881e+02, 2.09897278e+02, 2.74133148e+02,
    2.26166626e+02, 2.77052734e+02, 2.42436386e+02, 2.72741333e+02,
    2.70620514e+02, 2.82480835e+02, 2.69961823e+02, 2.91981659e+02,
    2.69395813e+02, 3.03150208e+02, 2.63908997e+02, 3.14210510e+02,
    2.55839371e+02, 2.25105972e+02, 2.24754181e+02, 2.27436981e+02,
    2.11710617e+02, 2.40292740e+02, 2.03229141e+02, 2.56163086e+02,
    2.11737259e+02, 2.45679626e+02, 2.17044632e+02, 2.35191071e+02,
    2.22378647e+02, 3.12378387e+02, 1.85757065e+02, 3.17264435e+02,
    1.70741409e+02, 3.31428650e+02, 1.66528046e+02, 3.46623749e+02,
    1.73296417e+02, 3.38241547e+02, 1.78630432e+02, 3.25645966e+02,
    1.84591904e+02, 2.75622559e+02, 3.24980438e+02, 2.77371338e+02,
    3.06916595e+02, 2.84464386e+02, 2.96224915e+02, 2.97581421e+02,
    2.97713135e+02, 3.11155396e+02, 2.86960052e+02, 3.32707153e+02,
    2.87222961e+02, 3.52271484e+02, 2.94903931e+02, 3.42323273e+02,
    3.09314514e+02, 3.26260620e+02, 3.18949188e+02, 3.11315277e+02,
    3.25364868e+02, 3.01092896e+02, 3.28626678e+02, 2.87635223e+02,
    3.30628174e+02, 2.81584015e+02, 3.22918640e+02, 2.91849274e+02,
    3.13057526e+02, 3.03413940e+02, 3.09829865e+02, 3.17847351e+02,
    3.02927216e+02, 3.47788910e+02, 2.96338318e+02, 3.17847351e+02,
    3.02927216e+02, 3.03413940e+02, 3.09829865e+02, 2.91849274e+02,
    3.13057526e+02 ]
noOfLandmarkPoint: 68
