%YAML:1.0
landmark: [ 6.72772751e+01, 1.09063019e+02, 6.81580658e+01,
    1.25845306e+02, 7.02722092e+01, 1.39778854e+02, 7.33850632e+01,
    1.53653442e+02, 7.95954361e+01, 1.67131866e+02, 8.64224854e+01,
    1.78730774e+02, 9.68470078e+01, 1.89947647e+02, 1.09297226e+02,
    1.98727295e+02, 1.23641106e+02, 2.00561981e+02, 1.38219620e+02,
    1.98169586e+02, 1.49142899e+02, 1.85514191e+02, 1.58463150e+02,
    1.73535080e+02, 1.66040710e+02, 1.60510376e+02, 1.69081497e+02,
    1.46776031e+02, 1.69962448e+02, 1.34536514e+02, 1.70652222e+02,
    1.20411957e+02, 1.70402252e+02, 1.07961731e+02, 8.05002441e+01,
    9.96875687e+01, 8.79400787e+01, 9.56386871e+01, 9.68393250e+01,
    9.50685196e+01, 1.05483635e+02, 9.71346741e+01, 1.14923752e+02,
    1.00324806e+02, 1.37323868e+02, 9.87247467e+01, 1.45726715e+02,
    9.66302948e+01, 1.53434784e+02, 9.53751907e+01, 1.60706985e+02,
    9.51244202e+01, 1.66818665e+02, 1.00499092e+02, 1.25900497e+02,
    1.11941841e+02, 1.26234238e+02, 1.21118256e+02, 1.26409996e+02,
    1.31058151e+02, 1.26827057e+02, 1.40968582e+02, 1.13587502e+02,
    1.42318909e+02, 1.20528511e+02, 1.44853592e+02, 1.26180901e+02,
    1.48573837e+02, 1.32361801e+02, 1.45358414e+02, 1.37397781e+02,
    1.42730164e+02, 9.27701035e+01, 1.11479424e+02, 9.79200974e+01,
    1.08757858e+02, 1.04610092e+02, 1.09068626e+02, 1.09350487e+02,
    1.12628807e+02, 1.03980759e+02, 1.13986244e+02, 9.82205200e+01,
    1.13648827e+02, 1.38780960e+02, 1.12237358e+02, 1.44854401e+02,
    1.08619263e+02, 1.50682770e+02, 1.08360321e+02, 1.54725952e+02,
    1.11383316e+02, 1.51360550e+02, 1.13459404e+02, 1.45355576e+02,
    1.13227081e+02, 9.81676025e+01, 1.53976517e+02, 1.07783913e+02,
    1.54732208e+02, 1.18224449e+02, 1.55744537e+02, 1.25583679e+02,
    1.57092575e+02, 1.31319458e+02, 1.55341934e+02, 1.38045258e+02,
    1.55965088e+02, 1.44833878e+02, 1.55110260e+02, 1.38450638e+02,
    1.67371857e+02, 1.31934799e+02, 1.71816010e+02, 1.25243744e+02,
    1.72659836e+02, 1.17693794e+02, 1.72275513e+02, 1.07481445e+02,
    1.65751526e+02, 1.01867653e+02, 1.55665009e+02, 1.18188431e+02,
    1.58182831e+02, 1.25550087e+02, 1.59182632e+02, 1.31289993e+02,
    1.57749680e+02, 1.42611526e+02, 1.56709351e+02, 1.31781097e+02,
    1.64968048e+02, 1.25186058e+02, 1.65959427e+02, 1.18006943e+02,
    1.64911926e+02 ]
noOfLandmarkPoint: 68
