%YAML:1.0
landmark: [ 1.29267365e+02, 1.78007187e+02, 1.27518196e+02,
    1.92267548e+02, 1.26808517e+02, 2.07528122e+02, 1.30811844e+02,
    2.24641449e+02, 1.41121185e+02, 2.40671249e+02, 1.49361053e+02,
    2.61289917e+02, 1.56988831e+02, 2.77098022e+02, 1.66371780e+02,
    2.95506592e+02, 1.79562881e+02, 2.98740692e+02, 2.01069901e+02,
    2.98562012e+02, 2.24489258e+02, 2.89021912e+02, 2.45346176e+02,
    2.78907745e+02, 2.62990509e+02, 2.66171600e+02, 2.77595947e+02,
    2.49903580e+02, 2.85104614e+02, 2.26820038e+02, 2.88495850e+02,
    1.98140167e+02, 2.89422241e+02, 1.71193939e+02, 1.22707611e+02,
    1.57000397e+02, 1.26255997e+02, 1.44209671e+02, 1.36624893e+02,
    1.37665436e+02, 1.49339523e+02, 1.42454498e+02, 1.60575256e+02,
    1.50694366e+02, 1.84059158e+02, 1.49767990e+02, 1.99217133e+02,
    1.40818436e+02, 2.18633179e+02, 1.38098846e+02, 2.38206070e+02,
    1.44147110e+02, 2.54488541e+02, 1.51079880e+02, 1.71292389e+02,
    1.73559555e+02, 1.68592377e+02, 1.87437881e+02, 1.65486023e+02,
    2.00963089e+02, 1.62627899e+02, 2.14408279e+02, 1.60613297e+02,
    2.25346130e+02, 1.64871353e+02, 2.27653824e+02, 1.70017776e+02,
    2.29506607e+02, 1.77450363e+02, 2.26846558e+02, 1.84628220e+02,
    2.25112900e+02, 1.36806107e+02, 1.73234390e+02, 1.41730453e+02,
    1.66012711e+02, 1.52758347e+02, 1.65383957e+02, 1.63730255e+02,
    1.75593369e+02, 1.53866455e+02, 1.77512573e+02, 1.43715408e+02,
    1.77973679e+02, 2.01150253e+02, 1.74484726e+02, 2.09335159e+02,
    1.63795654e+02, 2.23680084e+02, 1.63600372e+02, 2.33758316e+02,
    1.71035828e+02, 2.24619659e+02, 1.76522141e+02, 2.12546326e+02,
    1.76518005e+02, 1.57216751e+02, 2.54985428e+02, 1.58857574e+02,
    2.47220078e+02, 1.63864670e+02, 2.44362747e+02, 1.70660675e+02,
    2.45291748e+02, 1.84163498e+02, 2.47233093e+02, 1.96750259e+02,
    2.49804245e+02, 2.08707458e+02, 2.55521713e+02, 1.98005539e+02,
    2.61173096e+02, 1.86458786e+02, 2.66401855e+02, 1.73428207e+02,
    2.67959717e+02, 1.64285339e+02, 2.65938324e+02, 1.60569580e+02,
    2.59364868e+02, 1.59712524e+02, 2.55186905e+02, 1.64854843e+02,
    2.53500000e+02, 1.72661285e+02, 2.54209671e+02, 1.87751953e+02,
    2.56311523e+02, 2.04261963e+02, 2.56043976e+02, 1.87337021e+02,
    2.56981140e+02, 1.73205261e+02, 2.56073212e+02, 1.64854843e+02,
    2.54919357e+02 ]
noOfLandmarkPoint: 68
