%YAML:1.0
landmark: [ 1.13841225e+02, 2.59714844e+02, 1.14701607e+02,
    2.69568024e+02, 1.18060280e+02, 2.78998779e+02, 1.25670456e+02,
    2.88748260e+02, 1.33340225e+02, 2.97967773e+02, 1.40850616e+02,
    3.08347076e+02, 1.48998535e+02, 3.16439270e+02, 1.56349533e+02,
    3.24683105e+02, 1.68167130e+02, 3.25157379e+02, 1.78653961e+02,
    3.19834259e+02, 1.89631653e+02, 3.12352020e+02, 2.00802628e+02,
    3.02028564e+02, 2.12367310e+02, 2.89598633e+02, 2.17014969e+02,
    2.74858826e+02, 2.17171967e+02, 2.57310425e+02, 2.13582565e+02,
    2.38832169e+02, 2.10109543e+02, 2.24823761e+02, 1.06872452e+02,
    2.47474823e+02, 1.09637672e+02, 2.40027893e+02, 1.15667480e+02,
    2.36751343e+02, 1.23469650e+02, 2.37849899e+02, 1.30128128e+02,
    2.39952423e+02, 1.44910034e+02, 2.35845901e+02, 1.53055176e+02,
    2.29165207e+02, 1.63138458e+02, 2.24401428e+02, 1.75400330e+02,
    2.23843628e+02, 1.86026306e+02, 2.26084747e+02, 1.41097504e+02,
    2.50670273e+02, 1.41805450e+02, 2.59214630e+02, 1.42693771e+02,
    2.67695435e+02, 1.43474136e+02, 2.77525085e+02, 1.42384857e+02,
    2.83943512e+02, 1.45843323e+02, 2.85114899e+02, 1.49201996e+02,
    2.85381836e+02, 1.52560669e+02, 2.82668457e+02, 1.56074844e+02,
    2.80273834e+02, 1.17808105e+02, 2.55315445e+02, 1.23917068e+02,
    2.49626740e+02, 1.33499969e+02, 2.50161896e+02, 1.35515869e+02,
    2.54555008e+02, 1.29766449e+02, 2.57802277e+02, 1.23268082e+02,
    2.59770569e+02, 1.58536987e+02, 2.46984787e+02, 1.62560577e+02,
    2.38497772e+02, 1.69677597e+02, 2.36606354e+02, 1.76878311e+02,
    2.39642776e+02, 1.73534317e+02, 2.43430649e+02, 1.68155502e+02,
    2.47100342e+02, 1.43487808e+02, 3.01197021e+02, 1.44423477e+02,
    2.96113953e+02, 1.47413116e+02, 2.91922577e+02, 1.51126221e+02,
    2.92143280e+02, 1.55766251e+02, 2.90112488e+02, 1.66565231e+02,
    2.93164398e+02, 1.75877106e+02, 2.94912384e+02, 1.72157043e+02,
    3.01610260e+02, 1.66637512e+02, 3.05556549e+02, 1.60413956e+02,
    3.09445404e+02, 1.54461578e+02, 3.10201447e+02, 1.48887878e+02,
    3.07450958e+02, 1.47971008e+02, 3.01410736e+02, 1.50480942e+02,
    2.98486145e+02, 1.54584686e+02, 2.97581665e+02, 1.58584778e+02,
    2.96673340e+02, 1.67848373e+02, 2.96191315e+02, 1.60975510e+02,
    3.00131805e+02, 1.57058838e+02, 3.02205353e+02, 1.52389420e+02,
    3.02415466e+02 ]
noOfLandmarkPoint: 68
