%YAML:1.0
landmark: [ 1.80928894e+02, 1.15120430e+02, 1.76752930e+02,
    1.31582062e+02, 1.75855072e+02, 1.48036667e+02, 1.73952271e+02,
    1.64206024e+02, 1.74880356e+02, 1.77390625e+02, 1.78934616e+02,
    1.93465424e+02, 1.84564102e+02, 2.09463440e+02, 1.91981415e+02,
    2.23823654e+02, 2.05649399e+02, 2.31819244e+02, 2.22125046e+02,
    2.34983246e+02, 2.40197205e+02, 2.29617157e+02, 2.52675064e+02,
    2.20367371e+02, 2.63535370e+02, 2.09385941e+02, 2.72963348e+02,
    1.97563705e+02, 2.79583618e+02, 1.82463364e+02, 2.85191956e+02,
    1.66949615e+02, 2.92047455e+02, 1.48955566e+02, 1.94062378e+02,
    1.18897964e+02, 2.06519196e+02, 1.15377625e+02, 2.17971054e+02,
    1.17102249e+02, 2.27990570e+02, 1.22817665e+02, 2.37703781e+02,
    1.28247818e+02, 2.51440887e+02, 1.31226562e+02, 2.63700165e+02,
    1.32407562e+02, 2.72824249e+02, 1.33730225e+02, 2.81811981e+02,
    1.38621933e+02, 2.84651581e+02, 1.48184631e+02, 2.41622559e+02,
    1.39734772e+02, 2.37802917e+02, 1.50117630e+02, 2.34047363e+02,
    1.60735718e+02, 2.29336884e+02, 1.71061523e+02, 2.19012680e+02,
    1.71206329e+02, 2.22883148e+02, 1.74945221e+02, 2.25598816e+02,
    1.78637390e+02, 2.32146622e+02, 1.78897110e+02, 2.35964188e+02,
    1.77631775e+02, 2.06526199e+02, 1.29287842e+02, 2.13032394e+02,
    1.26957626e+02, 2.20137146e+02, 1.29045609e+02, 2.23792633e+02,
    1.35430664e+02, 2.16866043e+02, 1.36335541e+02, 2.10185501e+02,
    1.33938477e+02, 2.52383652e+02, 1.43749603e+02, 2.59117188e+02,
    1.40511505e+02, 2.66100830e+02, 1.42656540e+02, 2.69984528e+02,
    1.48036667e+02, 2.64774170e+02, 1.49746216e+02, 2.58518616e+02,
    1.47794434e+02, 1.99540024e+02, 1.82992844e+02, 2.11186646e+02,
    1.87052704e+02, 2.17870987e+02, 1.88784363e+02, 2.20927917e+02,
    1.91171631e+02, 2.27685074e+02, 1.92703690e+02, 2.35235764e+02,
    1.94061188e+02, 2.44285294e+02, 1.96488022e+02, 2.33640991e+02,
    1.99181244e+02, 2.23807587e+02, 1.99621155e+02, 2.16165253e+02,
    1.98186874e+02, 2.12662048e+02, 1.96330795e+02, 2.06813049e+02,
    1.90103973e+02, 2.04552322e+02, 1.85206955e+02, 2.16481644e+02,
    1.91171631e+02, 2.19673721e+02, 1.92846222e+02, 2.26639877e+02,
    1.94782944e+02, 2.40553879e+02, 1.96617874e+02, 2.25167938e+02,
    1.96972153e+02, 2.17699844e+02, 1.96252457e+02, 2.14433578e+02,
    1.93761215e+02 ]
noOfLandmarkPoint: 68
