%YAML:1.0
landmark: [ 1.56479828e+02, 1.30410370e+02, 1.58615280e+02,
    1.45066605e+02, 1.60337677e+02, 1.60791122e+02, 1.62060089e+02,
    1.77118835e+02, 1.65486771e+02, 1.86090683e+02, 1.73409576e+02,
    1.99679749e+02, 1.86292480e+02, 2.13578903e+02, 2.01553040e+02,
    2.25032516e+02, 2.13211472e+02, 2.25823547e+02, 2.24456848e+02,
    2.24222229e+02, 2.39060959e+02, 2.13723694e+02, 2.50762558e+02,
    2.03883499e+02, 2.60038727e+02, 1.90947800e+02, 2.63896606e+02,
    1.77720871e+02, 2.66514130e+02, 1.60670029e+02, 2.69493835e+02,
    1.46822937e+02, 2.70992157e+02, 1.30874344e+02, 1.68393845e+02,
    1.17849075e+02, 1.75762360e+02, 1.11858345e+02, 1.85434204e+02,
    1.08635963e+02, 1.95898468e+02, 1.10977806e+02, 2.03285095e+02,
    1.16904236e+02, 2.28193604e+02, 1.17016426e+02, 2.36314651e+02,
    1.10800919e+02, 2.45795486e+02, 1.07890266e+02, 2.56750793e+02,
    1.10178940e+02, 2.64482574e+02, 1.17028992e+02, 2.15360580e+02,
    1.29945618e+02, 2.14368820e+02, 1.39966324e+02, 2.13547379e+02,
    1.50237228e+02, 2.12471436e+02, 1.60495270e+02, 2.00245255e+02,
    1.63795395e+02, 2.06028397e+02, 1.65757523e+02, 2.12516876e+02,
    1.67489899e+02, 2.18395554e+02, 1.66422394e+02, 2.24197021e+02,
    1.65249084e+02, 1.78561218e+02, 1.28986435e+02, 1.86822861e+02,
    1.25189049e+02, 1.93363342e+02, 1.25730865e+02, 1.99383652e+02,
    1.30793533e+02, 1.92881332e+02, 1.31904404e+02, 1.86131775e+02,
    1.32492935e+02, 2.30407532e+02, 1.30575882e+02, 2.36895035e+02,
    1.25326904e+02, 2.44456223e+02, 1.25270462e+02, 2.51050629e+02,
    1.29769165e+02, 2.45514587e+02, 1.32213715e+02, 2.38202133e+02,
    1.32262817e+02, 1.82933563e+02, 1.76416733e+02, 1.94093048e+02,
    1.74579269e+02, 2.06046631e+02, 1.74543762e+02, 2.12786652e+02,
    1.75788910e+02, 2.20772293e+02, 1.75693161e+02, 2.31203766e+02,
    1.76354218e+02, 2.41094788e+02, 1.78330307e+02, 2.30779968e+02,
    1.91913849e+02, 2.22092255e+02, 1.97610641e+02, 2.12912399e+02,
    1.98707336e+02, 2.05413315e+02, 1.97737991e+02, 1.93553894e+02,
    1.89461395e+02, 1.87119446e+02, 1.77601654e+02, 2.06157211e+02,
    1.77935287e+02, 2.12682831e+02, 1.78973190e+02, 2.20824188e+02,
    1.78701965e+02, 2.37266235e+02, 1.79207901e+02, 2.21403152e+02,
    1.89303253e+02, 2.12706467e+02, 1.90719528e+02, 2.05639633e+02,
    1.90260880e+02 ]
noOfLandmarkPoint: 68
