%YAML:1.0
landmark: [ 1.42157455e+02, 1.49242111e+02, 1.42522675e+02,
    1.61681198e+02, 1.42971619e+02, 1.74310669e+02, 1.44129990e+02,
    1.86707016e+02, 1.46503448e+02, 2.00240585e+02, 1.50629532e+02,
    2.13461777e+02, 1.59872604e+02, 2.24055389e+02, 1.71520157e+02,
    2.32188461e+02, 1.85415771e+02, 2.34641235e+02, 1.99538620e+02,
    2.33712097e+02, 2.11513901e+02, 2.27397217e+02, 2.20788498e+02,
    2.17359253e+02, 2.26982773e+02, 2.05168259e+02, 2.32020294e+02,
    1.91618210e+02, 2.34905487e+02, 1.78157990e+02, 2.36084976e+02,
    1.64521027e+02, 2.37683731e+02, 1.50384720e+02, 1.49436356e+02,
    1.36166779e+02, 1.56185760e+02, 1.30894760e+02, 1.64522766e+02,
    1.31086472e+02, 1.72624588e+02, 1.31949036e+02, 1.80173813e+02,
    1.34558258e+02, 1.97057190e+02, 1.34786102e+02, 2.05302155e+02,
    1.31333054e+02, 2.14753418e+02, 1.29698975e+02, 2.23828735e+02,
    1.29698975e+02, 2.29172470e+02, 1.35371796e+02, 1.88037888e+02,
    1.44872742e+02, 1.87699783e+02, 1.53890137e+02, 1.87515533e+02,
    1.63175766e+02, 1.87186447e+02, 1.72546906e+02, 1.77144196e+02,
    1.78219009e+02, 1.81550568e+02, 1.80345200e+02, 1.87279617e+02,
    1.82674927e+02, 1.93526276e+02, 1.80888840e+02, 1.99104279e+02,
    1.79444992e+02, 1.55696106e+02, 1.46403305e+02, 1.60945984e+02,
    1.44127457e+02, 1.67274200e+02, 1.43675262e+02, 1.72191879e+02,
    1.46408676e+02, 1.66546097e+02, 1.48033966e+02, 1.60689941e+02,
    1.47942764e+02, 2.03614685e+02, 1.45778809e+02, 2.09486908e+02,
    1.43292984e+02, 2.15644577e+02, 1.43861679e+02, 2.20060608e+02,
    1.46241440e+02, 2.15611801e+02, 1.48146683e+02, 2.09821304e+02,
    1.48080688e+02, 1.68262390e+02, 1.99934937e+02, 1.76052399e+02,
    1.97867920e+02, 1.81482742e+02, 1.97150208e+02, 1.87241852e+02,
    1.98364868e+02, 1.93787186e+02, 1.97443634e+02, 2.01218231e+02,
    1.98270111e+02, 2.07624268e+02, 2.01078262e+02, 2.01559799e+02,
    2.05238739e+02, 1.94203232e+02, 2.05886734e+02, 1.87483932e+02,
    2.06029312e+02, 1.81676788e+02, 2.05646820e+02, 1.76261520e+02,
    2.03979263e+02, 1.71299042e+02, 2.00145355e+02, 1.81714279e+02,
    2.00517975e+02, 1.87507355e+02, 2.01418045e+02, 1.93920334e+02,
    2.01148071e+02, 2.04769608e+02, 2.01205246e+02, 1.93920334e+02,
    2.01148071e+02, 1.87507355e+02, 2.01418045e+02, 1.81714279e+02,
    2.00517975e+02 ]
noOfLandmarkPoint: 68
