%YAML:1.0
landmark: [ 8.60412750e+01, 1.89686096e+02, 8.10491867e+01,
    2.26298309e+02, 8.23541641e+01, 2.59927429e+02, 8.72870712e+01,
    2.90875977e+02, 9.39564438e+01, 3.20814758e+02, 1.10483139e+02,
    3.45157043e+02, 1.34842255e+02, 3.63010315e+02, 1.66750061e+02,
    3.78339844e+02, 1.95183960e+02, 3.84661041e+02, 2.23568558e+02,
    3.84166809e+02, 2.42435593e+02, 3.72086792e+02, 2.61059113e+02,
    3.53308044e+02, 2.75269867e+02, 3.32603058e+02, 2.83353546e+02,
    3.05204956e+02, 2.86496094e+02, 2.79418274e+02, 2.92814453e+02,
    2.50040894e+02, 2.96459503e+02, 2.24433441e+02, 1.21498764e+02,
    1.81974228e+02, 1.41224518e+02, 1.66211594e+02, 1.64138794e+02,
    1.67033936e+02, 1.83751266e+02, 1.73998062e+02, 2.04488831e+02,
    1.81888168e+02, 2.33240463e+02, 1.84902832e+02, 2.55002808e+02,
    1.81915497e+02, 2.71734253e+02, 1.83819092e+02, 2.86660919e+02,
    1.86337860e+02, 2.93237000e+02, 1.98126419e+02, 2.18681488e+02,
    2.04604919e+02, 2.18870529e+02, 2.22826279e+02, 2.20169754e+02,
    2.41348419e+02, 2.22462692e+02, 2.61269897e+02, 1.91371735e+02,
    2.72721375e+02, 2.02759155e+02, 2.77657715e+02, 2.13829529e+02,
    2.81010986e+02, 2.22798157e+02, 2.78422760e+02, 2.31564911e+02,
    2.76601288e+02, 1.47005203e+02, 1.95669006e+02, 1.59804291e+02,
    1.91202301e+02, 1.73480789e+02, 1.94219620e+02, 1.83303329e+02,
    2.03182892e+02, 1.71515182e+02, 2.03798401e+02, 1.57630508e+02,
    2.01705811e+02, 2.38186844e+02, 2.11892105e+02, 2.51136276e+02,
    2.03771072e+02, 2.63893585e+02, 2.04753113e+02, 2.74155060e+02,
    2.12586777e+02, 2.64215942e+02, 2.15622284e+02, 2.50440170e+02,
    2.15522171e+02, 1.63614578e+02, 3.06520142e+02, 1.85222961e+02,
    3.03352600e+02, 2.00230118e+02, 3.04123077e+02, 2.11566437e+02,
    3.07703979e+02, 2.24413177e+02, 3.06368652e+02, 2.35490921e+02,
    3.08126831e+02, 2.41774643e+02, 3.16001099e+02, 2.32149094e+02,
    3.26953339e+02, 2.20445221e+02, 3.30432068e+02, 2.06433365e+02,
    3.31220703e+02, 1.93997940e+02, 3.29022705e+02, 1.79208786e+02,
    3.22379608e+02, 1.68730545e+02, 3.08767670e+02, 1.97389633e+02,
    3.15438782e+02, 2.09544449e+02, 3.17571960e+02, 2.22462692e+02,
    3.17008881e+02, 2.37729401e+02, 3.16379395e+02, 2.22462692e+02,
    3.17008881e+02, 2.09544449e+02, 3.17571960e+02, 1.97389633e+02,
    3.15438782e+02 ]
noOfLandmarkPoint: 68
