%YAML:1.0
landmark: [ 1.00307449e+02, 1.40846710e+02, 1.03675003e+02,
    1.60789825e+02, 1.06236481e+02, 1.78927979e+02, 1.09477242e+02,
    1.96006119e+02, 1.15897514e+02, 2.12898605e+02, 1.23735184e+02,
    2.26689774e+02, 1.32127426e+02, 2.37064835e+02, 1.46540298e+02,
    2.44206268e+02, 1.62650253e+02, 2.46185486e+02, 1.80292099e+02,
    2.46596924e+02, 1.96066269e+02, 2.44024902e+02, 2.19374710e+02,
    2.29097214e+02, 2.36611374e+02, 2.14682892e+02, 2.48550476e+02,
    1.98111954e+02, 2.54288330e+02, 1.79546921e+02, 2.55825653e+02,
    1.60255035e+02, 2.56139526e+02, 1.40948746e+02, 1.06636803e+02,
    1.10308922e+02, 1.18457748e+02, 1.05011650e+02, 1.29515289e+02,
    1.06094765e+02, 1.41594803e+02, 1.07978508e+02, 1.52033279e+02,
    1.13707863e+02, 1.64635559e+02, 1.08780113e+02, 1.79737701e+02,
    1.06531403e+02, 1.93730087e+02, 1.02513489e+02, 2.09053497e+02,
    1.02886620e+02, 2.20329697e+02, 1.08655121e+02, 1.57711197e+02,
    1.27621323e+02, 1.55946426e+02, 1.37474167e+02, 1.54175613e+02,
    1.48210434e+02, 1.51350922e+02, 1.59441452e+02, 1.45024490e+02,
    1.73625900e+02, 1.49464127e+02, 1.74183319e+02, 1.55248291e+02,
    1.75614777e+02, 1.60883698e+02, 1.74170883e+02, 1.66427948e+02,
    1.73183762e+02, 1.17864906e+02, 1.31295914e+02, 1.25199448e+02,
    1.25199173e+02, 1.34968964e+02, 1.24666008e+02, 1.43278168e+02,
    1.30983276e+02, 1.35534470e+02, 1.36649857e+02, 1.25605782e+02,
    1.37717407e+02, 1.82390503e+02, 1.30217407e+02, 1.91056824e+02,
    1.22644203e+02, 2.00378479e+02, 1.23094330e+02, 2.07494507e+02,
    1.28707428e+02, 2.01110718e+02, 1.33452972e+02, 1.91528305e+02,
    1.33322205e+02, 1.39121124e+02, 2.02546783e+02, 1.44192032e+02,
    1.93691559e+02, 1.50788452e+02, 1.89477005e+02, 1.57144974e+02,
    1.90957870e+02, 1.64609268e+02, 1.87253540e+02, 1.75528580e+02,
    1.89623993e+02, 1.87806305e+02, 1.98218719e+02, 1.77787567e+02,
    2.04616440e+02, 1.68042023e+02, 2.06466324e+02, 1.59913055e+02,
    2.07989410e+02, 1.53190384e+02, 2.08610641e+02, 1.46012177e+02,
    2.06385620e+02, 1.43094894e+02, 1.99281235e+02, 1.52299591e+02,
    1.96909485e+02, 1.58239258e+02, 1.96965912e+02, 1.66393631e+02,
    1.95266251e+02, 1.83279572e+02, 1.97256897e+02, 1.66393631e+02,
    1.95266251e+02, 1.58239258e+02, 1.96965912e+02, 1.52299591e+02,
    1.96909485e+02 ]
noOfLandmarkPoint: 68
