%YAML:1.0
landmark: [ 1.33579712e+02, 1.68461624e+02, 1.29288010e+02,
    1.90679810e+02, 1.26124878e+02, 2.14190125e+02, 1.28783615e+02,
    2.38407791e+02, 1.40786713e+02, 2.57758606e+02, 1.59554565e+02,
    2.72906647e+02, 1.79826233e+02, 2.83498596e+02, 2.03025696e+02,
    2.96062134e+02, 2.21819687e+02, 3.00326050e+02, 2.35764893e+02,
    2.96031952e+02, 2.48358185e+02, 2.79371796e+02, 2.61754761e+02,
    2.62663818e+02, 2.67613556e+02, 2.46740463e+02, 2.73062439e+02,
    2.32230164e+02, 2.78625122e+02, 2.16151321e+02, 2.79308655e+02,
    2.00531250e+02, 2.77505707e+02, 1.88343628e+02, 1.80790283e+02,
    1.60507095e+02, 1.94692108e+02, 1.52672806e+02, 2.07762802e+02,
    1.53139893e+02, 2.21625732e+02, 1.58839050e+02, 2.33271774e+02,
    1.66745071e+02, 2.52423325e+02, 1.69019775e+02, 2.64496185e+02,
    1.65071503e+02, 2.74654022e+02, 1.63157944e+02, 2.83978577e+02,
    1.66976791e+02, 2.83702820e+02, 1.75974854e+02, 2.42271729e+02,
    1.81364456e+02, 2.43652328e+02, 1.93610794e+02, 2.45269989e+02,
    2.06058701e+02, 2.46912140e+02, 2.18807465e+02, 2.25288147e+02,
    2.22678711e+02, 2.32940796e+02, 2.25467926e+02, 2.39136612e+02,
    2.29709045e+02, 2.45535614e+02, 2.27550339e+02, 2.50843231e+02,
    2.23918762e+02, 1.92169861e+02, 1.71202866e+02, 2.01066391e+02,
    1.68767181e+02, 2.10400970e+02, 1.70116150e+02, 2.15179520e+02,
    1.76662003e+02, 2.07388062e+02, 1.76703308e+02, 1.98633179e+02,
    1.75016327e+02, 2.48201859e+02, 1.83240021e+02, 2.54530472e+02,
    1.77422150e+02, 2.63238342e+02, 1.77434464e+02, 2.69713318e+02,
    1.83510727e+02, 2.64290100e+02, 1.84349976e+02, 2.57119934e+02,
    1.84669708e+02, 1.94015381e+02, 2.41765503e+02, 2.12640350e+02,
    2.40325485e+02, 2.26136627e+02, 2.41312271e+02, 2.33421722e+02,
    2.43704758e+02, 2.39363190e+02, 2.43355103e+02, 2.49196365e+02,
    2.47514160e+02, 2.47018265e+02, 2.51237411e+02, 2.42377853e+02,
    2.57203766e+02, 2.36301559e+02, 2.58583099e+02, 2.30151245e+02,
    2.58656952e+02, 2.22271057e+02, 2.57547455e+02, 2.10008133e+02,
    2.52898071e+02, 2.00425278e+02, 2.43714767e+02, 2.24505859e+02,
    2.49137405e+02, 2.31954773e+02, 2.49682144e+02, 2.38385727e+02,
    2.50205597e+02, 2.44621704e+02, 2.51013321e+02, 2.38385727e+02,
    2.50205597e+02, 2.31954773e+02, 2.49682144e+02, 2.24505859e+02,
    2.49137405e+02 ]
noOfLandmarkPoint: 68
