%YAML:1.0
landmark: [ 4.57450348e+02, 2.74724213e+02, 4.60851349e+02,
    2.99968292e+02, 4.67259308e+02, 3.24296173e+02, 4.75678986e+02,
    3.45940277e+02, 4.87875946e+02, 3.64974792e+02, 5.01812073e+02,
    3.82385254e+02, 5.16552368e+02, 3.97500366e+02, 5.37810486e+02,
    4.12586273e+02, 5.62031128e+02, 4.13518707e+02, 5.86682617e+02,
    4.10454742e+02, 6.09669617e+02, 3.98852264e+02, 6.24458374e+02,
    3.75815063e+02, 6.32136292e+02, 3.51248260e+02, 6.36549744e+02,
    3.25822998e+02, 6.36748901e+02, 3.01194336e+02, 6.37714905e+02,
    2.77672394e+02, 6.35529907e+02, 2.52310226e+02, 4.63166534e+02,
    2.56205627e+02, 4.75319580e+02, 2.45692368e+02, 4.88967041e+02,
    2.40201538e+02, 5.04082581e+02, 2.40298264e+02, 5.16876221e+02,
    2.43343384e+02, 5.49609924e+02, 2.36929977e+02, 5.69325439e+02,
    2.30905182e+02, 5.87119263e+02, 2.25348053e+02, 6.06663574e+02,
    2.26131592e+02, 6.20675720e+02, 2.35335938e+02, 5.38682190e+02,
    2.59584473e+02, 5.41395813e+02, 2.79084534e+02, 5.43565979e+02,
    2.98749207e+02, 5.45843384e+02, 3.19813721e+02, 5.28085632e+02,
    3.23859100e+02, 5.38218567e+02, 3.26099579e+02, 5.48178223e+02,
    3.29034515e+02, 5.58597107e+02, 3.24273041e+02, 5.67644348e+02,
    3.20326080e+02, 4.82257996e+02, 2.69241455e+02, 4.90085144e+02,
    2.61384216e+02, 5.05255981e+02, 2.59663452e+02, 5.16785889e+02,
    2.68373871e+02, 5.04400482e+02, 2.71586029e+02, 4.91662079e+02,
    2.73123566e+02, 5.67810547e+02, 2.61201721e+02, 5.76153320e+02,
    2.49341156e+02, 5.89335571e+02, 2.46936417e+02, 5.99794189e+02,
    2.51708435e+02, 5.92308899e+02, 2.59821533e+02, 5.81479492e+02,
    2.62587250e+02, 5.17503662e+02, 3.48435699e+02, 5.27882690e+02,
    3.44692780e+02, 5.43024353e+02, 3.41649689e+02, 5.51669373e+02,
    3.43910034e+02, 5.60991943e+02, 3.39596222e+02, 5.76777344e+02,
    3.38476227e+02, 5.93220764e+02, 3.37690033e+02, 5.82011597e+02,
    3.62223663e+02, 5.66154846e+02, 3.67413849e+02, 5.56014038e+02,
    3.69991760e+02, 5.47099609e+02, 3.70949982e+02, 5.32759949e+02,
    3.69997528e+02, 5.22343872e+02, 3.48879547e+02, 5.43913879e+02,
    3.49662994e+02, 5.52414246e+02, 3.50252167e+02, 5.62275085e+02,
    3.46993774e+02, 5.89494629e+02, 3.40237457e+02, 5.64774536e+02,
    3.59866394e+02, 5.54257507e+02, 3.60652710e+02, 5.45606384e+02,
    3.61113312e+02 ]
noOfLandmarkPoint: 68
