%YAML:1.0
landmark: [ 2.43279892e+02, 2.83223907e+02, 2.44531815e+02,
    3.13738403e+02, 2.50998840e+02, 3.42364746e+02, 2.55701202e+02,
    3.72220184e+02, 2.66159760e+02, 3.98912720e+02, 2.81392365e+02,
    4.22123474e+02, 2.98402100e+02, 4.44620911e+02, 3.15658142e+02,
    4.66080536e+02, 3.40080383e+02, 4.75751587e+02, 3.68198883e+02,
    4.70487457e+02, 3.92330505e+02, 4.53694550e+02, 4.13568024e+02,
    4.33220886e+02, 4.33542633e+02, 4.11473206e+02, 4.46814514e+02,
    3.84582947e+02, 4.51353973e+02, 3.56574554e+02, 4.55880035e+02,
    3.24878693e+02, 4.56506042e+02, 2.97442780e+02, 2.60624878e+02,
    2.73513000e+02, 2.74374939e+02, 2.60414490e+02, 2.91641296e+02,
    2.58739899e+02, 3.09770508e+02, 2.63163361e+02, 3.25038574e+02,
    2.70340912e+02, 3.70590668e+02, 2.75307251e+02, 3.89389069e+02,
    2.69088135e+02, 4.06638275e+02, 2.67939789e+02, 4.24326721e+02,
    2.71005585e+02, 4.35714081e+02, 2.82155914e+02, 3.46306885e+02,
    2.92378662e+02, 3.45054504e+02, 3.16264801e+02, 3.43758759e+02,
    3.40056824e+02, 3.42553986e+02, 3.64896057e+02, 3.21912842e+02,
    3.64359314e+02, 3.31072479e+02, 3.70488434e+02, 3.42299652e+02,
    3.75414093e+02, 3.56080688e+02, 3.72221527e+02, 3.66561279e+02,
    3.66739746e+02, 2.78768829e+02, 2.91589203e+02, 2.92589539e+02,
    2.87412445e+02, 3.06503662e+02, 2.91345581e+02, 3.14715424e+02,
    2.98318085e+02, 3.03946716e+02, 2.98685028e+02, 2.89223114e+02,
    2.96139465e+02, 3.78909851e+02, 3.00132690e+02, 3.90125854e+02,
    2.93896606e+02, 4.04147186e+02, 2.93934631e+02, 4.14705109e+02,
    2.99034698e+02, 4.04002258e+02, 3.01669525e+02, 3.91798798e+02,
    3.02346222e+02, 2.93027191e+02, 3.84252045e+02, 3.17754944e+02,
    3.86426666e+02, 3.34171326e+02, 3.88103912e+02, 3.44171906e+02,
    3.89615173e+02, 3.59304413e+02, 3.87801697e+02, 3.77158966e+02,
    3.86010895e+02, 3.98757233e+02, 3.88090118e+02, 3.80772491e+02,
    4.16258820e+02, 3.61167297e+02, 4.29421356e+02, 3.44202881e+02,
    4.30014618e+02, 3.30930328e+02, 4.29806519e+02, 3.15199463e+02,
    4.21102356e+02, 2.99405884e+02, 3.87806183e+02, 3.33823212e+02,
    3.93301727e+02, 3.44096680e+02, 3.93849091e+02, 3.59900177e+02,
    3.92472565e+02, 3.92155823e+02, 3.90266602e+02, 3.60415710e+02,
    4.15014709e+02, 3.44171326e+02, 4.16733459e+02, 3.32270813e+02,
    4.14572296e+02 ]
noOfLandmarkPoint: 68
