%YAML:1.0
landmark: [ 4.32762970e+02, 6.52707642e+02, 4.35593414e+02,
    7.01202393e+02, 4.39358124e+02, 7.51105530e+02, 4.53050171e+02,
    8.04759521e+02, 4.74662628e+02, 8.64506897e+02, 5.01908295e+02,
    9.14368530e+02, 5.47572693e+02, 9.59991333e+02, 5.94129761e+02,
    1.01561072e+03, 6.43015564e+02, 1.02167645e+03, 6.93420410e+02,
    1.01987714e+03, 7.26354675e+02, 9.69444641e+02, 7.64043274e+02,
    9.27140137e+02, 7.90884094e+02, 8.62164368e+02, 8.15340820e+02,
    8.00046692e+02, 8.34638428e+02, 7.44022461e+02, 8.42167847e+02,
    6.91804504e+02, 8.44008667e+02, 6.49430786e+02, 4.94595093e+02,
    6.42235413e+02, 5.30859436e+02, 6.29248474e+02, 5.66174622e+02,
    6.32753235e+02, 6.08852966e+02, 6.47603821e+02, 6.39918701e+02,
    6.65994812e+02, 7.07436096e+02, 6.67080383e+02, 7.44676758e+02,
    6.45055176e+02, 7.79376282e+02, 6.33242065e+02, 8.15438354e+02,
    6.25613220e+02, 8.26570251e+02, 6.61916077e+02, 6.76553955e+02,
    7.01346680e+02, 6.75945984e+02, 7.48682800e+02, 6.74198242e+02,
    7.96401428e+02, 6.72042297e+02, 8.41146301e+02, 6.21430786e+02,
    8.32888306e+02, 6.43661072e+02, 8.51781067e+02, 6.68922119e+02,
    8.65984436e+02, 7.00094421e+02, 8.51781067e+02, 7.17240051e+02,
    8.33515808e+02, 5.31875549e+02, 6.84781616e+02, 5.65197571e+02,
    6.82020691e+02, 5.95885498e+02, 6.86901733e+02, 6.12488770e+02,
    7.02669434e+02, 5.87251770e+02, 7.11235779e+02, 5.54202637e+02,
    7.05482239e+02, 7.32287964e+02, 7.05005615e+02, 7.50217651e+02,
    6.86303284e+02, 7.76743958e+02, 6.84829834e+02, 7.98614197e+02,
    6.90303589e+02, 7.82192078e+02, 7.07294617e+02, 7.60232239e+02,
    7.16261169e+02, 5.84435120e+02, 8.91845642e+02, 6.25333923e+02,
    8.95641846e+02, 6.47448120e+02, 8.94233582e+02, 6.62168274e+02,
    9.04705261e+02, 6.82582214e+02, 8.94136597e+02, 7.08513672e+02,
    8.95381714e+02, 7.29184387e+02, 8.97530762e+02, 7.09616943e+02,
    9.21247009e+02, 6.84688660e+02, 9.33167358e+02, 6.61523743e+02,
    9.37470276e+02, 6.42710693e+02, 9.35531433e+02, 6.24548096e+02,
    9.31944092e+02, 5.96067444e+02, 9.00745667e+02, 6.46025940e+02,
    9.08763000e+02, 6.61908325e+02, 9.12472290e+02, 6.85403137e+02,
    9.08721436e+02, 7.20247375e+02, 8.98403137e+02, 6.85403137e+02,
    9.08721436e+02, 6.61908325e+02, 9.12472290e+02, 6.46025940e+02,
    9.08763000e+02 ]
noOfLandmarkPoint: 68
