%YAML:1.0
landmark: [ 1.20222481e+02, 9.76499557e+01, 1.19227646e+02,
    1.07215408e+02, 1.19845253e+02, 1.17865135e+02, 1.23328491e+02,
    1.28288574e+02, 1.27850594e+02, 1.38683731e+02, 1.31868973e+02,
    1.48731247e+02, 1.36442841e+02, 1.58070770e+02, 1.42686844e+02,
    1.67333206e+02, 1.53081192e+02, 1.69245346e+02, 1.67194809e+02,
    1.68467834e+02, 1.81221252e+02, 1.65335159e+02, 1.95415024e+02,
    1.56985519e+02, 2.08313828e+02, 1.47622818e+02, 2.15356171e+02,
    1.35650345e+02, 2.19485184e+02, 1.17908463e+02, 2.20867462e+02,
    1.03838402e+02, 2.21815369e+02, 8.85751266e+01, 1.17704803e+02,
    7.59455643e+01, 1.21191887e+02, 7.00382233e+01, 1.27014122e+02,
    6.79088821e+01, 1.34162033e+02, 6.82931519e+01, 1.40211899e+02,
    7.17082520e+01, 1.56076828e+02, 7.07963486e+01, 1.64408035e+02,
    6.51516037e+01, 1.75103455e+02, 6.25271988e+01, 1.86977554e+02,
    6.44909363e+01, 1.95643005e+02, 6.93706818e+01, 1.47966095e+02,
    8.55017395e+01, 1.46720459e+02, 9.30599747e+01, 1.45121201e+02,
    1.00780251e+02, 1.43415344e+02, 1.07854919e+02, 1.41712250e+02,
    1.19844627e+02, 1.44188629e+02, 1.20827988e+02, 1.46806335e+02,
    1.21635841e+02, 1.51642410e+02, 1.20276939e+02, 1.56083511e+02,
    1.18868835e+02, 1.26415962e+02, 9.14891281e+01, 1.28248322e+02,
    8.39909134e+01, 1.34750443e+02, 8.18930817e+01, 1.42526871e+02,
    8.86427155e+01, 1.35773071e+02, 9.21244888e+01, 1.30225510e+02,
    9.31036606e+01, 1.66760468e+02, 8.68862915e+01, 1.73030380e+02,
    7.71354980e+01, 1.82727020e+02, 7.84997025e+01, 1.87740295e+02,
    8.50034485e+01, 1.81784851e+02, 8.70836945e+01, 1.74227982e+02,
    8.84247284e+01, 1.35893341e+02, 1.41906540e+02, 1.38124573e+02,
    1.33525269e+02, 1.43311646e+02, 1.30342346e+02, 1.46518280e+02,
    1.30974289e+02, 1.50153976e+02, 1.29635910e+02, 1.61351700e+02,
    1.34104004e+02, 1.69513168e+02, 1.40685806e+02, 1.63393661e+02,
    1.46321320e+02, 1.52977188e+02, 1.47150146e+02, 1.49023438e+02,
    1.47573547e+02, 1.45132843e+02, 1.47494507e+02, 1.39849365e+02,
    1.45282043e+02, 1.38473724e+02, 1.41394974e+02, 1.44463425e+02,
    1.38409134e+02, 1.47346512e+02, 1.38547058e+02, 1.51418732e+02,
    1.37601822e+02, 1.66895004e+02, 1.40577759e+02, 1.51418732e+02,
    1.37601822e+02, 1.47346512e+02, 1.38547058e+02, 1.44463425e+02,
    1.38409134e+02 ]
noOfLandmarkPoint: 68
