%YAML:1.0
landmark: [ 1.18777641e+02, 3.50806732e+02, 1.18295410e+02,
    3.63982422e+02, 1.20121155e+02, 3.75451385e+02, 1.21801582e+02,
    3.86027924e+02, 1.24242737e+02, 4.00556824e+02, 1.27924942e+02,
    4.11579559e+02, 1.32675583e+02, 4.23653656e+02, 1.40493027e+02,
    4.33286621e+02, 1.54403122e+02, 4.33753296e+02, 1.67888519e+02,
    4.31079071e+02, 1.81595657e+02, 4.26148956e+02, 1.94720062e+02,
    4.18725128e+02, 2.07719971e+02, 4.07797852e+02, 2.13639481e+02,
    3.93877228e+02, 2.14581787e+02, 3.77853851e+02, 2.16280380e+02,
    3.63311035e+02, 2.15771500e+02, 3.50259644e+02, 1.18555359e+02,
    3.36817352e+02, 1.23837784e+02, 3.31880890e+02, 1.30347504e+02,
    3.30461060e+02, 1.37685455e+02, 3.32320251e+02, 1.44610031e+02,
    3.34653625e+02, 1.56687225e+02, 3.32240265e+02, 1.69651917e+02,
    3.28524261e+02, 1.81123184e+02, 3.28988617e+02, 1.95302139e+02,
    3.30194550e+02, 2.03282410e+02, 3.37014893e+02, 1.50228500e+02,
    3.45605896e+02, 1.47273148e+02, 3.58051971e+02, 1.44549805e+02,
    3.69389282e+02, 1.42104446e+02, 3.80011078e+02, 1.38632431e+02,
    3.88348541e+02, 1.42068756e+02, 3.90596527e+02, 1.46037903e+02,
    3.92321106e+02, 1.51378494e+02, 3.90046906e+02, 1.57932526e+02,
    3.89342224e+02, 1.26149361e+02, 3.48728058e+02, 1.29351410e+02,
    3.43701172e+02, 1.36655136e+02, 3.43435242e+02, 1.44565140e+02,
    3.48433075e+02, 1.37886658e+02, 3.51864655e+02, 1.31898392e+02,
    3.51849030e+02, 1.72555298e+02, 3.49133118e+02, 1.79806030e+02,
    3.42911255e+02, 1.87755142e+02, 3.43367706e+02, 1.95797409e+02,
    3.48254669e+02, 1.88975723e+02, 3.52239929e+02, 1.80718903e+02,
    3.52537384e+02, 1.34277435e+02, 4.07273163e+02, 1.37728500e+02,
    4.02938477e+02, 1.42084320e+02, 4.01288574e+02, 1.45277481e+02,
    4.02224945e+02, 1.50038208e+02, 4.01532501e+02, 1.57529160e+02,
    4.03374695e+02, 1.67226044e+02, 4.06834778e+02, 1.57308548e+02,
    4.09575897e+02, 1.50476532e+02, 4.11764404e+02, 1.45937073e+02,
    4.12741974e+02, 1.41818649e+02, 4.12008911e+02, 1.38699387e+02,
    4.11264008e+02, 1.36503113e+02, 4.07088837e+02, 1.41800156e+02,
    4.06529602e+02, 1.45299026e+02, 4.06910461e+02, 1.50287537e+02,
    4.06825287e+02, 1.63935120e+02, 4.07258057e+02, 1.50287537e+02,
    4.06825287e+02, 1.45299026e+02, 4.06910461e+02, 1.41800156e+02,
    4.06529602e+02 ]
noOfLandmarkPoint: 68
