%YAML:1.0
landmark: [ 8.15899429e+01, 8.05150604e+01, 8.14365005e+01,
    9.61208420e+01, 8.23534088e+01, 1.12186348e+02, 8.58721390e+01,
    1.27944588e+02, 9.18382492e+01, 1.43858429e+02, 1.05455780e+02,
    1.54570206e+02, 1.20757629e+02, 1.61455597e+02, 1.32692215e+02,
    1.65586716e+02, 1.48759705e+02, 1.66505203e+02, 1.62835983e+02,
    1.65434250e+02, 1.74920273e+02, 1.56864349e+02, 1.85017899e+02,
    1.47836685e+02, 1.90066315e+02, 1.37738083e+02, 1.94502945e+02,
    1.25650635e+02, 1.97256821e+02, 1.12799522e+02, 1.97409866e+02,
    9.71937485e+01, 1.95573090e+02, 8.35774002e+01, 1.03162621e+02,
    7.48574066e+01, 1.11425049e+02, 7.04205856e+01, 1.20452126e+02,
    6.76669083e+01, 1.29784897e+02, 6.67490082e+01, 1.38046539e+02,
    6.96561356e+01, 1.59006439e+02, 6.93494492e+01, 1.66656677e+02,
    6.62894745e+01, 1.74765259e+02, 6.67490082e+01, 1.84557571e+02,
    6.81262436e+01, 1.90371628e+02, 7.33279114e+01, 1.50898239e+02,
    8.29657974e+01, 1.51663086e+02, 9.26046753e+01, 1.52274689e+02,
    1.01631744e+02, 1.52580383e+02, 1.11424454e+02, 1.38352829e+02,
    1.15708420e+02, 1.44625244e+02, 1.17544212e+02, 1.50744995e+02,
    1.18768005e+02, 1.56405609e+02, 1.17544212e+02, 1.60842422e+02,
    1.14637283e+02, 1.12037041e+02, 7.97535629e+01, 1.19992386e+02,
    7.66937866e+01, 1.28866226e+02, 7.63876877e+01, 1.34220535e+02,
    8.02127075e+01, 1.27795280e+02, 8.15893478e+01, 1.19839340e+02,
    8.18956451e+01, 1.62372910e+02, 8.15897446e+01, 1.68492859e+02,
    7.60813980e+01, 1.76601440e+02, 7.63874893e+01, 1.82262253e+02,
    8.09777527e+01, 1.76907547e+02, 8.23545914e+01, 1.68645309e+02,
    8.18958435e+01, 1.21734268e+02, 1.32067398e+02, 1.32691238e+02,
    1.28407471e+02, 1.42953964e+02, 1.26130058e+02, 1.50419067e+02,
    1.26915710e+02, 1.56385391e+02, 1.25211967e+02, 1.63719971e+02,
    1.25844772e+02, 1.68721497e+02, 1.29475510e+02, 1.63902390e+02,
    1.34374176e+02, 1.57323502e+02, 1.39270721e+02, 1.50745193e+02,
    1.38964432e+02, 1.42636597e+02, 1.40035568e+02, 1.32997330e+02,
    1.35292068e+02, 1.24938728e+02, 1.31873322e+02, 1.43065186e+02,
    1.31393753e+02, 1.50500931e+02, 1.31567413e+02, 1.56711899e+02,
    1.30396103e+02, 1.66638565e+02, 1.29375153e+02, 1.56711899e+02,
    1.30396103e+02, 1.50500931e+02, 1.31567413e+02, 1.43065186e+02,
    1.31393753e+02 ]
noOfLandmarkPoint: 68
