%YAML:1.0
landmark: [ 1.32510880e+02, 2.50851028e+02, 1.29596283e+02,
    2.81560333e+02, 1.27740990e+02, 3.08641479e+02, 1.28001663e+02,
    3.36565613e+02, 1.35416245e+02, 3.63723480e+02, 1.55379181e+02,
    3.85194763e+02, 1.74864014e+02, 3.99630676e+02, 2.01535156e+02,
    4.14256622e+02, 2.28874802e+02, 4.23313904e+02, 2.56037933e+02,
    4.21502411e+02, 2.79465851e+02, 4.11236694e+02, 3.03916046e+02,
    3.99474487e+02, 3.19827576e+02, 3.80235657e+02, 3.34648132e+02,
    3.58690399e+02, 3.39095795e+02, 3.32290131e+02, 3.41672821e+02,
    3.02994385e+02, 3.43105804e+02, 2.74619232e+02, 1.53105713e+02,
    2.24846237e+02, 1.66214127e+02, 2.07180847e+02, 1.87940186e+02,
    2.00321259e+02, 2.09346054e+02, 1.98855576e+02, 2.27837326e+02,
    2.07332687e+02, 2.72454132e+02, 2.13303101e+02, 2.93408691e+02,
    2.11120148e+02, 3.12319458e+02, 2.17580872e+02, 3.28208130e+02,
    2.28082077e+02, 3.37617889e+02, 2.44362228e+02, 2.52624100e+02,
    2.37694824e+02, 2.51576492e+02, 2.49573669e+02, 2.50533646e+02,
    2.60765930e+02, 2.48584503e+02, 2.74954987e+02, 2.18726562e+02,
    2.88402618e+02, 2.29223297e+02, 2.92797485e+02, 2.40142059e+02,
    2.97833893e+02, 2.51284866e+02, 2.97106018e+02, 2.62069244e+02,
    2.95846069e+02, 1.85009415e+02, 2.30507278e+02, 1.96006531e+02,
    2.25453262e+02, 2.07099350e+02, 2.26450760e+02, 2.17768570e+02,
    2.33203644e+02, 2.06398071e+02, 2.33868073e+02, 1.95411423e+02,
    2.32663193e+02, 2.73310852e+02, 2.42998825e+02, 2.86727997e+02,
    2.37340973e+02, 2.98480713e+02, 2.40587662e+02, 3.07330231e+02,
    2.48219818e+02, 2.96918488e+02, 2.48427338e+02, 2.85533173e+02,
    2.46154755e+02, 1.81807098e+02, 3.21784851e+02, 2.01777954e+02,
    3.19847900e+02, 2.25817383e+02, 3.20785736e+02, 2.33420959e+02,
    3.25155792e+02, 2.45061478e+02, 3.23493774e+02, 2.62713074e+02,
    3.29652283e+02, 2.86072418e+02, 3.36643280e+02, 2.60849670e+02,
    3.53849121e+02, 2.40952225e+02, 3.54467682e+02, 2.29832031e+02,
    3.54076843e+02, 2.18476669e+02, 3.52604187e+02, 1.93823914e+02,
    3.40590393e+02, 1.85266647e+02, 3.24053223e+02, 2.24620438e+02,
    3.25825043e+02, 2.32591003e+02, 3.29757355e+02, 2.44449509e+02,
    3.29239594e+02, 2.82463959e+02, 3.37373505e+02, 2.41778015e+02,
    3.46027557e+02, 2.30953354e+02, 3.45926422e+02, 2.19566696e+02,
    3.45167633e+02 ]
noOfLandmarkPoint: 68
