%YAML:1.0
landmark: [ 1.33398193e+02, 2.83935791e+02, 1.20118576e+02,
    3.13462952e+02, 1.12877464e+02, 3.48999603e+02, 1.14991440e+02,
    3.93820557e+02, 1.21888535e+02, 4.34819092e+02, 1.33825165e+02,
    4.81006805e+02, 1.43434341e+02, 5.40882568e+02, 1.67542542e+02,
    5.68300415e+02, 2.07110489e+02, 5.78870239e+02, 2.57526154e+02,
    5.80108826e+02, 3.05016266e+02, 5.61018677e+02, 3.56914307e+02,
    5.37742737e+02, 4.05612671e+02, 5.08425201e+02, 4.42578156e+02,
    4.69094818e+02, 4.59842072e+02, 4.20311890e+02, 4.66148590e+02,
    3.64410797e+02, 4.72761017e+02, 3.14242065e+02, 1.34850250e+02,
    2.26494827e+02, 1.51591461e+02, 2.11867584e+02, 1.75574005e+02,
    2.20013519e+02, 1.98470886e+02, 2.31156433e+02, 2.16638397e+02,
    2.46001724e+02, 2.72270050e+02, 2.46941132e+02, 2.99300323e+02,
    2.40321259e+02, 3.28386810e+02, 2.36037018e+02, 3.61549683e+02,
    2.44854568e+02, 3.87148743e+02, 2.64553986e+02, 2.38931274e+02,
    2.76908264e+02, 2.30638443e+02, 2.96839417e+02, 2.21784973e+02,
    3.16833832e+02, 2.11079407e+02, 3.38747864e+02, 1.83273911e+02,
    3.63978149e+02, 1.98573349e+02, 3.68775452e+02, 2.15694580e+02,
    3.76353607e+02, 2.40784943e+02, 3.74754822e+02, 2.61019135e+02,
    3.74201965e+02, 1.58638229e+02, 2.72767853e+02, 1.74022400e+02,
    2.64245453e+02, 1.92723404e+02, 2.65397461e+02, 2.12363510e+02,
    2.79686401e+02, 1.90459869e+02, 2.79497742e+02, 1.71743301e+02,
    2.78603638e+02, 3.01949127e+02, 2.89276459e+02, 3.21498199e+02,
    2.80946533e+02, 3.42775116e+02, 2.86561981e+02, 3.60288391e+02,
    2.97965363e+02, 3.41661560e+02, 2.98989807e+02, 3.19746185e+02,
    2.95527405e+02, 1.53902023e+02, 4.31002197e+02, 1.63657303e+02,
    4.20788330e+02, 1.93739151e+02, 4.17191315e+02, 2.09412231e+02,
    4.23861847e+02, 2.42189850e+02, 4.21800964e+02, 2.80182281e+02,
    4.36827972e+02, 3.20882080e+02, 4.52863251e+02, 2.75813568e+02,
    4.83983490e+02, 2.33520355e+02, 4.89516418e+02, 1.99777176e+02,
    4.86212860e+02, 1.81165115e+02, 4.81274628e+02, 1.53353867e+02,
    4.67397675e+02, 1.66517471e+02, 4.34563263e+02, 1.92134933e+02,
    4.29732452e+02, 2.09202988e+02, 4.36122040e+02, 2.39877197e+02,
    4.37934753e+02, 3.06169556e+02, 4.52970001e+02, 2.36982010e+02,
    4.57972168e+02, 2.04993301e+02, 4.58778320e+02, 1.88078156e+02,
    4.51368622e+02 ]
noOfLandmarkPoint: 68
