%YAML:1.0
landmark: [ 1.34745682e+02, 1.07245735e+02, 1.34220703e+02,
    1.24387161e+02, 1.34904907e+02, 1.40314240e+02, 1.40131607e+02,
    1.55471664e+02, 1.52153030e+02, 1.69061081e+02, 1.66265106e+02,
    1.80037155e+02, 1.81422546e+02, 1.89445221e+02, 1.97297653e+02,
    1.94666397e+02, 2.11015137e+02, 1.94833450e+02, 2.20109451e+02,
    1.92828201e+02, 2.24167328e+02, 1.81443619e+02, 2.31047455e+02,
    1.70382126e+02, 2.35865662e+02, 1.55956284e+02, 2.39239319e+02,
    1.42119888e+02, 2.41738510e+02, 1.29015091e+02, 2.40484253e+02,
    1.16271408e+02, 2.41006927e+02, 1.03204659e+02, 1.70224121e+02,
    1.02512108e+02, 1.79384583e+02, 1.00364906e+02, 1.87782928e+02,
    9.85438995e+01, 1.97605408e+02, 9.79548111e+01, 2.07176559e+02,
    1.00106033e+02, 2.21534271e+02, 9.67594528e+01, 2.27660919e+02,
    9.46253510e+01, 2.32395111e+02, 9.21355438e+01, 2.37040833e+02,
    9.15495453e+01, 2.41406113e+02, 9.42431564e+01, 2.15791382e+02,
    1.09174126e+02, 2.17845306e+02, 1.16206734e+02, 2.20839264e+02,
    1.22643661e+02, 2.25526886e+02, 1.30469315e+02, 2.12782745e+02,
    1.42927582e+02, 2.17933334e+02, 1.45113007e+02, 2.22475830e+02,
    1.46243774e+02, 2.26533707e+02, 1.44390747e+02, 2.29370483e+02,
    1.42094177e+02, 1.81164459e+02, 1.14155495e+02, 1.86192505e+02,
    1.11015549e+02, 1.91159317e+02, 1.09826653e+02, 1.92692612e+02,
    1.12439247e+02, 1.90934525e+02, 1.14428223e+02, 1.86314423e+02,
    1.14802261e+02, 2.24825104e+02, 1.09192963e+02, 2.28139694e+02,
    1.06359528e+02, 2.32660385e+02, 1.05486328e+02, 2.34564026e+02,
    1.07794525e+02, 2.33300598e+02, 1.10581276e+02, 2.28766098e+02,
    1.10888718e+02, 1.94589890e+02, 1.61668488e+02, 2.07166519e+02,
    1.56230728e+02, 2.15554108e+02, 1.53086258e+02, 2.19272537e+02,
    1.54608856e+02, 2.23369629e+02, 1.53242050e+02, 2.26554993e+02,
    1.55822021e+02, 2.27233551e+02, 1.61466690e+02, 2.25417679e+02,
    1.66735336e+02, 2.20979813e+02, 1.69722153e+02, 2.17319931e+02,
    1.71472412e+02, 2.13199707e+02, 1.71457275e+02, 2.05843567e+02,
    1.69958588e+02, 1.99084808e+02, 1.61909912e+02, 2.14628632e+02,
    1.60042923e+02, 2.18836655e+02, 1.60191528e+02, 2.22486816e+02,
    1.59946091e+02, 2.24653183e+02, 1.61600082e+02, 2.21565887e+02,
    1.64412933e+02, 2.17666245e+02, 1.65535492e+02, 2.13689667e+02,
    1.65530960e+02 ]
noOfLandmarkPoint: 68
