%YAML:1.0
landmark: [ 1.42668915e+02, 1.39360382e+02, 1.43551910e+02,
    1.61586472e+02, 1.45394974e+02, 1.83078491e+02, 1.47363037e+02,
    2.07440231e+02, 1.52666245e+02, 2.29176941e+02, 1.66710175e+02,
    2.47935989e+02, 1.84174606e+02, 2.63643982e+02, 2.04825195e+02,
    2.74716797e+02, 2.23485138e+02, 2.79332306e+02, 2.39900833e+02,
    2.74365479e+02, 2.57889984e+02, 2.61488495e+02, 2.73718811e+02,
    2.46155731e+02, 2.86945526e+02, 2.30578522e+02, 2.92678192e+02,
    2.05885864e+02, 2.94871582e+02, 1.83250977e+02, 2.97783264e+02,
    1.61405334e+02, 3.00182159e+02, 1.39766037e+02, 1.51445877e+02,
    1.25155319e+02, 1.65694199e+02, 1.14663071e+02, 1.81973297e+02,
    1.14528084e+02, 1.97276550e+02, 1.20226364e+02, 2.10697891e+02,
    1.27957016e+02, 2.36402893e+02, 1.27394989e+02, 2.51309830e+02,
    1.19807205e+02, 2.65849731e+02, 1.18588257e+02, 2.78697418e+02,
    1.20580338e+02, 2.88251404e+02, 1.31508224e+02, 2.21586807e+02,
    1.44641205e+02, 2.20604675e+02, 1.61526489e+02, 2.19837830e+02,
    1.77892548e+02, 2.18701965e+02, 1.93749176e+02, 2.05501007e+02,
    1.95542786e+02, 2.11356888e+02, 1.99974304e+02, 2.19708618e+02,
    2.03557724e+02, 2.26656540e+02, 1.99514801e+02, 2.33466461e+02,
    1.96925903e+02, 1.74768066e+02, 1.44131012e+02, 1.82311859e+02,
    1.39485168e+02, 1.91460327e+02, 1.40924240e+02, 1.99836777e+02,
    1.47339890e+02, 1.90861816e+02, 1.48860748e+02, 1.82334564e+02,
    1.48552750e+02, 2.43716705e+02, 1.47876450e+02, 2.52801270e+02,
    1.41900681e+02, 2.61571533e+02, 1.42180420e+02, 2.70015747e+02,
    1.48134262e+02, 2.61426880e+02, 1.50461456e+02, 2.52682205e+02,
    1.50902954e+02, 1.87244736e+02, 2.14009872e+02, 2.00641068e+02,
    2.14328674e+02, 2.10770432e+02, 2.14472580e+02, 2.19208267e+02,
    2.15238525e+02, 2.28729355e+02, 2.15170761e+02, 2.41140030e+02,
    2.15970520e+02, 2.53123962e+02, 2.17620926e+02, 2.41558533e+02,
    2.29229202e+02, 2.29922562e+02, 2.33323990e+02, 2.19770096e+02,
    2.33094833e+02, 2.09889038e+02, 2.32611984e+02, 1.99642883e+02,
    2.26668228e+02, 1.92041229e+02, 2.16583771e+02, 2.10496246e+02,
    2.22903961e+02, 2.19399109e+02, 2.23869354e+02, 2.29190231e+02,
    2.23392731e+02, 2.48656403e+02, 2.19138092e+02, 2.29190231e+02,
    2.23392731e+02, 2.19399109e+02, 2.23869354e+02, 2.10496246e+02,
    2.22903961e+02 ]
noOfLandmarkPoint: 68
