%YAML:1.0
landmark: [ 1.05429878e+02, 1.80717438e+02, 1.05541328e+02,
    1.97063019e+02, 1.06967857e+02, 2.12413010e+02, 1.10363274e+02,
    2.25935257e+02, 1.16782631e+02, 2.39204895e+02, 1.26508255e+02,
    2.53210083e+02, 1.37125443e+02, 2.63336914e+02, 1.50476822e+02,
    2.71806915e+02, 1.64199677e+02, 2.76770020e+02, 1.79720551e+02,
    2.75172607e+02, 1.91845993e+02, 2.66130524e+02, 2.02061981e+02,
    2.55491043e+02, 2.12419128e+02, 2.44732681e+02, 2.21059998e+02,
    2.31812241e+02, 2.25057236e+02, 2.18178528e+02, 2.29136200e+02,
    2.01892380e+02, 2.29678574e+02, 1.88370132e+02, 1.29660400e+02,
    1.64842468e+02, 1.40567825e+02, 1.60871994e+02, 1.51844528e+02,
    1.61237259e+02, 1.62256500e+02, 1.64896683e+02, 1.71459747e+02,
    1.69154480e+02, 1.89594757e+02, 1.70694641e+02, 1.98324783e+02,
    1.66103012e+02, 2.07054810e+02, 1.63822052e+02, 2.15383621e+02,
    1.63339111e+02, 2.22798584e+02, 1.65991562e+02, 1.79667908e+02,
    1.81052887e+02, 1.79259903e+02, 1.93838486e+02, 1.80173767e+02,
    2.08044281e+02, 1.80574966e+02, 2.21276779e+02, 1.65678207e+02,
    2.25103119e+02, 1.71815231e+02, 2.26016998e+02, 1.78947845e+02,
    2.29925079e+02, 1.85055145e+02, 2.26418198e+02, 1.90932129e+02,
    2.25645508e+02, 1.39490982e+02, 1.80743301e+02, 1.45752853e+02,
    1.77208145e+02, 1.52959259e+02, 1.78688141e+02, 1.59473709e+02,
    1.84024139e+02, 1.52803436e+02, 1.84900360e+02, 1.45298935e+02,
    1.84561020e+02, 1.95125763e+02, 1.86562714e+02, 2.00434845e+02,
    1.81453003e+02, 2.07968674e+02, 1.80739731e+02, 2.13563309e+02,
    1.84536362e+02, 2.10130753e+02, 1.87159088e+02, 2.01995819e+02,
    1.87766876e+02, 1.44711288e+02, 2.32324890e+02, 1.57879257e+02,
    2.34145752e+02, 1.69248322e+02, 2.35369614e+02, 1.75834976e+02,
    2.37502869e+02, 1.82427628e+02, 2.35648361e+02, 1.89820663e+02,
    2.35660614e+02, 1.99964096e+02, 2.34437027e+02, 1.90174561e+02,
    2.46047424e+02, 1.82878143e+02, 2.49715485e+02, 1.75304901e+02,
    2.51524567e+02, 1.68320633e+02, 2.50761169e+02, 1.57163422e+02,
    2.46317688e+02, 1.48136429e+02, 2.34576126e+02, 1.68951736e+02,
    2.41614304e+02, 1.75524673e+02, 2.42301773e+02, 1.82326279e+02,
    2.41940796e+02, 1.97294662e+02, 2.36372070e+02, 1.82326279e+02,
    2.41940796e+02, 1.75524673e+02, 2.42301773e+02, 1.68951736e+02,
    2.41614304e+02 ]
noOfLandmarkPoint: 68
