%YAML:1.0
landmark: [ 3.14560303e+02, 2.92239594e+02, 3.13504028e+02,
    3.21296234e+02, 3.21110260e+02, 3.52701172e+02, 3.29848511e+02,
    3.83096588e+02, 3.37511078e+02, 4.15141174e+02, 3.57170685e+02,
    4.50274353e+02, 3.85489899e+02, 4.79894012e+02, 4.16044464e+02,
    5.04668518e+02, 4.52286652e+02, 5.10195282e+02, 4.82020569e+02,
    5.04534882e+02, 5.12371704e+02, 4.82820282e+02, 5.42725647e+02,
    4.59330383e+02, 5.66537415e+02, 4.27885895e+02, 5.80677979e+02,
    3.93829712e+02, 5.87272766e+02, 3.59393158e+02, 5.92273804e+02,
    3.22588745e+02, 5.87771057e+02, 2.82537842e+02, 3.25621796e+02,
    2.60403412e+02, 3.48447876e+02, 2.47775436e+02, 3.76535004e+02,
    2.42260788e+02, 4.03085815e+02, 2.49199860e+02, 4.26155212e+02,
    2.58927643e+02, 4.76023651e+02, 2.58992432e+02, 4.98966156e+02,
    2.46943954e+02, 5.21908630e+02, 2.41782227e+02, 5.48710999e+02,
    2.43667953e+02, 5.70981201e+02, 2.54093155e+02, 4.51034821e+02,
    2.87643494e+02, 4.50694214e+02, 3.14153442e+02, 4.49972504e+02,
    3.42665466e+02, 4.49364716e+02, 3.70000092e+02, 4.29813660e+02,
    3.81506042e+02, 4.39783600e+02, 3.85886108e+02, 4.49767548e+02,
    3.90535980e+02, 4.59850372e+02, 3.87665863e+02, 4.69365051e+02,
    3.84234894e+02, 3.62547119e+02, 2.89134247e+02, 3.77106934e+02,
    2.78705353e+02, 3.99416992e+02, 2.79098480e+02, 4.11909332e+02,
    2.91266235e+02, 3.96885315e+02, 2.97534882e+02, 3.75515106e+02,
    2.98188202e+02, 4.91569916e+02, 2.92665070e+02, 5.06511902e+02,
    2.74434814e+02, 5.25712402e+02, 2.73703552e+02, 5.45569092e+02,
    2.83033264e+02, 5.29411621e+02, 2.94219208e+02, 5.10971832e+02,
    2.94599609e+02, 4.00215057e+02, 4.31010284e+02, 4.20315277e+02,
    4.20410431e+02, 4.39435425e+02, 4.14732422e+02, 4.49606171e+02,
    4.19183594e+02, 4.60827911e+02, 4.16023895e+02, 4.80085907e+02,
    4.23055634e+02, 5.03050568e+02, 4.32679901e+02, 4.80097595e+02,
    4.50310486e+02, 4.61350525e+02, 4.55442352e+02, 4.50330658e+02,
    4.56566772e+02, 4.37567627e+02, 4.55688354e+02, 4.19203796e+02,
    4.50201324e+02, 4.08520630e+02, 4.32353241e+02, 4.39366272e+02,
    4.31360657e+02, 4.49090576e+02, 4.32863800e+02, 4.62576752e+02,
    4.31835724e+02, 4.97560394e+02, 4.32604248e+02, 4.62576752e+02,
    4.31835724e+02, 4.49090576e+02, 4.32863800e+02, 4.39366272e+02,
    4.31360657e+02 ]
noOfLandmarkPoint: 68
