%YAML:1.0
landmark: [ 1.87552475e+02, 8.11578979e+01, 1.85622070e+02,
    1.07320679e+02, 1.84861557e+02, 1.33883057e+02, 1.83261520e+02,
    1.55927185e+02, 1.88534012e+02, 1.88799835e+02, 2.07559616e+02,
    2.22690628e+02, 2.22347305e+02, 2.52192917e+02, 2.43112366e+02,
    2.78099121e+02, 2.66713440e+02, 2.81094727e+02, 2.92857178e+02,
    2.78060547e+02, 3.12605927e+02, 2.57539764e+02, 3.31511780e+02,
    2.38337021e+02, 3.50982483e+02, 2.18676346e+02, 3.65110291e+02,
    2.00032684e+02, 3.74362244e+02, 1.76052902e+02, 3.82341064e+02,
    1.44932495e+02, 3.89273163e+02, 1.21689346e+02, 2.02936600e+02,
    9.23451691e+01, 2.22945496e+02, 8.93757782e+01, 2.41914917e+02,
    9.89005432e+01, 2.60298157e+02, 1.09879578e+02, 2.78186523e+02,
    1.21970116e+02, 3.11296906e+02, 1.26957603e+02, 3.32013672e+02,
    1.20089882e+02, 3.49285431e+02, 1.13907700e+02, 3.67021667e+02,
    1.11988960e+02, 3.83353302e+02, 1.18403374e+02, 2.90251617e+02,
    1.40430374e+02, 2.87312653e+02, 1.62902603e+02, 2.84050171e+02,
    1.84860657e+02, 2.80726868e+02, 2.08455551e+02, 2.54436417e+02,
    1.96757462e+02, 2.65183197e+02, 2.07736496e+02, 2.79969299e+02,
    2.16675095e+02, 2.95189423e+02, 2.12514099e+02, 3.05410889e+02,
    2.07241608e+02, 2.21108246e+02, 1.16727562e+02, 2.34395844e+02,
    1.13630806e+02, 2.49780518e+02, 1.19028061e+02, 2.60203796e+02,
    1.31400513e+02, 2.44972504e+02, 1.32946060e+02, 2.27570969e+02,
    1.27209091e+02, 3.17996338e+02, 1.37986313e+02, 3.30509735e+02,
    1.31724030e+02, 3.45729858e+02, 1.31784882e+02, 3.57637848e+02,
    1.37834183e+02, 3.47861603e+02, 1.46277878e+02, 3.33075500e+02,
    1.45843826e+02, 2.22541870e+02, 1.99616318e+02, 2.44005051e+02,
    2.13949112e+02, 2.66164917e+02, 2.23493134e+02, 2.75526398e+02,
    2.27421890e+02, 2.86998108e+02, 2.25829132e+02, 3.06844574e+02,
    2.21803940e+02, 3.25979828e+02, 2.14558350e+02, 3.02045990e+02,
    2.41895630e+02, 2.81956970e+02, 2.49661865e+02, 2.70546967e+02,
    2.50035065e+02, 2.59559875e+02, 2.47217804e+02, 2.39570221e+02,
    2.28754456e+02, 2.27026382e+02, 2.03899017e+02, 2.65271545e+02,
    2.27103058e+02, 2.75122772e+02, 2.30006912e+02, 2.86467621e+02,
    2.29161407e+02, 3.21969635e+02, 2.16880249e+02, 2.84149536e+02,
    2.38915070e+02, 2.73344971e+02, 2.39269012e+02, 2.63325745e+02,
    2.35150085e+02 ]
noOfLandmarkPoint: 68
