%YAML:1.0
landmark: [ 8.99853592e+01, 2.96180115e+02, 9.81367569e+01,
    3.33741180e+02, 1.08551147e+02, 3.68182037e+02, 1.25133896e+02,
    4.00848663e+02, 1.38706284e+02, 4.31765991e+02, 1.61119202e+02,
    4.59084137e+02, 1.85045898e+02, 4.83364136e+02, 2.10822479e+02,
    5.03764435e+02, 2.45293091e+02, 5.05683228e+02, 2.71989594e+02,
    4.98366791e+02, 2.99628693e+02, 4.67515778e+02, 3.22713715e+02,
    4.33324768e+02, 3.39632568e+02, 3.97754913e+02, 3.42318329e+02,
    3.60391479e+02, 3.40376068e+02, 3.30156708e+02, 3.38492828e+02,
    2.92242340e+02, 3.36238892e+02, 2.61143311e+02, 1.00544640e+02,
    2.98066345e+02, 1.18903198e+02, 2.88149902e+02, 1.42046997e+02,
    2.87952423e+02, 1.62931610e+02, 2.91987732e+02, 1.85860489e+02,
    2.97291290e+02, 2.16153259e+02, 2.92301605e+02, 2.40299896e+02,
    2.79952484e+02, 2.61438416e+02, 2.71068756e+02, 2.82419281e+02,
    2.63148468e+02, 3.04710449e+02, 2.60558624e+02, 2.06206390e+02,
    3.15413208e+02, 2.08943909e+02, 3.37936920e+02, 2.11597305e+02,
    3.60371796e+02, 2.14330719e+02, 3.82689056e+02, 1.96692917e+02,
    3.97647308e+02, 2.08497101e+02, 4.02072601e+02, 2.21133362e+02,
    4.07191437e+02, 2.33667175e+02, 3.97788483e+02, 2.45051224e+02,
    3.91072784e+02, 1.32547958e+02, 3.18859863e+02, 1.44368820e+02,
    3.08270477e+02, 1.64505341e+02, 3.07298767e+02, 1.79122650e+02,
    3.18574463e+02, 1.63576401e+02, 3.26946320e+02, 1.43589478e+02,
    3.28043640e+02, 2.41673218e+02, 3.10929565e+02, 2.51260452e+02,
    2.94647766e+02, 2.70116974e+02, 2.89365448e+02, 2.85112732e+02,
    2.96212280e+02, 2.75684235e+02, 3.08648895e+02, 2.59107269e+02,
    3.13098724e+02, 1.82063339e+02, 4.32074310e+02, 2.00367722e+02,
    4.26529907e+02, 2.15501495e+02, 4.22402039e+02, 2.26772675e+02,
    4.24968323e+02, 2.37234070e+02, 4.19524872e+02, 2.55382019e+02,
    4.18332977e+02, 2.78078430e+02, 4.15917633e+02, 2.60705688e+02,
    4.41205963e+02, 2.43416367e+02, 4.53919098e+02, 2.32658875e+02,
    4.55218536e+02, 2.21264496e+02, 4.55361877e+02, 2.03153030e+02,
    4.49990906e+02, 1.92563202e+02, 4.34776367e+02, 2.16787430e+02,
    4.29805054e+02, 2.27226608e+02, 4.28842590e+02, 2.38270264e+02,
    4.26459686e+02, 2.67696320e+02, 4.22128906e+02, 2.39503525e+02,
    4.36634064e+02, 2.29158432e+02, 4.39263428e+02, 2.18725281e+02,
    4.38844696e+02 ]
noOfLandmarkPoint: 68
