%YAML:1.0
landmark: [ 3.14741058e+02, 1.07648521e+02, 3.17776001e+02,
    1.22788544e+02, 3.22131012e+02, 1.38860367e+02, 3.26389740e+02,
    1.53479782e+02, 3.33823700e+02, 1.64513321e+02, 3.43161957e+02,
    1.75010818e+02, 3.57621185e+02, 1.83915695e+02, 3.71456390e+02,
    1.90998901e+02, 3.84514526e+02, 1.91011719e+02, 3.96642761e+02,
    1.87992386e+02, 4.08847229e+02, 1.78909103e+02, 4.20605835e+02,
    1.69914856e+02, 4.31754974e+02, 1.56350037e+02, 4.34825439e+02,
    1.40869797e+02, 4.34360748e+02, 1.24997665e+02, 4.34981598e+02,
    1.12575935e+02, 4.36176605e+02, 9.85548096e+01, 3.27740784e+02,
    9.68575363e+01, 3.37546844e+02, 9.06018753e+01, 3.46722839e+02,
    8.54170303e+01, 3.58193878e+02, 8.68310471e+01, 3.68321777e+02,
    9.04623642e+01, 3.88141693e+02, 8.83108826e+01, 3.99303925e+02,
    8.47337570e+01, 4.09607330e+02, 8.15775757e+01, 4.19527100e+02,
    8.22782593e+01, 4.27154083e+02, 8.82350922e+01, 3.79754486e+02,
    1.03044922e+02, 3.80800140e+02, 1.12834290e+02, 3.81846222e+02,
    1.23073067e+02, 3.82449219e+02, 1.33093369e+02, 3.72844269e+02,
    1.40540482e+02, 3.77120941e+02, 1.42079361e+02, 3.82004669e+02,
    1.42993500e+02, 3.87022430e+02, 1.41326767e+02, 3.91352509e+02,
    1.39550568e+02, 3.43633148e+02, 1.09363983e+02, 3.49162170e+02,
    1.04956078e+02, 3.57251831e+02, 1.04790466e+02, 3.63163025e+02,
    1.09465843e+02, 3.57137177e+02, 1.12026482e+02, 3.48945648e+02,
    1.12421432e+02, 3.96311218e+02, 1.06956146e+02, 4.00731964e+02,
    1.01274330e+02, 4.08541321e+02, 9.98857422e+01, 4.14452484e+02,
    1.03567490e+02, 4.10974487e+02, 1.07631378e+02, 4.03776581e+02,
    1.08739685e+02, 3.59598846e+02, 1.58774612e+02, 3.71569702e+02,
    1.55699646e+02, 3.78450226e+02, 1.54505157e+02, 3.83526276e+02,
    1.55746338e+02, 3.89695953e+02, 1.53617722e+02, 3.96469788e+02,
    1.54281784e+02, 4.04523376e+02, 1.55385925e+02, 3.97337616e+02,
    1.61370438e+02, 3.90871979e+02, 1.64687393e+02, 3.84487061e+02,
    1.66114349e+02, 3.78924683e+02, 1.66052795e+02, 3.71635559e+02,
    1.64491409e+02, 3.63978210e+02, 1.59353943e+02, 3.78420227e+02,
    1.59776703e+02, 3.83939941e+02, 1.60123199e+02, 3.90637360e+02,
    1.58754608e+02, 4.01152985e+02, 1.56784302e+02, 3.90637360e+02,
    1.58754608e+02, 3.83939941e+02, 1.60123199e+02, 3.78420227e+02,
    1.59776703e+02 ]
noOfLandmarkPoint: 68
