%YAML:1.0
landmark: [ 8.98603897e+01, 1.03844353e+02, 8.95299606e+01,
    1.16990166e+02, 8.92886581e+01, 1.29206009e+02, 9.05625381e+01,
    1.43445511e+02, 9.64383621e+01, 1.56442337e+02, 1.06311539e+02,
    1.66421432e+02, 1.19340096e+02, 1.75688660e+02, 1.33587891e+02,
    1.83948166e+02, 1.46709579e+02, 1.87394089e+02, 1.57386246e+02,
    1.82448090e+02, 1.64638367e+02, 1.72022278e+02, 1.72216141e+02,
    1.61617844e+02, 1.79369537e+02, 1.51963455e+02, 1.85012161e+02,
    1.42613358e+02, 1.91610413e+02, 1.27535149e+02, 1.90948395e+02,
    1.16922592e+02, 1.89437622e+02, 1.07756699e+02, 1.13040581e+02,
    9.69278793e+01, 1.19562523e+02, 9.09254303e+01, 1.28078308e+02,
    8.84663467e+01, 1.38391663e+02, 9.16259079e+01, 1.48377884e+02,
    9.52170868e+01, 1.68221420e+02, 9.80580826e+01, 1.74513489e+02,
    9.44725952e+01, 1.80060242e+02, 9.15078278e+01, 1.85417511e+02,
    8.95479889e+01, 1.88578445e+02, 9.33646393e+01, 1.58196472e+02,
    1.08936523e+02, 1.58849365e+02, 1.17689957e+02, 1.60454636e+02,
    1.27682869e+02, 1.60876434e+02, 1.37111374e+02, 1.48124176e+02,
    1.42026138e+02, 1.53473206e+02, 1.42917648e+02, 1.58235016e+02,
    1.44874176e+02, 1.62094635e+02, 1.44297638e+02, 1.65388412e+02,
    1.42971069e+02, 1.24216423e+02, 1.06213867e+02, 1.29869736e+02,
    1.04735153e+02, 1.35664505e+02, 1.05789490e+02, 1.41002838e+02,
    1.09507645e+02, 1.36283768e+02, 1.10409836e+02, 1.29565445e+02,
    1.09061897e+02, 1.68834335e+02, 1.10105545e+02, 1.72661896e+02,
    1.07126740e+02, 1.78010910e+02, 1.06680992e+02, 1.83230133e+02,
    1.07853416e+02, 1.79437820e+02, 1.11120094e+02, 1.74335495e+02,
    1.11594940e+02, 1.30083633e+02, 1.51590775e+02, 1.39304535e+02,
    1.50620224e+02, 1.50176422e+02, 1.49886963e+02, 1.55103790e+02,
    1.51311172e+02, 1.59271790e+02, 1.50231216e+02, 1.64409195e+02,
    1.51001617e+02, 1.68021545e+02, 1.53087875e+02, 1.63814911e+02,
    1.61485809e+02, 1.58837601e+02, 1.67150070e+02, 1.53789703e+02,
    1.67355286e+02, 1.48615005e+02, 1.67052109e+02, 1.38325882e+02,
    1.62026901e+02, 1.33110092e+02, 1.52745560e+02, 1.49694107e+02,
    1.53752472e+02, 1.54920547e+02, 1.54190979e+02, 1.59426331e+02,
    1.54279160e+02, 1.65143524e+02, 1.54293671e+02, 1.59121445e+02,
    1.59547409e+02, 1.54131180e+02, 1.60368423e+02, 1.49295395e+02,
    1.59519089e+02 ]
noOfLandmarkPoint: 68
