%YAML:1.0
landmark: [ 1.60144653e+02, 1.20376862e+02, 1.62985474e+02,
    1.31042725e+02, 1.67632080e+02, 1.40893890e+02, 1.72095230e+02,
    1.50745071e+02, 1.76418900e+02, 1.60221741e+02, 1.81946411e+02,
    1.69258224e+02, 1.90151367e+02, 1.80836975e+02, 1.96610886e+02,
    1.90215927e+02, 2.08417038e+02, 1.96491974e+02, 2.24449219e+02,
    1.97181824e+02, 2.42815277e+02, 1.83866180e+02, 2.55000885e+02,
    1.72965302e+02, 2.64000458e+02, 1.60119156e+02, 2.68412048e+02,
    1.44417526e+02, 2.67920288e+02, 1.28774506e+02, 2.66422821e+02,
    1.13381165e+02, 2.64294098e+02, 9.58297958e+01, 1.56408264e+02,
    1.07031364e+02, 1.60298798e+02, 1.02832542e+02, 1.65995102e+02,
    1.01195564e+02, 1.72557678e+02, 1.00468803e+02, 1.79413879e+02,
    1.00762436e+02, 1.94168930e+02, 9.99841080e+01, 2.03293335e+02,
    9.28049622e+01, 2.13746445e+02, 8.74978180e+01, 2.24845428e+02,
    8.71602173e+01, 2.34813843e+02, 9.12342072e+01, 1.89404541e+02,
    1.12456299e+02, 1.89558685e+02, 1.22784561e+02, 1.89558685e+02,
    1.33237656e+02, 1.89683517e+02, 1.43595230e+02, 1.87290466e+02,
    1.49834854e+02, 1.91672745e+02, 1.51501144e+02, 1.95254990e+02,
    1.53182083e+02, 2.00165924e+02, 1.50143143e+02, 2.05524643e+02,
    1.48366684e+02, 1.69496475e+02, 1.15282471e+02, 1.73343048e+02,
    1.11465210e+02, 1.79178848e+02, 1.09703392e+02, 1.84677063e+02,
    1.13608582e+02, 1.79259720e+02, 1.15803528e+02, 1.74069809e+02,
    1.16515633e+02, 2.09752777e+02, 1.08345398e+02, 2.13584702e+02,
    1.03573959e+02, 2.20132599e+02, 1.01951630e+02, 2.26416183e+02,
    1.04807114e+02, 2.22415466e+02, 1.08066414e+02, 2.15867554e+02,
    1.08947327e+02, 1.91337891e+02, 1.70392334e+02, 1.92272430e+02,
    1.66436371e+02, 1.95616165e+02, 1.63991592e+02, 1.99474274e+02,
    1.64883194e+02, 2.04294495e+02, 1.62686371e+02, 2.16085007e+02,
    1.62751862e+02, 2.21619934e+02, 1.65787933e+02, 2.17953369e+02,
    1.70212997e+02, 2.11273911e+02, 1.75229034e+02, 2.04613281e+02,
    1.76365494e+02, 1.99147690e+02, 1.75855804e+02, 1.94932297e+02,
    1.73334244e+02, 1.93316177e+02, 1.69289490e+02, 1.96682922e+02,
    1.68421463e+02, 2.02037918e+02, 1.68910477e+02, 2.06809372e+02,
    1.67368057e+02, 2.18371765e+02, 1.65761353e+02, 2.06809372e+02,
    1.67368057e+02, 2.02037918e+02, 1.68910477e+02, 1.96682922e+02,
    1.68421463e+02 ]
noOfLandmarkPoint: 68
