%YAML:1.0
landmark: [ 4.29333832e+02, 5.32516052e+02, 4.38602203e+02,
    6.03762878e+02, 4.59921967e+02, 6.74514343e+02, 4.77446106e+02,
    7.43512268e+02, 5.06876099e+02, 8.13830872e+02, 5.62580933e+02,
    8.72407532e+02, 6.31668274e+02, 9.16498596e+02, 6.99397095e+02,
    9.42646179e+02, 7.69041992e+02, 9.49218628e+02, 8.16575806e+02,
    9.32593445e+02, 8.48117126e+02, 8.85281494e+02, 8.74353394e+02,
    8.21954773e+02, 9.05384155e+02, 7.66341370e+02, 9.23663025e+02,
    7.09995544e+02, 9.32863464e+02, 6.45303711e+02, 9.35249573e+02,
    5.89690308e+02, 9.21088135e+02, 5.34687317e+02, 5.43012329e+02,
    4.86835846e+02, 5.92262878e+02, 4.77347992e+02, 6.38726074e+02,
    4.77977997e+02, 6.78003235e+02, 4.85808563e+02, 7.16436829e+02,
    5.05885620e+02, 8.12789062e+02, 5.02313965e+02, 8.41907471e+02,
    4.74362030e+02, 8.72384766e+02, 4.60640259e+02, 8.95259277e+02,
    4.53696625e+02, 9.11187256e+02, 4.57291473e+02, 7.73491516e+02,
    5.47050537e+02, 7.80772827e+02, 5.88524963e+02, 7.91482666e+02,
    6.31020203e+02, 8.05355469e+02, 6.78187866e+02, 7.38399658e+02,
    7.15133972e+02, 7.61839172e+02, 7.21826233e+02, 7.88175354e+02,
    7.28784912e+02, 8.13779053e+02, 7.19706482e+02, 8.33977905e+02,
    7.05056763e+02, 6.02659729e+02, 5.58734070e+02, 6.27050781e+02,
    5.41723572e+02, 6.61100281e+02, 5.42866699e+02, 6.85050293e+02,
    5.60024658e+02, 6.58325684e+02, 5.66206360e+02, 6.30335876e+02,
    5.66328430e+02, 8.18837219e+02, 5.44119629e+02, 8.38050903e+02,
    5.24655212e+02, 8.62579163e+02, 5.18967773e+02, 8.85800110e+02,
    5.31040955e+02, 8.69286926e+02, 5.42436646e+02, 8.48098083e+02,
    5.46462158e+02, 6.30946228e+02, 7.60281738e+02, 6.99822083e+02,
    7.49571899e+02, 7.50514343e+02, 7.47907715e+02, 7.81133667e+02,
    7.49287354e+02, 8.09219482e+02, 7.39015503e+02, 8.33762878e+02,
    7.31609863e+02, 8.59337463e+02, 7.26620728e+02, 8.40068176e+02,
    8.14095520e+02, 8.09106689e+02, 8.41154846e+02, 7.77754150e+02,
    8.50210999e+02, 7.42994385e+02, 8.50965637e+02, 6.89911438e+02,
    8.38668823e+02, 6.37616272e+02, 7.65830872e+02, 7.49542847e+02,
    7.66896179e+02, 7.81423828e+02, 7.68455566e+02, 8.08996277e+02,
    7.55479309e+02, 8.46973999e+02, 7.35066467e+02, 8.07741577e+02,
    8.11877563e+02, 7.77754150e+02, 8.26627197e+02, 7.44770142e+02,
    8.30567078e+02 ]
noOfLandmarkPoint: 68
