%YAML:1.0
landmark: [ 1.14471916e+02, 1.41547546e+02, 1.17077293e+02,
    1.57303726e+02, 1.20650085e+02, 1.70129913e+02, 1.24304031e+02,
    1.81399292e+02, 1.30747025e+02, 1.93420364e+02, 1.38168106e+02,
    2.03733002e+02, 1.46891876e+02, 2.14278412e+02, 1.59982880e+02,
    2.25964218e+02, 1.76738510e+02, 2.28336838e+02, 1.91142899e+02,
    2.23715469e+02, 2.01974472e+02, 2.12397003e+02, 2.12163239e+02,
    2.00884186e+02, 2.19849136e+02, 1.88517151e+02, 2.25000122e+02,
    1.75782791e+02, 2.27880997e+02, 1.62772934e+02, 2.29356659e+02,
    1.50638657e+02, 2.29367340e+02, 1.37985443e+02, 1.24864532e+02,
    1.30310745e+02, 1.28700363e+02, 1.19859467e+02, 1.37808029e+02,
    1.10359154e+02, 1.50169983e+02, 1.09370270e+02, 1.62333496e+02,
    1.14786057e+02, 1.79357803e+02, 1.15876724e+02, 1.90767502e+02,
    1.09541252e+02, 2.02514923e+02, 1.09667366e+02, 2.12482162e+02,
    1.15404816e+02, 2.18280792e+02, 1.24529205e+02, 1.70474609e+02,
    1.29272049e+02, 1.70288773e+02, 1.40016830e+02, 1.69934494e+02,
    1.50538330e+02, 1.69498337e+02, 1.61545532e+02, 1.56766739e+02,
    1.62313766e+02, 1.62885132e+02, 1.65194641e+02, 1.70401291e+02,
    1.68306183e+02, 1.77808441e+02, 1.63881271e+02, 1.84526932e+02,
    1.62659729e+02, 1.38881561e+02, 1.33902863e+02, 1.44464920e+02,
    1.30807129e+02, 1.51398132e+02, 1.30389862e+02, 1.56441467e+02,
    1.33307724e+02, 1.50202255e+02, 1.35369583e+02, 1.44988098e+02,
    1.35400024e+02, 1.86638107e+02, 1.34290833e+02, 1.92344727e+02,
    1.30979797e+02, 1.98722931e+02, 1.30939240e+02, 2.03050781e+02,
    1.33360229e+02, 1.99041565e+02, 1.35074585e+02, 1.92617523e+02,
    1.34796844e+02, 1.50654449e+02, 1.80618851e+02, 1.59056549e+02,
    1.79503860e+02, 1.67838974e+02, 1.78142212e+02, 1.72494385e+02,
    1.79229080e+02, 1.79378937e+02, 1.77990417e+02, 1.87802475e+02,
    1.78518875e+02, 1.99311798e+02, 1.78413635e+02, 1.88829102e+02,
    1.92807755e+02, 1.80009506e+02, 1.98222015e+02, 1.73084885e+02,
    1.98910736e+02, 1.68121567e+02, 1.98402252e+02, 1.58326080e+02,
    1.93309921e+02, 1.53018234e+02, 1.82576706e+02, 1.67843521e+02,
    1.82895432e+02, 1.72980667e+02, 1.82783142e+02, 1.79257416e+02,
    1.82297241e+02, 1.96382462e+02, 1.79853149e+02, 1.79461823e+02,
    1.90947693e+02, 1.73139572e+02, 1.92433319e+02, 1.67861526e+02,
    1.91481644e+02 ]
noOfLandmarkPoint: 68
