%YAML:1.0
landmark: [ 1.46835449e+02, 1.17150665e+02, 1.47664032e+02,
    1.50667236e+02, 1.54313766e+02, 1.84652649e+02, 1.61781555e+02,
    2.12651367e+02, 1.75429672e+02, 2.38083328e+02, 1.94476288e+02,
    2.62979828e+02, 2.21645615e+02, 2.83045654e+02, 2.59136566e+02,
    3.01956848e+02, 2.89472748e+02, 3.01241180e+02, 3.12660522e+02,
    2.96695099e+02, 3.22555878e+02, 2.83037170e+02, 3.28602814e+02,
    2.68827820e+02, 3.39740875e+02, 2.45543228e+02, 3.49031403e+02,
    2.19427460e+02, 3.56777618e+02, 1.91834412e+02, 3.62933655e+02,
    1.63402237e+02, 3.62084015e+02, 1.35237961e+02, 1.93080292e+02,
    1.18042427e+02, 2.15881714e+02, 1.07486092e+02, 2.39109863e+02,
    1.05761948e+02, 2.63069244e+02, 1.09572830e+02, 2.86408081e+02,
    1.19952728e+02, 3.13198395e+02, 1.21377823e+02, 3.30111694e+02,
    1.13250793e+02, 3.44832031e+02, 1.09982376e+02, 3.58364807e+02,
    1.09017899e+02, 3.67204773e+02, 1.15656448e+02, 3.02200653e+02,
    1.35486237e+02, 3.03456329e+02, 1.55620621e+02, 3.06333405e+02,
    1.76475906e+02, 3.07856628e+02, 1.98036362e+02, 2.72584320e+02,
    1.97613434e+02, 2.86913300e+02, 2.03311157e+02, 3.00660553e+02,
    2.10306305e+02, 3.13790680e+02, 2.06085876e+02, 3.21928223e+02,
    1.97747391e+02, 2.25335007e+02, 1.33429413e+02, 2.35359924e+02,
    1.27994316e+02, 2.48674316e+02, 1.27302948e+02, 2.57663910e+02,
    1.34399109e+02, 2.49059875e+02, 1.39440125e+02, 2.37056747e+02,
    1.39350082e+02, 3.18991852e+02, 1.36911987e+02, 3.29473511e+02,
    1.31151489e+02, 3.39500122e+02, 1.30488892e+02, 3.49355743e+02,
    1.34476364e+02, 3.41429657e+02, 1.41013199e+02, 3.31522888e+02,
    1.41188873e+02, 2.48594559e+02, 2.22756134e+02, 2.62318298e+02,
    2.20679688e+02, 2.75839417e+02, 2.20095428e+02, 2.91129456e+02,
    2.25239929e+02, 3.05727539e+02, 2.21882782e+02, 3.12868286e+02,
    2.22868011e+02, 3.18579956e+02, 2.25695389e+02, 3.13178986e+02,
    2.35926666e+02, 3.06357117e+02, 2.41324509e+02, 2.91865784e+02,
    2.43261780e+02, 2.76473602e+02, 2.41571136e+02, 2.60586884e+02,
    2.32112610e+02, 2.55455750e+02, 2.23976044e+02, 2.75709595e+02,
    2.26181290e+02, 2.91465576e+02, 2.28273758e+02, 3.05801300e+02,
    2.25056747e+02, 3.15257446e+02, 2.25700195e+02, 3.05801300e+02,
    2.25056747e+02, 2.91465576e+02, 2.28273758e+02, 2.75709595e+02,
    2.26181290e+02 ]
noOfLandmarkPoint: 68
