%YAML:1.0
landmark: [ 6.11952782e+01, 1.96321243e+02, 6.38798714e+01,
    2.11055664e+02, 7.14277954e+01, 2.26608368e+02, 8.13867035e+01,
    2.40114075e+02, 9.38004913e+01, 2.54074112e+02, 1.04030472e+02,
    2.70352203e+02, 1.20218224e+02, 2.85357697e+02, 1.35858749e+02,
    3.02451569e+02, 1.51592178e+02, 3.03045258e+02, 1.66509857e+02,
    3.00634277e+02, 1.86334763e+02, 2.84766571e+02, 2.05429199e+02,
    2.66761505e+02, 2.19296326e+02, 2.46846237e+02, 2.29386948e+02,
    2.26017242e+02, 2.28800903e+02, 2.01099304e+02, 2.27801895e+02,
    1.76818939e+02, 2.26258194e+02, 1.52716751e+02, 4.79657288e+01,
    1.68721252e+02, 5.66933784e+01, 1.59673538e+02, 6.68330002e+01,
    1.58217667e+02, 7.68822556e+01, 1.60034973e+02, 8.77059097e+01,
    1.62719559e+02, 1.12900002e+02, 1.55853134e+02, 1.29178116e+02,
    1.43121811e+02, 1.48414429e+02, 1.37254395e+02, 1.69553329e+02,
    1.34391632e+02, 1.88195984e+02, 1.37664810e+02, 1.06207703e+02,
    1.78686554e+02, 1.08700348e+02, 1.94854050e+02, 1.10213387e+02,
    2.09852432e+02, 1.11210655e+02, 2.27262756e+02, 1.08963524e+02,
    2.38707825e+02, 1.15482040e+02, 2.41565582e+02, 1.22212151e+02,
    2.42341721e+02, 1.29052063e+02, 2.36730087e+02, 1.35887634e+02,
    2.31528900e+02, 6.76030426e+01, 1.85908279e+02, 6.95862656e+01,
    1.78142487e+02, 7.98335114e+01, 1.75085190e+02, 9.43617096e+01,
    1.83223877e+02, 8.42314835e+01, 1.87792328e+02, 7.44138489e+01,
    1.89017807e+02, 1.36632080e+02, 1.73114334e+02, 1.41958420e+02,
    1.60081421e+02, 1.52872421e+02, 1.55946030e+02, 1.69736588e+02,
    1.61627655e+02, 1.60823944e+02, 1.70067551e+02, 1.49213501e+02,
    1.74263397e+02, 1.11242455e+02, 2.66998413e+02, 1.12299812e+02,
    2.61040649e+02, 1.19031647e+02, 2.56261200e+02, 1.24446342e+02,
    2.58008301e+02, 1.31388992e+02, 2.54066071e+02, 1.51149292e+02,
    2.56534576e+02, 1.67780746e+02, 2.56887756e+02, 1.56189514e+02,
    2.69257782e+02, 1.42325470e+02, 2.76523590e+02, 1.33266586e+02,
    2.77544434e+02, 1.25825317e+02, 2.78252014e+02, 1.16275124e+02,
    2.71264374e+02, 1.15065529e+02, 2.66800201e+02, 1.22022850e+02,
    2.65762115e+02, 1.28527420e+02, 2.65317139e+02, 1.35638275e+02,
    2.64266449e+02, 1.64928650e+02, 2.58208557e+02, 1.35638275e+02,
    2.64266449e+02, 1.28527420e+02, 2.65317139e+02, 1.22022850e+02,
    2.65762115e+02 ]
noOfLandmarkPoint: 68
