%YAML:1.0
landmark: [ 6.78543320e+01, 1.34879791e+02, 6.74908829e+01,
    1.52951019e+02, 7.28619232e+01, 1.73376022e+02, 7.80587692e+01,
    1.89962265e+02, 8.40298233e+01, 2.04716232e+02, 9.29234924e+01,
    2.18395996e+02, 1.02511795e+02, 2.29453140e+02, 1.19019676e+02,
    2.41862228e+02, 1.35679794e+02, 2.44609573e+02, 1.54516693e+02,
    2.42654419e+02, 1.73575287e+02, 2.33201599e+02, 1.89521042e+02,
    2.22031097e+02, 2.03434235e+02, 2.07597427e+02, 2.14270874e+02,
    1.90527496e+02, 2.17302643e+02, 1.72071381e+02, 2.18416367e+02,
    1.52136520e+02, 2.18772736e+02, 1.30988251e+02, 7.94405136e+01,
    1.11309807e+02, 8.91706772e+01, 1.01524178e+02, 1.01946716e+02,
    1.00977379e+02, 1.14562851e+02, 1.01829773e+02, 1.28152008e+02,
    1.05984688e+02, 1.45418686e+02, 1.05079674e+02, 1.59548645e+02,
    1.02283714e+02, 1.72976929e+02, 1.00126686e+02, 1.87037842e+02,
    9.99621277e+01, 1.97938736e+02, 1.08554482e+02, 1.34096054e+02,
    1.19406410e+02, 1.33504684e+02, 1.31815247e+02, 1.32730484e+02,
    1.44642303e+02, 1.32114349e+02, 1.57469345e+02, 1.22826050e+02,
    1.68226486e+02, 1.28664948e+02, 1.70533875e+02, 1.34010071e+02,
    1.72776016e+02, 1.40233810e+02, 1.70627594e+02, 1.46346802e+02,
    1.68021103e+02, 9.29234924e+01, 1.29446381e+02, 9.96321259e+01,
    1.23913818e+02, 1.08812416e+02, 1.24516884e+02, 1.15575417e+02,
    1.29857147e+02, 1.08571503e+02, 1.32643097e+02, 9.86063843e+01,
    1.33416138e+02, 1.56400192e+02, 1.29090820e+02, 1.63086258e+02,
    1.22863213e+02, 1.73964905e+02, 1.22884102e+02, 1.80688828e+02,
    1.28118607e+02, 1.73543839e+02, 1.31340378e+02, 1.64827042e+02,
    1.31379471e+02, 1.14637627e+02, 2.00891037e+02, 1.20291641e+02,
    1.90707993e+02, 1.28204575e+02, 1.86876968e+02, 1.35177597e+02,
    1.88160065e+02, 1.41459229e+02, 1.86394424e+02, 1.51550018e+02,
    1.89020248e+02, 1.62222290e+02, 1.97370972e+02, 1.53813522e+02,
    2.07134369e+02, 1.44002808e+02, 2.11339783e+02, 1.35748520e+02,
    2.12394989e+02, 1.28888199e+02, 2.12025742e+02, 1.20733879e+02,
    2.10249634e+02, 1.18478699e+02, 2.00079315e+02, 1.28323181e+02,
    1.96508438e+02, 1.35525803e+02, 1.96373627e+02, 1.43136673e+02,
    1.96720718e+02, 1.59015793e+02, 1.97781738e+02, 1.43151001e+02,
    2.00808517e+02, 1.35859451e+02, 2.01187851e+02, 1.28701950e+02,
    2.00834213e+02 ]
noOfLandmarkPoint: 68
