%YAML:1.0
landmark: [ 1.46835953e+02, 1.44182190e+02, 1.47621338e+02,
    1.66332916e+02, 1.50689774e+02, 1.87456818e+02, 1.54253372e+02,
    2.08282181e+02, 1.60753967e+02, 2.26850128e+02, 1.72111359e+02,
    2.44782761e+02, 1.84823135e+02, 2.62061890e+02, 2.02285995e+02,
    2.75734467e+02, 2.24226685e+02, 2.81230347e+02, 2.44512314e+02,
    2.75706390e+02, 2.62019806e+02, 2.65438171e+02, 2.76620911e+02,
    2.51007843e+02, 2.87937195e+02, 2.31377457e+02, 2.92592743e+02,
    2.11751724e+02, 2.95297791e+02, 1.90194397e+02, 2.95959534e+02,
    1.68744141e+02, 2.95946228e+02, 1.46033264e+02, 1.62104813e+02,
    1.40260406e+02, 1.72598099e+02, 1.30858566e+02, 1.85781464e+02,
    1.29684525e+02, 1.98193115e+02, 1.31874023e+02, 2.11830124e+02,
    1.37149521e+02, 2.34945999e+02, 1.37212402e+02, 2.51734970e+02,
    1.30476471e+02, 2.68142639e+02, 1.28582138e+02, 2.82741943e+02,
    1.36850647e+02, 2.89838226e+02, 1.51868195e+02, 2.24035309e+02,
    1.46199387e+02, 2.23697433e+02, 1.64470169e+02, 2.23805176e+02,
    1.81593674e+02, 2.23962616e+02, 1.97134537e+02, 2.06681168e+02,
    1.97665009e+02, 2.14943420e+02, 2.02580048e+02, 2.24839050e+02,
    2.05490723e+02, 2.33701111e+02, 2.02828903e+02, 2.40611404e+02,
    1.96572647e+02, 1.80400650e+02, 1.49502853e+02, 1.86251266e+02,
    1.44816223e+02, 1.95188004e+02, 1.44253006e+02, 2.01225906e+02,
    1.50012253e+02, 1.94866272e+02, 1.51904922e+02, 1.86851135e+02,
    1.52140945e+02, 2.45504822e+02, 1.47544052e+02, 2.50996933e+02,
    1.41650558e+02, 2.59281525e+02, 1.42257645e+02, 2.66492065e+02,
    1.46255219e+02, 2.59705139e+02, 1.50058456e+02, 2.51670334e+02,
    1.50090561e+02, 1.99551117e+02, 2.19969681e+02, 2.09001907e+02,
    2.17884613e+02, 2.20680435e+02, 2.17402023e+02, 2.27499817e+02,
    2.17877686e+02, 2.33362640e+02, 2.16639618e+02, 2.44829132e+02,
    2.17020584e+02, 2.51488907e+02, 2.17793045e+02, 2.45476471e+02,
    2.28984543e+02, 2.34171768e+02, 2.34438934e+02, 2.27555771e+02,
    2.36558594e+02, 2.20831406e+02, 2.35774673e+02, 2.09224258e+02,
    2.28683762e+02, 2.02139755e+02, 2.21610016e+02, 2.20419403e+02,
    2.26403061e+02, 2.27453293e+02, 2.26861816e+02, 2.33806030e+02,
    2.25327408e+02, 2.49255981e+02, 2.19458694e+02, 2.33806030e+02,
    2.25327408e+02, 2.27453293e+02, 2.26861816e+02, 2.20419403e+02,
    2.26403061e+02 ]
noOfLandmarkPoint: 68
