%YAML:1.0
landmark: [ 3.38698853e+02, 1.90358078e+02, 3.35856720e+02,
    2.18657104e+02, 3.41025208e+02, 2.49944534e+02, 3.42705505e+02,
    2.82579895e+02, 3.50439606e+02, 3.08052765e+02, 3.61366821e+02,
    3.32454193e+02, 3.82519318e+02, 3.46648926e+02, 4.08526581e+02,
    3.53590729e+02, 4.28961243e+02, 3.52391663e+02, 4.52511108e+02,
    3.47688568e+02, 4.88021484e+02, 3.36130646e+02, 5.26191040e+02,
    3.23791656e+02, 5.57806458e+02, 3.06816467e+02, 5.85826355e+02,
    2.84185730e+02, 5.92047668e+02, 2.48468948e+02, 5.90165283e+02,
    2.12954224e+02, 5.89537842e+02, 1.80632584e+02, 3.31371521e+02,
    1.49416977e+02, 3.32057190e+02, 1.30527115e+02, 3.48878296e+02,
    1.23190094e+02, 3.66819366e+02, 1.22929718e+02, 3.84404785e+02,
    1.26720947e+02, 4.29164734e+02, 1.21141212e+02, 4.48703674e+02,
    1.13441933e+02, 4.70902008e+02, 1.05466240e+02, 4.92535736e+02,
    1.02328987e+02, 5.12116516e+02, 1.15688629e+02, 4.04062653e+02,
    1.58608063e+02, 4.03869629e+02, 1.75347549e+02, 4.02475403e+02,
    1.91982529e+02, 4.02143066e+02, 2.09851547e+02, 3.89995544e+02,
    2.33976471e+02, 3.98782501e+02, 2.34050903e+02, 4.07829346e+02,
    2.35057510e+02, 4.21745575e+02, 2.30488266e+02, 4.35405884e+02,
    2.27497253e+02, 3.52691528e+02, 1.72675156e+02, 3.61053070e+02,
    1.66158722e+02, 3.74325226e+02, 1.63925415e+02, 3.87190613e+02,
    1.67801788e+02, 3.74306641e+02, 1.72305603e+02, 3.62363800e+02,
    1.74280991e+02, 4.48644684e+02, 1.59001526e+02, 4.59301758e+02,
    1.50828552e+02, 4.72135651e+02, 1.48833054e+02, 4.83841827e+02,
    1.52647278e+02, 4.73626892e+02, 1.58209641e+02, 4.61814789e+02,
    1.60670227e+02, 3.76872253e+02, 2.97013916e+02, 3.79844666e+02,
    2.80843781e+02, 3.94058014e+02, 2.70488190e+02, 4.04745911e+02,
    2.66925568e+02, 4.23944275e+02, 2.61794281e+02, 4.55823334e+02,
    2.65685394e+02, 4.69277527e+02, 2.75398773e+02, 4.55375305e+02,
    2.69916565e+02, 4.24848236e+02, 2.69584229e+02, 4.08271332e+02,
    2.73441986e+02, 3.98248108e+02, 2.77336975e+02, 3.84368073e+02,
    2.87504303e+02, 3.81301636e+02, 2.85608124e+02, 3.96233063e+02,
    2.74431580e+02, 4.06434387e+02, 2.70271515e+02, 4.24553131e+02,
    2.65707886e+02, 4.59126678e+02, 2.68736115e+02, 4.24553131e+02,
    2.65707886e+02, 4.06434387e+02, 2.70271515e+02, 3.96233063e+02,
    2.74431580e+02 ]
noOfLandmarkPoint: 68
