%YAML:1.0
landmark: [ 6.41304321e+01, 1.88446518e+02, 6.42545776e+01,
    2.20992340e+02, 6.60276108e+01, 2.53494553e+02, 7.24610596e+01,
    2.81665497e+02, 8.53588257e+01, 3.10759064e+02, 1.05459267e+02,
    3.32601898e+02, 1.28708481e+02, 3.52839661e+02, 1.50861923e+02,
    3.65032196e+02, 1.75954010e+02, 3.67036896e+02, 2.02506134e+02,
    3.64145660e+02, 2.22346619e+02, 3.49598907e+02, 2.39812866e+02,
    3.26696289e+02, 2.50578949e+02, 3.01072815e+02, 2.56643738e+02,
    2.70105194e+02, 2.55302124e+02, 2.43293732e+02, 2.55215469e+02,
    2.19331299e+02, 2.50028412e+02, 1.91241623e+02, 1.11720856e+02,
    1.93794479e+02, 1.25151802e+02, 1.84745422e+02, 1.39698547e+02,
    1.80908768e+02, 1.57282089e+02, 1.82687103e+02, 1.70707718e+02,
    1.87670212e+02, 1.99500000e+02, 1.83573624e+02, 2.11115829e+02,
    1.78497299e+02, 2.23605072e+02, 1.77703995e+02, 2.34712448e+02,
    1.79247726e+02, 2.42844345e+02, 1.83425659e+02, 1.84443985e+02,
    1.99602798e+02, 1.86476959e+02, 2.22256104e+02, 1.88280640e+02,
    2.44649445e+02, 1.90598892e+02, 2.66237610e+02, 1.61052124e+02,
    2.64423309e+02, 1.73963181e+02, 2.71755341e+02, 1.88479279e+02,
    2.75622650e+02, 1.98266891e+02, 2.71730011e+02, 2.04941788e+02,
    2.62557953e+02, 1.22227913e+02, 1.99973770e+02, 1.31348465e+02,
    1.94435226e+02, 1.44235458e+02, 1.92978180e+02, 1.55248627e+02,
    1.99149368e+02, 1.44732529e+02, 2.02458160e+02, 1.32851227e+02,
    2.02626419e+02, 2.03216171e+02, 2.00406647e+02, 2.11992325e+02,
    1.93083771e+02, 2.21198822e+02, 1.91920074e+02, 2.30273544e+02,
    1.96095840e+02, 2.22820190e+02, 1.99158020e+02, 2.12980530e+02,
    2.00129425e+02, 1.38750732e+02, 2.91050598e+02, 1.53440659e+02,
    2.90101654e+02, 1.68759659e+02, 2.89140045e+02, 1.79594238e+02,
    2.89159912e+02, 1.89092697e+02, 2.86461792e+02, 2.00014572e+02,
    2.85155640e+02, 2.10979309e+02, 2.83036011e+02, 2.03090836e+02,
    2.99674530e+02, 1.92959534e+02, 3.06555328e+02, 1.82164627e+02,
    3.09996552e+02, 1.70705856e+02, 3.09973175e+02, 1.54937866e+02,
    3.04941711e+02, 1.42098145e+02, 2.92625000e+02, 1.69004013e+02,
    2.92604767e+02, 1.80060913e+02, 2.92715851e+02, 1.89658966e+02,
    2.90168274e+02, 2.08518402e+02, 2.83978516e+02, 1.91267822e+02,
    3.01381622e+02, 1.81447891e+02, 3.04408783e+02, 1.70382492e+02,
    3.04608154e+02 ]
noOfLandmarkPoint: 68
