%YAML:1.0
landmark: [ 1.05227478e+02, 7.80653915e+01, 1.07438728e+02,
    9.24422531e+01, 1.09827438e+02, 1.04829041e+02, 1.12573738e+02,
    1.17874695e+02, 1.15902672e+02, 1.30208267e+02, 1.22537132e+02,
    1.44506042e+02, 1.31504318e+02, 1.54123489e+02, 1.42509811e+02,
    1.63150833e+02, 1.57712708e+02, 1.67169556e+02, 1.72651077e+02,
    1.64490128e+02, 1.88213303e+02, 1.54417969e+02, 1.99419693e+02,
    1.44900696e+02, 2.11703796e+02, 1.35294479e+02, 2.17787567e+02,
    1.24177032e+02, 2.20004318e+02, 1.09303970e+02, 2.20926590e+02,
    9.30975800e+01, 2.20976685e+02, 7.71243515e+01, 1.08697693e+02,
    6.00194626e+01, 1.14643982e+02, 5.61672363e+01, 1.22405380e+02,
    5.55561218e+01, 1.30299576e+02, 5.67972641e+01, 1.37804367e+02,
    5.94168358e+01, 1.61009323e+02, 6.29083633e+01, 1.70420181e+02,
    6.14887276e+01, 1.81062393e+02, 5.96907196e+01, 1.91981903e+02,
    5.93594017e+01, 2.02487198e+02, 6.15788345e+01, 1.50917618e+02,
    7.19583206e+01, 1.50838821e+02, 8.53754272e+01, 1.50313614e+02,
    9.76511688e+01, 1.50552979e+02, 1.10022171e+02, 1.41506409e+02,
    1.11776764e+02, 1.46317642e+02, 1.14176964e+02, 1.51783249e+02,
    1.15691444e+02, 1.58596313e+02, 1.13805779e+02, 1.64159500e+02,
    1.12050308e+02, 1.21209641e+02, 7.32434464e+01, 1.24428177e+02,
    7.00144577e+01, 1.30918655e+02, 7.04485321e+01, 1.37188339e+02,
    7.35344391e+01, 1.31408493e+02, 7.54199142e+01, 1.24474312e+02,
    7.59909286e+01, 1.70470413e+02, 7.53559418e+01, 1.72741852e+02,
    7.20309830e+01, 1.80583405e+02, 7.32297745e+01, 1.89299225e+02,
    7.61641464e+01, 1.83222992e+02, 7.81434326e+01, 1.76399338e+02,
    7.81057816e+01, 1.36434830e+02, 1.33854797e+02, 1.42769760e+02,
    1.29809509e+02, 1.48023148e+02, 1.27495125e+02, 1.52619629e+02,
    1.29116318e+02, 1.58532516e+02, 1.27113960e+02, 1.65787582e+02,
    1.30036880e+02, 1.73287628e+02, 1.34788223e+02, 1.65893127e+02,
    1.39206665e+02, 1.58921432e+02, 1.41126465e+02, 1.52582428e+02,
    1.41150467e+02, 1.47865723e+02, 1.40919922e+02, 1.42920013e+02,
    1.37852890e+02, 1.40628113e+02, 1.33446228e+02, 1.48201935e+02,
    1.32505264e+02, 1.52642242e+02, 1.33156982e+02, 1.58773376e+02,
    1.32813492e+02, 1.69517105e+02, 1.34656738e+02, 1.58773376e+02,
    1.32813492e+02, 1.52642242e+02, 1.33156982e+02, 1.48201935e+02,
    1.32505264e+02 ]
noOfLandmarkPoint: 68
