%YAML:1.0
landmark: [ 9.96338196e+02, 4.88004364e+02, 9.71341187e+02,
    5.42498169e+02, 9.59413635e+02, 6.09092407e+02, 9.54484558e+02,
    6.68433167e+02, 9.58583557e+02, 7.33220337e+02, 9.67587036e+02,
    8.24312012e+02, 1.00043170e+03, 9.35970581e+02, 1.02254272e+03,
    1.02611548e+03, 1.06850415e+03, 1.07140955e+03, 1.13904004e+03,
    1.09440942e+03, 1.23259766e+03, 1.08378955e+03, 1.32533057e+03,
    1.03619275e+03, 1.41067920e+03, 9.63138489e+02, 1.50017651e+03,
    8.90908936e+02, 1.55436865e+03, 8.10464844e+02, 1.59211780e+03,
    7.36607849e+02, 1.63151929e+03, 6.50420654e+02, 1.00946832e+03,
    4.09995911e+02, 1.04968909e+03, 4.09984863e+02, 1.08090930e+03,
    4.30072632e+02, 1.10753894e+03, 4.51101349e+02, 1.12774231e+03,
    4.79582642e+02, 1.26549487e+03, 4.96983002e+02, 1.31967041e+03,
    5.01095825e+02, 1.36808081e+03, 5.05197632e+02, 1.41813806e+03,
    5.04350739e+02, 1460., 5.44576965e+02, 1.18098474e+03,
    5.70848267e+02, 1.16045654e+03, 6.34860413e+02, 1.13828430e+03,
    6.95595520e+02, 1.11694226e+03, 7.58793945e+02, 1.07019800e+03,
    7.38249146e+02, 1.08906836e+03, 7.74365234e+02, 1.12354321e+03,
    8.03083252e+02, 1.17608313e+03, 7.91586121e+02, 1.22939795e+03,
    7.85848572e+02, 1.03820288e+03, 5.10113129e+02, 1.05879248e+03,
    5.04880676e+02, 1.08728931e+03, 5.19438599e+02, 1.11617578e+03,
    5.48578796e+02, 1.08063452e+03, 5.44472839e+02, 1.04680505e+03,
    5.33671936e+02, 1.29444849e+03, 5.90860229e+02, 1.32724451e+03,
    5.77881714e+02, 1.35710156e+03, 5.83686707e+02, 1.39076929e+03,
    6.06255066e+02, 1.35734216e+03, 6.10377136e+02, 1.32252563e+03,
    6.05448303e+02, 1.04969177e+03, 8.13750122e+02, 1.07512732e+03,
    8.29351807e+02, 1.10303430e+03, 8.41657166e+02, 1.12846985e+03,
    8.55603821e+02, 1.16454456e+03, 8.62979797e+02, 1.21707336e+03,
    8.78595337e+02, 1.29094128e+03, 8.83510864e+02, 1.20311011e+03,
    9.36042419e+02, 1.13908142e+03, 9.31910217e+02, 1.09776978e+03,
    9.19812012e+02, 1.07183374e+03, 8.97443665e+02, 1.05542383e+03,
    8.61344055e+02, 1.05871191e+03, 8.29346313e+02, 1.09646924e+03,
    8.56431335e+02, 1.12271851e+03, 8.68733948e+02, 1.15961523e+03,
    8.76931946e+02, 1.27370386e+03, 8.85149353e+02, 1.15303357e+03,
    8.98265686e+02, 1.11628064e+03, 8.83279724e+02, 1.09262903e+03,
    8.66017029e+02 ]
noOfLandmarkPoint: 68
