%YAML:1.0
landmark: [ 6.98141403e+01, 3.08545746e+02, 7.18080673e+01,
    3.54426483e+02, 7.66956100e+01, 3.99760559e+02, 9.06641312e+01,
    4.40397858e+02, 1.01357109e+02, 4.85011566e+02, 1.23501137e+02,
    5.21737305e+02, 1.56013382e+02, 5.50051208e+02, 1.95129044e+02,
    5.76932312e+02, 2.27541794e+02, 5.80598022e+02, 2.59737305e+02,
    5.74927002e+02, 3.00981964e+02, 5.45674377e+02, 3.38400848e+02,
    5.14833008e+02, 3.59544250e+02, 4.83086945e+02, 3.73838257e+02,
    4.47417389e+02, 3.80919739e+02, 3.98896484e+02, 3.89968201e+02,
    3.60079651e+02, 3.91673126e+02, 3.17197662e+02, 8.50731201e+01,
    2.94248322e+02, 1.11825180e+02, 2.81003479e+02, 1.44239319e+02,
    2.75615845e+02, 1.75936310e+02, 2.84568817e+02, 2.00208755e+02,
    2.98765900e+02, 2.54371841e+02, 2.89789764e+02, 2.79025696e+02,
    2.79561035e+02, 3.05384338e+02, 2.74184418e+02, 3.35283630e+02,
    2.77331573e+02, 3.63346863e+02, 2.85593353e+02, 2.24815491e+02,
    3.21183258e+02, 2.24681000e+02, 3.53852081e+02, 2.24144470e+02,
    3.88365387e+02, 2.23286469e+02, 4.19967316e+02, 1.99040009e+02,
    4.36316406e+02, 2.12438095e+02, 4.40310303e+02, 2.24712250e+02,
    4.45995728e+02, 2.36261169e+02, 4.39978943e+02, 2.49077896e+02,
    4.38208710e+02, 1.22447304e+02, 3.28344299e+02, 1.40765533e+02,
    3.16339722e+02, 1.60740967e+02, 3.16172180e+02, 1.80854874e+02,
    3.32921265e+02, 1.64149017e+02, 3.36343658e+02, 1.39364120e+02,
    3.38572968e+02, 2.70501709e+02, 3.29917999e+02, 2.88861023e+02,
    3.11689880e+02, 3.12465851e+02, 3.10509583e+02, 3.32398926e+02,
    3.24803528e+02, 3.16477783e+02, 3.35446075e+02, 2.92795135e+02,
    3.35819061e+02, 1.68231659e+02, 4.90251831e+02, 1.93442352e+02,
    4.79316772e+02, 2.13027466e+02, 4.73667297e+02, 2.22987030e+02,
    4.78803894e+02, 2.37435974e+02, 4.74776764e+02, 2.58195282e+02,
    4.80747803e+02, 2.81694458e+02, 4.92845764e+02, 2.59644135e+02,
    5.12698425e+02, 2.38319962e+02, 5.18073425e+02, 2.23240707e+02,
    5.18697266e+02, 2.10428848e+02, 5.18731689e+02, 1.90896393e+02,
    5.13094543e+02, 1.82274628e+02, 4.92602356e+02, 2.11620667e+02,
    4.90299377e+02, 2.23329010e+02, 4.92173615e+02, 2.37586349e+02,
    4.90955078e+02, 2.68960083e+02, 4.91980103e+02, 2.37586349e+02,
    4.90955078e+02, 2.23329010e+02, 4.92173615e+02, 2.11620667e+02,
    4.90299377e+02 ]
noOfLandmarkPoint: 68
