%YAML:1.0
landmark: [ 2.10253693e+02, 1.95869461e+02, 2.13800491e+02,
    2.21879303e+02, 2.21485229e+02, 2.50844833e+02, 2.28746643e+02,
    2.84539398e+02, 2.35840240e+02, 3.17051727e+02, 2.46901443e+02,
    3.47788147e+02, 2.62183258e+02, 3.75826874e+02, 2.86254364e+02,
    3.98207275e+02, 3.19360321e+02, 4.09776947e+02, 3.58798401e+02,
    4.04624573e+02, 3.93928223e+02, 3.80130127e+02, 4.24411682e+02,
    3.49559052e+02, 4.52673401e+02, 3.16357635e+02, 4.66219269e+02,
    2.77946808e+02, 4.69169952e+02, 2.43578415e+02, 4.71026001e+02,
    2.06081558e+02, 4.69588257e+02, 1.70869049e+02, 2.05524628e+02,
    1.50352219e+02, 2.15208130e+02, 1.38979248e+02, 2.32234726e+02,
    1.40528717e+02, 2.53057327e+02, 1.42768478e+02, 2.73319519e+02,
    1.51151276e+02, 3.13191010e+02, 1.43599258e+02, 3.37661194e+02,
    1.35821167e+02, 3.66417938e+02, 1.31307571e+02, 3.95628754e+02,
    1.33323242e+02, 4.16115082e+02, 1.47209732e+02, 2.93686127e+02,
    1.64191284e+02, 2.89980682e+02, 1.87236099e+02, 2.86536072e+02,
    2.13938507e+02, 2.83093536e+02, 2.39474335e+02, 2.74607025e+02,
    2.54729767e+02, 2.85128723e+02, 2.57345215e+02, 2.95549652e+02,
    2.58529572e+02, 3.08975403e+02, 2.54644608e+02, 3.21386688e+02,
    2.50253693e+02, 2.31256180e+02, 1.77551331e+02, 2.41913025e+02,
    1.70613556e+02, 2.57566711e+02, 1.70021637e+02, 2.72531647e+02,
    1.75007584e+02, 2.56023926e+02, 1.83455658e+02, 2.40654465e+02,
    1.83285339e+02, 3.40027527e+02, 1.72072479e+02, 3.57445801e+02,
    1.67495071e+02, 3.74080200e+02, 1.69100647e+02, 3.90082275e+02,
    1.72619980e+02, 3.74517975e+02, 1.77324646e+02, 3.57945984e+02,
    1.77180420e+02, 2.67593597e+02, 3.11731537e+02, 2.77222046e+02,
    3.02611542e+02, 2.87692108e+02, 2.97544342e+02, 3.00273743e+02,
    3.00417328e+02, 3.13784637e+02, 2.96362061e+02, 3.31010162e+02,
    3.00417328e+02, 3.50307983e+02, 3.06580597e+02, 3.35301971e+02,
    3.21829834e+02, 3.20268524e+02, 3.26392609e+02, 3.03961243e+02,
    3.29035248e+02, 2.91344177e+02, 3.27276733e+02, 2.78723022e+02,
    3.25430725e+02, 2.72024750e+02, 3.11732971e+02, 2.89553162e+02,
    3.09619995e+02, 3.02696167e+02, 3.10926422e+02, 3.16226837e+02,
    3.08267395e+02, 3.46000824e+02, 3.07298920e+02, 3.16226837e+02,
    3.08267395e+02, 3.02696167e+02, 3.10926422e+02, 2.89553162e+02,
    3.09619995e+02 ]
noOfLandmarkPoint: 68
