%YAML:1.0
landmark: [ 2.61145355e+02, 1.11195419e+02, 2.62456238e+02,
    1.24839577e+02, 2.65883331e+02, 1.38325226e+02, 2.68843506e+02,
    1.50302948e+02, 2.72973145e+02, 1.62927521e+02, 2.80671295e+02,
    1.73238815e+02, 2.91754730e+02, 1.81436630e+02, 3.03615875e+02,
    1.88109833e+02, 3.17795349e+02, 1.90348618e+02, 3.29928680e+02,
    1.88448730e+02, 3.41555084e+02, 1.84333633e+02, 3.52546417e+02,
    1.76984283e+02, 3.62260651e+02, 1.67242081e+02, 3.68461670e+02,
    1.54880005e+02, 3.69638702e+02, 1.40221039e+02, 3.70744507e+02,
    1.25277679e+02, 3.71309692e+02, 1.10157700e+02, 2.72316803e+02,
    1.01943909e+02, 2.79048431e+02, 9.71034470e+01, 2.86630280e+02,
    9.66227264e+01, 2.94703766e+02, 9.72278976e+01, 3.03371948e+02,
    9.89924774e+01, 3.24477600e+02, 9.84667740e+01, 3.32596222e+02,
    9.47506485e+01, 3.40728455e+02, 9.22872467e+01, 3.49412048e+02,
    9.22163315e+01, 3.56772797e+02, 9.61797943e+01, 3.14282593e+02,
    1.07798286e+02, 3.14788086e+02, 1.16001915e+02, 3.15199341e+02,
    1.23764313e+02, 3.15854767e+02, 1.31668060e+02, 3.08583344e+02,
    1.41176743e+02, 3.11910522e+02, 1.41782150e+02, 3.15901886e+02,
    1.42343491e+02, 3.20892609e+02, 1.40835571e+02, 3.24880920e+02,
    1.39627518e+02, 2.80851196e+02, 1.11478142e+02, 2.86497345e+02,
    1.07151428e+02, 2.94745667e+02, 1.06918114e+02, 3.01161072e+02,
    1.11439598e+02, 2.94978821e+02, 1.13577553e+02, 2.87696686e+02,
    1.13996918e+02, 3.29348999e+02, 1.10428596e+02, 3.35789032e+02,
    1.05093643e+02, 3.44084625e+02, 1.03616165e+02, 3.49885895e+02,
    1.07412750e+02, 3.45869934e+02, 1.12399940e+02, 3.37396881e+02,
    1.12699814e+02, 2.97391388e+02, 1.57869949e+02, 3.05585968e+02,
    1.54143600e+02, 3.11864929e+02, 1.52321411e+02, 3.17085907e+02,
    1.53237701e+02, 3.21974579e+02, 1.52215683e+02, 3.29004547e+02,
    1.53123734e+02, 3.38602020e+02, 1.55270554e+02, 3.29560059e+02,
    1.60560364e+02, 3.22946747e+02, 1.63561737e+02, 3.17745880e+02,
    1.64230362e+02, 3.12346466e+02, 1.63414291e+02, 3.05682983e+02,
    1.61355179e+02, 3.00218292e+02, 1.57706238e+02, 3.12138641e+02,
    1.57041565e+02, 3.17223969e+02, 1.57038620e+02, 3.21992737e+02,
    1.56768997e+02, 3.35855591e+02, 1.55853622e+02, 3.21992737e+02,
    1.56768997e+02, 3.17223969e+02, 1.57038620e+02, 3.12138641e+02,
    1.57041565e+02 ]
noOfLandmarkPoint: 68
