%YAML:1.0
landmark: [ 1.60725403e+02, 1.02928078e+02, 1.62391495e+02,
    1.15327293e+02, 1.64580612e+02, 1.28509766e+02, 1.66612305e+02,
    1.41831390e+02, 1.70620880e+02, 1.54120651e+02, 1.78352264e+02,
    1.63978378e+02, 1.86673447e+02, 1.72292755e+02, 1.97772919e+02,
    1.75517746e+02, 2.10695374e+02, 1.76883224e+02, 2.24437943e+02,
    1.75272476e+02, 2.32879562e+02, 1.67588440e+02, 2.41109787e+02,
    1.56574997e+02, 2.45570892e+02, 1.46599136e+02, 2.47417343e+02,
    1.35792267e+02, 2.48199814e+02, 1.23620544e+02, 2.48704239e+02,
    1.11706596e+02, 2.48590561e+02, 1.00331413e+02, 1.73695450e+02,
    8.17006302e+01, 1.77748322e+02, 7.76140976e+01, 1.83788589e+02,
    7.47953033e+01, 1.91842285e+02, 7.56006699e+01, 1.98285233e+02,
    7.68087234e+01, 2.18035660e+02, 7.88753052e+01, 2.22830719e+02,
    7.57398148e+01, 2.29694626e+02, 7.39899292e+01, 2.36994247e+02,
    7.53736801e+01, 2.42690903e+02, 7.85656052e+01, 2.09804230e+02,
    8.95213928e+01, 2.09791000e+02, 9.53067703e+01, 2.09999725e+02,
    1.01137077e+02, 2.10220856e+02, 1.07916878e+02, 1.98480316e+02,
    1.15092560e+02, 2.04439728e+02, 1.16265656e+02, 2.11299820e+02,
    1.17189011e+02, 2.17210266e+02, 1.16002296e+02, 2.23279007e+02,
    1.15040642e+02, 1.81707016e+02, 9.46253738e+01, 1.85496078e+02,
    9.16252441e+01, 1.90542801e+02, 9.15685272e+01, 1.96422653e+02,
    9.36762161e+01, 1.91045517e+02, 9.58470078e+01, 1.86023605e+02,
    9.61419601e+01, 2.21892075e+02, 9.39501877e+01, 2.26272644e+02,
    9.03644714e+01, 2.30724243e+02, 9.03701935e+01, 2.34925705e+02,
    9.36633148e+01, 2.32200104e+02, 9.61971512e+01, 2.26788391e+02,
    9.64058075e+01, 1.88804596e+02, 1.39195801e+02, 1.94145508e+02,
    1.32069214e+02, 2.02939682e+02, 1.28220627e+02, 2.09071106e+02,
    1.29569443e+02, 2.15770081e+02, 1.28278214e+02, 2.22945175e+02,
    1.30632614e+02, 2.29570236e+02, 1.40099777e+02, 2.23425125e+02,
    1.48440201e+02, 2.15915512e+02, 1.50968735e+02, 2.09051605e+02,
    1.50987015e+02, 2.02835648e+02, 1.49709381e+02, 1.93342850e+02,
    1.46000763e+02, 1.91706268e+02, 1.38984863e+02, 2.02892242e+02,
    1.32850800e+02, 2.08922836e+02, 1.32749817e+02, 2.15587631e+02,
    1.32775146e+02, 2.25719086e+02, 1.40137253e+02, 2.16133087e+02,
    1.45356979e+02, 2.09245560e+02, 1.45279861e+02, 2.03132202e+02,
    1.43775238e+02 ]
noOfLandmarkPoint: 68
