%YAML:1.0
landmark: [ 6.65066681e+01, 1.58220428e+02, 6.81044388e+01,
    2.02324249e+02, 7.64802628e+01, 2.53603760e+02, 8.37823639e+01,
    3.06977722e+02, 1.01785332e+02, 3.51306122e+02, 1.33447433e+02,
    3.92574280e+02, 1.66880798e+02, 4.27339355e+02, 2.05930206e+02,
    4.60648285e+02, 2.52518723e+02, 4.67690063e+02, 3.03326843e+02,
    4.61962311e+02, 3.46332092e+02, 4.28300842e+02, 3.77248657e+02,
    3.92204315e+02, 4.04377563e+02, 3.53786011e+02, 4.22604309e+02,
    3.13804443e+02, 4.33122986e+02, 2.60597198e+02, 4.38576263e+02,
    2.01054535e+02, 4.41029144e+02, 1.52373230e+02, 9.39740448e+01,
    1.08437958e+02, 1.21326004e+02, 9.08034897e+01, 1.55892365e+02,
    8.75568237e+01, 1.96014603e+02, 9.31669159e+01, 2.34007309e+02,
    9.92216492e+01, 2.66637756e+02, 9.59956970e+01, 3.07805206e+02,
    8.90256119e+01, 3.46150085e+02, 8.93389664e+01, 3.78410461e+02,
    9.16993713e+01, 4.02243469e+02, 1.08964851e+02, 2.49351166e+02,
    1.28477844e+02, 2.48774292e+02, 1.61740845e+02, 2.46778244e+02,
    1.96782028e+02, 2.44884262e+02, 2.31076859e+02, 2.15774475e+02,
    2.49437668e+02, 2.30717133e+02, 2.54896133e+02, 2.47534622e+02,
    2.57393829e+02, 2.65074341e+02, 2.55925140e+02, 2.82242920e+02,
    2.52001892e+02, 1.36879974e+02, 1.27002678e+02, 1.57506561e+02,
    1.18170387e+02, 1.78770615e+02, 1.19358063e+02, 1.95466232e+02,
    1.29551468e+02, 1.72135635e+02, 1.34966415e+02, 1.52662125e+02,
    1.34114502e+02, 3.06118896e+02, 1.29201721e+02, 3.21406677e+02,
    1.16995102e+02, 3.46133087e+02, 1.19205238e+02, 3.63442413e+02,
    1.26748344e+02, 3.48145172e+02, 1.35288986e+02, 3.25269836e+02,
    1.33926376e+02, 1.82658752e+02, 3.28210907e+02, 2.06155487e+02,
    3.15954315e+02, 2.29249802e+02, 3.11800049e+02, 2.47588715e+02,
    3.16174377e+02, 2.71536896e+02, 3.11308472e+02, 3.00133118e+02,
    3.20099274e+02, 3.21226807e+02, 3.28854858e+02, 3.02442200e+02,
    3.41586792e+02, 2.73740967e+02, 3.49447632e+02, 2.49483307e+02,
    3.50136597e+02, 2.29198456e+02, 3.49967773e+02, 2.06801636e+02,
    3.47142914e+02, 1.91776672e+02, 3.29311432e+02, 2.28672287e+02,
    3.26209381e+02, 2.48337021e+02, 3.28421753e+02, 2.71525146e+02,
    3.25911499e+02, 3.14636627e+02, 3.28854858e+02, 2.71525146e+02,
    3.25911499e+02, 2.48337021e+02, 3.28421753e+02, 2.28672287e+02,
    3.26209381e+02 ]
noOfLandmarkPoint: 68
