%YAML:1.0
landmark: [ 9.11455612e+01, 1.84584335e+02, 9.42044601e+01,
    2.02845062e+02, 9.99373932e+01, 2.20573395e+02, 1.05808990e+02,
    2.40767014e+02, 1.16365578e+02, 2.55771866e+02, 1.26586327e+02,
    2.70424957e+02, 1.40613312e+02, 2.82167267e+02, 1.55266403e+02,
    2.93859955e+02, 1.74657852e+02, 2.97907043e+02, 1.96473007e+02,
    2.87549316e+02, 2.11589355e+02, 2.72763916e+02, 2.26391251e+02,
    2.56196350e+02, 2.35989716e+02, 2.37828720e+02, 2.38049881e+02,
    2.19074020e+02, 2.37404602e+02, 1.99386932e+02, 2.37061676e+02,
    1.82558014e+02, 2.36169052e+02, 1.62027939e+02, 9.54457321e+01,
    1.79198898e+02, 1.04122849e+02, 1.69548584e+02, 1.16484009e+02,
    1.63893646e+02, 1.28701218e+02, 1.63819748e+02, 1.40892029e+02,
    1.64888947e+02, 1.60594223e+02, 1.62620255e+02, 1.78009109e+02,
    1.53717911e+02, 1.96253265e+02, 1.51043442e+02, 2.11943390e+02,
    1.52701996e+02, 2.24755859e+02, 1.61252213e+02, 1.54716751e+02,
    1.74692886e+02, 1.55880753e+02, 1.89059906e+02, 1.56644073e+02,
    2.02961807e+02, 1.57477615e+02, 2.16384415e+02, 1.44979446e+02,
    2.22028778e+02, 1.51866516e+02, 2.24126801e+02, 1.60005798e+02,
    2.24939529e+02, 1.68688995e+02, 2.20715225e+02, 1.77921600e+02,
    2.17670700e+02, 1.17358604e+02, 1.83859222e+02, 1.23508682e+02,
    1.78195297e+02, 1.32449966e+02, 1.77823364e+02, 1.40201294e+02,
    1.81988068e+02, 1.32054031e+02, 1.83956833e+02, 1.24448235e+02,
    1.84657379e+02, 1.77143036e+02, 1.75728348e+02, 1.82397400e+02,
    1.69093307e+02, 1.91877014e+02, 1.65517242e+02, 1.99832214e+02,
    1.67988571e+02, 1.93197205e+02, 1.71670792e+02, 1.85655228e+02,
    1.74634338e+02, 1.32507141e+02, 2.39559525e+02, 1.43348633e+02,
    2.37279251e+02, 1.55779892e+02, 2.35844025e+02, 1.63516068e+02,
    2.35622681e+02, 1.73654861e+02, 2.33052322e+02, 1.87315750e+02,
    2.30357224e+02, 2.04193878e+02, 2.25708389e+02, 1.91381851e+02,
    2.46078094e+02, 1.78810425e+02, 2.56396912e+02, 1.67935867e+02,
    2.60669495e+02, 1.59044113e+02, 2.59698517e+02, 1.45742523e+02,
    2.52421631e+02, 1.37093002e+02, 2.40811707e+02, 1.56296524e+02,
    2.41143341e+02, 1.64480728e+02, 2.41222900e+02, 1.74576294e+02,
    2.38153732e+02, 2.01239044e+02, 2.28646667e+02, 1.76614349e+02,
    2.47510468e+02, 1.66353851e+02, 2.50387695e+02, 1.57978104e+02,
    2.49894241e+02 ]
noOfLandmarkPoint: 68
