%YAML:1.0
landmark: [ 1.22294350e+02, 2.91969238e+02, 1.25988220e+02,
    3.22894745e+02, 1.34199066e+02, 3.55467926e+02, 1.43126160e+02,
    3.87364746e+02, 1.54379074e+02, 4.17208435e+02, 1.74333420e+02,
    4.43240417e+02, 1.97845596e+02, 4.67825348e+02, 2.22034668e+02,
    4.87348206e+02, 2.53609131e+02, 4.90982056e+02, 2.83699432e+02,
    4.84798645e+02, 3.10130127e+02, 4.64185516e+02, 3.32795410e+02,
    4.39675232e+02, 3.53998016e+02, 4.10293945e+02, 3.62616486e+02,
    3.85907043e+02, 3.63784882e+02, 3.56138794e+02, 3.64256775e+02,
    3.16242096e+02, 3.65393066e+02, 2.79818481e+02, 1.34961426e+02,
    2.73520874e+02, 1.53037537e+02, 2.63138306e+02, 1.73112656e+02,
    2.62155975e+02, 1.91095978e+02, 2.67892639e+02, 2.10915375e+02,
    2.75509216e+02, 2.47515320e+02, 2.73785553e+02, 2.68413269e+02,
    2.63937653e+02, 2.89132172e+02, 2.57802490e+02, 3.09283203e+02,
    2.52264816e+02, 3.35781036e+02, 2.57238953e+02, 2.33292740e+02,
    2.91459656e+02, 2.35076660e+02, 3.18130493e+02, 2.36350052e+02,
    3.42161682e+02, 2.38106827e+02, 3.68270294e+02, 2.13499283e+02,
    3.74603821e+02, 2.25399277e+02, 3.80385498e+02, 2.40816010e+02,
    3.86813202e+02, 2.54226715e+02, 3.78117371e+02, 2.66779755e+02,
    3.70834625e+02, 1.63372513e+02, 2.99124298e+02, 1.75371704e+02,
    2.90065857e+02, 1.93605240e+02, 2.90398071e+02, 2.06792847e+02,
    3.01695160e+02, 1.91866531e+02, 3.04426147e+02, 1.75563843e+02,
    3.04716370e+02, 2.68516113e+02, 2.98386047e+02, 2.79467072e+02,
    2.84588257e+02, 2.97432556e+02, 2.81715424e+02, 3.14197601e+02,
    2.88329346e+02, 3.02706329e+02, 2.96743958e+02, 2.85820374e+02,
    2.99219238e+02, 1.95326462e+02, 4.06473877e+02, 2.12760590e+02,
    4.03791351e+02, 2.35369675e+02, 4.00964264e+02, 2.45932388e+02,
    4.03179810e+02, 2.57967285e+02, 3.97789703e+02, 2.74140106e+02,
    3.96504059e+02, 2.97349762e+02, 3.99041565e+02, 2.77688293e+02,
    4.23588470e+02, 2.62210327e+02, 4.32281006e+02, 2.48799362e+02,
    4.35289551e+02, 2.37337250e+02, 4.35122284e+02, 2.12654297e+02,
    4.22228729e+02, 2.06801224e+02, 4.11275269e+02, 2.35802795e+02,
    4.10978119e+02, 2.46571335e+02, 4.09937622e+02, 2.59888672e+02,
    4.08421936e+02, 2.85152100e+02, 4.05753357e+02, 2.60997711e+02,
    4.14688629e+02, 2.47471680e+02, 4.18040771e+02, 2.36555222e+02,
    4.17365570e+02 ]
noOfLandmarkPoint: 68
