%YAML:1.0
landmark: [ 1.57812607e+02, 2.20426865e+02, 1.58442917e+02,
    2.35539627e+02, 1.65897736e+02, 2.50334610e+02, 1.75368607e+02,
    2.62774872e+02, 1.84198700e+02, 2.74902557e+02, 1.94732300e+02,
    2.88947357e+02, 2.06339081e+02, 3.01616882e+02, 2.19809952e+02,
    3.13725739e+02, 2.36946655e+02, 3.16388519e+02, 2.54894958e+02,
    3.07952850e+02, 2.71884979e+02, 2.93953705e+02, 2.89659790e+02,
    2.78627350e+02, 3.03605652e+02, 2.62123627e+02, 3.11268829e+02,
    2.46172180e+02, 3.10846863e+02, 2.21687500e+02, 3.08070160e+02,
    1.97635239e+02, 3.04449554e+02, 1.76140854e+02, 1.46482544e+02,
    1.92832062e+02, 1.51962158e+02, 1.85246475e+02, 1.61009201e+02,
    1.80716278e+02, 1.72284592e+02, 1.82861176e+02, 1.81541870e+02,
    1.86903732e+02, 2.04520935e+02, 1.81272293e+02, 2.16867462e+02,
    1.70519882e+02, 2.31870804e+02, 1.63705841e+02, 2.49293427e+02,
    1.64122375e+02, 2.66373413e+02, 1.66472076e+02, 1.97921127e+02,
    2.02208801e+02, 1.99600479e+02, 2.16169006e+02, 2.00332153e+02,
    2.29231201e+02, 2.01421326e+02, 2.42865250e+02, 1.99316681e+02,
    2.51715118e+02, 2.03572845e+02, 2.52882034e+02, 2.09746109e+02,
    2.53845825e+02, 2.15382767e+02, 2.50433578e+02, 2.21446625e+02,
    2.46708771e+02, 1.62856812e+02, 2.09030090e+02, 1.67803558e+02,
    2.01363403e+02, 1.77811356e+02, 1.99496933e+02, 1.87834396e+02,
    2.06943237e+02, 1.79949371e+02, 2.13357620e+02, 1.70671829e+02,
    2.13986862e+02, 2.23709488e+02, 1.97905960e+02, 2.29974487e+02,
    1.84701279e+02, 2.40374680e+02, 1.82490524e+02, 2.49607361e+02,
    1.86376389e+02, 2.46193268e+02, 1.92219696e+02, 2.39405746e+02,
    1.97031021e+02, 1.97241776e+02, 2.79321960e+02, 2.03533859e+02,
    2.70101929e+02, 2.09199051e+02, 2.64790924e+02, 2.13236389e+02,
    2.64697205e+02, 2.17806580e+02, 2.62598663e+02, 2.33665070e+02,
    2.67174683e+02, 2.48862869e+02, 2.70916992e+02, 2.38717697e+02,
    2.83421265e+02, 2.28809631e+02, 2.91252258e+02, 2.23188293e+02,
    2.93092834e+02, 2.17756714e+02, 2.93723419e+02, 2.08662827e+02,
    2.88750427e+02, 2.05057526e+02, 2.79070221e+02, 2.12271591e+02,
    2.73346405e+02, 2.17076111e+02, 2.73174591e+02, 2.22059433e+02,
    2.72512695e+02, 2.38866318e+02, 2.72451050e+02, 2.24584122e+02,
    2.79199554e+02, 2.19531189e+02, 2.81449005e+02, 2.14577972e+02,
    2.80811829e+02 ]
noOfLandmarkPoint: 68
