%YAML:1.0
landmark: [ 2.11237747e+02, 1.61414185e+02, 2.10947754e+02,
    1.86600739e+02, 2.11932297e+02, 2.11585022e+02, 2.14730804e+02,
    2.34778915e+02, 2.21244934e+02, 2.56785980e+02, 2.30335022e+02,
    2.76375549e+02, 2.42446167e+02, 2.96123535e+02, 2.60515320e+02,
    3.14898346e+02, 2.81936188e+02, 3.20218842e+02, 3.03601868e+02,
    3.18578491e+02, 3.21682465e+02, 3.07355957e+02, 3.40192627e+02,
    2.93697052e+02, 3.57055267e+02, 2.76631073e+02, 3.72253052e+02,
    2.55487869e+02, 3.80335022e+02, 2.31980408e+02, 3.88472015e+02,
    2.08991272e+02, 3.95901978e+02, 1.84808243e+02, 2.24661804e+02,
    1.49666397e+02, 2.39664886e+02, 1.38450439e+02, 2.57353455e+02,
    1.39449097e+02, 2.73692719e+02, 1.44596649e+02, 2.86204163e+02,
    1.53855225e+02, 3.19708557e+02, 1.58703354e+02, 3.37865143e+02,
    1.54114471e+02, 3.55640717e+02, 1.53241211e+02, 3.73679291e+02,
    1.58331238e+02, 3.84094482e+02, 1.71708023e+02, 3.01779846e+02,
    1.73307465e+02, 2.99319580e+02, 1.91104370e+02, 2.96860596e+02,
    2.08883484e+02, 2.94071228e+02, 2.26884079e+02, 2.75801361e+02,
    2.30742432e+02, 2.82720490e+02, 2.36097549e+02, 2.92358826e+02,
    2.41177658e+02, 3.01667145e+02, 2.37834106e+02, 3.11079620e+02,
    2.35236755e+02, 2.43108932e+02, 1.66898117e+02, 2.52844650e+02,
    1.62448532e+02, 2.64663574e+02, 1.64231110e+02, 2.75566345e+02,
    1.73068085e+02, 2.63569824e+02, 1.74348053e+02, 2.51312653e+02,
    1.71555862e+02, 3.28721375e+02, 1.78976410e+02, 3.39095825e+02,
    1.74041183e+02, 3.51208344e+02, 1.75417816e+02, 3.59693512e+02,
    1.81496002e+02, 3.51028259e+02, 1.85144196e+02, 3.40259064e+02,
    1.83532516e+02, 2.50149506e+02, 2.47012573e+02, 2.64013855e+02,
    2.47167068e+02, 2.77100830e+02, 2.49283813e+02, 2.86550293e+02,
    2.51933167e+02, 2.98376343e+02, 2.50865845e+02, 3.15138336e+02,
    2.51033905e+02, 3.30521576e+02, 2.54749466e+02, 3.12137207e+02,
    2.76625305e+02, 2.94704865e+02, 2.81246857e+02, 2.81227966e+02,
    2.80582672e+02, 2.70089050e+02, 2.77554291e+02, 2.58804871e+02,
    2.68662231e+02, 2.53960770e+02, 2.47928452e+02, 2.76632965e+02,
    2.52054901e+02, 2.86089294e+02, 2.55389267e+02, 2.97892700e+02,
    2.54590195e+02, 3.25932709e+02, 2.56047577e+02, 2.95857605e+02,
    2.72292969e+02, 2.82849792e+02, 2.71567169e+02, 2.72639252e+02,
    2.67742554e+02 ]
noOfLandmarkPoint: 68
