%YAML:1.0
landmark: [ 7.04296875e+01, 1.66336487e+02, 7.45979462e+01,
    1.98540817e+02, 7.73326416e+01, 2.30916153e+02, 8.41198883e+01,
    2.63826355e+02, 9.37407990e+01, 2.85593292e+02, 1.11279083e+02,
    3.03037720e+02, 1.35047913e+02, 3.19925415e+02, 1.57864670e+02,
    3.37204773e+02, 1.81900848e+02, 3.38897400e+02, 2.09281403e+02,
    3.33328918e+02, 2.28418289e+02, 3.14549896e+02, 2.40773895e+02,
    2.93819214e+02, 2.54502670e+02, 2.73469116e+02, 2.61273193e+02,
    2.45184891e+02, 2.62938171e+02, 2.15753815e+02, 2.63053864e+02,
    1.87563477e+02, 2.62116577e+02, 1.62262100e+02, 8.85665970e+01,
    1.50727310e+02, 9.95230865e+01, 1.33809265e+02, 1.17950623e+02,
    1.27814262e+02, 1.36806244e+02, 1.32051926e+02, 1.53822800e+02,
    1.39061371e+02, 1.89104858e+02, 1.36177231e+02, 2.04247040e+02,
    1.22438751e+02, 2.20445618e+02, 1.14063660e+02, 2.38822205e+02,
    1.15326218e+02, 2.50775391e+02, 1.26876991e+02, 1.76492584e+02,
    1.54973465e+02, 1.78405701e+02, 1.71094910e+02, 1.79745392e+02,
    1.88269348e+02, 1.81256104e+02, 2.05250931e+02, 1.51499756e+02,
    2.22386795e+02, 1.64847931e+02, 2.24184204e+02, 1.79651520e+02,
    2.26747894e+02, 1.94968140e+02, 2.24470917e+02, 2.08068176e+02,
    2.22061508e+02, 1.09368340e+02, 1.67692459e+02, 1.20083092e+02,
    1.61237717e+02, 1.33108826e+02, 1.58832840e+02, 1.44957077e+02,
    1.65525986e+02, 1.33628571e+02, 1.67789215e+02, 1.21457596e+02,
    1.68867889e+02, 2.05353210e+02, 1.60857742e+02, 2.15926651e+02,
    1.51169144e+02, 2.29249557e+02, 1.50221222e+02, 2.39668625e+02,
    1.57894272e+02, 2.29508713e+02, 1.61217010e+02, 2.17198288e+02,
    1.61557068e+02, 1.35423508e+02, 2.65046570e+02, 1.54907059e+02,
    2.58474274e+02, 1.68658737e+02, 2.55118546e+02, 1.80027328e+02,
    2.58178772e+02, 1.93139465e+02, 2.54557724e+02, 2.06705582e+02,
    2.56752716e+02, 2.24476349e+02, 2.62739899e+02, 2.05707993e+02,
    2.75919159e+02, 1.93742279e+02, 2.78214478e+02, 1.80112808e+02,
    2.79649933e+02, 1.68593658e+02, 2.79950134e+02, 1.54757324e+02,
    2.76048401e+02, 1.44955551e+02, 2.66373291e+02, 1.68786819e+02,
    2.62174225e+02, 1.80235046e+02, 2.62128479e+02, 1.93011948e+02,
    2.60375458e+02, 2.15527832e+02, 2.64460175e+02, 1.93323364e+02,
    2.64623474e+02, 1.80523972e+02, 2.66020966e+02, 1.68768387e+02,
    2.66158905e+02 ]
noOfLandmarkPoint: 68
