%YAML:1.0
landmark: [ 4.53558617e+01, 1.03289413e+02, 4.52919502e+01,
    1.17674896e+02, 4.97268677e+01, 1.31551971e+02, 5.65077858e+01,
    1.48726501e+02, 6.28470764e+01, 1.65331589e+02, 7.20378952e+01,
    1.80860275e+02, 7.72339935e+01, 1.90046783e+02, 8.44430923e+01,
    1.95256531e+02, 9.86766129e+01, 1.94698807e+02, 1.14599419e+02,
    1.91620239e+02, 1.34138229e+02, 1.83010223e+02, 1.51565536e+02,
    1.71223511e+02, 1.64302277e+02, 1.56078293e+02, 1.69626190e+02,
    1.40302597e+02, 1.70070694e+02, 1.19958420e+02, 1.65821762e+02,
    9.87252426e+01, 1.63793869e+02, 8.11686783e+01, 4.00233574e+01,
    8.95774231e+01, 3.91642799e+01, 8.22312241e+01, 4.80345535e+01,
    8.13268509e+01, 5.65895729e+01, 8.13503647e+01, 6.50533524e+01,
    8.22278900e+01, 8.72406006e+01, 7.83494415e+01, 9.82672043e+01,
    7.31969986e+01, 1.08823997e+02, 6.95074615e+01, 1.19992905e+02,
    6.87739639e+01, 1.31162598e+02, 7.19002991e+01, 7.99668503e+01,
    9.44650803e+01, 8.04077759e+01, 1.06236343e+02, 8.04024200e+01,
    1.18462234e+02, 8.04326782e+01, 1.31173843e+02, 7.35864563e+01,
    1.36729141e+02, 7.88188171e+01, 1.39351135e+02, 8.53455276e+01,
    1.40363632e+02, 9.02845383e+01, 1.36180054e+02, 9.62403641e+01,
    1.34342453e+02, 4.97922173e+01, 9.71418533e+01, 5.53410034e+01,
    9.22067566e+01, 6.45620956e+01, 9.17419128e+01, 6.87448578e+01,
    9.69370041e+01, 6.25391960e+01, 9.93340683e+01, 5.50951843e+01,
    1.00406197e+02, 1.01775230e+02, 9.17372284e+01, 1.06815468e+02,
    8.53207321e+01, 1.15830177e+02, 8.39578781e+01, 1.22086952e+02,
    8.73731079e+01, 1.16985680e+02, 9.23376541e+01, 1.09314201e+02,
    9.28585358e+01, 7.14016724e+01, 1.59627090e+02, 7.15137711e+01,
    1.53496735e+02, 7.83301010e+01, 1.50871765e+02, 8.52133942e+01,
    1.54368530e+02, 9.37040787e+01, 1.50248856e+02, 1.07395164e+02,
    1.50375229e+02, 1.15233673e+02, 1.53672134e+02, 1.09888893e+02,
    1.59739777e+02, 9.94302216e+01, 1.64619049e+02, 8.94548645e+01,
    1.67331116e+02, 8.20248337e+01, 1.67584030e+02, 7.40350723e+01,
    1.65786957e+02, 7.39365234e+01, 1.60071594e+02, 7.99533920e+01,
    1.59129944e+02, 8.66703949e+01, 1.59500702e+02, 9.64653702e+01,
    1.57299866e+02, 1.14327293e+02, 1.54045227e+02, 9.64653702e+01,
    1.57299866e+02, 8.66703949e+01, 1.59500702e+02, 7.99533920e+01,
    1.59129944e+02 ]
noOfLandmarkPoint: 68
