%YAML:1.0
landmark: [ 1.54449203e+02, 1.04339012e+02, 1.52257843e+02,
    1.17863754e+02, 1.51767426e+02, 1.31551971e+02, 1.51013641e+02,
    1.47774765e+02, 1.55064331e+02, 1.61657379e+02, 1.65501587e+02,
    1.72514664e+02, 1.79703751e+02, 1.82670166e+02, 1.95016571e+02,
    1.94620209e+02, 2.10104279e+02, 1.99342972e+02, 2.22943817e+02,
    1.98686584e+02, 2.31812149e+02, 1.89845673e+02, 2.37869812e+02,
    1.80786911e+02, 2.45674591e+02, 1.67240128e+02, 2.50278641e+02,
    1.53179718e+02, 2.52755310e+02, 1.39118423e+02, 2.54866653e+02,
    1.25759193e+02, 2.55867508e+02, 1.12207527e+02, 1.77118408e+02,
    9.64022446e+01, 1.88049911e+02, 9.20976639e+01, 1.99393784e+02,
    9.28011856e+01, 2.09837753e+02, 9.62451401e+01, 2.17398972e+02,
    1.01693604e+02, 2.31801727e+02, 1.00496918e+02, 2.39139618e+02,
    9.79903946e+01, 2.46648758e+02, 9.69997940e+01, 2.53793915e+02,
    9.83200760e+01, 2.58704865e+02, 1.02782021e+02, 2.24383392e+02,
    1.07970161e+02, 2.25021408e+02, 1.18596336e+02, 2.25643250e+02,
    1.28965897e+02, 2.26089691e+02, 1.39587036e+02, 2.09692474e+02,
    1.43489594e+02, 2.16430023e+02, 1.44863586e+02, 2.22726791e+02,
    1.48689682e+02, 2.28646973e+02, 1.47038391e+02, 2.33235138e+02,
    1.44862213e+02, 1.87072235e+02, 1.09104599e+02, 1.94809845e+02,
    1.06649529e+02, 2.00639038e+02, 1.07109505e+02, 2.05653015e+02,
    1.11248833e+02, 2.00178436e+02, 1.12326836e+02, 1.92969345e+02,
    1.11843628e+02, 2.33800919e+02, 1.13974052e+02, 2.39594681e+02,
    1.11106827e+02, 2.45388641e+02, 1.11383583e+02, 2.50332336e+02,
    1.16011612e+02, 2.46047455e+02, 1.18043777e+02, 2.39603760e+02,
    1.17340233e+02, 1.94043442e+02, 1.62872528e+02, 2.03483917e+02,
    1.59337967e+02, 2.13043457e+02, 1.56521255e+02, 2.19569427e+02,
    1.58943710e+02, 2.26165680e+02, 1.57801086e+02, 2.32233582e+02,
    1.60263779e+02, 2.34875809e+02, 1.67564575e+02, 2.30160889e+02,
    1.72166260e+02, 2.24773605e+02, 1.75999680e+02, 2.17972595e+02,
    1.76913605e+02, 2.10621231e+02, 1.75995346e+02, 2.02507736e+02,
    1.71190277e+02, 1.97918243e+02, 1.63875000e+02, 2.12546890e+02,
    1.65267334e+02, 2.19060394e+02, 1.66779022e+02, 2.25068710e+02,
    1.65836777e+02, 2.32170029e+02, 1.66953568e+02, 2.25068710e+02,
    1.65836777e+02, 2.19060394e+02, 1.66779022e+02, 2.12546890e+02,
    1.65267334e+02 ]
noOfLandmarkPoint: 68
