%YAML:1.0
landmark: [ 3.56988678e+02, 2.89937592e+02, 3.51950623e+02,
    3.14204926e+02, 3.47582153e+02, 3.38408600e+02, 3.44632385e+02,
    3.63872925e+02, 3.45965820e+02, 3.86720825e+02, 3.54354370e+02,
    4.09186768e+02, 3.66181458e+02, 4.26993286e+02, 3.86400055e+02,
    4.41610443e+02, 4.10333069e+02, 4.49879272e+02, 4.37448761e+02,
    4.50807892e+02, 4.62907562e+02, 4.48496124e+02, 4.86739105e+02,
    4.39229523e+02, 5.03690094e+02, 4.24489777e+02, 5.16361816e+02,
    4.06543091e+02, 5.25776306e+02, 3.84197327e+02, 5.34248352e+02,
    3.62229187e+02, 5.41672546e+02, 3.37330353e+02, 3.81855713e+02,
    2.55693649e+02, 3.93465179e+02, 2.51724945e+02, 4.05560669e+02,
    2.55101181e+02, 4.16293610e+02, 2.60728271e+02, 4.24268585e+02,
    2.68818359e+02, 4.64480011e+02, 2.77700073e+02, 4.78026398e+02,
    2.74209778e+02, 4.89529419e+02, 2.70916504e+02, 5.01719604e+02,
    2.69696411e+02, 5.12191895e+02, 2.77313690e+02, 4.40545898e+02,
    2.93541382e+02, 4.35677368e+02, 3.10952362e+02, 4.30718475e+02,
    3.28248535e+02, 4.24753082e+02, 3.48780090e+02, 4.04601196e+02,
    3.53688599e+02, 4.12562042e+02, 3.60002838e+02, 4.23105591e+02,
    3.64848053e+02, 4.36681824e+02, 3.64587433e+02, 4.46016998e+02,
    3.63983246e+02, 3.91036682e+02, 2.95924530e+02, 4.00091736e+02,
    2.90760498e+02, 4.09136108e+02, 2.93142517e+02, 4.16149902e+02,
    2.99759949e+02, 4.08053345e+02, 3.03406097e+02, 3.97377411e+02,
    3.01337585e+02, 4.63765900e+02, 3.08984711e+02, 4.73051117e+02,
    3.04903412e+02, 4.83381134e+02, 3.11396271e+02, 4.89695343e+02,
    3.16833954e+02, 4.80976105e+02, 3.19617737e+02, 4.71368591e+02,
    3.16762726e+02, 3.89144135e+02, 3.76603333e+02, 4.02968750e+02,
    3.76899200e+02, 4.11791931e+02, 3.77986023e+02, 4.17040253e+02,
    3.80841034e+02, 4.25487183e+02, 3.80746338e+02, 4.39882477e+02,
    3.84982635e+02, 4.53923004e+02, 3.91706421e+02, 4.36824280e+02,
    3.99451874e+02, 4.21933289e+02, 3.98409424e+02, 4.13391663e+02,
    3.96158569e+02, 4.07456207e+02, 3.93481201e+02, 3.98298676e+02,
    3.89500763e+02, 3.95976624e+02, 3.79194397e+02, 4.10062347e+02,
    3.82736572e+02, 4.16210785e+02, 3.85141022e+02, 4.24018188e+02,
    3.85496887e+02, 4.48256104e+02, 3.90425079e+02, 4.24018188e+02,
    3.85496887e+02, 4.16210785e+02, 3.85141022e+02, 4.10062347e+02,
    3.82736572e+02 ]
noOfLandmarkPoint: 68
