%YAML:1.0
landmark: [ 6.60028229e+01, 1.57929047e+02, 6.80369492e+01,
    1.73997543e+02, 7.20287781e+01, 1.92061935e+02, 7.68657379e+01,
    2.09611618e+02, 8.49190826e+01, 2.26754471e+02, 9.78093872e+01,
    2.39790878e+02, 1.17011124e+02, 2.49840149e+02, 1.36066757e+02,
    2.58223907e+02, 1.53432129e+02, 2.58345245e+02, 1.64591248e+02,
    2.56418762e+02, 1.76562256e+02, 2.44238815e+02, 1.91213928e+02,
    2.30392853e+02, 1.97695450e+02, 2.16124313e+02, 2.00684540e+02,
    1.98356705e+02, 2.01056046e+02, 1.82737106e+02, 2.03046326e+02,
    1.65489731e+02, 2.03356796e+02, 1.50202621e+02, 8.29995804e+01,
    1.48978912e+02, 9.27499161e+01, 1.41033463e+02, 1.06193146e+02,
    1.40849152e+02, 1.18899139e+02, 1.43620514e+02, 1.30867905e+02,
    1.46944794e+02, 1.55830276e+02, 1.46239044e+02, 1.66724670e+02,
    1.39743301e+02, 1.77987686e+02, 1.35973999e+02, 1.89695465e+02,
    1.34731049e+02, 1.96206238e+02, 1.40886826e+02, 1.46097992e+02,
    1.55926407e+02, 1.48462524e+02, 1.66973633e+02, 1.51341766e+02,
    1.78611984e+02, 1.54259232e+02, 1.90434647e+02, 1.35165390e+02,
    1.97274246e+02, 1.42627594e+02, 1.99009430e+02, 1.50020126e+02,
    2.01627960e+02, 1.56192184e+02, 1.99632050e+02, 1.61181961e+02,
    1.96123459e+02, 9.97288895e+01, 1.59181000e+02, 1.07759346e+02,
    1.54273376e+02, 1.17758957e+02, 1.54826294e+02, 1.25888710e+02,
    1.60897110e+02, 1.17376953e+02, 1.63336121e+02, 1.07427002e+02,
    1.63754395e+02, 1.61843933e+02, 1.57301895e+02, 1.68977341e+02,
    1.50738846e+02, 1.78463562e+02, 1.50446259e+02, 1.83870728e+02,
    1.53953156e+02, 1.78662460e+02, 1.56969910e+02, 1.70637924e+02,
    1.57877441e+02, 1.20730911e+02, 2.18313416e+02, 1.32659531e+02,
    2.16048203e+02, 1.42943878e+02, 2.13513351e+02, 1.50062622e+02,
    2.14521301e+02, 1.56945938e+02, 2.12126862e+02, 1.64511261e+02,
    2.12902466e+02, 1.72667480e+02, 2.15902100e+02, 1.65565201e+02,
    2.23426773e+02, 1.59083527e+02, 2.26951248e+02, 1.52183563e+02,
    2.28242676e+02, 1.44479156e+02, 2.28794861e+02, 1.34171249e+02,
    2.27821945e+02, 1.24266266e+02, 2.19270325e+02, 1.43534988e+02,
    2.21215164e+02, 1.51051590e+02, 2.20335175e+02, 1.57765060e+02,
    2.19317017e+02, 1.69299286e+02, 2.16286942e+02, 1.57765060e+02,
    2.19317017e+02, 1.51051590e+02, 2.20335175e+02, 1.43534988e+02,
    2.21215164e+02 ]
noOfLandmarkPoint: 68
