%YAML:1.0
landmark: [ 4.41676216e+01, 9.26617737e+01, 4.06277504e+01,
    1.14832779e+02, 3.89756241e+01, 1.35997009e+02, 3.89593124e+01,
    1.53468201e+02, 4.82791176e+01, 1.69078690e+02, 6.85445786e+01,
    1.86781067e+02, 8.63509293e+01, 2.00307327e+02, 1.03846794e+02,
    2.11746109e+02, 1.24364555e+02, 2.15064285e+02, 1.43090057e+02,
    2.11777878e+02, 1.52442490e+02, 1.93807098e+02, 1.59776184e+02,
    1.80015503e+02, 1.66417603e+02, 1.65798767e+02, 1.71240128e+02,
    1.52007172e+02, 1.75303070e+02, 1.36689301e+02, 1.77489014e+02,
    1.22247223e+02, 1.77981461e+02, 1.07972359e+02, 8.32031326e+01,
    9.19785156e+01, 9.72108688e+01, 8.82826157e+01, 1.10442719e+02,
    8.87077637e+01, 1.23474739e+02, 8.85242462e+01, 1.36323242e+02,
    9.18531113e+01, 1.50690887e+02, 9.23292465e+01, 1.58983994e+02,
    9.02432251e+01, 1.66192276e+02, 9.18949127e+01, 1.72608368e+02,
    9.20203171e+01, 1.80508942e+02, 9.40645370e+01, 1.43134781e+02,
    1.02053452e+02, 1.44699951e+02, 1.15296875e+02, 1.46293518e+02,
    1.28512421e+02, 1.48521255e+02, 1.41953278e+02, 1.25968765e+02,
    1.49989349e+02, 1.33837555e+02, 1.50989655e+02, 1.40437164e+02,
    1.53784256e+02, 1.48463150e+02, 1.52599533e+02, 1.53952454e+02,
    1.48478470e+02, 9.28644867e+01, 9.84945297e+01, 1.03527046e+02,
    9.57998276e+01, 1.12737755e+02, 9.59415512e+01, 1.18194443e+02,
    1.01047508e+02, 1.12837669e+02, 1.03049927e+02, 1.03176315e+02,
    1.02132317e+02, 1.50056717e+02, 1.03191643e+02, 1.56147583e+02,
    9.81274872e+01, 1.64949432e+02, 9.93703308e+01, 1.70027588e+02,
    1.04441452e+02, 1.64999329e+02, 1.06145515e+02, 1.57390411e+02,
    1.05561096e+02, 1.02709358e+02, 1.71005325e+02, 1.18786499e+02,
    1.69311356e+02, 1.30825699e+02, 1.67968796e+02, 1.37474213e+02,
    1.69538971e+02, 1.44296799e+02, 1.67936005e+02, 1.50569885e+02,
    1.69213135e+02, 1.54612122e+02, 1.72581894e+02, 1.48210709e+02,
    1.79789993e+02, 1.41658936e+02, 1.84483429e+02, 1.35491959e+02,
    1.85009628e+02, 1.25653313e+02, 1.84766998e+02, 1.15030464e+02,
    1.81213562e+02, 1.06279587e+02, 1.71263535e+02, 1.28824631e+02,
    1.73721970e+02, 1.36511536e+02, 1.74457520e+02, 1.43558273e+02,
    1.73192154e+02, 1.51792007e+02, 1.72765411e+02, 1.43558273e+02,
    1.73192154e+02, 1.36511536e+02, 1.74457520e+02, 1.28824631e+02,
    1.73721970e+02 ]
noOfLandmarkPoint: 68
