%YAML:1.0
landmark: [ 1.86209793e+02, 1.04668892e+02, 1.82084290e+02,
    1.17167351e+02, 1.80546524e+02, 1.30659546e+02, 1.80837112e+02,
    1.44273697e+02, 1.81962341e+02, 1.57475296e+02, 1.85562866e+02,
    1.74474640e+02, 1.85497116e+02, 1.89223557e+02, 1.91735931e+02,
    1.98081375e+02, 2.05834030e+02, 2.03456055e+02, 2.24389252e+02,
    2.04102982e+02, 2.41397186e+02, 2.02462311e+02, 2.58590393e+02,
    1.96599487e+02, 2.73852325e+02, 1.88370163e+02, 2.85506744e+02,
    1.75592270e+02, 2.96018066e+02, 1.60149918e+02, 3.02085358e+02,
    1.39795807e+02, 3.07809479e+02, 1.18422447e+02, 1.88900421e+02,
    8.44539413e+01, 1.95464066e+02, 8.13879166e+01, 2.01427460e+02,
    8.57011185e+01, 2.09265915e+02, 9.16645126e+01, 2.17001465e+02,
    9.76088562e+01, 2.32545929e+02, 9.48515396e+01, 2.44125916e+02,
    9.69428711e+01, 2.54636887e+02, 9.69428711e+01, 2.64735321e+02,
    1.00843513e+02, 2.71223694e+02, 1.08832497e+02, 2.20201813e+02,
    1.09376846e+02, 2.15871933e+02, 1.19521683e+02, 2.11506073e+02,
    1.28750885e+02, 2.07089279e+02, 1.38714050e+02, 1.99823944e+02,
    1.43401917e+02, 2.04324829e+02, 1.48605942e+02, 2.09500290e+02,
    1.51896820e+02, 2.16035355e+02, 1.50705856e+02, 2.23451721e+02,
    1.50115143e+02, 1.96130051e+02, 1.02634720e+02, 1.98110992e+02,
    9.96191330e+01, 2.03569885e+02, 1.01629898e+02, 2.08665665e+02,
    1.07153717e+02, 2.02655579e+02, 1.06975548e+02, 1.97293610e+02,
    1.05723061e+02, 2.41435287e+02, 1.16286034e+02, 2.45710373e+02,
    1.13632568e+02, 2.51842422e+02, 1.15929695e+02, 2.58987244e+02,
    1.19755074e+02, 2.51795731e+02, 1.21527229e+02, 2.45016754e+02,
    1.20289581e+02, 1.93823395e+02, 1.56069016e+02, 2.01371246e+02,
    1.58797745e+02, 2.05909302e+02, 1.61263519e+02, 2.10015747e+02,
    1.63738815e+02, 2.16006775e+02, 1.63663544e+02, 2.26198563e+02,
    1.66326553e+02, 2.38838028e+02, 1.68089172e+02, 2.25274200e+02,
    1.71327408e+02, 2.13746796e+02, 1.71314301e+02, 2.07165054e+02,
    1.69954697e+02, 2.03124344e+02, 1.67479401e+02, 1.98417648e+02,
    1.63297684e+02, 1.94939087e+02, 1.57541046e+02, 2.04990952e+02,
    1.63655045e+02, 2.09073349e+02, 1.65971558e+02, 2.15237885e+02,
    1.67085907e+02, 2.35125092e+02, 1.68201599e+02, 2.15237885e+02,
    1.67085907e+02, 2.09073349e+02, 1.65971558e+02, 2.04990952e+02,
    1.63655045e+02 ]
noOfLandmarkPoint: 68
