%YAML:1.0
landmark: [ 9.99773178e+01, 1.96424362e+02, 9.89550934e+01,
    2.25849564e+02, 9.73349915e+01, 2.54018387e+02, 9.72874222e+01,
    2.79625824e+02, 1.07596954e+02, 2.99683319e+02, 1.20918045e+02,
    3.20326050e+02, 1.39956818e+02, 3.37241547e+02, 1.63338028e+02,
    3.48811554e+02, 1.83844696e+02, 3.51177643e+02, 2.05256638e+02,
    3.50000427e+02, 2.19948029e+02, 3.36177460e+02, 2.38400284e+02,
    3.20301758e+02, 2.49401428e+02, 3.02035675e+02, 2.56719452e+02,
    2.83210999e+02, 2.57077850e+02, 2.65777130e+02, 2.61164124e+02,
    2.46309296e+02, 2.63114532e+02, 2.26666016e+02, 1.23070839e+02,
    1.93821808e+02, 1.36824814e+02, 1.84942520e+02, 1.52305634e+02,
    1.87203461e+02, 1.66402084e+02, 1.91384048e+02, 1.81302017e+02,
    1.95574738e+02, 2.15329193e+02, 1.97055344e+02, 2.30312225e+02,
    1.91659454e+02, 2.45059967e+02, 1.91923080e+02, 2.59394958e+02,
    1.93591995e+02, 2.63514618e+02, 2.07128738e+02, 1.99730988e+02,
    2.16078186e+02, 2.00524261e+02, 2.33003601e+02, 2.00970581e+02,
    2.49384048e+02, 2.02209610e+02, 2.66830322e+02, 1.84540176e+02,
    2.73098694e+02, 1.90858521e+02, 2.76246246e+02, 1.96903732e+02,
    2.80286407e+02, 2.04907425e+02, 2.76023071e+02, 2.11525574e+02,
    2.71263458e+02, 1.42244217e+02, 2.09181259e+02, 1.51098709e+02,
    2.04156403e+02, 1.61641602e+02, 2.05896912e+02, 1.69507401e+02,
    2.13509888e+02, 1.60410919e+02, 2.15664062e+02, 1.48865540e+02,
    2.14979370e+02, 2.18571625e+02, 2.17257675e+02, 2.28371002e+02,
    2.10018311e+02, 2.37894547e+02, 2.10508667e+02, 2.45310196e+02,
    2.16564560e+02, 2.37916321e+02, 2.21022446e+02, 2.28005066e+02,
    2.20337357e+02, 1.61403946e+02, 2.94762970e+02, 1.73534851e+02,
    2.91834167e+02, 1.87293579e+02, 2.91400299e+02, 1.94190750e+02,
    2.94943512e+02, 2.03179016e+02, 2.92510223e+02, 2.12388351e+02,
    2.93135376e+02, 2.18463287e+02, 2.97559479e+02, 2.11911514e+02,
    3.05490723e+02, 2.03686127e+02, 3.08522308e+02, 1.94005432e+02,
    3.08536957e+02, 1.85558823e+02, 3.07532471e+02, 1.72421768e+02,
    3.04327240e+02, 1.66104706e+02, 2.95401154e+02, 1.86289566e+02,
    2.97750763e+02, 1.94046524e+02, 3.00089081e+02, 2.03671539e+02,
    2.98585663e+02, 2.14946243e+02, 2.98498718e+02, 2.03671539e+02,
    2.98585663e+02, 1.94046524e+02, 3.00089081e+02, 1.86289566e+02,
    2.97750763e+02 ]
noOfLandmarkPoint: 68
