%YAML:1.0
landmark: [ 9.81515808e+01, 1.35462784e+02, 9.96075516e+01,
    1.53051910e+02, 1.02571609e+02, 1.70559158e+02, 1.07427071e+02,
    1.87865189e+02, 1.14410950e+02, 2.04569504e+02, 1.26556480e+02,
    2.18566742e+02, 1.40435577e+02, 2.31831360e+02, 1.55724045e+02,
    2.40427414e+02, 1.72070435e+02, 2.42466446e+02, 1.93806030e+02,
    2.36661835e+02, 2.08258728e+02, 2.26345566e+02, 2.21474792e+02,
    2.10557068e+02, 2.31713608e+02, 1.93568420e+02, 2.34545624e+02,
    1.76906860e+02, 2.34079208e+02, 1.59330399e+02, 2.34642365e+02,
    1.41287506e+02, 2.34305511e+02, 1.23318092e+02, 1.07232834e+02,
    1.17025246e+02, 1.13818985e+02, 1.05423462e+02, 1.26941116e+02,
    1.02272568e+02, 1.39506805e+02, 1.04799171e+02, 1.53912827e+02,
    1.09819328e+02, 1.74196320e+02, 1.07018166e+02, 1.85392319e+02,
    9.91836624e+01, 1.97462952e+02, 9.41049347e+01, 2.10647339e+02,
    9.28404617e+01, 2.20455734e+02, 1.01095413e+02, 1.64996124e+02,
    1.19857994e+02, 1.65615051e+02, 1.31338394e+02, 1.66028198e+02,
    1.42350327e+02, 1.66513107e+02, 1.54338638e+02, 1.52862503e+02,
    1.64113052e+02, 1.59584808e+02, 1.66118698e+02, 1.66445908e+02,
    1.67724884e+02, 1.73673584e+02, 1.65532654e+02, 1.80839783e+02,
    1.63470901e+02, 1.22444649e+02, 1.28326904e+02, 1.28187912e+02,
    1.23680069e+02, 1.36390335e+02, 1.22617805e+02, 1.44002686e+02,
    1.27714577e+02, 1.36897614e+02, 1.29655243e+02, 1.29447479e+02,
    1.30310715e+02, 1.85328598e+02, 1.24017975e+02, 1.92023849e+02,
    1.18575371e+02, 2.00226990e+02, 1.17458199e+02, 2.07246429e+02,
    1.22327118e+02, 2.02131439e+02, 1.26081093e+02, 1.94251297e+02,
    1.26087349e+02, 1.43483780e+02, 1.95523804e+02, 1.55065872e+02,
    1.87399567e+02, 1.62883469e+02, 1.82915009e+02, 1.69628754e+02,
    1.84507812e+02, 1.76908722e+02, 1.81772949e+02, 1.88734772e+02,
    1.85794891e+02, 1.97076996e+02, 1.90928894e+02, 1.89121796e+02,
    2.00620941e+02, 1.78345016e+02, 2.05345688e+02, 1.70250870e+02,
    2.06419769e+02, 1.62167801e+02, 2.05959106e+02, 1.54040375e+02,
    2.04497391e+02, 1.46787155e+02, 1.95407974e+02, 1.62542755e+02,
    1.93271744e+02, 1.69305984e+02, 1.94798553e+02, 1.77061920e+02,
    1.92087997e+02, 1.93667770e+02, 1.91220490e+02, 1.77061920e+02,
    1.92087997e+02, 1.69305984e+02, 1.94798553e+02, 1.62542755e+02,
    1.93271744e+02 ]
noOfLandmarkPoint: 68
