%YAML:1.0
landmark: [ 3.56697144e+02, 1.25579002e+02, 3.57242340e+02,
    1.37325775e+02, 3.61225739e+02, 1.49375259e+02, 3.66229248e+02,
    1.59840225e+02, 3.69938049e+02, 1.69083969e+02, 3.76507599e+02,
    1.80283890e+02, 3.81019257e+02, 1.92461884e+02, 3.88142975e+02,
    1.98816605e+02, 3.98935852e+02, 2.01637756e+02, 4.11673584e+02,
    1.97928940e+02, 4.20956940e+02, 1.89301453e+02, 4.29912354e+02,
    1.79955948e+02, 4.37906647e+02, 1.70209015e+02, 4.46138306e+02,
    1.59416122e+02, 4.50067566e+02, 1.46921524e+02, 4.49852722e+02,
    1.33234009e+02, 4.48614563e+02, 1.19444725e+02, 3.55916992e+02,
    1.13796692e+02, 3.58981262e+02, 1.07181908e+02, 3.64199585e+02,
    1.01590424e+02, 3.71142303e+02, 9.92611160e+01, 3.79668030e+02,
    1.00798920e+02, 3.98686737e+02, 1.00496994e+02, 4.07895325e+02,
    9.77316284e+01, 4.18271606e+02, 9.74584579e+01, 4.28052734e+02,
    1.00865639e+02, 4.35021973e+02, 1.07687363e+02, 3.89414917e+02,
    1.12413124e+02, 3.89070099e+02, 1.20694199e+02, 3.88278595e+02,
    1.29768311e+02, 3.87933716e+02, 1.39317337e+02, 3.84148102e+02,
    1.43165359e+02, 3.87783539e+02, 1.45218719e+02, 3.91809326e+02,
    1.45764160e+02, 3.97594879e+02, 1.43506210e+02, 4.02546143e+02,
    1.40818802e+02, 3.66053986e+02, 1.14944405e+02, 3.69955872e+02,
    1.11977051e+02, 3.74432770e+02, 1.11515900e+02, 3.79702820e+02,
    1.14672249e+02, 3.75015930e+02, 1.16670441e+02, 3.69913086e+02,
    1.16734245e+02, 4.06262909e+02, 1.11337349e+02, 4.11100861e+02,
    1.07441200e+02, 4.16699585e+02, 1.07210182e+02, 4.21889679e+02,
    1.11077293e+02, 4.17117950e+02, 1.12083649e+02, 4.11452972e+02,
    1.12456795e+02, 3.82860687e+02, 1.61536926e+02, 3.87591156e+02,
    1.58545029e+02, 3.91803070e+02, 1.57091385e+02, 3.95811554e+02,
    1.57559494e+02, 4.00213531e+02, 1.56445724e+02, 4.07414459e+02,
    1.56573929e+02, 4.16044434e+02, 1.57636765e+02, 4.08438873e+02,
    1.63989456e+02, 4.01076569e+02, 1.66366806e+02, 3.96181427e+02,
    1.66828812e+02, 3.91655975e+02, 1.67105057e+02, 3.87472137e+02,
    1.65024475e+02, 3.85026581e+02, 1.61893616e+02, 3.91558838e+02,
    1.62238480e+02, 3.95796844e+02, 1.62418274e+02, 4.00651123e+02,
    1.61815582e+02, 4.14111877e+02, 1.58824493e+02, 4.00651123e+02,
    1.61815582e+02, 3.95796844e+02, 1.62418274e+02, 3.91558838e+02,
    1.62238480e+02 ]
noOfLandmarkPoint: 68
