%YAML:1.0
landmark: [ 2.37988098e+02, 1.20904137e+02, 2.39722885e+02,
    1.48552078e+02, 2.42557373e+02, 1.72085114e+02, 2.48933701e+02,
    1.99041199e+02, 2.58784729e+02, 2.24887268e+02, 2.73339264e+02,
    2.45874908e+02, 2.91192963e+02, 2.62267487e+02, 3.07988281e+02,
    2.73326691e+02, 3.28082733e+02, 2.74999512e+02, 3.52983978e+02,
    2.71937836e+02, 3.75995544e+02, 2.55710464e+02, 3.96745697e+02,
    2.39188828e+02, 4.16101837e+02, 2.18960129e+02, 4.24791199e+02,
    1.92995331e+02, 4.29659912e+02, 1.66281876e+02, 4.32902283e+02,
    1.42005386e+02, 4.31972961e+02, 1.18549789e+02, 2.47676453e+02,
    1.01746620e+02, 2.57027466e+02, 9.10155029e+01, 2.70924805e+02,
    8.84257812e+01, 2.84316742e+02, 9.12329636e+01, 2.96763702e+02,
    9.72422028e+01, 3.30091156e+02, 9.98493347e+01, 3.48471497e+02,
    9.31219254e+01, 3.68405884e+02, 9.19654083e+01, 3.86662323e+02,
    9.21925888e+01, 3.99698944e+02, 1.03959099e+02, 3.18614929e+02,
    1.26205002e+02, 3.17457794e+02, 1.46267960e+02, 3.16020294e+02,
    1.65083908e+02, 3.14018494e+02, 1.84053177e+02, 2.99826782e+02,
    1.90512054e+02, 3.07899139e+02, 1.95924774e+02, 3.17148438e+02,
    1.99311279e+02, 3.26046387e+02, 1.94468460e+02, 3.36032593e+02,
    1.90606171e+02, 2.63546234e+02, 1.23534019e+02, 2.74125732e+02,
    1.17777016e+02, 2.86187958e+02, 1.19093117e+02, 2.97182037e+02,
    1.27442154e+02, 2.85779205e+02, 1.30045609e+02, 2.71709259e+02,
    1.29951340e+02, 3.48912476e+02, 1.27166191e+02, 3.60355988e+02,
    1.20144424e+02, 3.72592529e+02, 1.19241783e+02, 3.82549438e+02,
    1.25410156e+02, 3.73386108e+02, 1.29439407e+02, 3.61056122e+02,
    1.30417740e+02, 2.90077759e+02, 2.22269623e+02, 3.03774811e+02,
    2.19326279e+02, 3.12716339e+02, 2.16553345e+02, 3.19981598e+02,
    2.19732376e+02, 3.29424957e+02, 2.16363113e+02, 3.40388977e+02,
    2.18051666e+02, 3.56039551e+02, 2.18404892e+02, 3.40877808e+02,
    2.27997574e+02, 3.30719757e+02, 2.32138977e+02, 3.20662048e+02,
    2.33531982e+02, 3.13418030e+02, 2.32593719e+02, 3.03885406e+02,
    2.28803604e+02, 2.96459259e+02, 2.23198959e+02, 3.12984650e+02,
    2.23222595e+02, 3.20136292e+02, 2.24991974e+02, 3.29781036e+02,
    2.22716370e+02, 3.50732880e+02, 2.19781036e+02, 3.29781036e+02,
    2.22716370e+02, 3.20136292e+02, 2.24991974e+02, 3.12984650e+02,
    2.23222595e+02 ]
noOfLandmarkPoint: 68
