%YAML:1.0
landmark: [ 8.04608307e+01, 1.87464508e+02, 8.04608307e+01,
    2.10720322e+02, 8.16848221e+01, 2.38872086e+02, 8.29088135e+01,
    2.67023865e+02, 8.84167709e+01, 2.90279694e+02, 1.04940636e+02,
    3.12311493e+02, 1.23300491e+02, 3.29447357e+02, 1.45332306e+02,
    3.45359253e+02, 1.69812119e+02, 3.52091187e+02, 1.96739899e+02,
    3.48419220e+02, 2.19277237e+02, 3.37296814e+02, 2.40697067e+02,
    3.20629913e+02, 2.53944778e+02, 3.01801117e+02, 2.62835388e+02,
    2.76815796e+02, 2.68955322e+02, 2.52335983e+02, 2.75075287e+02,
    2.27244186e+02, 2.79971222e+02, 2.07048355e+02, 1.18793716e+02,
    1.68659042e+02, 1.33786880e+02, 1.62122406e+02, 1.52107697e+02,
    1.66561844e+02, 1.67910065e+02, 1.72336975e+02, 1.81571259e+02,
    1.82095840e+02, 2.08285339e+02, 1.84264206e+02, 2.23974396e+02,
    1.77588669e+02, 2.38439484e+02, 1.79340744e+02, 2.54461319e+02,
    1.82011536e+02, 2.67145386e+02, 1.87408081e+02, 1.95719086e+02,
    2.01554520e+02, 1.93484619e+02, 2.20316925e+02, 1.91398331e+02,
    2.39065979e+02, 1.89089249e+02, 2.57453308e+02, 1.65405121e+02,
    2.61384338e+02, 1.74659149e+02, 2.67462494e+02, 1.85501190e+02,
    2.72614288e+02, 1.96127914e+02, 2.70500519e+02, 2.06475403e+02,
    2.66439362e+02, 1.30977203e+02, 1.96087418e+02, 1.42873108e+02,
    1.90874100e+02, 1.57739700e+02, 1.94262772e+02, 1.65354889e+02,
    2.02009384e+02, 1.54086044e+02, 2.02355133e+02, 1.41841934e+02,
    2.01155579e+02, 2.18687820e+02, 2.07687836e+02, 2.28933075e+02,
    2.01897736e+02, 2.40587357e+02, 2.03702271e+02, 2.49705688e+02,
    2.11109512e+02, 2.40608231e+02, 2.12722687e+02, 2.29119232e+02,
    2.11860397e+02, 1.46607132e+02, 2.92298523e+02, 1.62074615e+02,
    2.88282013e+02, 1.76686264e+02, 2.85721008e+02, 1.83555923e+02,
    2.89107819e+02, 1.92847656e+02, 2.86578766e+02, 2.03164932e+02,
    2.91379669e+02, 2.16736053e+02, 2.97299652e+02, 2.01806808e+02,
    3.04130951e+02, 1.92180099e+02, 3.05761658e+02, 1.82345581e+02,
    3.06260193e+02, 1.74544617e+02, 3.04468384e+02, 1.62166290e+02,
    3.00242767e+02, 1.50648178e+02, 2.93727936e+02, 1.75576477e+02,
    2.96086823e+02, 1.82749710e+02, 2.96800323e+02, 1.92479874e+02,
    2.96706909e+02, 2.11427780e+02, 2.98418457e+02, 1.92479874e+02,
    2.96706909e+02, 1.82749710e+02, 2.96800323e+02, 1.75576477e+02,
    2.96086823e+02 ]
noOfLandmarkPoint: 68
