%YAML:1.0
landmark: [ 1.94537997e+00, 3.54610931e+02, 1.75832403e+00,
    3.62093140e+02, 1.75832403e+00, 3.69575378e+02, 1.38421202e+00,
    3.81359894e+02, 1.01010096e+00, 3.95202026e+02, 9.05349827e+00,
    4.05303040e+02, 2.04638977e+01, 4.12972321e+02, 3.35578003e+01,
    4.20454559e+02, 4.60905342e+01, 4.23821564e+02, 5.89973793e+01,
    4.25130951e+02, 6.83501663e+01, 4.23821564e+02, 7.24653931e+01,
    4.12785248e+02, 7.32136154e+01, 4.01374847e+02, 7.47100677e+01,
    3.89029175e+02, 7.82641220e+01, 3.76870544e+02, 8.05087891e+01,
    3.64524872e+02, 8.27534637e+01, 3.52179199e+02, 3.09390202e+01,
    3.32912445e+02, 3.71118584e+01, 3.28610168e+02, 4.53423119e+01,
    3.27487854e+02, 5.31986542e+01, 3.27861938e+02, 6.10549927e+01,
    3.29732513e+02, 7.45230103e+01, 3.33286560e+02, 7.90123444e+01,
    3.29919556e+02, 8.21922913e+01, 3.28423126e+02, 8.64945755e+01,
    3.28797241e+02, 8.79910202e+01, 3.31228943e+02, 6.76019440e+01,
    3.48625153e+02, 7.09689484e+01, 3.56107361e+02, 7.47100677e+01,
    3.64337830e+02, 7.65806198e+01, 3.69762451e+02, 5.97456055e+01,
    3.75748230e+02, 6.66666641e+01, 3.76870544e+02, 7.17171707e+01,
    3.77992889e+02, 7.50841751e+01, 3.77992889e+02, 7.67676773e+01,
    3.77618774e+02, 3.50542450e+01, 3.46193420e+02, 4.08529739e+01,
    3.42078186e+02, 4.75869827e+01, 3.40768799e+02, 5.17022057e+01,
    3.44884033e+02, 4.77740364e+01, 3.48625153e+02, 4.16011963e+01,
    3.48625153e+02, 7.09689484e+01, 3.45071075e+02, 7.47100677e+01,
    3.40581757e+02, 7.95735092e+01, 3.40207642e+02, 8.20052414e+01,
    3.44884033e+02, 7.86382370e+01, 3.46754578e+02, 7.47100677e+01,
    3.46567535e+02, 4.60905342e+01, 3.96324341e+02, 5.37598190e+01,
    3.92957336e+02, 6.06808815e+01, 3.90899750e+02, 6.59184418e+01,
    3.90712677e+02, 6.92854462e+01, 3.90712677e+02, 7.22783356e+01,
    3.92770294e+02, 7.37747879e+01, 3.96137299e+02, 7.30265656e+01,
    3.99878418e+02, 7.00336685e+01, 4.02497192e+02, 6.53572769e+01,
    4.01936035e+02, 5.88103256e+01, 4.01374847e+02, 5.24504318e+01,
    4.00252533e+02, 4.88963699e+01, 3.96324341e+02, 5.99326591e+01,
    3.96137299e+02, 6.49831619e+01, 3.96324341e+02, 6.87242813e+01,
    3.96137299e+02, 7.26524506e+01, 3.95950256e+02, 6.87242813e+01,
    3.97072571e+02, 6.51702194e+01, 3.97259644e+02, 5.99326591e+01,
    3.97259644e+02 ]
noOfLandmarkPoint: 68
