%YAML:1.0
landmark: [ 2.34738892e+02, 1.97196411e+02, 2.37611328e+02,
    2.22984863e+02, 2.41058960e+02, 2.46579422e+02, 2.46216873e+02,
    2.68439545e+02, 2.55583374e+02, 2.89328796e+02, 2.69209167e+02,
    3.06376099e+02, 2.86704163e+02, 3.19341095e+02, 3.06934357e+02,
    3.29533875e+02, 3.28292206e+02, 3.33436554e+02, 3.51844177e+02,
    3.27315857e+02, 3.70518219e+02, 3.15292664e+02, 3.88252319e+02,
    3.01225800e+02, 4.02454193e+02, 2.82442902e+02, 4.09808502e+02,
    2.60387390e+02, 4.13171448e+02, 2.36856186e+02, 4.16934906e+02,
    2.14262421e+02, 4.16435486e+02, 1.88273895e+02, 2.48430481e+02,
    1.79263657e+02, 2.59495911e+02, 1.70136200e+02, 2.75561523e+02,
    1.68069672e+02, 2.91136169e+02, 1.70278107e+02, 3.06223145e+02,
    1.76783463e+02, 3.41894867e+02, 1.68971313e+02, 3.57278778e+02,
    1.61611664e+02, 3.71986572e+02, 1.60532150e+02, 3.86888092e+02,
    1.64631668e+02, 3.98762909e+02, 1.71331665e+02, 3.23557617e+02,
    1.92686752e+02, 3.23051300e+02, 2.07796234e+02, 3.22254425e+02,
    2.24452057e+02, 3.22517151e+02, 2.39478317e+02, 3.10698517e+02,
    2.52525589e+02, 3.17981567e+02, 2.54503036e+02, 3.24809052e+02,
    2.57009979e+02, 3.32798767e+02, 2.54248718e+02, 3.40079285e+02,
    2.50755936e+02, 2.67081360e+02, 1.99317276e+02, 2.78843506e+02,
    1.91821442e+02, 2.91566864e+02, 1.91469421e+02, 2.99188965e+02,
    2.00566559e+02, 2.90137970e+02, 2.03762665e+02, 2.77330872e+02,
    2.02418030e+02, 3.50418457e+02, 1.97671005e+02, 3.60162994e+02,
    1.87605911e+02, 3.73265930e+02, 1.85775345e+02, 3.81826874e+02,
    1.93653503e+02, 3.75299469e+02, 1.98772354e+02, 3.63409546e+02,
    1.99620667e+02, 2.94176788e+02, 2.86303009e+02, 3.08245911e+02,
    2.80412476e+02, 3.20121033e+02, 2.75316559e+02, 3.29135986e+02,
    2.78126312e+02, 3.35507843e+02, 2.74178375e+02, 3.46905426e+02,
    2.76817902e+02, 3.60347260e+02, 2.79770416e+02, 3.47846405e+02,
    2.89895447e+02, 3.37673706e+02, 2.95609436e+02, 3.29860779e+02,
    2.97376831e+02, 3.20852631e+02, 2.97991180e+02, 3.07915375e+02,
    2.95184265e+02, 2.99290771e+02, 2.86526703e+02, 3.20154816e+02,
    2.83955261e+02, 3.29475006e+02, 2.84935883e+02, 3.35723694e+02,
    2.82409760e+02, 3.54779388e+02, 2.81149231e+02, 3.35723694e+02,
    2.82409760e+02, 3.29475006e+02, 2.84935883e+02, 3.20154816e+02,
    2.83955261e+02 ]
noOfLandmarkPoint: 68
