%YAML:1.0
landmark: [ 1.31350174e+02, 1.19138893e+02, 1.32717102e+02,
    1.30422531e+02, 1.35696411e+02, 1.41440750e+02, 1.40367844e+02,
    1.52867065e+02, 1.45998093e+02, 1.62949585e+02, 1.52835876e+02,
    1.70421021e+02, 1.62507111e+02, 1.78685501e+02, 1.71222717e+02,
    1.86110672e+02, 1.80956924e+02, 1.86458984e+02, 1.89937943e+02,
    1.85556717e+02, 1.98059753e+02, 1.79760651e+02, 2.07057495e+02,
    1.72352203e+02, 2.15461426e+02, 1.62087158e+02, 2.21539597e+02,
    1.50146744e+02, 2.23477188e+02, 1.34214813e+02, 2.26785019e+02,
    1.19022820e+02, 2.28026382e+02, 1.03829063e+02, 1.36939987e+02,
    1.07768997e+02, 1.43882385e+02, 1.02827942e+02, 1.53219223e+02,
    1.01736496e+02, 1.62487381e+02, 1.03598679e+02, 1.70289490e+02,
    1.07392990e+02, 1.84845123e+02, 1.07841125e+02, 1.92600449e+02,
    1.01963608e+02, 2.02374832e+02, 9.88993225e+01, 2.11865677e+02,
    1.00527634e+02, 2.20805267e+02, 1.04686768e+02, 1.77978516e+02,
    1.17733452e+02, 1.78039139e+02, 1.26793404e+02, 1.77951874e+02,
    1.37588806e+02, 1.78432953e+02, 1.47071075e+02, 1.69404663e+02,
    1.47140411e+02, 1.74016327e+02, 1.49608826e+02, 1.78608047e+02,
    1.51300919e+02, 1.83342453e+02, 1.49751495e+02, 1.87565933e+02,
    1.47893585e+02, 1.49375214e+02, 1.18310928e+02, 1.55516190e+02,
    1.14864479e+02, 1.61627930e+02, 1.14801910e+02, 1.67138687e+02,
    1.19553391e+02, 1.61382477e+02, 1.22001884e+02, 1.55792068e+02,
    1.21859215e+02, 1.91155777e+02, 1.18574638e+02, 1.97033569e+02,
    1.12633186e+02, 2.02711197e+02, 1.11861183e+02, 2.08014969e+02,
    1.14301460e+02, 2.03968933e+02, 1.19410721e+02, 1.98275696e+02,
    1.19981400e+02, 1.61876663e+02, 1.60975357e+02, 1.68665482e+02,
    1.58949890e+02, 1.74894470e+02, 1.57732620e+02, 1.78942902e+02,
    1.58987228e+02, 1.83446228e+02, 1.57605820e+02, 1.92091080e+02,
    1.58863892e+02, 1.99374466e+02, 1.60449707e+02, 1.92363007e+02,
    1.68746353e+02, 1.84735168e+02, 1.71666748e+02, 1.79468063e+02,
    1.71681107e+02, 1.75026993e+02, 1.71269455e+02, 1.68637741e+02,
    1.67901764e+02, 1.65640945e+02, 1.63074997e+02, 1.74849197e+02,
    1.63025482e+02, 1.79121658e+02, 1.63367874e+02, 1.83813507e+02,
    1.63075546e+02, 1.97188202e+02, 1.61782394e+02, 1.83813507e+02,
    1.63075546e+02, 1.79121658e+02, 1.63367874e+02, 1.74849197e+02,
    1.63025482e+02 ]
noOfLandmarkPoint: 68
