%YAML:1.0
landmark: [ 8.98718872e+01, 8.89148865e+01, 8.97411346e+01,
    1.01055115e+02, 9.06976471e+01, 1.13844597e+02, 9.20440063e+01,
    1.25662628e+02, 9.61484680e+01, 1.38417358e+02, 1.03919136e+02,
    1.49891983e+02, 1.13031471e+02, 1.58890152e+02, 1.23595108e+02,
    1.65753174e+02, 1.36831680e+02, 1.68172623e+02, 1.47546951e+02,
    1.66286911e+02, 1.57707947e+02, 1.59394348e+02, 1.66842361e+02,
    1.51110092e+02, 1.74768387e+02, 1.41465164e+02, 1.79464142e+02,
    1.29094131e+02, 1.82102768e+02, 1.16774048e+02, 1.85252365e+02,
    1.06283577e+02, 1.88119736e+02, 9.43643570e+01, 9.82519989e+01,
    8.63949432e+01, 1.06739777e+02, 8.22289352e+01, 1.15872612e+02,
    8.10695419e+01, 1.25182976e+02, 8.18735428e+01, 1.32685822e+02,
    8.53219910e+01, 1.47468292e+02, 8.54998932e+01, 1.55583176e+02,
    8.20904846e+01, 1.62923126e+02, 8.15237656e+01, 1.71166565e+02,
    8.25822906e+01, 1.77564423e+02, 8.62793655e+01, 1.40565414e+02,
    9.09383469e+01, 1.39901184e+02, 1.00434601e+02, 1.39531418e+02,
    1.10099174e+02, 1.39435425e+02, 1.19976105e+02, 1.29414749e+02,
    1.21657570e+02, 1.33946426e+02, 1.23979347e+02, 1.39173538e+02,
    1.26421013e+02, 1.43995316e+02, 1.24668518e+02, 1.47850479e+02,
    1.21855522e+02, 1.09181175e+02, 9.25151215e+01, 1.15114197e+02,
    8.95747681e+01, 1.21422523e+02, 8.99607239e+01, 1.25936546e+02,
    9.48445206e+01, 1.20213043e+02, 9.56067734e+01, 1.13893761e+02,
    9.55821609e+01, 1.52869873e+02, 9.55771942e+01, 1.57457794e+02,
    9.06771927e+01, 1.63771362e+02, 9.06942825e+01, 1.68310562e+02,
    9.41673889e+01, 1.64184967e+02, 9.60580978e+01, 1.58853088e+02,
    9.61817474e+01, 1.20957779e+02, 1.35737701e+02, 1.28108307e+02,
    1.35666916e+02, 1.33579178e+02, 1.35368973e+02, 1.37604431e+02,
    1.36953323e+02, 1.42657852e+02, 1.35804993e+02, 1.48521667e+02,
    1.37115799e+02, 1.53993423e+02, 1.37305679e+02, 1.48530640e+02,
    1.42279877e+02, 1.42688599e+02, 1.45332123e+02, 1.37848251e+02,
    1.45163101e+02, 1.33037201e+02, 1.44993958e+02, 1.27685219e+02,
    1.42983353e+02, 1.23527000e+02, 1.37169266e+02, 1.33512848e+02,
    1.39361496e+02, 1.37910172e+02, 1.39778229e+02, 1.42859909e+02,
    1.39855011e+02, 1.51474396e+02, 1.38774445e+02, 1.42859909e+02,
    1.39855011e+02, 1.37910172e+02, 1.39778229e+02, 1.33512848e+02,
    1.39361496e+02 ]
noOfLandmarkPoint: 68
