%YAML:1.0
landmark: [ 1.86317612e+02, 1.96017838e+02, 1.86553635e+02,
    2.21512543e+02, 1.90780060e+02, 2.47510422e+02, 1.98126694e+02,
    2.73876617e+02, 2.10974548e+02, 2.95948975e+02, 2.31268921e+02,
    3.16712799e+02, 2.54950653e+02, 3.33552338e+02, 2.83429138e+02,
    3.44803894e+02, 3.05827148e+02, 3.43112915e+02, 3.25911469e+02,
    3.34970245e+02, 3.38070923e+02, 3.17448517e+02, 3.49683319e+02,
    3.01556885e+02, 3.59701904e+02, 2.83689636e+02, 3.65694946e+02,
    2.63180725e+02, 3.69707947e+02, 2.42399490e+02, 3.71723022e+02,
    2.21257172e+02, 3.73347076e+02, 2.01046082e+02, 2.25910919e+02,
    1.86803268e+02, 2.40398712e+02, 1.73742737e+02, 2.58026062e+02,
    1.64882980e+02, 2.80402893e+02, 1.67187317e+02, 3.05402222e+02,
    1.72793762e+02, 3.27528625e+02, 1.75185837e+02, 3.41794373e+02,
    1.71730988e+02, 3.54482483e+02, 1.71387222e+02, 3.64457184e+02,
    1.71052963e+02, 3.72526581e+02, 1.80889267e+02, 3.12607666e+02,
    1.93596405e+02, 3.15200592e+02, 2.10227341e+02, 3.18569977e+02,
    2.28730789e+02, 3.21992706e+02, 2.48092957e+02, 2.95119965e+02,
    2.54443481e+02, 3.06442963e+02, 2.55985077e+02, 3.16899872e+02,
    2.59321167e+02, 3.25757996e+02, 2.57065063e+02, 3.33419250e+02,
    2.53103363e+02, 2.56112701e+02, 1.95423523e+02, 2.64911407e+02,
    1.87861832e+02, 2.77551331e+02, 1.89462540e+02, 2.85063690e+02,
    1.98694016e+02, 2.75701324e+02, 1.99913300e+02, 2.64809021e+02,
    1.99360840e+02, 3.27068481e+02, 1.99490585e+02, 3.33571533e+02,
    1.91380157e+02, 3.45335876e+02, 1.90510651e+02, 3.53054657e+02,
    1.97268723e+02, 3.46796143e+02, 1.99554642e+02, 3.37234924e+02,
    2.00127197e+02, 2.69047241e+02, 2.78002655e+02, 2.90239166e+02,
    2.80919830e+02, 3.07191101e+02, 2.81172089e+02, 3.14148865e+02,
    2.82831879e+02, 3.20970123e+02, 2.79648712e+02, 3.25993591e+02,
    2.79873627e+02, 3.31804382e+02, 2.80550232e+02, 3.24119415e+02,
    2.90956177e+02, 3.18193939e+02, 2.93312408e+02, 3.10503815e+02,
    2.94798218e+02, 3.01731476e+02, 2.94110229e+02, 2.87895325e+02,
    2.89252289e+02, 2.77647980e+02, 2.82054352e+02, 3.06003662e+02,
    2.86454773e+02, 3.13391113e+02, 2.86641937e+02, 3.20645874e+02,
    2.84596954e+02, 3.27846405e+02, 2.82797668e+02, 3.20645874e+02,
    2.84596954e+02, 3.13391113e+02, 2.86641937e+02, 3.06003662e+02,
    2.86454773e+02 ]
noOfLandmarkPoint: 68
