%YAML:1.0
landmark: [ 4.99024048e+01, 1.83810654e+02, 4.97850342e+01,
    1.97031509e+02, 5.43194580e+01, 2.10576385e+02, 6.13568192e+01,
    2.23090759e+02, 6.94836273e+01, 2.36370575e+02, 7.83466644e+01,
    2.50092056e+02, 8.89174423e+01, 2.66110107e+02, 1.00577675e+02,
    2.80420410e+02, 1.13172676e+02, 2.85935486e+02, 1.27244698e+02,
    2.84486694e+02, 1.48555542e+02, 2.77620392e+02, 1.68627197e+02,
    2.62587494e+02, 1.85998352e+02, 2.43731400e+02, 2.00131744e+02,
    2.23090485e+02, 2.00279160e+02, 1.99652084e+02, 1.98129745e+02,
    1.72121231e+02, 1.95715256e+02, 1.48035339e+02, 3.99626160e+01,
    1.57099060e+02, 4.71338768e+01, 1.52934143e+02, 5.58953362e+01,
    1.53280731e+02, 6.66831284e+01, 1.53714691e+02, 7.79464569e+01,
    1.57487671e+02, 9.86471939e+01, 1.48773224e+02, 1.13554085e+02,
    1.44894974e+02, 1.28296890e+02, 1.40701645e+02, 1.46099365e+02,
    1.40143921e+02, 1.62586533e+02, 1.43294647e+02, 8.77982178e+01,
    1.68009415e+02, 8.93459625e+01, 1.82790665e+02, 8.98487473e+01,
    1.97588364e+02, 9.11144714e+01, 2.13165390e+02, 8.99013443e+01,
    2.19924530e+02, 9.50416870e+01, 2.21147156e+02, 1.00400780e+02,
    2.21559357e+02, 1.05288994e+02, 2.17849319e+02, 1.09925499e+02,
    2.15886658e+02, 5.36422005e+01, 1.71208389e+02, 6.02673645e+01,
    1.66497070e+02, 7.12795410e+01, 1.65172028e+02, 8.06137390e+01,
    1.70825394e+02, 7.11618958e+01, 1.73298843e+02, 6.07974892e+01,
    1.74211685e+02, 1.14770325e+02, 1.64023621e+02, 1.22720520e+02,
    1.55867325e+02, 1.33732971e+02, 1.54365677e+02, 1.46688766e+02,
    1.56809647e+02, 1.35648666e+02, 1.63802505e+02, 1.24597549e+02,
    1.64804779e+02, 8.66021881e+01, 2.40635696e+02, 9.07542038e+01,
    2.36025620e+02, 9.60451584e+01, 2.33357422e+02, 1.03724480e+02,
    2.35222733e+02, 1.12604721e+02, 2.32030807e+02, 1.24304581e+02,
    2.32345779e+02, 1.39996704e+02, 2.32930847e+02, 1.27761116e+02,
    2.44811371e+02, 1.15923622e+02, 2.50966476e+02, 1.06017731e+02,
    2.52523911e+02, 9.80031357e+01, 2.51845917e+02, 9.18912125e+01,
    2.47714661e+02, 8.94475708e+01, 2.41246902e+02, 9.73443298e+01,
    2.41031860e+02, 1.04823364e+02, 2.41949951e+02, 1.14389458e+02,
    2.40126129e+02, 1.35075882e+02, 2.34697556e+02, 1.14389458e+02,
    2.40126129e+02, 1.04823364e+02, 2.41949951e+02, 9.73443298e+01,
    2.41031860e+02 ]
noOfLandmarkPoint: 68
