%YAML:1.0
landmark: [ 6.70390503e+02, 2.76023193e+02, 6.73905212e+02,
    2.98415741e+02, 6.79689819e+02, 3.23089172e+02, 6.87600220e+02,
    3.44230316e+02, 6.95018494e+02, 3.74015167e+02, 7.06809570e+02,
    4.01567719e+02, 7.27794128e+02, 4.19390198e+02, 7.49894226e+02,
    4.37158417e+02, 7.82837585e+02, 4.37374054e+02, 8.14626526e+02,
    4.33939453e+02, 8.42391602e+02, 4.16384430e+02, 8.66931091e+02,
    3.97045471e+02, 8.86365601e+02, 3.71994171e+02, 8.92286926e+02,
    3.42027039e+02, 8.91470642e+02, 3.06100708e+02, 8.90502991e+02,
    2.74843353e+02, 8.89364136e+02, 2.40890244e+02, 6.71124268e+02,
    2.57806183e+02, 6.77857910e+02, 2.43276962e+02, 6.93083252e+02,
    2.38472443e+02, 7.09094910e+02, 2.39273453e+02, 7.25144653e+02,
    2.35937622e+02, 7.61497498e+02, 2.32244888e+02, 7.82869995e+02,
    2.22139175e+02, 8.04397705e+02, 2.16637161e+02, 8.27725464e+02,
    2.15369583e+02, 8.51430908e+02, 2.20764130e+02, 7.52673157e+02,
    2.54823746e+02, 7.54577393e+02, 2.73844360e+02, 7.57308472e+02,
    2.93053711e+02, 7.59051147e+02, 3.14130646e+02, 7.43653625e+02,
    3.31222565e+02, 7.53059509e+02, 3.33776062e+02, 7.62146179e+02,
    3.34900909e+02, 7.72694214e+02, 3.30677521e+02, 7.81438904e+02,
    3.25490723e+02, 6.94656494e+02, 2.70313538e+02, 7.02083069e+02,
    2.60204803e+02, 7.17536255e+02, 2.58246429e+02, 7.30404907e+02,
    2.64948883e+02, 7.18793091e+02, 2.69724335e+02, 7.03425781e+02,
    2.73234497e+02, 7.87402039e+02, 2.54439102e+02, 7.98980713e+02,
    2.42708405e+02, 8.16144287e+02, 2.39942307e+02, 8.30131775e+02,
    2.46353882e+02, 8.19798035e+02, 2.52033905e+02, 8.03023621e+02,
    2.54462250e+02, 7.29779785e+02, 3.68596588e+02, 7.40449951e+02,
    3.60678375e+02, 7.52944336e+02, 3.57085693e+02, 7.64096558e+02,
    3.60146515e+02, 7.80904236e+02, 3.53786499e+02, 7.98238647e+02,
    3.54979034e+02, 8.18498962e+02, 3.58670258e+02, 8.00488281e+02,
    3.71905792e+02, 7.82878601e+02, 3.79867188e+02, 7.65639221e+02,
    3.84176453e+02, 7.54463745e+02, 3.83663330e+02, 7.41752075e+02,
    3.80004547e+02, 7.38182373e+02, 3.71860809e+02, 7.53497498e+02,
    3.69298401e+02, 7.65382568e+02, 3.70260956e+02, 7.81907715e+02,
    3.67154022e+02, 8.12824463e+02, 3.61308350e+02, 7.81907715e+02,
    3.67154022e+02, 7.65382568e+02, 3.70260956e+02, 7.53497498e+02,
    3.69298401e+02 ]
noOfLandmarkPoint: 68
