%YAML:1.0
landmark: [ 8.42780991e+01, 1.61846512e+02, 8.64321899e+01,
    1.81622360e+02, 9.14232941e+01, 2.04427185e+02, 9.26400146e+01,
    2.23867477e+02, 1.01087448e+02, 2.42782547e+02, 1.13155128e+02,
    2.59923370e+02, 1.25903069e+02, 2.76274323e+02, 1.42932541e+02,
    2.91208862e+02, 1.65529678e+02, 2.96836395e+02, 1.88400452e+02,
    2.88588928e+02, 2.04650101e+02, 2.72434326e+02, 2.16763458e+02,
    2.53240753e+02, 2.28990387e+02, 2.31412735e+02, 2.30306107e+02,
    2.12566895e+02, 2.28474808e+02, 1.92217926e+02, 2.28407043e+02,
    1.71517685e+02, 2.28789215e+02, 1.53768906e+02, 1.01179062e+02,
    1.57035355e+02, 1.08622513e+02, 1.50240860e+02, 1.18226295e+02,
    1.46916107e+02, 1.28104446e+02, 1.45080750e+02, 1.39127701e+02,
    1.46219971e+02, 1.67874329e+02, 1.43451706e+02, 1.78990494e+02,
    1.38023438e+02, 1.90578796e+02, 1.36764725e+02, 2.00413513e+02,
    1.39753967e+02, 2.09164047e+02, 1.45487167e+02, 1.55150970e+02,
    1.59359589e+02, 1.56590271e+02, 1.71173172e+02, 1.57147202e+02,
    1.83269211e+02, 1.59243210e+02, 1.96583176e+02, 1.46620667e+02,
    2.05232361e+02, 1.52621353e+02, 2.07099960e+02, 1.60463303e+02,
    2.09838806e+02, 1.67948151e+02, 2.05511475e+02, 1.74158234e+02,
    2.02109024e+02, 1.16283997e+02, 1.65707626e+02, 1.22021812e+02,
    1.61204468e+02, 1.31280807e+02, 1.59170074e+02, 1.38731354e+02,
    1.63783768e+02, 1.31029968e+02, 1.66830750e+02, 1.23163353e+02,
    1.67518845e+02, 1.72280563e+02, 1.60270874e+02, 1.78760178e+02,
    1.55278717e+02, 1.87721420e+02, 1.52792740e+02, 1.94653290e+02,
    1.57019821e+02, 1.89033051e+02, 1.60877655e+02, 1.81279404e+02,
    1.61327301e+02, 1.27529839e+02, 2.26037186e+02, 1.39126404e+02,
    2.22394531e+02, 1.53513412e+02, 2.21681381e+02, 1.61401382e+02,
    2.22656723e+02, 1.69476837e+02, 2.19958160e+02, 1.80450958e+02,
    2.17769196e+02, 1.92915146e+02, 2.20438904e+02, 1.87290909e+02,
    2.36910141e+02, 1.72595596e+02, 2.53596222e+02, 1.63045044e+02,
    2.56739838e+02, 1.53693085e+02, 2.55415192e+02, 1.39271576e+02,
    2.49230347e+02, 1.30503082e+02, 2.25691483e+02, 1.53590378e+02,
    2.25045700e+02, 1.61615021e+02, 2.25610413e+02, 1.69704117e+02,
    2.22692276e+02, 1.90386520e+02, 2.21398956e+02, 1.71498505e+02,
    2.47424759e+02, 1.62633118e+02, 2.50566696e+02, 1.54197083e+02,
    2.49535675e+02 ]
noOfLandmarkPoint: 68
