%YAML:1.0
landmark: [ 1.77397690e+02, 1.64483429e+02, 1.78424698e+02,
    1.84981155e+02, 1.79851212e+02, 2.03181656e+02, 1.82913391e+02,
    2.25774750e+02, 2.00039719e+02, 2.38741287e+02, 2.17770126e+02,
    2.48908905e+02, 2.37158783e+02, 2.57802948e+02, 2.58282166e+02,
    2.62832397e+02, 2.76234283e+02, 2.63964813e+02, 2.90952332e+02,
    2.63327667e+02, 3.02300598e+02, 2.55053833e+02, 3.10746490e+02,
    2.43099564e+02, 3.16473694e+02, 2.27167496e+02, 3.18284607e+02,
    2.10436417e+02, 3.19025085e+02, 1.92890778e+02, 3.20158691e+02,
    1.74822968e+02, 3.17146118e+02, 1.58182266e+02, 2.06109848e+02,
    1.43252441e+02, 2.17776581e+02, 1.38479416e+02, 2.29991684e+02,
    1.34305786e+02, 2.44797607e+02, 1.33664246e+02, 2.58092621e+02,
    1.36092682e+02, 2.77907257e+02, 1.36036407e+02, 2.87802216e+02,
    1.31829453e+02, 2.97507629e+02, 1.32413300e+02, 3.06400330e+02,
    1.34851669e+02, 3.13152100e+02, 1.37228088e+02, 2.71853363e+02,
    1.53845367e+02, 2.74414856e+02, 1.60072235e+02, 2.77141388e+02,
    1.66222641e+02, 2.79858734e+02, 1.73269272e+02, 2.62713043e+02,
    1.89488861e+02, 2.69637665e+02, 1.91512650e+02, 2.76647766e+02,
    1.93931702e+02, 2.82711548e+02, 1.91527847e+02, 2.87619934e+02,
    1.89403351e+02, 2.22358124e+02, 1.56127533e+02, 2.32510941e+02,
    1.48685089e+02, 2.41662567e+02, 1.48006989e+02, 2.47901794e+02,
    1.55287506e+02, 2.41283920e+02, 1.56987106e+02, 2.31960938e+02,
    1.57822464e+02, 2.81660034e+02, 1.55011826e+02, 2.88795013e+02,
    1.46774002e+02, 2.98386932e+02, 1.47109695e+02, 3.04146667e+02,
    1.54909683e+02, 2.97989990e+02, 1.55805740e+02, 2.89706848e+02,
    1.55871399e+02, 2.50508514e+02, 2.22910492e+02, 2.63221069e+02,
    2.09670731e+02, 2.72282471e+02, 2.04692902e+02, 2.77366241e+02,
    2.06481018e+02, 2.82596680e+02, 2.04667694e+02, 2.90376190e+02,
    2.08693649e+02, 2.96815338e+02, 2.21226242e+02, 2.91327057e+02,
    2.26070938e+02, 2.83990417e+02, 2.28343353e+02, 2.78113708e+02,
    2.28373657e+02, 2.72199768e+02, 2.28354233e+02, 2.63985901e+02,
    2.27109802e+02, 2.55506393e+02, 2.21789658e+02, 2.72650116e+02,
    2.12656448e+02, 2.77504883e+02, 2.12574600e+02, 2.82641266e+02,
    2.13735703e+02, 2.91361511e+02, 2.18500488e+02, 2.82723541e+02,
    2.18485504e+02, 2.77457947e+02, 2.19225327e+02, 2.72988434e+02,
    2.19338089e+02 ]
noOfLandmarkPoint: 68
