%YAML:1.0
landmark: [ 1.07245613e+02, 1.68785492e+02, 1.06415207e+02,
    1.95538574e+02, 1.08081726e+02, 2.23534409e+02, 1.18760864e+02,
    2.43353760e+02, 1.28667679e+02, 2.62993134e+02, 1.34776718e+02,
    2.83869537e+02, 1.46286270e+02, 3.05744934e+02, 1.61175537e+02,
    3.20564728e+02, 1.80396851e+02, 3.27086090e+02, 2.13491333e+02,
    3.25065308e+02, 2.44866898e+02, 3.18596313e+02, 2.74085724e+02,
    3.08493256e+02, 3.00898346e+02, 2.96447632e+02, 3.23512024e+02,
    2.74097076e+02, 3.32820801e+02, 2.41542526e+02, 3.35375824e+02,
    2.03587479e+02, 3.40228638e+02, 1.63073746e+02, 1.04057167e+02,
    1.29244781e+02, 1.16218575e+02, 1.15247810e+02, 1.31440964e+02,
    1.11953270e+02, 1.49193085e+02, 1.14740433e+02, 1.67241318e+02,
    1.19649574e+02, 2.07783234e+02, 1.06493378e+02, 2.29670044e+02,
    9.67084503e+01, 2.52979599e+02, 9.55180740e+01, 2.73977905e+02,
    1.02991760e+02, 2.91859039e+02, 1.17149582e+02, 1.77189957e+02,
    1.43703201e+02, 1.75021561e+02, 1.59929550e+02, 1.72336868e+02,
    1.75601303e+02, 1.67926682e+02, 1.90250000e+02, 1.64008713e+02,
    2.13191269e+02, 1.70351013e+02, 2.15985519e+02, 1.78713211e+02,
    2.16281693e+02, 1.86901108e+02, 2.12489609e+02, 1.95269012e+02,
    2.09347946e+02, 1.28243927e+02, 1.58158737e+02, 1.36786087e+02,
    1.50150818e+02, 1.51849640e+02, 1.50266998e+02, 1.62308792e+02,
    1.58539093e+02, 1.48295639e+02, 1.61596558e+02, 1.35189072e+02,
    1.62426971e+02, 2.23182205e+02, 1.47573792e+02, 2.34819962e+02,
    1.38007004e+02, 2.49178009e+02, 1.35448792e+02, 2.62898956e+02,
    1.41158249e+02, 2.51697983e+02, 1.48383484e+02, 2.37259613e+02,
    1.48969803e+02, 1.57660828e+02, 2.58314728e+02, 1.62651825e+02,
    2.44462814e+02, 1.71234924e+02, 2.40270584e+02, 1.77581436e+02,
    2.41558517e+02, 1.84966949e+02, 2.39178894e+02, 2.04060654e+02,
    2.43987076e+02, 2.26767410e+02, 2.51735321e+02, 2.06551895e+02,
    2.62726532e+02, 1.91604523e+02, 2.67708984e+02, 1.83945145e+02,
    2.67714691e+02, 1.75989609e+02, 2.66942352e+02, 1.66495148e+02,
    2.64213074e+02, 1.62917480e+02, 2.57921265e+02, 1.73299973e+02,
    2.52489792e+02, 1.79969101e+02, 2.52498215e+02, 1.88154968e+02,
    2.51949844e+02, 2.19773178e+02, 2.51318130e+02, 1.88154968e+02,
    2.51949844e+02, 1.79969101e+02, 2.52498215e+02, 1.73299973e+02,
    2.52489792e+02 ]
noOfLandmarkPoint: 68
