%YAML:1.0
landmark: [ 7.13932896e+00, 3.36347321e+02, 1.89972198e+00,
    3.49477570e+02, 1.76964104e+00, 3.66385834e+02, 2.38369203e+00,
    3.81388916e+02, 1.29946823e+01, 3.89247192e+02, 2.34085579e+01,
    3.95024139e+02, 3.52686653e+01, 4.01112976e+02, 4.70560646e+01,
    4.05099457e+02, 5.88644791e+01, 4.06275879e+02, 6.81803284e+01,
    4.05885651e+02, 7.46077042e+01, 4.00374512e+02, 7.50399780e+01,
    3.89050079e+02, 7.69968796e+01, 3.75118317e+02, 8.33401794e+01,
    3.63372955e+02, 8.61349411e+01, 3.54343964e+02, 8.60105362e+01,
    3.46168152e+02, 8.42257538e+01, 3.39214783e+02, 3.25579758e+01,
    3.17392395e+02, 4.05673370e+01, 3.14171051e+02, 4.85403442e+01,
    3.13463257e+02, 5.62685318e+01, 3.13983582e+02, 6.53912506e+01,
    3.15175323e+02, 7.59198685e+01, 3.15967194e+02, 8.08169403e+01,
    3.14863495e+02, 8.49698868e+01, 3.14228424e+02, 8.86025009e+01,
    3.13744446e+02, 9.10950623e+01, 3.15925140e+02, 6.86699829e+01,
    3.31777435e+02, 7.17459106e+01, 3.39266479e+02, 7.54358978e+01,
    3.46698151e+02, 7.85998840e+01, 3.54160492e+02, 6.22272682e+01,
    3.59750000e+02, 6.70209579e+01, 3.60941742e+02, 7.10074615e+01,
    3.63470673e+02, 7.54932709e+01, 3.62986694e+02, 7.91775818e+01,
    3.62242554e+02, 3.78452911e+01, 3.30449921e+02, 4.27423668e+01,
    3.27452393e+02, 4.77905350e+01, 3.27488739e+02, 4.98258209e+01,
    3.30970245e+02, 4.68072548e+01, 3.33432129e+02, 4.18681488e+01,
    3.33634918e+02, 7.25837708e+01, 3.30897552e+02, 7.45980453e+01,
    3.26947388e+02, 7.86782761e+01, 3.26687225e+02, 8.09316864e+01,
    3.30111389e+02, 7.91048737e+01, 3.31547943e+02, 7.59925842e+01,
    3.31641693e+02, 4.83682327e+01, 3.80384613e+02, 5.72881622e+01,
    3.74800781e+02, 6.64989395e+01, 3.73421600e+02, 6.91539536e+01,
    3.74462250e+02, 7.18186264e+01, 3.73255157e+02, 7.47434616e+01,
    3.75154663e+02, 7.46707535e+01, 3.80795868e+02, 7.29013062e+01,
    3.85078888e+02, 7.05848465e+01, 3.85692963e+02, 6.76753464e+01,
    3.85562866e+02, 6.35951157e+01, 3.85187958e+02, 5.66320801e+01,
    3.84755676e+02, 5.13867950e+01, 3.80160828e+02, 6.48652496e+01,
    3.79676849e+02, 6.83314285e+01, 3.79546753e+02, 7.10324554e+01,
    3.79546753e+02, 7.33279037e+01, 3.79567780e+02, 7.10324554e+01,
    3.79546753e+02, 6.83314285e+01, 3.79546753e+02, 6.48652496e+01,
    3.79676849e+02 ]
noOfLandmarkPoint: 68
