%YAML:1.0
landmark: [ 8.54343384e+02, 6.21481323e+02, 8.44106384e+02,
    6.91379333e+02, 8.50883301e+02, 7.67317200e+02, 8.63034546e+02,
    8.47916199e+02, 8.69442932e+02, 9.33353943e+02, 9.00034363e+02,
    9.96499023e+02, 9.44619812e+02, 1.05053650e+03, 9.76340759e+02,
    1.10047241e+03, 1.03710742e+03, 1.12733081e+03, 1.11984607e+03,
    1.13236060e+03, 1.20493909e+03, 1.10893835e+03, 1.29420544e+03,
    1.07604016e+03, 1.37632642e+03, 1.02652063e+03, 1.42967468e+03,
    9.66074646e+02, 1.47020618e+03, 8.87021423e+02, 1.49136938e+03,
    8.06494019e+02, 1.51110632e+03, 7.21424805e+02, 8.70524597e+02,
    5.16033691e+02, 9.15479431e+02, 5.27361389e+02, 9.58422363e+02,
    5.44906433e+02, 1.00348761e+03, 5.58355591e+02, 1.04845581e+03,
    5.82139893e+02, 1.13918738e+03, 5.81902039e+02, 1.18821240e+03,
    5.66387146e+02, 1.23387659e+03, 5.58029358e+02, 1.28300586e+03,
    5.63172974e+02, 1.33611206e+03, 5.68311035e+02, 1.08646777e+03,
    6.26447937e+02, 1.07841187e+03, 6.79360229e+02, 1.06900354e+03,
    7.37340088e+02, 1.05731262e+03, 7.93469727e+02, 1.01415704e+03,
    8.12999756e+02, 1.03621680e+03, 8.29868408e+02, 1.06076843e+03,
    8.44254761e+02, 1.09739966e+03, 8.33625427e+02, 1.13523218e+03,
    8.28738953e+02, 9.20125183e+02, 6.10184875e+02, 9.47781189e+02,
    6.00462219e+02, 9.81140564e+02, 6.10277161e+02, 1.00971820e+03,
    6.33566895e+02, 9.67497742e+02, 6.34451599e+02, 9.31495422e+02,
    6.31213501e+02, 1.19636096e+03, 6.47836426e+02, 1.21282593e+03,
    6.27148010e+02, 1.24728223e+03, 6.28948547e+02, 1.28016333e+03,
    6.42645813e+02, 1.25672424e+03, 6.53550476e+02, 1.22468628e+03,
    6.55657715e+02, 9.71669250e+02, 9.05093079e+02, 9.95161011e+02,
    8.98546997e+02, 1.03666675e+03, 9.03441711e+02, 1.06168335e+03,
    9.11039856e+02, 1.11026562e+03, 9.12338257e+02, 1.15978894e+03,
    9.24199219e+02, 1.20407227e+03, 9.30037170e+02, 1.15376929e+03,
    9.73822266e+02, 1.09802979e+03, 9.91164001e+02, 1.05014221e+03,
    9.88737610e+02, 1.02441431e+03, 9.80282349e+02, 9.85423767e+02,
    9.53921875e+02, 9.82250854e+02, 9.12286255e+02, 1.03317297e+03,
    9.34186523e+02, 1.05917493e+03, 9.38335938e+02, 1.10606702e+03,
    9.40581116e+02, 1.19010229e+03, 9.33425598e+02, 1.10606702e+03,
    9.40581116e+02, 1.05917493e+03, 9.38335938e+02, 1.03317297e+03,
    9.34186523e+02 ]
noOfLandmarkPoint: 68
