%YAML:1.0
landmark: [ 4.69901184e+02, 1.08215431e+02, 4.71205750e+02,
    1.32519028e+02, 4.73059967e+02, 1.56336990e+02, 4.75108276e+02,
    1.80229492e+02, 4.80811035e+02, 2.05171341e+02, 4.90108002e+02,
    2.25350632e+02, 5.00226959e+02, 2.41729660e+02, 5.18552856e+02,
    2.59407928e+02, 5.41719055e+02, 2.66493774e+02, 5.66735474e+02,
    2.62367737e+02, 5.91123718e+02, 2.43941040e+02, 6.11882996e+02,
    2.28286591e+02, 6.31340149e+02, 2.09457687e+02, 6.43682373e+02,
    1.85158707e+02, 6.46272644e+02, 1.55603546e+02, 6.50226685e+02,
    1.29062515e+02, 6.49828125e+02, 1.01817940e+02, 4.80966187e+02,
    8.02492523e+01, 4.95220184e+02, 7.13823547e+01, 5.11835968e+02,
    6.94878082e+01, 5.27702271e+02, 7.25516663e+01, 5.40121948e+02,
    8.07646408e+01, 5.53762085e+02, 8.01712418e+01, 5.72694824e+02,
    7.24736252e+01, 5.92892029e+02, 6.99025650e+01, 6.12585815e+02,
    7.47935715e+01, 6.30315857e+02, 8.30092621e+01, 5.46183044e+02,
    1.00685806e+02, 5.42497498e+02, 1.18465599e+02, 5.38974548e+02,
    1.38221863e+02, 5.34726074e+02, 1.58631882e+02, 5.22558899e+02,
    1.62703491e+02, 5.31020874e+02, 1.68042175e+02, 5.39556519e+02,
    1.72690277e+02, 5.52412415e+02, 1.67134277e+02, 5.63502563e+02,
    1.63890900e+02, 4.90992493e+02, 1.02452438e+02, 5.00179657e+02,
    9.48916550e+01, 5.13245056e+02, 9.58781509e+01, 5.24493225e+02,
    1.06523933e+02, 5.11772858e+02, 1.08855476e+02, 5.00012756e+02,
    1.07745514e+02, 5.76238586e+02, 1.07093826e+02, 5.88514343e+02,
    9.73281860e+01, 5.98902527e+02, 9.58751984e+01, 6.10887390e+02,
    1.03466103e+02, 6.03767944e+02, 1.09712677e+02, 5.89530884e+02,
    1.10620567e+02, 5.13732361e+02, 1.94628723e+02, 5.26742188e+02,
    1.88608749e+02, 5.36357605e+02, 1.85265594e+02, 5.44383362e+02,
    1.87712509e+02, 5.53906616e+02, 1.84505966e+02, 5.67735779e+02,
    1.89189407e+02, 5.81431702e+02, 1.97206924e+02, 5.67520325e+02,
    2.06471848e+02, 5.53923462e+02, 2.07063293e+02, 5.44598755e+02,
    2.07496170e+02, 5.35545959e+02, 2.07101196e+02, 5.25822266e+02,
    2.05130920e+02, 5.19433838e+02, 1.95391144e+02, 5.35944763e+02,
    1.94252258e+02, 5.44426697e+02, 1.94957596e+02, 5.53744629e+02,
    1.95016510e+02, 5.75584717e+02, 1.97315582e+02, 5.53744629e+02,
    1.95016510e+02, 5.44426697e+02, 1.94957596e+02, 5.35944763e+02,
    1.94252258e+02 ]
noOfLandmarkPoint: 68
