%YAML:1.0
landmark: [ 2.07697479e+02, 1.36846405e+02, 2.08018936e+02,
    1.48994019e+02, 2.10021805e+02, 1.62652176e+02, 2.14504074e+02,
    1.77130890e+02, 2.22985245e+02, 1.91522141e+02, 2.34547379e+02,
    2.05114243e+02, 2.48572144e+02, 2.15218781e+02, 2.63318420e+02,
    2.22336777e+02, 2.78464569e+02, 2.25765900e+02, 2.90704407e+02,
    2.24822144e+02, 2.99592133e+02, 2.14988922e+02, 3.06222656e+02,
    2.03166306e+02, 3.12340271e+02, 1.91681122e+02, 3.17035675e+02,
    1.79358170e+02, 3.20708191e+02, 1.67093658e+02, 3.21711578e+02,
    1.55072708e+02, 3.21224487e+02, 1.41337234e+02, 2.39463669e+02,
    1.24143227e+02, 2.46875275e+02, 1.19531609e+02, 2.54776840e+02,
    1.19157661e+02, 2.63205200e+02, 1.20204659e+02, 2.70682129e+02,
    1.22990410e+02, 2.92591705e+02, 1.25004745e+02, 2.99458984e+02,
    1.20418602e+02, 3.06773590e+02, 1.18342453e+02, 3.13917786e+02,
    1.18042763e+02, 3.17896393e+02, 1.21496712e+02, 2.83078674e+02,
    1.33984772e+02, 2.84308472e+02, 1.46631195e+02, 2.85179779e+02,
    1.58987869e+02, 2.86024780e+02, 1.70751785e+02, 2.71730804e+02,
    1.70941254e+02, 2.77860229e+02, 1.73841263e+02, 2.84021851e+02,
    1.78186859e+02, 2.89655365e+02, 1.74423691e+02, 2.93845093e+02,
    1.71414749e+02, 2.49762833e+02, 1.35995743e+02, 2.54905853e+02,
    1.32419937e+02, 2.62799011e+02, 1.32372742e+02, 2.67995422e+02,
    1.36792038e+02, 2.62658051e+02, 1.38782440e+02, 2.56214142e+02,
    1.38562820e+02, 2.93574371e+02, 1.37005432e+02, 2.98300934e+02,
    1.32173065e+02, 3.05553833e+02, 1.31981522e+02, 3.10984100e+02,
    1.35598938e+02, 3.07668030e+02, 1.39143829e+02, 3.00827515e+02,
    1.39473602e+02, 2.54317261e+02, 1.81567749e+02, 2.69347382e+02,
    1.80994446e+02, 2.78800842e+02, 1.81343399e+02, 2.81409790e+02,
    1.82813553e+02, 2.85786011e+02, 1.81759933e+02, 2.93741821e+02,
    1.81153351e+02, 2.98803589e+02, 1.82461700e+02, 2.94382721e+02,
    1.93792023e+02, 2.87011658e+02, 1.99343964e+02, 2.82100067e+02,
    1.99562164e+02, 2.78930420e+02, 1.99134079e+02, 2.68945343e+02,
    1.96858475e+02, 2.56000824e+02, 1.82196365e+02, 2.78575378e+02,
    1.86473969e+02, 2.81362640e+02, 1.86352936e+02, 2.85915131e+02,
    1.85919327e+02, 2.96422455e+02, 1.83509186e+02, 2.86609802e+02,
    1.92792206e+02, 2.81981537e+02, 1.92918320e+02, 2.79007324e+02,
    1.93170975e+02 ]
noOfLandmarkPoint: 68
