%YAML:1.0
landmark: [ 2.63429443e+02, 1.42469589e+02, 2.66227081e+02,
    1.55245529e+02, 2.69758850e+02, 1.69470932e+02, 2.77089264e+02,
    1.83555099e+02, 2.86961548e+02, 1.95791687e+02, 2.96833832e+02,
    2.07142456e+02, 3.10947937e+02, 2.16940933e+02, 3.27161041e+02,
    2.24582642e+02, 3.42472290e+02, 2.24346207e+02, 3.57488251e+02,
    2.20252014e+02, 3.66725067e+02, 2.10822632e+02, 3.74573273e+02,
    1.98437347e+02, 3.80203735e+02, 1.86791306e+02, 3.85480072e+02,
    1.73120087e+02, 3.90563843e+02, 1.59656418e+02, 3.94554260e+02,
    1.45646072e+02, 3.94480438e+02, 1.31516983e+02, 2.79759583e+02,
    1.23742004e+02, 2.93405060e+02, 1.23358551e+02, 3.03795135e+02,
    1.22560463e+02, 3.16343048e+02, 1.23994026e+02, 3.28595673e+02,
    1.27777969e+02, 3.53615540e+02, 1.26891090e+02, 3.63443939e+02,
    1.22649261e+02, 3.74218079e+02, 1.19072853e+02, 3.83233459e+02,
    1.17713120e+02, 3.92517029e+02, 1.18589645e+02, 3.43228333e+02,
    1.38523514e+02, 3.44253601e+02, 1.49388474e+02, 3.45321259e+02,
    1.60694794e+02, 3.46546570e+02, 1.71627121e+02, 3.30624420e+02,
    1.75905579e+02, 3.37586578e+02, 1.77699081e+02, 3.44092499e+02,
    1.79294418e+02, 3.50809509e+02, 1.77427139e+02, 3.56968719e+02,
    1.75004517e+02, 2.99022888e+02, 1.37565384e+02, 3.06141083e+02,
    1.34089767e+02, 3.15619080e+02, 1.34513290e+02, 3.20997833e+02,
    1.39172607e+02, 3.14391693e+02, 1.41330429e+02, 3.06263214e+02,
    1.41330429e+02, 3.56890228e+02, 1.36787430e+02, 3.62758301e+02,
    1.30995529e+02, 3.70821808e+02, 1.29630417e+02, 3.77530396e+02,
    1.32481110e+02, 3.72784546e+02, 1.36925995e+02, 3.64966309e+02,
    1.38226883e+02, 3.18337189e+02, 1.94772141e+02, 3.29026581e+02,
    1.91293488e+02, 3.39705811e+02, 1.88802490e+02, 3.44796417e+02,
    1.90403275e+02, 3.50272675e+02, 1.88225372e+02, 3.58760040e+02,
    1.89236313e+02, 3.66482971e+02, 1.91836029e+02, 3.60383453e+02,
    2.00706314e+02, 3.52175171e+02, 2.05451584e+02, 3.45807007e+02,
    2.06068527e+02, 3.40167572e+02, 2.06078857e+02, 3.30058624e+02,
    2.03725296e+02, 3.27235931e+02, 1.95910431e+02, 3.39798798e+02,
    1.93308640e+02, 3.45043518e+02, 1.93360336e+02, 3.50881073e+02,
    1.92673172e+02, 3.61329987e+02, 1.93043320e+02, 3.51297272e+02,
    1.96535553e+02, 3.45374481e+02, 1.97598892e+02, 3.39779999e+02,
    1.97487564e+02 ]
noOfLandmarkPoint: 68
