%YAML:1.0
landmark: [ 1.98154800e+02, 1.38484482e+02, 1.98623962e+02,
    1.78344040e+02, 2.01320450e+02, 2.19200394e+02, 2.13923813e+02,
    2.54486771e+02, 2.37370712e+02, 2.82505157e+02, 2.63454834e+02,
    3.03723907e+02, 2.98740356e+02, 3.26231628e+02, 3.31043976e+02,
    3.40769531e+02, 3.64276825e+02, 3.43646057e+02, 3.75881561e+02,
    3.37543488e+02, 3.89128540e+02, 3.09877411e+02, 4.03547638e+02,
    2.82445892e+02, 4.10523438e+02, 2.58589111e+02, 4.14275146e+02,
    2.37780243e+02, 4.19022797e+02, 2.15740021e+02, 4.26701508e+02,
    1.93817520e+02, 4.27580597e+02, 1.74005447e+02, 2.94814178e+02,
    1.31390976e+02, 3.13688751e+02, 1.15798943e+02, 3.35207916e+02,
    1.12577316e+02, 3.57963348e+02, 1.17035225e+02, 3.78132355e+02,
    1.25752014e+02, 4.02869537e+02, 1.31401978e+02, 4.17664032e+02,
    1.29817886e+02, 4.30245331e+02, 1.32423523e+02, 4.41164825e+02,
    1.40533432e+02, 4.41165192e+02, 1.54457245e+02, 3.91010651e+02,
    1.47384354e+02, 3.96513397e+02, 1.65329956e+02, 4.04308990e+02,
    1.85903381e+02, 4.12046173e+02, 2.05950027e+02, 3.70379669e+02,
    2.19806076e+02, 3.80630890e+02, 2.24473969e+02, 3.89423248e+02,
    2.30042252e+02, 3.99797607e+02, 2.29280060e+02, 4.08882172e+02,
    2.24883865e+02, 3.18612549e+02, 1.44521103e+02, 3.30042969e+02,
    1.38835114e+02, 3.42176331e+02, 1.39011261e+02, 3.49034393e+02,
    1.47041443e+02, 3.40769623e+02, 1.48624268e+02, 3.29808380e+02,
    1.48038223e+02, 3.97387329e+02, 1.55582458e+02, 4.10101593e+02,
    1.50172211e+02, 4.19013824e+02, 1.53245667e+02, 4.20316010e+02,
    1.62611191e+02, 4.14630859e+02, 1.62580948e+02, 4.06032288e+02,
    1.59839142e+02, 3.29088348e+02, 2.62631439e+02, 3.55773926e+02,
    2.57768463e+02, 3.75058380e+02, 2.57181580e+02, 3.81566711e+02,
    2.60464111e+02, 3.90652100e+02, 2.57299286e+02, 3.92938690e+02,
    2.64508850e+02, 3.92664337e+02, 2.73343384e+02, 3.89421570e+02,
    2.83265686e+02, 3.83487244e+02, 2.86409698e+02, 3.76608948e+02,
    2.85861511e+02, 3.66800842e+02, 2.84246307e+02, 3.50559265e+02,
    2.75962708e+02, 3.37160675e+02, 2.64523560e+02, 3.72302643e+02,
    2.64977997e+02, 3.79748444e+02, 2.65740204e+02, 3.86665802e+02,
    2.65740204e+02, 3.89716980e+02, 2.72675415e+02, 3.85200684e+02,
    2.72422150e+02, 3.78986237e+02, 2.72070679e+02, 3.70602936e+02,
    2.70780884e+02 ]
noOfLandmarkPoint: 68
