%YAML:1.0
landmark: [ 7.17390518e+01, 1.55181030e+02, 7.45834274e+01,
    1.80245148e+02, 7.61062927e+01, 2.04365997e+02, 7.92142105e+01,
    2.27509262e+02, 8.64889755e+01, 2.46228867e+02, 9.54020004e+01,
    2.66423645e+02, 1.09282059e+02, 2.79841736e+02, 1.25831009e+02,
    2.91944489e+02, 1.44274979e+02, 2.99542175e+02, 1.61515472e+02,
    2.98741821e+02, 1.79406250e+02, 2.87739594e+02, 1.97238174e+02,
    2.73709442e+02, 2.11509872e+02, 2.59775055e+02, 2.23167862e+02,
    2.40087784e+02, 2.31001114e+02, 2.20031250e+02, 2.36791153e+02,
    1.98939102e+02, 2.41915176e+02, 1.74653473e+02, 9.82474747e+01,
    1.48897751e+02, 1.11945084e+02, 1.45122467e+02, 1.25336670e+02,
    1.46899780e+02, 1.35200134e+02, 1.51098801e+02, 1.48409286e+02,
    1.57687195e+02, 1.72297028e+02, 1.51866806e+02, 1.85656250e+02,
    1.46411301e+02, 2.01007584e+02, 1.43624695e+02, 2.14828781e+02,
    1.42797836e+02, 2.26163528e+02, 1.51287109e+02, 1.59555725e+02,
    1.67550674e+02, 1.58392776e+02, 1.81332596e+02, 1.56827972e+02,
    1.95584442e+02, 1.55265472e+02, 2.10200134e+02, 1.39159988e+02,
    2.15300827e+02, 1.45851364e+02, 2.20315018e+02, 1.53910263e+02,
    2.24697464e+02, 1.63802383e+02, 2.22577271e+02, 1.71352478e+02,
    2.19099319e+02, 1.04744637e+02, 1.65252533e+02, 1.13690025e+02,
    1.65864578e+02, 1.24445084e+02, 1.64914139e+02, 1.35473801e+02,
    1.67427078e+02, 1.24230278e+02, 1.66997467e+02, 1.13384003e+02,
    1.67335861e+02, 1.81951553e+02, 1.71840912e+02, 1.89210861e+02,
    1.62680725e+02, 2.01555054e+02, 1.61747269e+02, 2.09705811e+02,
    1.69634003e+02, 2.01710861e+02, 1.76328873e+02, 1.89822922e+02,
    1.76281250e+02, 1.28429306e+02, 2.50669189e+02, 1.35570892e+02,
    2.46411301e+02, 1.43168594e+02, 2.42459442e+02, 1.46946701e+02,
    2.45373276e+02, 1.54557892e+02, 2.43388138e+02, 1.61454987e+02,
    2.48727280e+02, 1.70026398e+02, 2.55311340e+02, 1.61372681e+02,
    2.63647400e+02, 1.53313538e+02, 2.68571991e+02, 1.46608902e+02,
    2.68443542e+02, 1.39654221e+02, 2.67148285e+02, 1.33345871e+02,
    2.63546783e+02, 1.31892700e+02, 2.51528412e+02, 1.41328568e+02,
    2.53188248e+02, 1.47247330e+02, 2.54558136e+02, 1.54013794e+02,
    2.55141373e+02, 1.64697311e+02, 2.55915512e+02, 1.54013794e+02,
    2.55141373e+02, 1.47247330e+02, 2.54558136e+02, 1.41328568e+02,
    2.53188248e+02 ]
noOfLandmarkPoint: 68
