%YAML:1.0
landmark: [ 1.47958481e+02, 1.82518280e+02, 1.47763885e+02,
    1.99722046e+02, 1.50139725e+02, 2.15595871e+02, 1.59714493e+02,
    2.34869736e+02, 1.64454559e+02, 2.52699677e+02, 1.69836716e+02,
    2.67153625e+02, 1.78704361e+02, 2.81906433e+02, 1.87872208e+02,
    3.00674896e+02, 2.02105804e+02, 3.03754486e+02, 2.23764511e+02,
    3.02624207e+02, 2.44716095e+02, 2.96315918e+02, 2.64748871e+02,
    2.88096344e+02, 2.81163025e+02, 2.77291077e+02, 2.92371826e+02,
    2.59186768e+02, 2.91878510e+02, 2.33529800e+02, 2.91546570e+02,
    2.11822159e+02, 2.90756042e+02, 1.86375031e+02, 1.51240356e+02,
    1.62659210e+02, 1.58445099e+02, 1.59049423e+02, 1.68224045e+02,
    1.59144089e+02, 1.76070892e+02, 1.62958038e+02, 1.81970856e+02,
    1.67493927e+02, 2.09639023e+02, 1.66911102e+02, 2.21787979e+02,
    1.61324783e+02, 2.35096863e+02, 1.60697495e+02, 2.45941025e+02,
    1.62031921e+02, 2.55216980e+02, 1.65123901e+02, 1.93960129e+02,
    1.78965393e+02, 1.93034012e+02, 1.90735687e+02, 1.91590088e+02,
    2.03716095e+02, 1.90051514e+02, 2.15566223e+02, 1.85266998e+02,
    2.26709229e+02, 1.90320694e+02, 2.29392899e+02, 1.94980911e+02,
    2.32251083e+02, 2.02200470e+02, 2.29378082e+02, 2.08618240e+02,
    2.26913376e+02, 1.59480698e+02, 1.78148773e+02, 1.64699921e+02,
    1.73648193e+02, 1.71990768e+02, 1.75234482e+02, 1.78893692e+02,
    1.79577866e+02, 1.71360474e+02, 1.80722946e+02, 1.64439728e+02,
    1.80927109e+02, 2.20139908e+02, 1.79577866e+02, 2.28409912e+02,
    1.74743134e+02, 2.37795349e+02, 1.74648468e+02, 2.47275452e+02,
    1.78557083e+02, 2.38611969e+02, 1.81335419e+02, 2.28315231e+02,
    1.81131271e+02, 1.77340286e+02, 2.54785706e+02, 1.83739487e+02,
    2.47463043e+02, 1.91829910e+02, 2.44467270e+02, 1.94964096e+02,
    2.46329361e+02, 2.00421478e+02, 2.44487061e+02, 2.17139572e+02,
    2.49316223e+02, 2.24498840e+02, 2.54987137e+02, 2.18286911e+02,
    2.65936127e+02, 2.02624512e+02, 2.74268188e+02, 1.96534302e+02,
    2.74392212e+02, 1.92935196e+02, 2.73792908e+02, 1.84611847e+02,
    2.67973419e+02, 1.80745926e+02, 2.56717773e+02, 1.92578003e+02,
    2.54959702e+02, 1.95306381e+02, 2.55352936e+02, 2.00840820e+02,
    2.54438919e+02, 2.20258774e+02, 2.55870728e+02, 2.01194244e+02,
    2.58310699e+02, 1.95483109e+02, 2.58325806e+02, 1.92523132e+02,
    2.57439484e+02 ]
noOfLandmarkPoint: 68
