%YAML:1.0
landmark: [ 3.41549011e+02, 2.34807999e+02, 3.44955353e+02,
    2.60184509e+02, 3.50346008e+02, 2.87173615e+02, 3.60522614e+02,
    3.11294342e+02, 3.77057526e+02, 3.34616089e+02, 3.98178406e+02,
    3.52322388e+02, 4.23516724e+02, 3.63589264e+02, 4.48755463e+02,
    3.70532806e+02, 4.73043091e+02, 3.70128235e+02, 4.90514862e+02,
    3.61714783e+02, 5.05346130e+02, 3.42284058e+02, 5.12694275e+02,
    3.17911652e+02, 5.17742004e+02, 2.97237732e+02, 5.22505920e+02,
    2.75655060e+02, 5.25331604e+02, 2.51850357e+02, 5.25068970e+02,
    2.31197617e+02, 5.19070129e+02, 2.12241562e+02, 3.66762909e+02,
    2.02741364e+02, 3.80145905e+02, 1.87193527e+02, 3.98561829e+02,
    1.81073944e+02, 4.20087311e+02, 1.82266510e+02, 4.39511505e+02,
    1.86164062e+02, 4.71119690e+02, 1.85318909e+02, 4.84345947e+02,
    1.74655716e+02, 4.97284027e+02, 1.69606308e+02, 5.09879791e+02,
    1.70591049e+02, 5.17955750e+02, 1.76835800e+02, 4.57950348e+02,
    2.05252380e+02, 4.62301788e+02, 2.20871979e+02, 4.67853424e+02,
    2.36230560e+02, 4.73568420e+02, 2.52807861e+02, 4.50605804e+02,
    2.69458618e+02, 4.59087738e+02, 2.71825653e+02, 4.68064117e+02,
    2.74288544e+02, 4.74022156e+02, 2.71510620e+02, 4.80431427e+02,
    2.66831207e+02, 3.97320709e+02, 2.15881546e+02, 4.05438141e+02,
    2.09815308e+02, 4.17565063e+02, 2.08468536e+02, 4.26505096e+02,
    2.16348602e+02, 4.17074036e+02, 2.20048904e+02, 4.06025757e+02,
    2.20897675e+02, 4.78915497e+02, 2.10345963e+02, 4.85970734e+02,
    2.01411133e+02, 4.97633057e+02, 1.98683975e+02, 5.04308350e+02,
    2.04150024e+02, 4.99748169e+02, 2.10069229e+02, 4.89499634e+02,
    2.11357986e+02, 4.35209686e+02, 3.13017181e+02, 4.49054291e+02,
    3.04058411e+02, 4.61212860e+02, 2.98973480e+02, 4.68068176e+02,
    3.00353943e+02, 4.74257202e+02, 2.97381500e+02, 4.83541779e+02,
    3.00265839e+02, 4.92663818e+02, 3.05778046e+02, 4.85781708e+02,
    3.14015869e+02, 4.78676758e+02, 3.17264648e+02, 4.71089996e+02,
    3.18492615e+02, 4.64152679e+02, 3.19310242e+02, 4.50211151e+02,
    3.18010040e+02, 4.44184021e+02, 3.10765045e+02, 4.62380219e+02,
    3.08721161e+02, 4.68818878e+02, 3.08119293e+02, 4.75732452e+02,
    3.05930725e+02, 4.87450562e+02, 3.05310272e+02, 4.75319550e+02,
    3.01395569e+02, 4.68241119e+02, 3.04224792e+02, 4.61718567e+02,
    3.04015350e+02 ]
noOfLandmarkPoint: 68
