%YAML:1.0
landmark: [ 7.72171326e+01, 1.65349213e+02, 7.80541840e+01,
    1.84875412e+02, 7.98685150e+01, 2.04046448e+02, 8.23076019e+01,
    2.23516891e+02, 8.60651398e+01, 2.42539810e+02, 9.50862427e+01,
    2.55996429e+02, 1.10680870e+02, 2.67983795e+02, 1.33604935e+02,
    2.79284058e+02, 1.56650238e+02, 2.82748108e+02, 1.77142593e+02,
    2.81318726e+02, 1.96333557e+02, 2.74957947e+02, 2.15213516e+02,
    2.64661652e+02, 2.27752335e+02, 2.46565491e+02, 2.34444687e+02,
    2.27391586e+02, 2.37787323e+02, 2.08421539e+02, 2.41199356e+02,
    1.89664490e+02, 2.44974136e+02, 1.69359070e+02, 9.25444794e+01,
    1.38514206e+02, 1.00813408e+02, 1.25585869e+02, 1.18628876e+02,
    1.21446762e+02, 1.31894470e+02, 1.28769104e+02, 1.45930634e+02,
    1.34402878e+02, 1.79422134e+02, 1.41034592e+02, 1.92897202e+02,
    1.33210083e+02, 2.09818878e+02, 1.31795959e+02, 2.26037094e+02,
    1.36965210e+02, 2.34004074e+02, 1.50614746e+02, 1.66178375e+02,
    1.56083084e+02, 1.65656113e+02, 1.68202988e+02, 1.65339127e+02,
    1.80262680e+02, 1.65266052e+02, 1.92257111e+02, 1.48778778e+02,
    1.99276184e+02, 1.55446274e+02, 2.02488693e+02, 1.62602875e+02,
    2.05240402e+02, 1.70125061e+02, 2.03692276e+02, 1.77461639e+02,
    2.02126678e+02, 1.14144753e+02, 1.52759354e+02, 1.21947624e+02,
    1.45439835e+02, 1.33069046e+02, 1.46922348e+02, 1.39363083e+02,
    1.55191193e+02, 1.30625076e+02, 1.55687363e+02, 1.21492805e+02,
    1.55589523e+02, 1.87566742e+02, 1.59536057e+02, 1.93927643e+02,
    1.52302643e+02, 2.05160629e+02, 1.52737534e+02, 2.14660202e+02,
    1.59374283e+02, 2.07093597e+02, 1.62411835e+02, 1.97720856e+02,
    1.61763718e+02, 1.25130714e+02, 2.25534515e+02, 1.38904129e+02,
    2.20836792e+02, 1.52399399e+02, 2.20099503e+02, 1.59463181e+02,
    2.22581955e+02, 1.67137466e+02, 2.22207916e+02, 1.78351532e+02,
    2.25149002e+02, 1.90763184e+02, 2.32826859e+02, 1.78752960e+02,
    2.40829147e+02, 1.65858337e+02, 2.41479416e+02, 1.57818573e+02,
    2.40548859e+02, 1.49525177e+02, 2.39794800e+02, 1.36683167e+02,
    2.35879730e+02, 1.29342834e+02, 2.26624252e+02, 1.51402786e+02,
    2.29641342e+02, 1.58803711e+02, 2.31541748e+02, 1.66639709e+02,
    2.31510117e+02, 1.86738403e+02, 2.32891647e+02, 1.66639709e+02,
    2.31510117e+02, 1.58803711e+02, 2.31541748e+02, 1.51402786e+02,
    2.29641342e+02 ]
noOfLandmarkPoint: 68
