%YAML:1.0
landmark: [ 6.59786606e+01, 1.55892319e+02, 7.05332718e+01,
    1.64254608e+02, 7.47990112e+01, 1.73524704e+02, 8.16967545e+01,
    1.81515945e+02, 8.99885941e+01, 1.90184677e+02, 1.01149231e+02,
    1.94862808e+02, 1.14362846e+02, 1.99056641e+02, 1.30966797e+02,
    2.01730209e+02, 1.46244598e+02, 1.99831146e+02, 1.56602036e+02,
    1.94472809e+02, 1.60745697e+02, 1.86637329e+02, 1.64321091e+02,
    1.76870941e+02, 1.65945999e+02, 1.66077255e+02, 1.66033569e+02,
    1.55853226e+02, 1.64576385e+02, 1.47032623e+02, 1.63134262e+02,
    1.36964066e+02, 1.59045685e+02, 1.28027908e+02, 8.51182480e+01,
    1.32522781e+02, 9.01307907e+01, 1.24918213e+02, 9.83706970e+01,
    1.19720139e+02, 1.07174736e+02, 1.16999748e+02, 1.16844559e+02,
    1.17807281e+02, 1.30431259e+02, 1.13934135e+02, 1.36894394e+02,
    1.10691277e+02, 1.42649063e+02, 1.09648201e+02, 1.48474045e+02,
    1.09420403e+02, 1.54664169e+02, 1.12086739e+02, 1.27550331e+02,
    1.27691597e+02, 1.31088165e+02, 1.35758408e+02, 1.34123642e+02,
    1.42361481e+02, 1.37195175e+02, 1.49240891e+02, 1.29231949e+02,
    1.57947601e+02, 1.33763412e+02, 1.57579346e+02, 1.37478500e+02,
    1.57233688e+02, 1.40121033e+02, 1.55863647e+02, 1.42907593e+02,
    1.54508606e+02, 9.98988419e+01, 1.39620941e+02, 1.04275475e+02,
    1.35460770e+02, 1.09260361e+02, 1.33980438e+02, 1.15176949e+02,
    1.36457809e+02, 1.10951157e+02, 1.38512207e+02, 1.05750038e+02,
    1.39798615e+02, 1.39305740e+02, 1.28985641e+02, 1.43941483e+02,
    1.25232277e+02, 1.48374557e+02, 1.24336357e+02, 1.51652435e+02,
    1.26882835e+02, 1.49258850e+02, 1.28663055e+02, 1.44696121e+02,
    1.29547348e+02, 1.25691917e+02, 1.77809952e+02, 1.30695557e+02,
    1.71350037e+02, 1.35139740e+02, 1.68203995e+02, 1.39024765e+02,
    1.67742004e+02, 1.42748474e+02, 1.66327515e+02, 1.47740997e+02,
    1.67327362e+02, 1.52523727e+02, 1.70047989e+02, 1.50970215e+02,
    1.74966339e+02, 1.48155334e+02, 1.77393173e+02, 1.44329269e+02,
    1.79487991e+02, 1.39551056e+02, 1.80144135e+02, 1.34534698e+02,
    1.80179001e+02, 1.28768661e+02, 1.76889114e+02, 1.36566315e+02,
    1.71992813e+02, 1.40716125e+02, 1.70715576e+02, 1.44623703e+02,
    1.69945435e+02, 1.50749908e+02, 1.70825180e+02, 1.46335052e+02,
    1.73380890e+02, 1.42479828e+02, 1.75359695e+02, 1.37978088e+02,
    1.76206833e+02 ]
noOfLandmarkPoint: 68
