%YAML:1.0
landmark: [ 2.58078491e+02, 1.76651550e+02, 2.64013245e+02,
    1.98142151e+02, 2.70835815e+02, 2.20520584e+02, 2.76432831e+02,
    2.43130600e+02, 2.82483398e+02, 2.62942108e+02, 2.92789612e+02,
    2.81421875e+02, 3.04977600e+02, 2.98541046e+02, 3.21768646e+02,
    3.11732666e+02, 3.40576538e+02, 3.13527557e+02, 3.59181763e+02,
    3.09928131e+02, 3.79118683e+02, 2.98840271e+02, 3.96237854e+02,
    2.83284424e+02, 4.11253265e+02, 2.63241333e+02, 4.25429230e+02,
    2.39849655e+02, 4.28497559e+02, 2.13222015e+02, 4.29778809e+02,
    1.89100906e+02, 4.30746521e+02, 1.63843689e+02, 2.65729156e+02,
    1.55594284e+02, 2.74299164e+02, 1.48339844e+02, 2.85267303e+02,
    1.46271805e+02, 2.98000519e+02, 1.48614212e+02, 3.09516113e+02,
    1.49897217e+02, 3.43687500e+02, 1.49442581e+02, 3.57215088e+02,
    1.42958557e+02, 3.70913513e+02, 1.40011368e+02, 3.85126831e+02,
    1.40597610e+02, 3.99074493e+02, 1.45250626e+02, 3.27947418e+02,
    1.69673843e+02, 3.28286499e+02, 1.85474731e+02, 3.28331360e+02,
    2.00410904e+02, 3.27761780e+02, 2.16119278e+02, 3.13931824e+02,
    2.22882675e+02, 3.23529083e+02, 2.26904053e+02, 3.33980194e+02,
    2.30470078e+02, 3.43349487e+02, 2.25063171e+02, 3.51992523e+02,
    2.21620728e+02, 2.81629944e+02, 1.77926163e+02, 2.88687744e+02,
    1.72574219e+02, 2.99577606e+02, 1.70882339e+02, 3.07560394e+02,
    1.75079010e+02, 2.99385376e+02, 1.77818680e+02, 2.89778809e+02,
    1.78232056e+02, 3.55423340e+02, 1.68869110e+02, 3.65374054e+02,
    1.65962677e+02, 3.75486298e+02, 1.65597382e+02, 3.84491669e+02,
    1.68868118e+02, 3.75610229e+02, 1.70322601e+02, 3.65696655e+02,
    1.70447815e+02, 3.07533569e+02, 2.52213104e+02, 3.20336212e+02,
    2.52317322e+02, 3.30125641e+02, 2.52732422e+02, 3.36755157e+02,
    2.53842194e+02, 3.44407562e+02, 2.52385040e+02, 3.56373627e+02,
    2.51497223e+02, 3.70821442e+02, 2.51698181e+02, 3.57217010e+02,
    2.62850433e+02, 3.45102325e+02, 2.67178497e+02, 3.37778046e+02,
    2.68075958e+02, 3.30019501e+02, 2.66956543e+02, 3.20060669e+02,
    2.60703308e+02, 3.12359985e+02, 2.53639496e+02, 3.30000214e+02,
    2.58001312e+02, 3.36851624e+02, 2.58773254e+02, 3.44555481e+02,
    2.57137573e+02, 3.66872894e+02, 2.52857849e+02, 3.44555481e+02,
    2.57137573e+02, 3.36851624e+02, 2.58773254e+02, 3.30000214e+02,
    2.58001312e+02 ]
noOfLandmarkPoint: 68
