%YAML:1.0
landmark: [ 1.03283272e+02, 1.58708206e+02, 1.06267807e+02,
    1.72789413e+02, 1.09941154e+02, 1.87253342e+02, 1.13844177e+02,
    1.99039032e+02, 1.21726646e+02, 2.09791595e+02, 1.31047668e+02,
    2.19889847e+02, 1.41089096e+02, 2.28962784e+02, 1.54628510e+02,
    2.31229752e+02, 1.68535904e+02, 2.30106842e+02, 1.79660568e+02,
    2.20965485e+02, 1.89112122e+02, 2.10327759e+02, 1.98295609e+02,
    1.98963196e+02, 2.04379700e+02, 1.86794983e+02, 2.06025223e+02,
    1.73057892e+02, 2.06714035e+02, 1.60698227e+02, 2.07326233e+02,
    1.48223511e+02, 1.11002159e+02, 1.36939941e+02, 1.21164650e+02,
    1.33073975e+02, 1.31171570e+02, 1.33746902e+02, 1.40505554e+02,
    1.36591537e+02, 1.47831299e+02, 1.41524948e+02, 1.62871658e+02,
    1.40827087e+02, 1.72193848e+02, 1.36253860e+02, 1.81994995e+02,
    1.33973831e+02, 1.91293304e+02, 1.33952682e+02, 2.00968857e+02,
    1.35790619e+02, 1.55362167e+02, 1.49754196e+02, 1.55477005e+02,
    1.59741318e+02, 1.55821304e+02, 1.69613617e+02, 1.55821304e+02,
    1.79868622e+02, 1.45686035e+02, 1.82783981e+02, 1.50808548e+02,
    1.85723251e+02, 1.55936142e+02, 1.88401688e+02, 1.61790573e+02,
    1.86373657e+02, 1.66459045e+02, 1.83312500e+02, 1.21344322e+02,
    1.46233292e+02, 1.27505051e+02, 1.41335373e+02, 1.36382431e+02,
    1.42406708e+02, 1.41854538e+02, 1.49141403e+02, 1.35158051e+02,
    1.50365997e+02, 1.27561882e+02, 1.49540024e+02, 1.69788086e+02,
    1.50174530e+02, 1.74380112e+02, 1.43975586e+02, 1.82109741e+02,
    1.43248566e+02, 1.88423508e+02, 1.47036957e+02, 1.83602005e+02,
    1.50480835e+02, 1.76790665e+02, 1.51360901e+02, 1.32135101e+02,
    1.94256332e+02, 1.43016830e+02, 1.94897568e+02, 1.50994339e+02,
    1.94476624e+02, 1.55160172e+02, 1.96482147e+02, 1.60322083e+02,
    1.94497787e+02, 1.66682083e+02, 1.95509750e+02, 1.76573822e+02,
    1.96105164e+02, 1.66946106e+02, 2.05251526e+02, 1.60527985e+02,
    2.07919189e+02, 1.55285339e+02, 2.08300812e+02, 1.50731522e+02,
    2.07457657e+02, 1.42657791e+02, 2.03401581e+02, 1.45871399e+02,
    1.99077438e+02, 1.50999496e+02, 1.98924484e+02, 1.55218170e+02,
    1.98871735e+02, 1.60333984e+02, 1.98573639e+02, 1.66434570e+02,
    1.99681824e+02, 1.60374939e+02, 2.00837982e+02, 1.55136292e+02,
    2.01124298e+02, 1.50917603e+02, 2.00754730e+02, 0., 0. ]
noOfLandmarkPoint: 68
