%YAML:1.0
landmark: [ 1.06010880e+02, 1.58054306e+02, 1.08431725e+02,
    1.81845367e+02, 113., 2.05968750e+02, 1.19928703e+02, 2.27028320e+02,
    1.32134094e+02, 2.46798843e+02, 1.46670197e+02, 2.66364288e+02,
    1.58559875e+02, 2.85340515e+02, 1.73471695e+02, 3.03572845e+02,
    1.96815414e+02, 3.07927155e+02, 2.20790939e+02, 3.04267059e+02,
    2.39946594e+02, 2.87466125e+02, 2.57812805e+02, 2.68332031e+02,
    2.71491211e+02, 2.51959946e+02, 2.83265259e+02, 2.34183243e+02,
    2.90762024e+02, 2.12829086e+02, 2.95632294e+02, 1.88784775e+02,
    3.01089203e+02, 1.66832916e+02, 1.23416664e+02, 1.45552078e+02,
    1.36121704e+02, 1.41429794e+02, 1.50500000e+02, 1.45031250e+02,
    1.63520828e+02, 1.49197922e+02, 1.76541672e+02, 1.54927078e+02,
    2.30187500e+02, 1.54406250e+02, 2.42687500e+02, 1.50760422e+02,
    2.56750000e+02, 1.50239578e+02, 2.68729156e+02, 1.48156250e+02,
    2.82791656e+02, 1.47635422e+02, 2.03185104e+02, 1.69469833e+02,
    2.01510727e+02, 1.90013123e+02, 2.00589493e+02, 2.11334946e+02,
    1.99910797e+02, 2.33252213e+02, 1.79859161e+02, 2.32651642e+02,
    1.89908630e+02, 2.37492630e+02, 2.00657867e+02, 2.41811783e+02,
    2.11300766e+02, 2.38144821e+02, 2.21333328e+02, 2.33052078e+02,
    1.39199539e+02, 1.71593750e+02, 1.52083633e+02, 1.76281250e+02,
    1.65036102e+02, 1.77096680e+02, 1.81360931e+02, 1.74424149e+02,
    1.65036102e+02, 1.79564117e+02, 1.52083633e+02, 1.79653625e+02,
    2.26294296e+02, 1.74923843e+02, 2.42324539e+02, 1.79927078e+02,
    2.55187500e+02, 1.80968750e+02, 2.68729156e+02, 1.75760422e+02,
    2.55255859e+02, 1.83662415e+02, 2.42098297e+02, 1.83141586e+02,
    1.61074539e+02, 2.48450851e+02, 1.77561661e+02, 2.50271439e+02,
    1.94665588e+02, 2.51678940e+02, 2.02665314e+02, 2.53204056e+02,
    2.13297195e+02, 2.50702026e+02, 2.26584351e+02, 2.49308090e+02,
    2.40023376e+02, 2.48721542e+02, 2.27446594e+02, 2.62739594e+02,
    2.14020538e+02, 2.71251923e+02, 2.03193665e+02, 2.73266876e+02,
    1.94218933e+02, 2.72246338e+02, 1.77036407e+02, 2.61629547e+02,
    1.65330704e+02, 2.50397446e+02, 1.94395996e+02, 2.58125183e+02,
    2.02517700e+02, 2.58872253e+02, 2.13278168e+02, 2.58025116e+02,
    2.33401993e+02, 2.50849915e+02, 2.13278168e+02, 2.58025116e+02,
    2.02517700e+02, 2.58872253e+02, 1.94395996e+02, 2.58125183e+02 ]
noOfLandmarkPoint: 68
