%YAML:1.0
landmark: [ 1.64948288e+02, 1.09871124e+02, 1.65241714e+02,
    1.25799385e+02, 1.66341034e+02, 1.43963058e+02, 1.67603821e+02,
    1.58286880e+02, 1.76401642e+02, 1.73204926e+02, 1.88259567e+02,
    1.84680328e+02, 2.00614914e+02, 1.96645615e+02, 2.18451981e+02,
    2.08875122e+02, 2.37009628e+02, 2.11641815e+02, 2.50813629e+02,
    2.10044724e+02, 2.60287384e+02, 1.91736404e+02, 2.70856110e+02,
    1.79126480e+02, 2.80779572e+02, 1.62020889e+02, 2.81329590e+02,
    1.47923325e+02, 2.81388550e+02, 1.35785614e+02, 2.80070190e+02,
    1.23511658e+02, 2.80957825e+02, 1.11278572e+02, 1.87836182e+02,
    1.03854691e+02, 1.93540375e+02, 9.74263458e+01, 2.03144073e+02,
    9.58627777e+01, 2.13351913e+02, 9.68075333e+01, 2.23906754e+02,
    9.95118179e+01, 2.47018433e+02, 9.90611649e+01, 2.54243423e+02,
    9.38097076e+01, 2.63383759e+02, 9.31788864e+01, 2.72157837e+02,
    9.39729004e+01, 2.77471222e+02, 9.94586487e+01, 2.37314392e+02,
    1.11921921e+02, 2.39312057e+02, 1.20978722e+02, 2.40923843e+02,
    1.29598358e+02, 2.42836411e+02, 1.38819550e+02, 2.25884628e+02,
    1.49197189e+02, 2.33018784e+02, 1.50232330e+02, 2.40151459e+02,
    1.51286392e+02, 2.45205872e+02, 1.50781265e+02, 2.49632568e+02,
    1.48608795e+02, 1.98975784e+02, 1.13406616e+02, 2.05506119e+02,
    1.09408241e+02, 2.13149597e+02, 1.09426376e+02, 2.19066910e+02,
    1.14622894e+02, 2.12398636e+02, 1.16587227e+02, 2.05333145e+02,
    1.16426208e+02, 2.49518005e+02, 1.13450439e+02, 2.54446091e+02,
    1.08047829e+02, 2.61732452e+02, 1.07350052e+02, 2.67594299e+02,
    1.11203506e+02, 2.62931335e+02, 1.15018486e+02, 2.56514069e+02,
    1.14735886e+02, 2.08479843e+02, 1.61385300e+02, 2.21754196e+02,
    1.61082977e+02, 2.32147064e+02, 1.62204987e+02, 2.37043655e+02,
    1.63216873e+02, 2.42950226e+02, 1.61897324e+02, 2.51748947e+02,
    1.61407837e+02, 2.58261719e+02, 1.60627747e+02, 2.52103348e+02,
    1.71199020e+02, 2.43050507e+02, 1.77879715e+02, 2.37120575e+02,
    1.78619492e+02, 2.31724976e+02, 1.78798477e+02, 2.20397568e+02,
    1.73893417e+02, 2.11251251e+02, 1.62241974e+02, 2.31959549e+02,
    1.66019012e+02, 2.37217133e+02, 1.66108597e+02, 2.42870819e+02,
    1.65342102e+02, 2.55659241e+02, 1.62067230e+02, 2.42726913e+02,
    1.73042831e+02, 2.36943451e+02, 1.73883896e+02, 2.31812881e+02,
    1.73713974e+02 ]
noOfLandmarkPoint: 68
