%YAML:1.0
landmark: [ 1.10259361e+02, 2.42199524e+02, 1.12889221e+02,
    2.62703796e+02, 1.14835609e+02, 2.83050842e+02, 1.19185905e+02,
    3.03651520e+02, 1.26324272e+02, 3.23804657e+02, 1.36046555e+02,
    3.40539703e+02, 1.50203079e+02, 3.54399536e+02, 1.69418991e+02,
    3.64180908e+02, 1.93976776e+02, 3.63551025e+02, 2.14130493e+02,
    3.58035156e+02, 2.31113358e+02, 3.48434418e+02, 2.48956665e+02,
    3.32772919e+02, 2.60683289e+02, 3.13903839e+02, 2.68057678e+02,
    2.94171936e+02, 2.71007111e+02, 2.74888153e+02, 2.69292358e+02,
    2.53251923e+02, 2.68284180e+02, 2.32261200e+02, 1.13862747e+02,
    2.26793152e+02, 1.22868462e+02, 2.16145447e+02, 1.36687805e+02,
    2.16624191e+02, 1.50948532e+02, 2.19402802e+02, 1.62171631e+02,
    2.24467499e+02, 1.90806595e+02, 2.20522766e+02, 2.02701492e+02,
    2.14338715e+02, 2.15344940e+02, 2.09922714e+02, 2.29830002e+02,
    2.08138474e+02, 2.41083817e+02, 2.13731628e+02, 1.75737656e+02,
    2.33446426e+02, 1.75566879e+02, 2.46595184e+02, 1.75314178e+02,
    2.59756805e+02, 1.75105515e+02, 2.72821320e+02, 1.66543640e+02,
    2.87136749e+02, 1.74430527e+02, 2.88374634e+02, 1.82185257e+02,
    2.88926575e+02, 1.90229156e+02, 2.86223602e+02, 1.97281738e+02,
    2.84005859e+02, 1.31117386e+02, 2.40707321e+02, 1.39189148e+02,
    2.34543121e+02, 1.47952499e+02, 2.32794876e+02, 1.57378036e+02,
    2.38939102e+02, 1.49946350e+02, 2.42242523e+02, 1.39449539e+02,
    2.43461182e+02, 2.01618790e+02, 2.36036880e+02, 2.10343140e+02,
    2.29166702e+02, 2.19762482e+02, 2.29724777e+02, 2.28074387e+02,
    2.34326782e+02, 2.21012360e+02, 2.37949615e+02, 2.11293198e+02,
    2.37948349e+02, 1.54017868e+02, 3.13584167e+02, 1.62104050e+02,
    3.07598877e+02, 1.72847153e+02, 3.04840668e+02, 1.82342682e+02,
    3.04313629e+02, 1.93059525e+02, 3.01441010e+02, 2.04682022e+02,
    3.01148041e+02, 2.18281647e+02, 3.03251404e+02, 2.07980728e+02,
    3.13939880e+02, 1.97659943e+02, 3.16883942e+02, 1.85188400e+02,
    3.19263031e+02, 1.75556229e+02, 3.20408813e+02, 1.63784439e+02,
    3.18687500e+02, 1.58143219e+02, 3.13643097e+02, 1.73518799e+02,
    3.10148956e+02, 1.83299576e+02, 3.09748505e+02, 1.94748718e+02,
    3.07544922e+02, 2.14884094e+02, 3.04253235e+02, 1.94748718e+02,
    3.07544922e+02, 1.83299576e+02, 3.09748505e+02, 1.73518799e+02,
    3.10148956e+02 ]
noOfLandmarkPoint: 68
