%YAML:1.0
landmark: [ 7.92988739e+01, 2.36084900e+02, 8.47151031e+01,
    2.75615265e+02, 9.62662354e+01, 3.20517273e+02, 1.17052040e+02,
    3.54137787e+02, 1.55196304e+02, 3.71881775e+02, 1.90844711e+02,
    3.81886383e+02, 2.28334930e+02, 3.84902557e+02, 2.60807922e+02,
    3.85551788e+02, 2.91754700e+02, 3.83691742e+02, 3.21549988e+02,
    3.76017334e+02, 3.31440918e+02, 3.44254730e+02, 3.41200439e+02,
    3.14612000e+02, 3.44820831e+02, 2.79403717e+02, 3.44793945e+02,
    2.52129578e+02, 3.37570801e+02, 2.20645325e+02, 3.25975281e+02,
    1.95911636e+02, 3.13249756e+02, 1.72058380e+02, 1.29270599e+02,
    1.59942337e+02, 1.44505341e+02, 1.45105362e+02, 1.64277206e+02,
    1.34112442e+02, 1.87328232e+02, 1.31044998e+02, 2.08832703e+02,
    1.34433350e+02, 2.61589996e+02, 1.27496201e+02, 2.74771240e+02,
    1.17356781e+02, 2.85417603e+02, 1.15835869e+02, 2.95050049e+02,
    1.17356781e+02, 3.01640686e+02, 1.21412544e+02, 2.44537994e+02,
    1.60318466e+02, 2.54357574e+02, 1.77898010e+02, 2.67859711e+02,
    1.96148972e+02, 2.79520050e+02, 2.13546417e+02, 2.45912231e+02,
    2.37667191e+02, 2.60419647e+02, 2.39787842e+02, 2.74367340e+02,
    2.44079437e+02, 2.84692719e+02, 2.37332962e+02, 2.90322205e+02,
    2.30704575e+02, 1.61395828e+02, 1.88307068e+02, 1.76842285e+02,
    1.75549240e+02, 1.93938446e+02, 1.73918915e+02, 2.10065033e+02,
    1.82672455e+02, 1.96909424e+02, 1.86490891e+02, 1.78818924e+02,
    1.89372269e+02, 2.63964386e+02, 1.72642227e+02, 2.75248505e+02,
    1.62425476e+02, 2.89234436e+02, 1.60884491e+02, 3.00152100e+02,
    1.68984238e+02, 2.92733612e+02, 1.73521347e+02, 2.80136200e+02,
    1.74028320e+02, 2.04700058e+02, 2.96047852e+02, 2.29650818e+02,
    2.69448029e+02, 2.55127502e+02, 2.57627258e+02, 2.72261993e+02,
    2.54238907e+02, 2.87445496e+02, 2.51704056e+02, 3.03668579e+02,
    2.56773773e+02, 3.15649780e+02, 2.78438690e+02, 3.15021240e+02,
    3.02948853e+02, 3.07350250e+02, 3.21157135e+02, 2.92564514e+02,
    3.27662292e+02, 2.73692657e+02, 3.30521851e+02, 2.39140884e+02,
    3.22607727e+02, 2.09769760e+02, 2.95008270e+02, 2.58348724e+02,
    2.69852509e+02, 2.75226349e+02, 2.67411224e+02, 2.89826599e+02,
    2.64834045e+02, 3.09303192e+02, 2.82038727e+02, 3.00189026e+02,
    3.04063446e+02, 2.84688141e+02, 3.07071564e+02, 2.68295380e+02,
    3.10512665e+02 ]
noOfLandmarkPoint: 68
