%YAML:1.0
landmark: [ 3.38147736e+02, 1.49051193e+02, 3.38511963e+02,
    1.82130798e+02, 3.42334534e+02, 2.09460251e+02, 3.49621887e+02,
    2.36539154e+02, 3.60173645e+02, 2.47607269e+02, 3.77036865e+02,
    2.60508423e+02, 3.97689545e+02, 2.72677765e+02, 4.17815918e+02,
    2.80941772e+02, 4.36538361e+02, 2.81058746e+02, 4.53775391e+02,
    2.79030853e+02, 4.65857574e+02, 2.67352783e+02, 4.76284180e+02,
    2.53512131e+02, 4.85696808e+02, 2.36427567e+02, 4.92134979e+02,
    2.19257919e+02, 4.98590881e+02, 2.00719803e+02, 5.01412903e+02,
    1.82401505e+02, 5.04943939e+02, 1.63584000e+02, 3.69798676e+02,
    1.32828629e+02, 3.83469971e+02, 1.24264084e+02, 4.00900696e+02,
    1.20656021e+02, 4.19657562e+02, 1.24837708e+02, 4.33915527e+02,
    1.28006195e+02, 4.63758759e+02, 1.32753830e+02, 4.75741730e+02,
    1.26872246e+02, 4.85385345e+02, 1.24534714e+02, 4.94370300e+02,
    1.26457619e+02, 5.02223419e+02, 1.31132553e+02, 4.49544952e+02,
    1.48106506e+02, 4.51307892e+02, 1.61700790e+02, 4.52811066e+02,
    1.74882034e+02, 4.55126099e+02, 1.88807785e+02, 4.32919220e+02,
    1.99349365e+02, 4.41590332e+02, 2.00500000e+02, 4.50325836e+02,
    2.03272400e+02, 4.56140045e+02, 2.02985229e+02, 4.60989960e+02,
    2.01024704e+02, 3.86025635e+02, 1.48232376e+02, 3.98775482e+02,
    1.40874710e+02, 4.09121124e+02, 1.41541351e+02, 4.16904053e+02,
    1.49747635e+02, 4.07934692e+02, 1.54108948e+02, 3.96464569e+02,
    1.53786102e+02, 4.64366486e+02, 1.53984909e+02, 4.76553589e+02,
    1.46693726e+02, 4.86253387e+02, 1.46761093e+02, 4.93148926e+02,
    1.53638870e+02, 4.87589966e+02, 1.57559921e+02, 4.75624756e+02,
    1.58066895e+02, 4.14426636e+02, 2.30821777e+02, 4.30240845e+02,
    2.21966339e+02, 4.43644318e+02, 2.18085114e+02, 4.50425476e+02,
    2.21233429e+02, 4.56837708e+02, 2.18871338e+02, 4.64094543e+02,
    2.24874374e+02, 4.66595551e+02, 2.33196014e+02, 4.62146271e+02,
    2.39975266e+02, 4.52741882e+02, 2.43614975e+02, 4.44840149e+02,
    2.43733444e+02, 4.37096039e+02, 2.43447357e+02, 4.24734131e+02,
    2.40418716e+02, 4.19315308e+02, 2.30441422e+02, 4.42069977e+02,
    2.29446457e+02, 4.48601868e+02, 2.30375748e+02, 4.54350098e+02,
    2.30496323e+02, 4.63396912e+02, 2.33124588e+02, 4.54350098e+02,
    2.30496323e+02, 4.48601868e+02, 2.30375748e+02, 4.42069977e+02,
    2.29446457e+02 ]
noOfLandmarkPoint: 68
