%YAML:1.0
landmark: [ 1.57604691e+02, 2.97849579e+02, 1.59121460e+02,
    3.11162476e+02, 1.64107208e+02, 3.22875671e+02, 1.71585846e+02,
    3.37037048e+02, 1.79297318e+02, 3.52579651e+02, 1.88420319e+02,
    3.69053680e+02, 1.97648560e+02, 3.83267670e+02, 2.10495743e+02,
    3.94170593e+02, 2.28389221e+02, 3.92728790e+02, 2.45531509e+02,
    3.82321869e+02, 2.61262299e+02, 3.67822388e+02, 2.73471466e+02,
    3.54224030e+02, 2.87144806e+02, 3.39521973e+02, 2.94983856e+02,
    3.24692322e+02, 2.98145020e+02, 3.05980621e+02, 2.94931244e+02,
    2.86855835e+02, 2.90148071e+02, 2.70614685e+02, 1.50456238e+02,
    2.70254242e+02, 1.59121460e+02, 2.69660919e+02, 1.66736160e+02,
    2.74437012e+02, 1.75531647e+02, 2.78232086e+02, 1.85099213e+02,
    2.82246094e+02, 2.09746506e+02, 2.81438538e+02, 2.22541977e+02,
    2.77099762e+02, 2.33702942e+02, 2.73487000e+02, 2.47424194e+02,
    2.69670990e+02, 2.61885864e+02, 2.69225494e+02, 2.00417297e+02,
    2.97242340e+02, 1.99488358e+02, 3.08438446e+02, 1.98266617e+02,
    3.18999084e+02, 1.97148788e+02, 3.30109650e+02, 1.89755219e+02,
    3.35861725e+02, 1.95260941e+02, 3.38343292e+02, 2.01763474e+02,
    3.40528351e+02, 2.07431915e+02, 3.38831360e+02, 2.12950394e+02,
    3.37006744e+02, 1.62770660e+02, 2.89581573e+02, 1.68778641e+02,
    2.85975067e+02, 1.78184402e+02, 2.87407410e+02, 1.86844681e+02,
    2.94114319e+02, 1.77512833e+02, 2.95509186e+02, 1.69852600e+02,
    2.95223846e+02, 2.25070190e+02, 2.93718811e+02, 2.35454758e+02,
    2.86187561e+02, 2.43654297e+02, 2.85646912e+02, 2.52702316e+02,
    2.89709167e+02, 2.44089706e+02, 2.96211700e+02, 2.34118210e+02,
    2.96624786e+02, 1.88735840e+02, 3.55782745e+02, 1.92943283e+02,
    3.53162872e+02, 1.99985077e+02, 3.52143188e+02, 2.04552139e+02,
    3.55139496e+02, 2.10831879e+02, 3.52608154e+02, 2.21704514e+02,
    3.55046509e+02, 2.36747818e+02, 3.59091736e+02, 2.26917130e+02,
    3.69083954e+02, 2.18154587e+02, 3.72605560e+02, 2.10639450e+02,
    3.73715393e+02, 2.02356766e+02, 3.72785797e+02, 1.93511322e+02,
    3.67514557e+02, 1.91866943e+02, 3.56664276e+02, 2.01721069e+02,
    3.59400238e+02, 2.06712799e+02, 3.60422821e+02, 2.13201248e+02,
    3.60738831e+02, 2.33255829e+02, 3.60138641e+02, 2.13201248e+02,
    3.60738831e+02, 2.06712799e+02, 3.60422821e+02, 2.01721069e+02,
    3.59400238e+02 ]
noOfLandmarkPoint: 68
