%YAML:1.0
landmark: [ 1.83092407e+02, 8.27327652e+01, 1.80835709e+02,
    1.04225601e+02, 1.80618179e+02, 1.26395020e+02, 1.84825485e+02,
    1.46014832e+02, 1.95422714e+02, 1.63474991e+02, 2.11819824e+02,
    1.76176682e+02, 2.30194107e+02, 1.86275162e+02, 2.51411102e+02,
    1.95964432e+02, 2.70612671e+02, 1.96526245e+02, 2.80719971e+02,
    1.91294495e+02, 2.88589783e+02, 1.75655716e+02, 2.94650696e+02,
    1.62881973e+02, 2.98884155e+02, 1.50227661e+02, 3.03356415e+02,
    1.38564911e+02, 3.07782684e+02, 1.24827019e+02, 3.08600006e+02,
    1.12273537e+02, 3.09105072e+02, 1.00849609e+02, 2.18935272e+02,
    6.79276657e+01, 2.32553757e+02, 6.07831841e+01, 2.47540619e+02,
    5.84506340e+01, 2.61563354e+02, 6.32165642e+01, 2.75319824e+02,
    6.92128983e+01, 2.91666229e+02, 7.40708313e+01, 2.97653748e+02,
    6.87724075e+01, 3.04945068e+02, 6.83133240e+01, 3.11045197e+02,
    6.90040588e+01, 3.14541016e+02, 7.27950287e+01, 2.82917603e+02,
    8.78224716e+01, 2.85544281e+02, 9.88670654e+01, 2.88843567e+02,
    1.08874619e+02, 2.92573547e+02, 1.18043488e+02, 2.71968262e+02,
    1.26130836e+02, 2.77395874e+02, 1.29427536e+02, 2.81868134e+02,
    1.32751663e+02, 2.87644226e+02, 1.31236435e+02, 2.92483551e+02,
    1.27746895e+02, 2.34188400e+02, 8.75796356e+01, 2.42361618e+02,
    8.38512726e+01, 2.51140732e+02, 8.36584396e+01, 2.56910004e+02,
    8.98587112e+01, 2.50180435e+02, 9.27024307e+01, 2.42003372e+02,
    9.28506470e+01, 2.86854309e+02, 9.38333817e+01, 2.94889526e+02,
    9.01050186e+01, 3.01648346e+02, 9.06835098e+01, 3.04724792e+02,
    9.53946075e+01, 3.00831024e+02, 9.91689682e+01, 2.93998779e+02,
    9.88841400e+01, 2.50732422e+02, 1.52721191e+02, 2.64440582e+02,
    1.47174011e+02, 2.73475555e+02, 1.44782013e+02, 2.79303741e+02,
    1.46738022e+02, 2.84385895e+02, 1.46284485e+02, 2.88834778e+02,
    1.51053131e+02, 2.86932526e+02, 1.55829849e+02, 2.86501160e+02,
    1.60729523e+02, 2.82414673e+02, 1.63228012e+02, 2.77533936e+02,
    1.63250412e+02, 2.70755432e+02, 1.62746704e+02, 2.61983368e+02,
    1.60243607e+02, 2.54841690e+02, 1.53074127e+02, 2.72514130e+02,
    1.52865479e+02, 2.78353882e+02, 1.53496185e+02, 2.82550598e+02,
    1.53829132e+02, 2.85332428e+02, 1.54249283e+02, 2.82550598e+02,
    1.53829132e+02, 2.78353882e+02, 1.53496185e+02, 2.72514130e+02,
    1.52865479e+02 ]
noOfLandmarkPoint: 68
