%YAML:1.0
landmark: [ 1.62293518e+02, 1.35541977e+02, 1.63449142e+02,
    1.53888931e+02, 1.66842697e+02, 1.71090530e+02, 1.69046722e+02,
    1.87957657e+02, 1.77027710e+02, 2.05347824e+02, 1.88142456e+02,
    2.16675980e+02, 2.00917389e+02, 2.31188538e+02, 2.14375854e+02,
    2.39539810e+02, 2.31983154e+02, 2.42593018e+02, 2.48191803e+02,
    2.37854050e+02, 2.63259827e+02, 2.25146362e+02, 2.74065765e+02,
    2.13479919e+02, 2.84453491e+02, 2.01285492e+02, 2.89569763e+02,
    1.85287216e+02, 2.92729095e+02, 1.69201157e+02, 2.95045990e+02,
    1.51438919e+02, 2.95993591e+02, 1.33421951e+02, 1.76760513e+02,
    1.25008980e+02, 1.88059158e+02, 1.20809174e+02, 1.99614334e+02,
    1.20485344e+02, 2.10833679e+02, 1.21761841e+02, 2.19936996e+02,
    1.26304176e+02, 2.39748581e+02, 1.27161537e+02, 2.52812851e+02,
    1.21897209e+02, 2.65408722e+02, 1.19975815e+02, 2.77509766e+02,
    1.18173203e+02, 2.86033478e+02, 1.24638901e+02, 2.31811951e+02,
    1.43226639e+02, 2.31823120e+02, 1.56634537e+02, 2.31468597e+02,
    1.70171112e+02, 2.31529800e+02, 1.83824066e+02, 2.18639511e+02,
    1.86658157e+02, 2.25079407e+02, 1.89618164e+02, 2.31815567e+02,
    1.92323547e+02, 2.37768448e+02, 1.90149780e+02, 2.43858398e+02,
    1.86687332e+02, 1.89039902e+02, 1.41024185e+02, 1.97853714e+02,
    1.35846817e+02, 2.06719284e+02, 1.37194016e+02, 2.14073166e+02,
    1.44105240e+02, 2.05824203e+02, 1.46025528e+02, 1.96229263e+02,
    1.46006821e+02, 2.51119858e+02, 1.43997879e+02, 2.58998749e+02,
    1.37842789e+02, 2.67808380e+02, 1.37504776e+02, 2.74720459e+02,
    1.42387634e+02, 2.69500580e+02, 1.46549911e+02, 2.59731628e+02,
    1.46885056e+02, 2.11195038e+02, 2.09368088e+02, 2.20794296e+02,
    2.05840149e+02, 2.27905701e+02, 2.04565155e+02, 2.33248489e+02,
    2.05179230e+02, 2.38608658e+02, 2.03979691e+02, 2.46371857e+02,
    2.05424881e+02, 2.54342255e+02, 2.06711075e+02, 2.46781525e+02,
    2.12258286e+02, 2.39201431e+02, 2.14938187e+02, 2.33331161e+02,
    2.16298615e+02, 2.27629959e+02, 2.16070862e+02, 2.20399628e+02,
    2.14300049e+02, 2.14357147e+02, 2.09466415e+02, 2.27789886e+02,
    2.09780746e+02, 2.33422897e+02, 2.09906662e+02, 2.38964584e+02,
    2.09132782e+02, 2.51058807e+02, 2.07682266e+02, 2.38964584e+02,
    2.09132782e+02, 2.33422897e+02, 2.09906662e+02, 2.27789886e+02,
    2.09780746e+02 ]
noOfLandmarkPoint: 68
