%YAML:1.0
landmark: [ 9.80885773e+01, 1.14417656e+02, 1.00573441e+02,
    1.27852654e+02, 1.01029335e+02, 1.41389267e+02, 1.01891670e+02,
    1.54874252e+02, 1.06606010e+02, 1.68613007e+02, 1.16998642e+02,
    1.77280960e+02, 1.29318085e+02, 1.85037659e+02, 1.41083893e+02,
    1.90361801e+02, 1.56166580e+02, 1.89664413e+02, 1.68724213e+02,
    1.87805847e+02, 1.75249756e+02, 1.78446503e+02, 1.81941452e+02,
    1.69067810e+02, 1.87264374e+02, 1.57255875e+02, 1.88379379e+02,
    1.45189651e+02, 1.91855209e+02, 1.33197113e+02, 1.92881302e+02,
    1.23096657e+02, 1.92072418e+02, 1.12269371e+02, 1.14834923e+02,
    1.02220703e+02, 1.23082169e+02, 9.75475769e+01, 1.31786865e+02,
    9.60805969e+01, 1.40871765e+02, 9.73822250e+01, 1.49204742e+02,
    9.94892883e+01, 1.65161835e+02, 9.92239075e+01, 1.73428116e+02,
    9.71160507e+01, 1.81123856e+02, 9.61442947e+01, 1.88383316e+02,
    9.74964523e+01, 1.92885376e+02, 1.03076248e+02, 1.59503769e+02,
    1.10843262e+02, 1.61206711e+02, 1.19233063e+02, 1.62778168e+02,
    1.27192451e+02, 1.64704437e+02, 1.35912567e+02, 1.51321060e+02,
    1.41387634e+02, 1.56541824e+02, 1.42959076e+02, 1.61915283e+02,
    1.45291794e+02, 1.66478012e+02, 1.43568207e+02, 1.69537628e+02,
    1.41134888e+02, 1.23830444e+02, 1.09853958e+02, 1.29643723e+02,
    1.06947029e+02, 1.36221542e+02, 1.06430550e+02, 1.41144974e+02,
    1.10944969e+02, 1.36051620e+02, 1.12121834e+02, 1.30120453e+02,
    1.12046219e+02, 1.68319244e+02, 1.11017014e+02, 1.73616180e+02,
    1.06977211e+02, 1.79744034e+02, 1.06695702e+02, 1.83368637e+02,
    1.09420319e+02, 1.80020645e+02, 1.11775009e+02, 1.74645950e+02,
    1.11975113e+02, 1.35876480e+02, 1.56857666e+02, 1.46021133e+02,
    1.54284439e+02, 1.54970734e+02, 1.53861832e+02, 1.59954910e+02,
    1.55513229e+02, 1.65332748e+02, 1.54066498e+02, 1.70684540e+02,
    1.55615768e+02, 1.74701935e+02, 1.57532944e+02, 1.70296600e+02,
    1.62220963e+02, 1.64622955e+02, 1.64561539e+02, 1.59747787e+02,
    1.65437210e+02, 1.53580246e+02, 1.65025162e+02, 1.44923523e+02,
    1.62625336e+02, 1.38771622e+02, 1.57995377e+02, 1.54262360e+02,
    1.59233231e+02, 1.59939560e+02, 1.60247162e+02, 1.65008728e+02,
    1.58725708e+02, 1.72331589e+02, 1.58754288e+02, 1.65008728e+02,
    1.58725708e+02, 1.59939560e+02, 1.60247162e+02, 1.54262360e+02,
    1.59233231e+02 ]
noOfLandmarkPoint: 68
