%YAML:1.0
landmark: [ 2.06784302e+02, 1.18564018e+02, 2.08734131e+02,
    1.32052567e+02, 2.11280487e+02, 1.46458160e+02, 2.14717133e+02,
    1.62947083e+02, 2.17931259e+02, 1.75144836e+02, 2.26487366e+02,
    1.85579773e+02, 2.37830338e+02, 1.94563400e+02, 2.50232849e+02,
    2.01018417e+02, 2.63588165e+02, 2.02585495e+02, 2.76596191e+02,
    2.01525940e+02, 2.88508942e+02, 1.94955170e+02, 2.98080078e+02,
    1.84689499e+02, 3.05122620e+02, 1.72759003e+02, 3.07829254e+02,
    1.59857971e+02, 3.09164795e+02, 1.47232956e+02, 3.12628174e+02,
    1.34785934e+02, 3.13643219e+02, 1.22668434e+02, 2.20731506e+02,
    1.04851990e+02, 2.26564606e+02, 9.93628998e+01, 2.34609558e+02,
    9.65504837e+01, 2.43498489e+02, 9.77046585e+01, 2.51189484e+02,
    1.01747086e+02, 2.69259644e+02, 9.96529770e+01, 2.77637726e+02,
    9.50677948e+01, 2.86363098e+02, 9.46315231e+01, 2.95569244e+02,
    9.80949173e+01, 3.01030273e+02, 1.04193283e+02, 2.59793762e+02,
    1.11591034e+02, 2.59892365e+02, 1.22263283e+02, 2.59529480e+02,
    1.32892807e+02, 2.59069611e+02, 1.43800903e+02, 2.52092621e+02,
    1.45800629e+02, 2.55702606e+02, 1.47735748e+02, 2.58993958e+02,
    1.49414291e+02, 2.62936523e+02, 1.48010742e+02, 2.66605774e+02,
    1.45830338e+02, 2.29217697e+02, 1.16659843e+02, 2.35088226e+02,
    1.10933701e+02, 2.42576035e+02, 1.11022697e+02, 2.47900253e+02,
    1.16783188e+02, 2.42095276e+02, 1.19009033e+02, 2.35018890e+02,
    1.19486961e+02, 2.74788635e+02, 1.15358627e+02, 2.80184082e+02,
    1.10310425e+02, 2.88428680e+02, 1.10541931e+02, 2.93138641e+02,
    1.14949112e+02, 2.88428680e+02, 1.17860481e+02, 2.81929169e+02,
    1.17860481e+02, 2.42620544e+02, 1.65836594e+02, 2.51605362e+02,
    1.61024277e+02, 2.56957794e+02, 1.59121857e+02, 2.61102356e+02,
    1.60047897e+02, 2.66426453e+02, 1.58965424e+02, 2.71704712e+02,
    1.61009415e+02, 2.79676575e+02, 1.65369202e+02, 2.72589539e+02,
    1.71913223e+02, 2.67238556e+02, 1.73837250e+02, 2.61589020e+02,
    1.73937271e+02, 2.57069672e+02, 1.74184631e+02, 2.51710663e+02,
    1.72712189e+02, 2.46800583e+02, 1.65773483e+02, 2.57256775e+02,
    1.62242615e+02, 2.61494629e+02, 1.62788986e+02, 2.66788055e+02,
    1.62265594e+02, 2.75545410e+02, 1.65164444e+02, 2.66642029e+02,
    1.68423080e+02, 2.61494629e+02, 1.68696899e+02, 2.57238190e+02,
    1.68757568e+02 ]
noOfLandmarkPoint: 68
