%YAML:1.0
landmark: [ 8.15658340e+01, 1.17144470e+02, 8.51496506e+01,
    1.29832153e+02, 9.09584122e+01, 1.40601013e+02, 9.64032898e+01,
    1.51137222e+02, 1.03183907e+02, 1.63284424e+02, 1.12606682e+02,
    1.75487686e+02, 1.22402046e+02, 1.84547577e+02, 1.34709854e+02,
    1.94103775e+02, 1.47980591e+02, 1.90716675e+02, 1.62841553e+02,
    1.86471039e+02, 1.72833405e+02, 1.77071457e+02, 1.81682144e+02,
    1.63954895e+02, 1.89017914e+02, 1.49669205e+02, 1.90376511e+02,
    1.31883606e+02, 1.89647125e+02, 1.16097832e+02, 1.85903946e+02,
    1.03204468e+02, 1.81185852e+02, 8.97214966e+01, 8.55644836e+01,
    1.20501144e+02, 8.84698792e+01, 1.12502792e+02, 9.67942963e+01,
    1.09619293e+02, 1.04184319e+02, 1.09702637e+02, 1.13345039e+02,
    1.12131699e+02, 1.33609955e+02, 1.00407318e+02, 1.40507233e+02,
    9.43142624e+01, 1.47889954e+02, 9.06192551e+01, 1.57261307e+02,
    9.14161682e+01, 1.65368103e+02, 9.41907425e+01, 1.23477242e+02,
    1.16293900e+02, 1.26282875e+02, 1.27215454e+02, 1.28914581e+02,
    1.36858429e+02, 1.31530548e+02, 1.46206177e+02, 1.23937309e+02,
    1.49656998e+02, 1.28986313e+02, 1.51170441e+02, 1.33751389e+02,
    1.52110794e+02, 1.39130508e+02, 1.47970245e+02, 1.44939438e+02,
    1.43377930e+02, 9.70921555e+01, 1.21401657e+02, 1.01376884e+02,
    1.16468376e+02, 1.08364563e+02, 1.15611389e+02, 1.13286057e+02,
    1.18506165e+02, 1.08178558e+02, 1.22538979e+02, 1.01556374e+02,
    1.23725494e+02, 1.39606918e+02, 1.09117256e+02, 1.43036972e+02,
    1.03681755e+02, 1.49523361e+02, 1.01735703e+02, 1.55912094e+02,
    1.03818741e+02, 1.51631058e+02, 1.07044098e+02, 1.45672119e+02,
    1.09208153e+02, 1.24821747e+02, 1.67313889e+02, 1.28225296e+02,
    1.63077744e+02, 1.32643967e+02, 1.60792572e+02, 1.38152969e+02,
    1.61079987e+02, 1.44451019e+02, 1.58068604e+02, 1.51331650e+02,
    1.57077316e+02, 1.58031647e+02, 1.57278229e+02, 1.53498428e+02,
    1.62560806e+02, 1.48461060e+02, 1.65955841e+02, 1.42213486e+02,
    1.69346298e+02, 1.36290436e+02, 1.70691376e+02, 1.31148834e+02,
    1.70027908e+02, 1.27976768e+02, 1.66262238e+02, 1.33904846e+02,
    1.64111328e+02, 1.39580231e+02, 1.63634521e+02, 1.45911240e+02,
    1.61277893e+02, 1.55413773e+02, 1.58316910e+02, 1.45911240e+02,
    1.61277893e+02, 1.39580231e+02, 1.63634521e+02, 1.33904846e+02,
    1.64111328e+02 ]
noOfLandmarkPoint: 68
