%YAML:1.0
landmark: [ 1.82044724e+02, 1.21256935e+02, 1.86079453e+02,
    1.39987976e+02, 1.90440994e+02, 1.56588913e+02, 1.96371063e+02,
    1.73765717e+02, 2.05946564e+02, 1.86458679e+02, 2.22598099e+02,
    1.93076660e+02, 2.39930099e+02, 1.97969162e+02, 2.58636505e+02,
    2.03833267e+02, 2.76860260e+02, 2.03258484e+02, 2.92345428e+02,
    1.96902145e+02, 3.00042938e+02, 1.83366730e+02, 3.03345093e+02,
    1.66698196e+02, 3.01311127e+02, 1.52234848e+02, 2.98893372e+02,
    1.38703186e+02, 297., 1.25550957e+02, 2.95332001e+02, 1.11632347e+02,
    2.92029846e+02, 9.90549011e+01, 2.01023636e+02, 1.02526176e+02,
    2.03266403e+02, 8.89681854e+01, 2.10930099e+02, 7.89039459e+01,
    2.23338516e+02, 7.52749786e+01, 2.36152695e+02, 7.34492111e+01,
    2.60654266e+02, 7.17568665e+01, 2.67141602e+02, 6.92200775e+01,
    2.72520325e+02, 6.83834381e+01, 2.79775818e+02, 6.97764435e+01,
    2.85005310e+02, 7.36841507e+01, 2.57757477e+02, 9.63275375e+01,
    2.62085205e+02, 1.05242210e+02, 2.65263367e+02, 1.13897682e+02,
    2.70165894e+02, 1.23702713e+02, 2.53476135e+02, 1.35945450e+02,
    2.61104645e+02, 1.36505554e+02, 2.67900543e+02, 1.37587524e+02,
    2.71304108e+02, 1.35570160e+02, 2.73738464e+02, 1.32978012e+02,
    2.18627594e+02, 1.08341530e+02, 2.22673553e+02, 1.02537415e+02,
    2.30731674e+02, 9.96184464e+01, 2.37403580e+02, 1.06155144e+02,
    2.33583023e+02, 1.10043312e+02, 2.25434723e+02, 1.11068893e+02,
    2.67280731e+02, 1.00700409e+02, 2.70019318e+02, 9.31043243e+01,
    2.77840820e+02, 9.20787430e+01, 2.81379608e+02, 9.72066650e+01,
    2.78518982e+02, 1.00154922e+02, 2.73086853e+02, 1.01590515e+02,
    2.50406326e+02, 1.67870895e+02, 2.56658783e+02, 1.53894073e+02,
    2.64340332e+02, 1.49786392e+02, 2.70433105e+02, 1.49310165e+02,
    2.74650940e+02, 1.47983719e+02, 2.81769714e+02, 1.51892502e+02,
    2.85789154e+02, 1.60731766e+02, 2.84125885e+02, 1.63876877e+02,
    2.79482422e+02, 1.66717270e+02, 2.74781250e+02, 1.67312561e+02,
    2.68439056e+02, 1.68413162e+02, 2.60917114e+02, 1.69558868e+02,
    2.54450165e+02, 1.64089462e+02, 2.65368042e+02, 1.54717636e+02,
    2.70664032e+02, 1.53769562e+02, 2.75206970e+02, 1.53480209e+02,
    2.81097992e+02, 1.60389725e+02, 2.76981567e+02, 1.61020020e+02,
    2.72192383e+02, 1.61623306e+02, 2.66897003e+02, 1.62684784e+02 ]
noOfLandmarkPoint: 68
