%YAML:1.0
landmark: [ 1.01712791e+02, 2.28730682e+02, 9.88956985e+01,
    2.61213776e+02, 9.61435089e+01, 2.90895996e+02, 9.31970749e+01,
    3.23490662e+02, 9.68144684e+01, 3.53809326e+02, 1.09351509e+02,
    3.83987122e+02, 1.31821976e+02, 4.15074371e+02, 1.58862564e+02,
    4.39616943e+02, 1.93256866e+02, 4.55193573e+02, 2.25656860e+02,
    4.55977325e+02, 2.55867966e+02, 4.42108246e+02, 2.83827667e+02,
    4.27935059e+02, 3.08241150e+02, 4.08495392e+02, 3.25113983e+02,
    3.82440765e+02, 3.37273499e+02, 3.52591278e+02, 3.46806213e+02,
    3.26577942e+02, 3.55882721e+02, 3.00465332e+02, 1.52741898e+02,
    2.22451614e+02, 1.73368286e+02, 2.16064560e+02, 1.96883209e+02,
    2.16139587e+02, 2.17474258e+02, 2.19535095e+02, 2.33267670e+02,
    2.31026184e+02, 2.77932098e+02, 2.36266769e+02, 2.98483429e+02,
    2.32859207e+02, 3.17922302e+02, 2.38314468e+02, 3.34230530e+02,
    2.49127655e+02, 3.45006805e+02, 2.62428833e+02, 2.49452621e+02,
    2.56288940e+02, 2.44968033e+02, 2.84868469e+02, 2.40002075e+02,
    3.09005310e+02, 2.33145081e+02, 3.33342651e+02, 1.99517502e+02,
    3.29989227e+02, 2.12328323e+02, 3.38760529e+02, 2.27406952e+02,
    3.51837341e+02, 2.41127441e+02, 3.45523743e+02, 2.54192184e+02,
    3.41526794e+02, 1.70041550e+02, 2.51568665e+02, 1.82301804e+02,
    2.46866455e+02, 1.96518173e+02, 2.51444748e+02, 2.05142639e+02,
    2.62447052e+02, 1.93350525e+02, 2.61919098e+02, 1.80021957e+02,
    2.59192688e+02, 2.72670013e+02, 2.80460632e+02, 2.85658966e+02,
    2.75931885e+02, 2.99744354e+02, 2.79571655e+02, 3.07475952e+02,
    2.89015350e+02, 2.97525116e+02, 2.91013947e+02, 2.84467621e+02,
    2.87296844e+02, 1.45903488e+02, 3.53202087e+02, 1.82121490e+02,
    3.55646240e+02, 2.08268829e+02, 3.65649719e+02, 2.20382843e+02,
    3.69510101e+02, 2.32337021e+02, 3.69665527e+02, 2.56859650e+02,
    3.70763489e+02, 2.76887573e+02, 3.83793030e+02, 2.47415787e+02,
    4.08711487e+02, 2.20867996e+02, 4.07289886e+02, 2.08419098e+02,
    4.04925659e+02, 1.94893082e+02, 4.00658691e+02, 1.67311111e+02,
    3.87656677e+02, 1.55102310e+02, 3.54874603e+02, 2.05420853e+02,
    3.72989288e+02, 2.17798737e+02, 3.76246826e+02, 2.30069504e+02,
    3.77720642e+02, 2.67997040e+02, 3.84320984e+02, 2.25533569e+02,
    3.92963318e+02, 2.12211868e+02, 3.91331055e+02, 2.00595215e+02,
    3.86765717e+02 ]
noOfLandmarkPoint: 68
