%YAML:1.0
landmark: [ 2.57230530e+02, 1.90902222e+02, 2.56447235e+02,
    2.13893478e+02, 2.62455658e+02, 2.34321548e+02, 2.66964447e+02,
    2.54562805e+02, 2.72333588e+02, 2.74286499e+02, 2.81661469e+02,
    2.91266754e+02, 2.93790344e+02, 3.06587158e+02, 3.10886993e+02,
    3.17777832e+02, 3.36273621e+02, 3.20217041e+02, 3.58194183e+02,
    3.17983215e+02, 3.76534515e+02, 3.10203369e+02, 3.91871399e+02,
    2.96298676e+02, 4.03012146e+02, 2.77379028e+02, 4.10272644e+02,
    2.56715027e+02, 4.13801636e+02, 2.34859177e+02, 4.15881439e+02,
    2.15516190e+02, 4.15439209e+02, 1.95438828e+02, 2.76010620e+02,
    1.78271393e+02, 2.87068878e+02, 1.71531876e+02, 3.00515625e+02,
    1.71345993e+02, 3.13914917e+02, 1.74906204e+02, 3.23278229e+02,
    1.82534988e+02, 3.48551788e+02, 1.80715118e+02, 3.61364838e+02,
    1.74935623e+02, 3.73592529e+02, 1.72801727e+02, 3.85241028e+02,
    1.72421753e+02, 3.94462555e+02, 1.77969971e+02, 3.36093140e+02,
    1.92908340e+02, 3.35408630e+02, 2.08187271e+02, 3.34718109e+02,
    2.22507584e+02, 3.34044586e+02, 2.37367096e+02, 3.24654388e+02,
    2.49729004e+02, 3.30123596e+02, 2.51289017e+02, 3.35993256e+02,
    2.52689957e+02, 3.42981964e+02, 2.50841766e+02, 3.49528931e+02,
    2.49170547e+02, 2.88702606e+02, 1.96534698e+02, 2.98846954e+02,
    1.92145218e+02, 3.11051147e+02, 1.92010300e+02, 3.15489227e+02,
    1.99400711e+02, 3.07114380e+02, 2.02848160e+02, 2.96982147e+02,
    2.02101669e+02, 3.55286530e+02, 1.99878571e+02, 3.61609619e+02,
    1.91213303e+02, 3.73925262e+02, 1.92017426e+02, 3.84619965e+02,
    1.97356476e+02, 3.76683838e+02, 2.03003693e+02, 3.66070282e+02,
    2.03614731e+02, 3.06263702e+02, 2.75106873e+02, 3.18609192e+02,
    2.73731171e+02, 3.31007965e+02, 2.69916351e+02, 3.37036560e+02,
    2.72700806e+02, 3.42895569e+02, 2.70620758e+02, 3.52674286e+02,
    2.73014648e+02, 3.66507385e+02, 2.74404938e+02, 3.53800629e+02,
    2.87206116e+02, 3.44630463e+02, 2.90594543e+02, 3.37576355e+02,
    2.91130646e+02, 3.30276581e+02, 2.91185333e+02, 3.19041229e+02,
    2.88318054e+02, 3.10669312e+02, 2.76488556e+02, 3.31111145e+02,
    2.78801147e+02, 3.37383545e+02, 2.80328827e+02, 3.43450562e+02,
    2.79154236e+02, 3.62666199e+02, 2.75080627e+02, 3.43450562e+02,
    2.79154236e+02, 3.37383545e+02, 2.80328827e+02, 3.31111145e+02,
    2.78801147e+02 ]
noOfLandmarkPoint: 68
