%YAML:1.0
landmark: [ 6.81339264e+01, 1.87330353e+02, 7.10038300e+01,
    2.06845657e+02, 7.55956650e+01, 2.24639038e+02, 8.01875000e+01,
    2.41858414e+02, 8.87971954e+01, 2.60225769e+02, 9.97028046e+01,
    2.75723206e+02, 1.12330360e+02, 2.90072693e+02, 1.33251999e+02,
    2.97215881e+02, 1.53519211e+02, 2.94150909e+02, 1.71329010e+02,
    2.82425629e+02, 1.87036514e+02, 2.67923676e+02, 2.00585526e+02,
    2.51676422e+02, 2.06522354e+02, 2.31004135e+02, 2.07881531e+02,
    2.08560242e+02, 2.10640518e+02, 1.87729904e+02, 2.12546417e+02,
    1.66942017e+02, 7.40974121e+01, 1.61524399e+02, 8.67600250e+01,
    1.57557343e+02, 9.97460785e+01, 1.58692657e+02, 1.10577347e+02,
    1.63213425e+02, 1.20806419e+02, 1.69312073e+02, 1.41226715e+02,
    1.69308151e+02, 1.56081604e+02, 1.63164017e+02, 1.70887146e+02,
    1.60169373e+02, 1.85426758e+02, 1.59648575e+02, 1.98063049e+02,
    1.63737976e+02, 1.31750885e+02, 1.77485397e+02, 1.30946838e+02,
    1.92901901e+02, 1.31114227e+02, 2.08454681e+02, 1.30364212e+02,
    2.23541397e+02, 1.16535271e+02, 2.27553482e+02, 1.23140488e+02,
    2.31133224e+02, 1.31558640e+02, 2.34349030e+02, 1.40952988e+02,
    2.31508636e+02, 1.48010040e+02, 2.28071579e+02, 8.76448822e+01,
    1.76941345e+02, 9.62374344e+01, 1.70978195e+02, 1.06149368e+02,
    1.70688248e+02, 1.15458633e+02, 1.80106888e+02, 1.06214615e+02,
    1.81869064e+02, 9.47930984e+01, 1.81548752e+02, 1.53484650e+02,
    1.82182693e+02, 1.61158859e+02, 1.73178894e+02, 1.72678680e+02,
    1.72051056e+02, 1.82015076e+02, 1.78828262e+02, 1.72500763e+02,
    1.83550766e+02, 1.62326935e+02, 1.83946823e+02, 1.03590851e+02,
    2.44323776e+02, 1.14616348e+02, 2.44472076e+02, 1.24448593e+02,
    2.43132950e+02, 1.32702988e+02, 2.45408920e+02, 1.42382751e+02,
    2.42796829e+02, 1.52686417e+02, 2.44212616e+02, 1.64776703e+02,
    2.45319443e+02, 1.53648163e+02, 2.58456940e+02, 1.43286057e+02,
    2.63633728e+02, 1.32591339e+02, 2.64577728e+02, 1.23985451e+02,
    2.62977570e+02, 1.13925041e+02, 2.58737000e+02, 1.18430374e+02,
    2.49834320e+02, 1.24383995e+02, 2.49081284e+02, 1.32650009e+02,
    2.49347672e+02, 1.42573624e+02, 2.49134186e+02, 1.50332642e+02,
    2.49800003e+02, 1.42888306e+02, 2.53304337e+02, 1.32790222e+02,
    2.54297165e+02, 1.24306694e+02, 2.52988800e+02, 0., 0. ]
noOfLandmarkPoint: 68
