%YAML:1.0
landmark: [ 1.10293091e+02, 1.83976791e+02, 1.11380798e+02,
    2.10700516e+02, 1.11843330e+02, 2.37799225e+02, 1.12189247e+02,
    2.64521332e+02, 1.16236191e+02, 2.90171417e+02, 1.27522873e+02,
    3.12118500e+02, 1.42108154e+02, 3.32199829e+02, 1.58162827e+02,
    3.50329437e+02, 1.79667252e+02, 3.57629364e+02, 2.01013840e+02,
    3.59130524e+02, 2.24281418e+02, 3.45206085e+02, 2.43069351e+02,
    3.27905853e+02, 2.61085358e+02, 3.08051422e+02, 2.72793915e+02,
    2.86486908e+02, 2.76409668e+02, 2.60145020e+02, 2.83101624e+02,
    2.36587891e+02, 2.88807678e+02, 2.12941803e+02, 1.31748459e+02,
    1.84918610e+02, 1.48939850e+02, 1.80872437e+02, 1.65063690e+02,
    1.83795319e+02, 1.82593948e+02, 1.89206863e+02, 1.94785660e+02,
    1.98750824e+02, 2.24381561e+02, 2.01993652e+02, 2.40766815e+02,
    1.99082916e+02, 2.53744644e+02, 1.97893967e+02, 2.66751709e+02,
    1.98863556e+02, 2.77562714e+02, 2.03960709e+02, 2.09743042e+02,
    2.19530945e+02, 2.06778641e+02, 2.37506241e+02, 2.04490417e+02,
    2.53371689e+02, 2.01937622e+02, 2.68241119e+02, 1.79666672e+02,
    2.67947906e+02, 1.89591736e+02, 2.74850739e+02, 1.98680634e+02,
    2.80711884e+02, 2.08679214e+02, 2.76985443e+02, 2.18420929e+02,
    2.73625702e+02, 1.49193619e+02, 2.08140350e+02, 1.60890472e+02,
    2.03926529e+02, 1.73556870e+02, 2.06724075e+02, 1.80789337e+02,
    2.15024933e+02, 1.70101410e+02, 2.15152985e+02, 1.58716400e+02,
    2.13025040e+02, 2.26387543e+02, 2.23236862e+02, 2.36609482e+02,
    2.16347198e+02, 2.49179871e+02, 2.17841553e+02, 2.59354156e+02,
    2.23677078e+02, 2.49693069e+02, 2.27168793e+02, 2.37977875e+02,
    2.26361862e+02, 1.50273804e+02, 2.79632538e+02, 1.67101318e+02,
    2.82382202e+02, 1.83725555e+02, 2.84491150e+02, 1.93957443e+02,
    2.88928589e+02, 2.06107162e+02, 2.87780640e+02, 2.19088486e+02,
    2.88372559e+02, 2.33315994e+02, 2.93055267e+02, 2.17961700e+02,
    3.15721191e+02, 2.03143875e+02, 3.21521606e+02, 1.89639648e+02,
    3.21587524e+02, 1.77904404e+02, 3.19226135e+02, 1.61810074e+02,
    3.07813141e+02, 1.53279083e+02, 2.81268616e+02, 1.83002823e+02,
    2.91265961e+02, 1.93747116e+02, 2.94032776e+02, 2.05646820e+02,
    2.94019806e+02, 2.28350967e+02, 2.94010468e+02, 2.04328018e+02,
    3.07862396e+02, 1.91112274e+02, 3.08081299e+02, 1.80204163e+02,
    3.05828796e+02 ]
noOfLandmarkPoint: 68
