%YAML:1.0
landmark: [ 9.01555099e+01, 1.56286316e+02, 9.52416153e+01,
    1.87951523e+02, 1.05244484e+02, 2.18041290e+02, 1.12174591e+02,
    2.47848404e+02, 1.23222763e+02, 2.73147858e+02, 1.42337662e+02,
    2.93957031e+02, 1.75045654e+02, 3.04757660e+02, 2.02384964e+02,
    2.99661346e+02, 2.28962143e+02, 2.93020386e+02, 2.52299637e+02,
    2.90914398e+02, 2.76839447e+02, 2.88199829e+02, 2.99554535e+02,
    2.75909027e+02, 3.14797852e+02, 2.54791901e+02, 3.20152069e+02,
    2.19505432e+02, 3.22011047e+02, 1.87660233e+02, 3.21163910e+02,
    1.57744720e+02, 3.21361176e+02, 1.29355667e+02, 1.06001335e+02,
    1.15497025e+02, 1.16462013e+02, 9.47690353e+01, 1.35142120e+02,
    8.67465515e+01, 1.55189545e+02, 8.49968033e+01, 1.74895172e+02,
    8.72265854e+01, 2.14722458e+02, 8.14211349e+01, 2.32540375e+02,
    7.34055328e+01, 2.51941696e+02, 6.89890594e+01, 2.71996277e+02,
    7.03352890e+01, 2.89175720e+02, 8.06173019e+01, 1.98878983e+02,
    1.06726471e+02, 2.01944305e+02, 1.23377960e+02, 2.06200272e+02,
    1.40292801e+02, 2.10231888e+02, 1.57015289e+02, 1.86536285e+02,
    1.79746048e+02, 2.00042999e+02, 1.81173599e+02, 2.11839767e+02,
    1.84546509e+02, 2.23267761e+02, 1.77989136e+02, 2.32311478e+02,
    1.73243759e+02, 1.31997360e+02, 1.25099327e+02, 1.41401962e+02,
    1.14198418e+02, 1.56594086e+02, 1.11694603e+02, 1.67313416e+02,
    1.20567795e+02, 1.57933685e+02, 1.22756783e+02, 1.44535629e+02,
    1.25607796e+02, 2.32731354e+02, 1.09862442e+02, 2.43452881e+02,
    9.94698029e+01, 2.57339935e+02, 9.74459229e+01, 2.69898346e+02,
    1.03230659e+02, 2.58571869e+02, 1.08293846e+02, 2.45868622e+02,
    1.09825958e+02, 1.61946564e+02, 2.23748688e+02, 1.78622086e+02,
    2.07622269e+02, 1.95586578e+02, 2.01712006e+02, 2.12532120e+02,
    2.03976089e+02, 2.29817932e+02, 1.97790497e+02, 2.52995407e+02,
    1.98994293e+02, 2.68902069e+02, 2.06728165e+02, 2.55987488e+02,
    2.21665878e+02, 2.38405670e+02, 2.32233170e+02, 2.20621918e+02,
    2.37626175e+02, 2.02228897e+02, 2.39114243e+02, 1.82057617e+02,
    2.39514435e+02, 1.69115677e+02, 2.24595825e+02, 1.97780212e+02,
    2.13110352e+02, 2.13979980e+02, 2.11476898e+02, 2.31479492e+02,
    2.09072311e+02, 2.62272064e+02, 2.09498123e+02, 2.34277634e+02,
    2.19698593e+02, 2.16797806e+02, 2.24158615e+02, 1.99675934e+02,
    2.26297638e+02 ]
noOfLandmarkPoint: 68
