%YAML:1.0
landmark: [ 6.71854935e+01, 1.49380615e+02, 7.14314117e+01,
    1.66039551e+02, 7.67388153e+01, 1.83284637e+02, 8.14521255e+01,
    2.02185287e+02, 8.82170715e+01, 2.20087814e+02, 1.00487450e+02,
    2.33823700e+02, 1.12623161e+02, 2.44842545e+02, 1.27635658e+02,
    2.55814133e+02, 1.45782074e+02, 2.57000427e+02, 1.63578201e+02,
    2.53181305e+02, 1.81616089e+02, 2.40744659e+02, 1.93243912e+02,
    2.26140091e+02, 2.04371323e+02, 2.07864487e+02, 2.06221161e+02,
    1.90952011e+02, 2.05135361e+02, 1.70807922e+02, 2.04704330e+02,
    1.51586746e+02, 2.03795425e+02, 1.34051163e+02, 7.85261841e+01,
    1.34146088e+02, 8.59441376e+01, 1.28119781e+02, 9.58680267e+01,
    1.25657509e+02, 1.06207649e+02, 1.25859818e+02, 1.18137833e+02,
    1.29301575e+02, 1.42199646e+02, 1.23543289e+02, 1.53608765e+02,
    1.20590042e+02, 1.63776169e+02, 1.18306572e+02, 1.74337357e+02,
    1.18278412e+02, 1.83366669e+02, 1.19686859e+02, 1.31190781e+02,
    1.40527588e+02, 1.32486298e+02, 1.52987686e+02, 1.33972595e+02,
    1.65588959e+02, 1.35331940e+02, 1.77920319e+02, 1.25115211e+02,
    1.85668060e+02, 1.30357819e+02, 1.87490402e+02, 1.37365356e+02,
    1.88761322e+02, 1.43407166e+02, 1.85746475e+02, 1.50647247e+02,
    1.82586441e+02, 9.20147476e+01, 1.47262589e+02, 9.88716888e+01,
    1.42616882e+02, 1.06435349e+02, 1.41288071e+02, 1.14458641e+02,
    1.44665207e+02, 1.06460869e+02, 1.47647903e+02, 9.77153702e+01,
    1.48084595e+02, 1.52741577e+02, 1.40398148e+02, 1.57612778e+02,
    1.34552643e+02, 1.65140411e+02, 1.34917343e+02, 1.73368454e+02,
    1.38208817e+02, 1.67066101e+02, 1.40547241e+02, 1.59198212e+02,
    1.40700714e+02, 1.18992043e+02, 2.12982193e+02, 1.26031982e+02,
    2.06225342e+02, 1.34628723e+02, 2.02278778e+02, 1.41204590e+02,
    2.04021667e+02, 1.47032852e+02, 2.01333832e+02, 1.56936356e+02,
    2.00772552e+02, 1.68353775e+02, 2.04432068e+02, 1.61438278e+02,
    2.19377762e+02, 1.51930695e+02, 2.24371628e+02, 1.44577164e+02,
    2.26251495e+02, 1.36291000e+02, 2.25529922e+02, 1.26382820e+02,
    2.21727310e+02, 1.21645744e+02, 2.12982193e+02, 1.35044174e+02,
    2.07911209e+02, 1.42037552e+02, 2.09560669e+02, 1.48010071e+02,
    2.06803116e+02, 1.66084244e+02, 2.05511551e+02, 1.48873062e+02,
    2.13384079e+02, 1.42999084e+02, 2.16291428e+02, 1.35894058e+02,
    2.15205170e+02 ]
noOfLandmarkPoint: 68
