%YAML:1.0
landmark: [ 2.74532928e+01, 1.98619797e+02, 2.64341946e+01,
    2.19364273e+02, 2.81098824e+01, 2.40389252e+02, 2.92794189e+01,
    2.58869873e+02, 3.12356052e+01, 2.74580505e+02, 3.62558784e+01,
    2.92623383e+02, 4.62280006e+01, 3.09209473e+02, 6.03752975e+01,
    3.19153107e+02, 7.86093216e+01, 3.26367523e+02, 1.00327797e+02,
    3.26119263e+02, 1.21832703e+02, 3.23904266e+02, 1.39274109e+02,
    3.11945343e+02, 1.51487640e+02, 2.95782623e+02, 1.64365311e+02,
    2.80899506e+02, 1.73072800e+02, 2.61944336e+02, 1.79575928e+02,
    2.42303101e+02, 1.84731354e+02, 2.22168091e+02, 4.06494484e+01,
    1.72401199e+02, 5.10755920e+01, 1.66704987e+02, 6.17063866e+01,
    1.69555130e+02, 7.22484283e+01, 1.69791611e+02, 8.04465790e+01,
    1.74457138e+02, 1.14095329e+02, 1.79983383e+02, 1.28668472e+02,
    1.77639359e+02, 1.41990250e+02, 1.77990051e+02, 1.54815582e+02,
    1.82395737e+02, 1.64606140e+02, 1.93827118e+02, 9.43511429e+01,
    1.92630585e+02, 9.23475494e+01, 2.03065491e+02, 9.06034317e+01,
    2.13906281e+02, 8.84900208e+01, 2.25841370e+02, 7.69994354e+01,
    2.36169220e+02, 8.13631210e+01, 2.38275833e+02, 8.56515884e+01,
    2.40170395e+02, 9.13968735e+01, 2.40170395e+02, 9.77303314e+01,
    2.40464478e+02, 4.71718788e+01, 1.95938599e+02, 5.66242638e+01,
    1.91284744e+02, 6.73966217e+01, 1.90849899e+02, 7.62851181e+01,
    1.97580383e+02, 6.63775177e+01, 2.00815231e+02, 5.58992462e+01,
    2.00090210e+02, 1.19234848e+02, 2.02884354e+02, 1.28105469e+02,
    2.00572250e+02, 1.37810501e+02, 2.00808441e+02, 1.45888077e+02,
    2.06485306e+02, 1.38674423e+02, 2.12144852e+02, 1.27698654e+02,
    2.09546509e+02, 5.70687828e+01, 2.73574982e+02, 6.88108215e+01,
    2.60166718e+02, 7.93537216e+01, 2.56795898e+02, 8.42744293e+01,
    2.61675995e+02, 9.12382507e+01, 2.60374481e+02, 1.02691742e+02,
    2.69136566e+02, 1.10027939e+02, 2.80551453e+02, 9.56062164e+01,
    2.93107483e+02, 8.22820969e+01, 2.93415833e+02, 7.57713776e+01,
    2.92407745e+02, 6.93592758e+01, 2.90149719e+02, 6.09947395e+01,
    2.86091461e+02, 6.13572464e+01, 2.74737732e+02, 7.67774887e+01,
    2.64523926e+02, 8.26044235e+01, 2.65767639e+02, 8.97491455e+01,
    2.68235199e+02, 1.04207428e+02, 2.79313477e+02, 8.57146378e+01,
    2.82100983e+02, 7.86168823e+01, 2.80385864e+02, 7.29813995e+01,
    2.79385773e+02 ]
noOfLandmarkPoint: 68
