%YAML:1.0
landmark: [ 1.75382324e+02, 1.19101212e+02, 1.75626907e+02,
    1.44412567e+02, 1.76298645e+02, 1.70796265e+02, 1.77797409e+02,
    1.95106964e+02, 1.87634857e+02, 2.12480789e+02, 2.06483719e+02,
    2.27837494e+02, 2.35008224e+02, 2.37082596e+02, 2.64888245e+02,
    2.47619278e+02, 2.89766815e+02, 2.44831467e+02, 3.07416656e+02,
    2.40342087e+02, 3.15884949e+02, 2.28511230e+02, 3.19628387e+02,
    2.14103271e+02, 3.28202545e+02, 1.92530899e+02, 3.30609497e+02,
    1.71882507e+02, 3.32214264e+02, 1.52074814e+02, 3.36991547e+02,
    1.28190170e+02, 3.33329926e+02, 1.06042511e+02, 2.06457169e+02,
    1.03391220e+02, 2.19149506e+02, 9.43183899e+01, 2.34902054e+02,
    9.12221375e+01, 2.52010773e+02, 9.53438873e+01, 2.67378082e+02,
    1.01017426e+02, 2.93968079e+02, 9.71197891e+01, 3.05850983e+02,
    9.01839905e+01, 3.17835266e+02, 8.49075165e+01, 3.31053192e+02,
    8.27940979e+01, 3.33580048e+02, 9.18001938e+01, 2.86518829e+02,
    1.16074768e+02, 2.91322968e+02, 1.30261246e+02, 2.96865936e+02,
    1.44864090e+02, 3.01865784e+02, 1.59969513e+02, 2.76063202e+02,
    1.71492706e+02, 2.86062897e+02, 1.73056763e+02, 2.96176392e+02,
    1.76136429e+02, 3.02521667e+02, 1.72708542e+02, 3.07124817e+02,
    1.68648514e+02, 2.23624115e+02, 1.16225243e+02, 2.34880219e+02,
    1.09912613e+02, 2.47603439e+02, 1.11006767e+02, 2.55284302e+02,
    1.17403519e+02, 2.45179733e+02, 1.21958397e+02, 2.33153900e+02,
    1.22060059e+02, 2.96160553e+02, 1.12027702e+02, 3.03105347e+02,
    1.01792542e+02, 3.13137695e+02, 1.00009857e+02, 3.20621216e+02,
    1.03277893e+02, 3.16509186e+02, 1.10852425e+02, 3.07275940e+02,
    1.13125839e+02, 2.55706665e+02, 2.00860657e+02, 2.69177979e+02,
    1.94009613e+02, 2.84383331e+02, 1.90716461e+02, 2.94789948e+02,
    1.93509445e+02, 3.02068542e+02, 1.89045654e+02, 3.09166138e+02,
    1.89574570e+02, 3.14864014e+02, 1.92562531e+02, 3.10225983e+02,
    2.00843857e+02, 3.04025177e+02, 2.05514221e+02, 2.96023407e+02,
    2.08519363e+02, 2.85668976e+02, 2.08780762e+02, 2.69902710e+02,
    2.07855484e+02, 2.60828186e+02, 2.02376251e+02, 2.84943481e+02,
    2.00171494e+02, 2.95282471e+02, 1.99162750e+02, 3.02580261e+02,
    1.96710434e+02, 3.11954803e+02, 1.94024597e+02, 3.02580261e+02,
    1.96710434e+02, 2.95282471e+02, 1.99162750e+02, 2.84943481e+02,
    2.00171494e+02 ]
noOfLandmarkPoint: 68
