%YAML:1.0
landmark: [ 1.31089630e+02, 1.12566422e+02, 1.30390976e+02,
    1.28039993e+02, 1.31832977e+02, 1.43585632e+02, 1.33836456e+02,
    1.58779068e+02, 1.34640427e+02, 1.73025635e+02, 1.40266129e+02,
    1.86759659e+02, 1.52643295e+02, 1.98156326e+02, 1.66064651e+02,
    2.07186600e+02, 1.81610443e+02, 2.11607407e+02, 1.98288223e+02,
    2.10718124e+02, 2.13791580e+02, 2.05935028e+02, 2.30368835e+02,
    1.98553207e+02, 2.42496902e+02, 1.85432327e+02, 2.49116943e+02,
    1.68716339e+02, 2.55178894e+02, 1.53097122e+02, 2.58687073e+02,
    1.37160294e+02, 2.63131409e+02, 1.22059189e+02, 1.42333405e+02,
    1.03107346e+02, 1.51651779e+02, 9.36455307e+01, 1.64610779e+02,
    9.20695343e+01, 1.74493896e+02, 9.51167221e+01, 1.84388794e+02,
    9.99216080e+01, 2.01395782e+02, 1.03594406e+02, 2.13724258e+02,
    9.98299789e+01, 2.26015625e+02, 1.00842339e+02, 2.38300217e+02,
    1.03062958e+02, 2.46375763e+02, 1.10860527e+02, 1.91178635e+02,
    1.12796379e+02, 1.89687164e+02, 1.20533051e+02, 1.88171249e+02,
    1.29449570e+02, 1.86556076e+02, 1.38330750e+02, 1.76646225e+02,
    1.45616791e+02, 1.81624649e+02, 1.48473724e+02, 1.86497284e+02,
    1.50601074e+02, 1.92611862e+02, 1.50326920e+02, 1.98100616e+02,
    1.49643005e+02, 1.54824936e+02, 1.10810326e+02, 1.61595978e+02,
    1.08147408e+02, 1.69949692e+02, 1.08355148e+02, 1.73818146e+02,
    1.12376648e+02, 1.68221939e+02, 1.12744873e+02, 1.61479614e+02,
    1.12391975e+02, 2.10322098e+02, 1.17189705e+02, 2.15419724e+02,
    1.13827873e+02, 2.23533264e+02, 1.14999496e+02, 2.30110672e+02,
    1.19806709e+02, 2.23404663e+02, 1.19834335e+02, 2.16229980e+02,
    1.19291283e+02, 1.64261032e+02, 1.67309067e+02, 1.70671677e+02,
    1.62267227e+02, 1.79256989e+02, 1.60317444e+02, 1.84650253e+02,
    1.62206024e+02, 1.89660004e+02, 1.61819733e+02, 1.98569061e+02,
    1.66515686e+02, 2.06591660e+02, 1.73102020e+02, 1.97509460e+02,
    1.76615692e+02, 1.88465698e+02, 1.75603256e+02, 1.83099197e+02,
    1.75245468e+02, 1.76774109e+02, 1.74414536e+02, 1.68945908e+02,
    1.72838516e+02, 1.67435410e+02, 1.67581924e+02, 1.78164108e+02,
    1.67402634e+02, 1.83831406e+02, 1.68394821e+02, 1.88935593e+02,
    1.68956955e+02, 2.01067871e+02, 1.73668518e+02, 1.88935593e+02,
    1.68956955e+02, 1.83831406e+02, 1.68394821e+02, 1.78164108e+02,
    1.67402634e+02 ]
noOfLandmarkPoint: 68
