%YAML:1.0
landmark: [ 2.46852753e+02, 6.77010422e+01, 2.48419525e+02,
    8.02604904e+01, 2.50198318e+02, 9.00438614e+01, 2.51977112e+02,
    1.01606026e+02, 2.56424103e+02, 1.14946983e+02, 2.64428680e+02,
    1.27398552e+02, 2.72593292e+02, 1.36538712e+02, 2.83754150e+02,
    1.41776169e+02, 2.96613159e+02, 1.41471924e+02, 3.09547882e+02,
    1.33908997e+02, 3.17347839e+02, 1.25619759e+02, 3.23573608e+02,
    1.16281082e+02, 3.26821320e+02, 1.06901421e+02, 3.30384521e+02,
    9.75829849e+01, 3.32766449e+02, 8.81017990e+01, 3.34929199e+02,
    7.85831299e+01, 3.36568695e+02, 6.90406418e+01, 2.54762238e+02,
    5.82907562e+01, 2.61995331e+02, 5.51892052e+01, 2.70075989e+02,
    5.52233276e+01, 2.78365082e+02, 5.80242577e+01, 2.86171387e+02,
    6.13728523e+01, 3.01335724e+02, 6.09366913e+01, 3.08391357e+02,
    5.87255745e+01, 3.15835175e+02, 5.76987839e+01, 3.23128906e+02,
    5.71361542e+01, 3.29799377e+02, 5.89149513e+01, 2.92254791e+02,
    6.99341736e+01, 2.92395386e+02, 7.80354385e+01, 2.92271576e+02,
    8.68049927e+01, 2.92324249e+02, 9.55422363e+01, 2.81327240e+02,
    9.84701843e+01, 2.86336548e+02, 1.01233070e+02, 2.91391785e+02,
    1.03152443e+02, 2.97244598e+02, 1.00553101e+02, 3.02744507e+02,
    9.82349167e+01, 2.62463409e+02, 6.82306747e+01, 2.68103912e+02,
    6.45325012e+01, 2.75617889e+02, 6.49542542e+01, 2.79502533e+02,
    7.05029602e+01, 2.74184235e+02, 7.13049240e+01, 2.67759399e+02,
    7.12098312e+01, 3.05553284e+02, 7.20005875e+01, 3.08499756e+02,
    6.73412781e+01, 3.14140259e+02, 6.64977722e+01, 3.20016022e+02,
    7.00324173e+01, 3.17108185e+02, 7.32801208e+01, 3.11552124e+02,
    7.30741959e+01, 2.71014191e+02, 1.07464539e+02, 2.78899200e+02,
    1.07191330e+02, 2.86640106e+02, 1.07365448e+02, 2.91179077e+02,
    1.08437073e+02, 2.95788513e+02, 1.07715233e+02, 3.02235291e+02,
    1.07398262e+02, 3.10190155e+02, 1.09429817e+02, 3.02923859e+02,
    1.15640060e+02, 2.96463104e+02, 1.18562500e+02, 2.91233856e+02,
    1.19463280e+02, 2.86143982e+02, 1.18812981e+02, 2.78845062e+02,
    1.15671646e+02, 2.78869965e+02, 1.11178131e+02, 2.86463379e+02,
    1.11371964e+02, 2.91247955e+02, 1.11646957e+02, 2.96044189e+02,
    1.11507790e+02, 3.04274963e+02, 1.12037407e+02, 2.96044189e+02,
    1.13775337e+02, 2.91247955e+02, 1.13772781e+02, 2.86463379e+02,
    1.13639511e+02 ]
noOfLandmarkPoint: 68
