%YAML:1.0
landmark: [ 8.73336792e+01, 1.24878242e+02, 8.57270889e+01,
    1.39272964e+02, 8.59719009e+01, 1.53020523e+02, 9.01043320e+01,
    1.67459671e+02, 9.58018799e+01, 1.79712784e+02, 1.03990608e+02,
    1.89785599e+02, 1.15742485e+02, 1.98336227e+02, 1.29871765e+02,
    2.03189713e+02, 1.46066605e+02, 2.01431763e+02, 1.57790665e+02,
    1.95479828e+02, 1.67624054e+02, 1.86001877e+02, 1.74035873e+02,
    1.73697052e+02, 1.79894730e+02, 1.61103317e+02, 1.84427109e+02,
    1.47510818e+02, 1.86837234e+02, 1.35718414e+02, 1.89150467e+02,
    1.22200912e+02, 9.67850647e+01, 1.01756798e+02, 1.05522095e+02,
    9.76453476e+01, 1.13226212e+02, 9.64804077e+01, 1.21933723e+02,
    9.86440964e+01, 1.28086136e+02, 1.02334618e+02, 1.47360382e+02,
    1.04473434e+02, 1.56973434e+02, 1.00459839e+02, 1.66263412e+02,
    9.82278137e+01, 1.75132462e+02, 1.01169678e+02, 1.81250717e+02,
    1.07415298e+02, 1.37282913e+02, 1.13997940e+02, 1.35986618e+02,
    1.22162300e+02, 1.34889359e+02, 1.30056976e+02, 1.33983810e+02,
    1.38084167e+02, 1.25009804e+02, 1.45314316e+02, 1.29624771e+02,
    1.48442078e+02, 1.34705032e+02, 1.49253571e+02, 1.40377045e+02,
    1.48355133e+02, 1.44782806e+02, 1.47685455e+02, 1.08340088e+02,
    1.13763031e+02, 1.13734367e+02, 1.10311363e+02, 1.20274490e+02,
    1.11455902e+02, 1.23865868e+02, 1.16002831e+02, 1.18665833e+02,
    1.17884972e+02, 1.12261559e+02, 1.17416656e+02, 1.51332169e+02,
    1.18597992e+02, 1.56916946e+02, 1.14162659e+02, 1.64309875e+02,
    1.13607231e+02, 1.69888260e+02, 1.18352600e+02, 1.64917816e+02,
    1.21245216e+02, 1.58017838e+02, 1.20884239e+02, 1.13083641e+02,
    1.65384735e+02, 1.21803505e+02, 1.59112534e+02, 1.29142776e+02,
    1.57924805e+02, 1.34071213e+02, 1.59610382e+02, 1.39124039e+02,
    1.58384720e+02, 1.46245865e+02, 1.61108185e+02, 1.51796005e+02,
    1.67844788e+02, 1.44855011e+02, 1.71009933e+02, 1.38217972e+02,
    1.71205627e+02, 1.33387390e+02, 1.71141953e+02, 1.27690071e+02,
    1.70491150e+02, 1.21239174e+02, 1.68656296e+02, 1.15195892e+02,
    1.64810822e+02, 1.28656906e+02, 1.63911209e+02, 1.33873566e+02,
    1.64920059e+02, 1.38745529e+02, 1.64269714e+02, 1.48175766e+02,
    1.66632324e+02, 1.38745529e+02, 1.64269714e+02, 1.33873566e+02,
    1.64920059e+02, 1.28656906e+02, 1.63911209e+02, 0., 0. ]
noOfLandmarkPoint: 68
