%YAML:1.0
landmark: [ 2.76935482e+01, 1.95306458e+02, 2.69838715e+01,
    2.25822586e+02, 2.98225803e+01, 2.54209671e+02, 3.69193535e+01,
    2.83306458e+02, 4.88108444e+01, 3.09685913e+02, 6.41886292e+01,
    3.32717804e+02, 8.34154663e+01, 3.58416626e+02, 1.05612297e+02,
    3.68096344e+02, 1.27980537e+02, 3.69260986e+02, 1.48027634e+02,
    3.67667511e+02, 1.72276764e+02, 3.52250488e+02, 1.91976486e+02,
    3.29988678e+02, 2.08837479e+02, 3.03006165e+02, 2.21435486e+02,
    2.74080658e+02, 2.28627747e+02, 2.47022339e+02, 2.33862228e+02,
    2.12414490e+02, 2.34209671e+02, 1.70428314e+02, 4.33469009e+01,
    1.79620453e+02, 6.14230080e+01, 1.75195328e+02, 7.94824066e+01,
    1.73511414e+02, 9.52551880e+01, 1.75291214e+02, 1.08351028e+02,
    1.81404785e+02, 1.48852493e+02, 1.79531433e+02, 1.69465744e+02,
    1.71348068e+02, 1.87754456e+02, 1.69050125e+02, 2.05327744e+02,
    1.69926208e+02, 2.17147064e+02, 1.76425156e+02, 1.28516983e+02,
    1.97125595e+02, 1.28033112e+02, 2.19141617e+02, 1.27527687e+02,
    2.41065811e+02, 1.27132072e+02, 2.62876587e+02, 1.10746727e+02,
    2.69104187e+02, 1.18879677e+02, 2.73432648e+02, 1.27636040e+02,
    2.75278534e+02, 1.37689484e+02, 2.72593842e+02, 1.46922989e+02,
    2.67471375e+02, 6.38632545e+01, 1.95144135e+02, 7.69626007e+01,
    1.92174744e+02, 8.87337723e+01, 1.91292526e+02, 9.78762360e+01,
    1.96254913e+02, 8.95857391e+01, 2.01069794e+02, 7.65229645e+01,
    2.01946396e+02, 1.57518417e+02, 1.94945389e+02, 1.70518448e+02,
    1.90159363e+02, 1.82600800e+02, 1.90068024e+02, 1.93281967e+02,
    1.94861084e+02, 1.84572159e+02, 2.02115829e+02, 1.70168533e+02,
    2.00272659e+02, 9.58870850e+01, 3.03728668e+02, 1.04088867e+02,
    3.01855255e+02, 1.19605011e+02, 3.00001556e+02, 1.27238098e+02,
    3.03984283e+02, 1.38005646e+02, 3.00710388e+02, 1.49772293e+02,
    3.03731049e+02, 1.64004425e+02, 3.01918335e+02, 1.50377182e+02,
    3.08502472e+02, 1.39160858e+02, 3.16365631e+02, 1.28076065e+02,
    3.21508331e+02, 1.20112633e+02, 3.20595673e+02, 1.03492279e+02,
    3.13401489e+02, 9.17391586e+01, 3.02963623e+02, 1.19295517e+02,
    3.06554779e+02, 1.27484047e+02, 3.07978638e+02, 1.38218735e+02,
    3.05308136e+02, 1.61609497e+02, 3.01953552e+02, 1.38218735e+02,
    3.05308136e+02, 1.27484047e+02, 3.07978638e+02, 1.19295517e+02,
    3.06554779e+02 ]
noOfLandmarkPoint: 68
