%YAML:1.0
landmark: [ 1.89513306e+02, 2.28952972e+02, 1.92873962e+02,
    2.61308716e+02, 1.96799652e+02, 2.91495392e+02, 2.02537964e+02,
    3.20016846e+02, 2.18626129e+02, 3.43585602e+02, 2.37203949e+02,
    3.64260925e+02, 2.65536072e+02, 3.81683655e+02, 2.96363983e+02,
    3.98436035e+02, 3.26471069e+02, 4.01504181e+02, 3.47783234e+02,
    3.92784271e+02, 3.65636871e+02, 3.70535797e+02, 3.83602142e+02,
    3.52005463e+02, 3.96062195e+02, 3.32541931e+02, 4.01533478e+02,
    3.07408020e+02, 4.04732513e+02, 2.86519592e+02, 4.08375549e+02,
    2.60947937e+02, 4.10164246e+02, 2.34003906e+02, 2.29411957e+02,
    2.16312653e+02, 2.47564651e+02, 2.05235153e+02, 2.67671692e+02,
    2.03494171e+02, 2.88983551e+02, 2.09750580e+02, 3.08641602e+02,
    2.16395660e+02, 3.48310455e+02, 2.14002960e+02, 3.67105164e+02,
    2.07831924e+02, 3.82700958e+02, 2.05097321e+02, 3.97809906e+02,
    2.03688797e+02, 4.05904266e+02, 2.18658676e+02, 3.29290283e+02,
    2.38156937e+02, 3.32440369e+02, 2.55321075e+02, 3.35755463e+02,
    2.72766876e+02, 3.38963470e+02, 2.90472412e+02, 3.08562592e+02,
    2.99836670e+02, 3.21822968e+02, 3.02784943e+02, 3.33784637e+02,
    3.09736389e+02, 3.43622833e+02, 3.05794739e+02, 3.51490173e+02,
    2.99469849e+02, 2.58634308e+02, 2.33339722e+02, 2.72055176e+02,
    2.28019135e+02, 2.86311493e+02, 2.28824387e+02, 2.92881317e+02,
    2.37674927e+02, 2.81755371e+02, 2.40298325e+02, 2.68555115e+02,
    2.40158829e+02, 3.52928986e+02, 2.36861755e+02, 3.63339203e+02,
    2.27603638e+02, 3.76833649e+02, 2.28111862e+02, 3.84361023e+02,
    2.33214310e+02, 3.76910980e+02, 2.38575455e+02, 3.65505951e+02,
    2.38217316e+02, 2.82486206e+02, 3.30955231e+02, 2.98237518e+02,
    3.29366730e+02, 3.17026733e+02, 3.29132751e+02, 3.26933044e+02,
    3.30867493e+02, 3.37468781e+02, 3.29283783e+02, 3.48711090e+02,
    3.30186890e+02, 3.56712433e+02, 3.32232574e+02, 3.47210815e+02,
    3.46328705e+02, 3.37302704e+02, 3.52784912e+02, 3.25980957e+02,
    3.53600586e+02, 3.14647522e+02, 3.52131531e+02, 2.96170380e+02,
    3.44606415e+02, 2.87970337e+02, 3.33445557e+02, 3.16218140e+02,
    3.38929688e+02, 3.25397797e+02, 3.40166870e+02, 3.37048523e+02,
    3.39168518e+02, 3.52880005e+02, 3.34117676e+02, 3.37048523e+02,
    3.39168518e+02, 3.25397797e+02, 3.40166870e+02, 3.16218140e+02,
    3.38929688e+02 ]
noOfLandmarkPoint: 68
