%YAML:1.0
landmark: [ 4.39268768e+02, 1.44282257e+02, 4.39421631e+02,
    1.70177780e+02, 4.42694000e+02, 1.94561111e+02, 4.50319763e+02,
    2.15664749e+02, 4.64157074e+02, 2.37876358e+02, 4.82678345e+02,
    2.55614655e+02, 5.02692047e+02, 2.66687683e+02, 5.25897278e+02,
    2.75699890e+02, 5.50449890e+02, 2.79883087e+02, 5.64575378e+02,
    2.73714630e+02, 5.76640015e+02, 2.59664703e+02, 5.84020691e+02,
    2.42492767e+02, 5.89060425e+02, 2.23045425e+02, 5.91617981e+02,
    2.07216904e+02, 5.95599060e+02, 1.89279694e+02, 5.96488464e+02,
    1.70391510e+02, 5.94110046e+02, 1.53487320e+02, 4.74749207e+02,
    1.38815796e+02, 4.86510834e+02, 1.28499252e+02, 4.99965607e+02,
    1.24556747e+02, 5.15033203e+02, 1.28575378e+02, 5.29202881e+02,
    1.30737961e+02, 5.53447266e+02, 1.31079102e+02, 5.64988953e+02,
    1.28686218e+02, 5.76431274e+02, 1.28206390e+02, 5.84937317e+02,
    1.27851341e+02, 5.93031921e+02, 1.33488785e+02, 5.44897461e+02,
    1.44378296e+02, 5.47176880e+02, 1.54540939e+02, 5.49499756e+02,
    1.64993881e+02, 5.52061340e+02, 1.75965302e+02, 5.31466614e+02,
    1.88985245e+02, 5.40609070e+02, 1.91880600e+02, 5.47765564e+02,
    1.93737106e+02, 5.53857788e+02, 1.92104477e+02, 5.59487488e+02,
    1.90056580e+02, 4.93067108e+02, 1.45986282e+02, 5.00479950e+02,
    1.42844528e+02, 5.08593414e+02, 1.41372818e+02, 5.15442200e+02,
    1.44831711e+02, 5.08290771e+02, 1.48482315e+02, 5.00515320e+02,
    1.48651321e+02, 5.58634460e+02, 1.47386871e+02, 5.63640991e+02,
    1.44148071e+02, 5.71924316e+02, 1.44387039e+02, 5.78343079e+02,
    1.48303864e+02, 5.72363708e+02, 1.49607788e+02, 5.66258362e+02,
    1.49476532e+02, 5.14782410e+02, 2.22249878e+02, 5.30024658e+02,
    2.13398422e+02, 5.41640808e+02, 2.09687119e+02, 5.48223083e+02,
    2.12653625e+02, 5.54407837e+02, 2.11189529e+02, 5.62966675e+02,
    2.16253143e+02, 5.69574646e+02, 2.23217316e+02, 5.61897034e+02,
    2.31075470e+02, 5.53545593e+02, 2.32937546e+02, 5.47372131e+02,
    2.34143143e+02, 5.41159424e+02, 2.33623428e+02, 5.28633850e+02,
    2.30449814e+02, 5.22418640e+02, 2.21498367e+02, 5.41925110e+02,
    2.16406754e+02, 5.47979370e+02, 2.17319046e+02, 5.53643250e+02,
    2.16728638e+02, 5.61746338e+02, 2.23703430e+02, 5.53535217e+02,
    2.25797394e+02, 5.47110535e+02, 2.26312592e+02, 5.41119263e+02,
    2.26613602e+02 ]
noOfLandmarkPoint: 68
