%YAML:1.0
landmark: [ 1.49614439e+01, 3.49169128e+02, 1.73195724e+01,
    4.09854950e+02, 2.23536587e+01, 4.67454712e+02, 2.58908501e+01,
    5.38844360e+02, 4.30641594e+01, 5.96956726e+02, 8.59820557e+01,
    6.51019348e+02, 1.38035080e+02, 6.95362305e+02, 1.91872070e+02,
    7.33779175e+02, 2.63415466e+02, 7.52346863e+02, 3.31934326e+02,
    7.36608948e+02, 3.73252777e+02, 6.94941895e+02, 4.15914337e+02,
    6.47502563e+02, 4.52608765e+02, 5.96536377e+02, 4.71658295e+02,
    5.34671509e+02, 4.79050537e+02, 4.71022644e+02, 4.91886902e+02,
    4.11895233e+02, 4.99566193e+02, 3.42576660e+02, 3.35292625e+01,
    3.35522705e+02, 8.58898010e+01, 2.93927521e+02, 1.47426529e+02,
    2.81952362e+02, 2.03543747e+02, 2.86731171e+02, 2.56601624e+02,
    3.02829468e+02, 3.03329254e+02, 3.09573181e+02, 3.52091125e+02,
    2.91446381e+02, 3.94486053e+02, 2.78866302e+02, 4.42745544e+02,
    2.82905853e+02, 4.68397888e+02, 3.21209869e+02, 2.79276398e+02,
    3.39654694e+02, 2.81983093e+02, 3.84346252e+02, 2.84341248e+02,
    4.32985077e+02, 2.86760864e+02, 4.80352600e+02, 2.17350021e+02,
    4.98704956e+02, 2.44837524e+02, 5.06158691e+02, 2.76313354e+02,
    5.18451660e+02, 3.01288971e+02, 5.08291229e+02, 3.23783447e+02,
    5.00837524e+02, 1.21999771e+02, 3.33082642e+02, 1.48790100e+02,
    3.18780121e+02, 1.83669815e+02, 3.20943420e+02, 2.10562714e+02,
    3.42576660e+02, 1.80870850e+02, 3.54172485e+02, 1.47805862e+02,
    3.53311249e+02, 3.36230194e+02, 3.44709198e+02, 3.61246857e+02,
    3.21804657e+02, 3.98484711e+02, 3.22153229e+02, 4.23819214e+02,
    3.35410004e+02, 4.02175659e+02, 3.52326996e+02, 3.64876312e+02,
    3.53280487e+02, 1.69182770e+02, 5.80132019e+02, 2.04667404e+02,
    5.76051453e+02, 2.49451218e+02, 5.73949646e+02, 2.71822693e+02,
    5.77866150e+02, 2.95890350e+02, 5.73360779e+02, 3.24839508e+02,
    5.80480591e+02, 3.62316986e+02, 5.88107971e+02, 3.26941315e+02,
    6.10039185e+02, 2.96931610e+02, 6.22434692e+02, 2.72109741e+02,
    6.23583008e+02, 2.48241394e+02, 6.22178406e+02, 2.04318817e+02,
    6.11505310e+02, 1.80870850e+02, 5.83125793e+02, 2.49481964e+02,
    5.85770996e+02, 2.72140503e+02, 5.90928101e+02, 2.95734619e+02,
    5.87324951e+02, 3.50033600e+02, 5.88464905e+02, 2.95734619e+02,
    5.87324951e+02, 2.72140503e+02, 5.90928101e+02, 2.49481964e+02,
    5.85770996e+02 ]
noOfLandmarkPoint: 68
