%YAML:1.0
landmark: [ 1.96343628e+02, 1.73346436e+02, 1.93649124e+02,
    1.98491409e+02, 1.92830124e+02, 2.26484024e+02, 1.89960236e+02,
    2.52432495e+02, 2.03761230e+02, 2.71706818e+02, 2.21588455e+02,
    2.91562653e+02, 2.37793182e+02, 3.10308716e+02, 2.54120010e+02,
    3.28273560e+02, 2.78461487e+02, 3.31258820e+02, 2.96219910e+02,
    3.24997528e+02, 3.06369781e+02, 3.08280090e+02, 3.13006165e+02,
    2.89274292e+02, 3.24503296e+02, 2.67358795e+02, 3.35609772e+02,
    2.47227692e+02, 3.43149506e+02, 2.28941040e+02, 3.49051208e+02,
    2.10363632e+02, 3.49495117e+02, 1.93271088e+02, 2.44192078e+02,
    1.57210526e+02, 2.59171661e+02, 1.49908279e+02, 2.77342926e+02,
    1.50864914e+02, 2.89743378e+02, 1.57776535e+02, 3.04891632e+02,
    1.63456284e+02, 3.32930817e+02, 1.65347290e+02, 3.41955414e+02,
    1.62208893e+02, 3.49426300e+02, 1.60402206e+02, 3.56734497e+02,
    1.62203690e+02, 3.60143250e+02, 1.67242767e+02, 3.15088074e+02,
    1.78260468e+02, 3.15907074e+02, 1.92742859e+02, 3.17851379e+02,
    2.07072098e+02, 3.19573730e+02, 2.21010712e+02, 2.91427979e+02,
    2.23139191e+02, 2.99542480e+02, 2.29844391e+02, 3.05834808e+02,
    2.39044357e+02, 3.14484314e+02, 2.36587341e+02, 3.23102753e+02,
    2.33242508e+02, 2.57617981e+02, 1.73790344e+02, 2.64629456e+02,
    1.71999191e+02, 2.74541870e+02, 1.72733871e+02, 2.79102661e+02,
    1.77634018e+02, 2.72336609e+02, 1.78867249e+02, 2.63588501e+02,
    1.76469315e+02, 3.25100342e+02, 1.84146652e+02, 3.32278351e+02,
    1.80697617e+02, 3.38515015e+02, 1.81184341e+02, 3.42155121e+02,
    1.84452942e+02, 3.38465942e+02, 1.87294083e+02, 3.32264954e+02,
    1.86466049e+02, 2.54701538e+02, 2.60140869e+02, 2.71656464e+02,
    2.50366089e+02, 2.92269226e+02, 2.48475082e+02, 3.01187225e+02,
    2.51973068e+02, 3.09663147e+02, 2.51630997e+02, 3.15384460e+02,
    2.54191650e+02, 3.17207825e+02, 2.64412079e+02, 3.06791443e+02,
    2.87902740e+02, 2.99220673e+02, 2.98099182e+02, 2.89261719e+02,
    2.98711761e+02, 2.76095551e+02, 2.96514465e+02, 2.61147003e+02,
    2.79759247e+02, 2.57327209e+02, 2.61181824e+02, 2.91434692e+02,
    2.52088440e+02, 3.00812134e+02, 2.54614258e+02, 3.09102051e+02,
    2.54936081e+02, 3.11709595e+02, 2.64074921e+02, 3.01815308e+02,
    2.84879700e+02, 2.91152710e+02, 2.89587311e+02, 2.79371552e+02,
    2.87443298e+02 ]
noOfLandmarkPoint: 68
