%YAML:1.0
landmark: [ 1.88285721e+02, 1.43708328e+02, 1.87750000e+02,
    1.66821426e+02, 1.91559525e+02, 1.91154755e+02, 1.97750000e+02,
    2.13511902e+02, 2.04809525e+02, 2.36440475e+02, 2.17607147e+02,
    2.57380951e+02, 2.34041672e+02, 2.74035706e+02, 2.53565475e+02,
    2.89553558e+02, 2.74934509e+02, 2.93619049e+02, 2.93595245e+02,
    2.87440491e+02, 3.13095245e+02, 2.71922607e+02, 3.29029755e+02,
    2.54339279e+02, 3.40666656e+02, 2.32410721e+02, 3.48273804e+02,
    2.12261902e+02, 3.53303558e+02, 1.88696426e+02, 3.56880951e+02,
    1.64839279e+02, 3.61005951e+02, 1.39029755e+02, 1.99986237e+02,
    1.25818130e+02, 2.12750458e+02, 1.18539398e+02, 2.27321701e+02,
    1.16043556e+02, 2.41532104e+02, 1.18171173e+02, 2.53429123e+02,
    1.24184273e+02, 2.83150452e+02, 1.22121338e+02, 2.95854919e+02,
    1.14796860e+02, 3.10126434e+02, 1.11633858e+02, 3.25599823e+02,
    1.08824562e+02, 3.38120667e+02, 1.18886551e+02, 2.72089294e+02,
    1.44154755e+02, 2.73285706e+02, 1.60125000e+02, 2.73261902e+02,
    1.74875000e+02, 2.73261902e+02, 1.91529755e+02, 2.54328720e+02,
    1.95670944e+02, 2.63845459e+02, 1.97733795e+02, 2.73494049e+02,
    2.03375000e+02, 2.82505951e+02, 1.98380951e+02, 2.90380951e+02,
    1.94071426e+02, 2.19338745e+02, 1.44561920e+02, 2.27353088e+02,
    1.39410873e+02, 2.37267853e+02, 1.39773804e+02, 2.46339279e+02,
    1.47904755e+02, 2.37052551e+02, 1.46891266e+02, 2.28133530e+02,
    1.46200409e+02, 2.95630951e+02, 1.44339279e+02, 3.01809509e+02,
    1.36928574e+02, 3.11550934e+02, 1.35050140e+02, 3.18521301e+02,
    1.38576782e+02, 3.12017853e+02, 1.43142853e+02, 3.03714294e+02,
    1.43595245e+02, 2.38964279e+02, 2.21738098e+02, 2.53244492e+02,
    2.13731873e+02, 2.65448029e+02, 2.12299973e+02, 2.73515198e+02,
    2.12361313e+02, 2.85223358e+02, 2.11454285e+02, 2.96788635e+02,
    2.11740540e+02, 3.09578674e+02, 2.16861115e+02, 2.97880859e+02,
    2.36428589e+02, 2.86257385e+02, 2.45076904e+02, 2.74394257e+02,
    2.48028915e+02, 2.64916870e+02, 2.47730988e+02, 2.52987976e+02,
    2.42087601e+02, 2.42065475e+02, 2.21958328e+02, 2.65559448e+02,
    2.17304031e+02, 2.73547546e+02, 2.17305313e+02, 2.85149414e+02,
    2.14786072e+02, 3.05582275e+02, 2.17130844e+02, 2.85134033e+02,
    2.33546860e+02, 2.74592773e+02, 2.36364273e+02, 2.64942932e+02,
    2.35657684e+02 ]
noOfLandmarkPoint: 68
