%YAML:1.0
landmark: [ 1.80948334e+02, 1.74033249e+02, 1.77165115e+02,
    1.90060425e+02, 1.77981339e+02, 2.02573120e+02, 1.84706894e+02,
    2.17007889e+02, 1.89960648e+02, 2.30267258e+02, 1.96603485e+02,
    2.42883820e+02, 2.05043518e+02, 2.55454849e+02, 2.13064865e+02,
    2.70002747e+02, 2.23093201e+02, 2.78752625e+02, 2.39615433e+02,
    2.81790161e+02, 2.55776474e+02, 2.72408844e+02, 2.71717407e+02,
    2.58844940e+02, 2.87342163e+02, 2.42589767e+02, 3.04469238e+02,
    2.23766525e+02, 3.16499908e+02, 2.02810989e+02, 3.17403595e+02,
    1.78856155e+02, 3.18841156e+02, 1.55955658e+02, 1.78985519e+02,
    1.50535355e+02, 1.81344574e+02, 1.42173630e+02, 1.88738525e+02,
    1.42333588e+02, 1.97017746e+02, 1.44391953e+02, 2.04500336e+02,
    1.50077988e+02, 2.23765411e+02, 1.46240204e+02, 2.35934647e+02,
    1.39252930e+02, 2.49188950e+02, 1.36229767e+02, 2.63099579e+02,
    1.36902893e+02, 2.76469879e+02, 1.45490005e+02, 2.11467514e+02,
    1.63377670e+02, 2.09139648e+02, 1.75491592e+02, 2.06631241e+02,
    1.87139389e+02, 2.04098755e+02, 1.99240112e+02, 2.01619263e+02,
    2.06225342e+02, 2.07581940e+02, 2.09973907e+02, 2.15315964e+02,
    2.11548630e+02, 2.20140518e+02, 2.07823425e+02, 2.25997787e+02,
    2.04834045e+02, 1.91023621e+02, 1.67262314e+02, 1.91102798e+02,
    1.62294067e+02, 2.02140610e+02, 1.62112045e+02, 2.06649780e+02,
    1.67566589e+02, 2.00642105e+02, 1.67678055e+02, 1.95182800e+02,
    1.67895004e+02, 2.39048340e+02, 1.63354126e+02, 2.43221130e+02,
    1.57710236e+02, 2.53953964e+02, 1.58990906e+02, 2.62779907e+02,
    1.62898819e+02, 2.55762100e+02, 1.64306808e+02, 2.47093246e+02,
    1.65145493e+02, 1.99528229e+02, 2.18867081e+02, 2.02301132e+02,
    2.15751419e+02, 2.08063110e+02, 2.16327652e+02, 2.15217590e+02,
    2.17856598e+02, 2.29117188e+02, 2.14184433e+02, 2.44249023e+02,
    2.15045792e+02, 2.61608887e+02, 2.18547012e+02, 2.48774506e+02,
    2.41526321e+02, 2.34110962e+02, 2.48154724e+02, 2.19029327e+02,
    2.48626617e+02, 2.11418091e+02, 2.46827072e+02, 2.04190826e+02,
    2.33749069e+02, 2.01860779e+02, 2.20203888e+02, 2.08243210e+02,
    2.19485168e+02, 2.15631088e+02, 2.21264984e+02, 2.29753784e+02,
    2.18155121e+02, 2.59103912e+02, 2.19959167e+02, 2.33135284e+02,
    2.44104736e+02, 2.18023849e+02, 2.40833603e+02, 2.10168335e+02,
    2.33194153e+02 ]
noOfLandmarkPoint: 68
