%YAML:1.0
landmark: [ 2.52680862e+02, 7.87893906e+01, 2.58594421e+02,
    9.33106537e+01, 2.63713745e+02, 1.06027878e+02, 2.70705353e+02,
    1.19917122e+02, 2.79959900e+02, 1.34600586e+02, 2.92850037e+02,
    1.46751602e+02, 3.09028961e+02, 1.55120026e+02, 3.27796753e+02,
    1.59443008e+02, 3.42329803e+02, 1.57443634e+02, 3.53213928e+02,
    1.53061737e+02, 3.63229095e+02, 1.41444809e+02, 3.72846649e+02,
    1.29496078e+02, 3.78316101e+02, 1.15378349e+02, 3.78491150e+02,
    1.01448555e+02, 3.77575287e+02, 8.73842468e+01, 3.77831451e+02,
    7.32388382e+01, 3.77534760e+02, 5.80836029e+01, 2.69564026e+02,
    6.38337746e+01, 2.77165802e+02, 5.49536018e+01, 2.88144226e+02,
    4.81537895e+01, 3.01599030e+02, 4.79199257e+01, 3.13505646e+02,
    4.93738403e+01, 3.34805878e+02, 4.54372826e+01, 3.43068726e+02,
    4.08093452e+01, 3.51962494e+02, 3.83712578e+01, 3.60161591e+02,
    3.88084641e+01, 3.67953064e+02, 4.21405220e+01, 3.26892487e+02,
    6.59636459e+01, 3.29456360e+02, 7.39481354e+01, 3.32236908e+02,
    8.29206772e+01, 3.34912506e+02, 9.15155640e+01, 3.24653473e+02,
    1.04453171e+02, 3.30196960e+02, 1.04865875e+02, 3.34662170e+02,
    1.05069237e+02, 3.38562744e+02, 1.03578979e+02, 3.42216217e+02,
    1.00671989e+02, 2.85200867e+02, 7.36700592e+01, 2.91741516e+02,
    6.80772324e+01, 3.00584717e+02, 6.64609070e+01, 3.08284393e+02,
    7.29248276e+01, 3.01784302e+02, 7.68360138e+01, 2.93515747e+02,
    7.77435226e+01, 3.42422974e+02, 6.54772568e+01, 3.47887024e+02,
    5.83015060e+01, 3.55063385e+02, 5.59099083e+01, 3.61162903e+02,
    6.03099442e+01, 3.57159393e+02, 6.49598083e+01, 3.51080688e+02,
    6.61950531e+01, 3.13720184e+02, 1.27653397e+02, 3.22891907e+02,
    1.20644814e+02, 3.31139984e+02, 1.16357666e+02, 3.36261383e+02,
    1.15689423e+02, 3.40881958e+02, 1.13517303e+02, 3.47294708e+02,
    1.14519196e+02, 3.56464996e+02, 1.18461868e+02, 3.49458252e+02,
    1.24081879e+02, 3.44680267e+02, 1.26557037e+02, 3.39748962e+02,
    1.28222641e+02, 3.34028168e+02, 1.28962494e+02, 3.26136536e+02,
    1.28733368e+02, 3.16614502e+02, 1.26362312e+02, 3.31993347e+02,
    1.21658485e+02, 3.37309784e+02, 1.21071327e+02, 3.42275696e+02,
    1.20128181e+02, 3.53065094e+02, 1.17919991e+02, 3.42275696e+02,
    1.20128181e+02, 3.37309784e+02, 1.21071327e+02, 3.31993347e+02,
    1.21658485e+02 ]
noOfLandmarkPoint: 68
