%YAML:1.0
landmark: [ 3.04968967e+01, 1.64644302e+02, 3.23344688e+01,
    1.87520081e+02, 3.54842567e+01, 2.07584824e+02, 4.01765480e+01,
    2.27715942e+02, 4.95528870e+01, 2.45595200e+02, 6.35392532e+01,
    2.60035461e+02, 7.90395126e+01, 2.73166443e+02, 1.01086540e+02,
    2.84699036e+02, 1.22558556e+02, 2.87691498e+02, 1.43089752e+02,
    2.83749176e+02, 1.54875793e+02, 2.69152985e+02, 1.65520172e+02,
    2.54294479e+02, 1.74322571e+02, 2.37834015e+02, 1.77939896e+02,
    2.18671326e+02, 1.79647552e+02, 2.01046494e+02, 1.81833923e+02,
    1.84131104e+02, 1.82490265e+02, 1.70356583e+02, 5.85046577e+01,
    1.50846802e+02, 6.78094177e+01, 1.40882706e+02, 8.24660416e+01,
    1.36526993e+02, 9.57033310e+01, 1.39451569e+02, 1.08191231e+02,
    1.45593430e+02, 1.38460526e+02, 1.47735397e+02, 1.51693893e+02,
    1.42533951e+02, 1.63655090e+02, 1.43205276e+02, 1.76807800e+02,
    1.46141693e+02, 1.80544617e+02, 1.58443176e+02, 1.26840286e+02,
    1.64102646e+02, 1.28258621e+02, 1.74443268e+02, 1.30288483e+02,
    1.85494064e+02, 1.32620148e+02, 1.96343628e+02, 1.12175026e+02,
    2.06896042e+02, 1.19838585e+02, 2.09462402e+02, 1.28207428e+02,
    2.11442902e+02, 1.34767258e+02, 2.08860077e+02, 1.40304245e+02,
    2.06775665e+02, 7.82371445e+01, 1.61858307e+02, 8.46767578e+01,
    1.58095856e+02, 9.43113403e+01, 1.57238205e+02, 1.03765289e+02,
    1.65030273e+02, 9.43504868e+01, 1.65847488e+02, 8.49998932e+01,
    1.65625107e+02, 1.39080627e+02, 1.65245621e+02, 1.45717667e+02,
    1.59276382e+02, 1.54674316e+02, 1.58783325e+02, 1.61472321e+02,
    1.62960190e+02, 1.55968552e+02, 1.66491226e+02, 1.47382965e+02,
    1.66306152e+02, 9.29203873e+01, 2.31553619e+02, 1.09535194e+02,
    2.28915619e+02, 1.21481743e+02, 2.26939011e+02, 1.27891708e+02,
    2.29271484e+02, 1.35342545e+02, 2.26144104e+02, 1.43811218e+02,
    2.27592102e+02, 1.48419891e+02, 2.30927277e+02, 1.43725052e+02,
    2.39405090e+02, 1.36398544e+02, 2.41622635e+02, 1.28321915e+02,
    2.42707977e+02, 1.21307716e+02, 2.43040802e+02, 1.08970909e+02,
    2.40004761e+02, 9.79824600e+01, 2.32636810e+02, 1.21126846e+02,
    2.33190979e+02, 1.28045822e+02, 2.33887711e+02, 1.35611038e+02,
    2.32660995e+02, 1.46258316e+02, 2.31168961e+02, 1.35611038e+02,
    2.32660995e+02, 1.28045822e+02, 2.33887711e+02, 1.21126846e+02,
    2.33190979e+02 ]
noOfLandmarkPoint: 68
