%YAML:1.0
landmark: [ 1.21485184e+02, 1.57746521e+02, 1.22257988e+02,
    1.75063797e+02, 1.28829132e+02, 1.88849304e+02, 1.33725082e+02,
    2.08246429e+02, 1.37158508e+02, 2.27404999e+02, 1.44502441e+02,
    2.42518143e+02, 1.57012131e+02, 2.56485046e+02, 1.74702850e+02,
    2.69176147e+02, 1.94352325e+02, 2.74609100e+02, 2.12840042e+02,
    2.72248901e+02, 2.28795654e+02, 2.62910309e+02, 2.43752197e+02,
    2.49088776e+02, 2.55750290e+02, 2.33052139e+02, 2.59609344e+02,
    2.14179657e+02, 2.60807434e+02, 1.96032440e+02, 2.66232330e+02,
    1.76931015e+02, 2.65490753e+02, 1.58042221e+02, 1.31173447e+02,
    1.31072571e+02, 1.43091736e+02, 1.20357681e+02, 1.57299652e+02,
    1.23768341e+02, 1.69137741e+02, 1.29003357e+02, 1.79728378e+02,
    1.34988419e+02, 2.11184952e+02, 1.35155914e+02, 2.25711075e+02,
    1.30658356e+02, 2.38241364e+02, 1.28208466e+02, 2.50670990e+02,
    1.26458725e+02, 2.59250885e+02, 1.33840546e+02, 1.95925262e+02,
    1.50614731e+02, 1.95374069e+02, 1.63043472e+02, 1.95027451e+02,
    1.76052460e+02, 1.94753922e+02, 1.88368958e+02, 1.82388489e+02,
    1.95374466e+02, 1.88131165e+02, 1.97900146e+02, 1.94353363e+02,
    2.00089722e+02, 2.00392410e+02, 1.97411469e+02, 2.07294571e+02,
    1.95161163e+02, 1.49172470e+02, 1.52853577e+02, 1.58182114e+02,
    1.47458755e+02, 1.65865387e+02, 1.47476517e+02, 1.75826080e+02,
    1.53916046e+02, 1.65951508e+02, 1.55763901e+02, 1.55248123e+02,
    1.55851425e+02, 2.16944534e+02, 1.54234695e+02, 2.25896637e+02,
    1.48274002e+02, 2.34156967e+02, 1.48349899e+02, 2.42141113e+02,
    1.53546326e+02, 2.35172150e+02, 1.55903183e+02, 2.26375534e+02,
    1.56270676e+02, 1.65149475e+02, 2.21362793e+02, 1.77251434e+02,
    2.14095291e+02, 1.87492432e+02, 2.12236755e+02, 1.96673782e+02,
    2.13602692e+02, 2.05806091e+02, 2.11737549e+02, 2.16913727e+02,
    2.14091949e+02, 2.26001450e+02, 2.20885681e+02, 2.17514786e+02,
    2.33094360e+02, 2.06722427e+02, 2.39140244e+02, 1.96795319e+02,
    2.40729004e+02, 1.87250549e+02, 2.39688904e+02, 1.75722900e+02,
    2.34338806e+02, 1.71824280e+02, 2.23276520e+02, 1.87577728e+02,
    2.20676697e+02, 1.96737030e+02, 2.20457916e+02, 2.05723434e+02,
    2.21022552e+02, 2.19685608e+02, 2.23080627e+02, 2.05723434e+02,
    2.28284698e+02, 1.96600800e+02, 2.29304153e+02, 1.87585480e+02,
    2.29050049e+02 ]
noOfLandmarkPoint: 68
