%YAML:1.0
landmark: [ 2.28850174e+02, 1.58805206e+02, 2.29459167e+02,
    1.71366760e+02, 2.31327301e+02, 1.84069351e+02, 2.34566315e+02,
    1.96898956e+02, 2.40254654e+02, 2.08500046e+02, 2.49546249e+02,
    2.16479462e+02, 2.59643341e+02, 2.23781555e+02, 2.70937103e+02,
    2.29930618e+02, 2.84472809e+02, 2.32957443e+02, 2.95502655e+02,
    2.27772781e+02, 3.03419464e+02, 2.20567108e+02, 3.11359344e+02,
    2.10052826e+02, 3.13228333e+02, 2.00216232e+02, 3.14852936e+02,
    1.89415970e+02, 3.15672150e+02, 1.77724243e+02, 3.16147064e+02,
    1.66535172e+02, 3.15097321e+02, 1.54124161e+02, 2.41781006e+02,
    1.34936844e+02, 2.47318634e+02, 1.32637436e+02, 2.53458847e+02,
    1.32120941e+02, 2.59124176e+02, 1.32048737e+02, 2.64978394e+02,
    1.33026260e+02, 2.89786530e+02, 1.31329437e+02, 2.93741180e+02,
    1.27777496e+02, 2.99134369e+02, 1.26425011e+02, 3.04541443e+02,
    1.27533119e+02, 3.07157440e+02, 1.31098923e+02, 2.80225525e+02,
    1.49442657e+02, 2.81658997e+02, 1.55883331e+02, 2.83263519e+02,
    1.62918472e+02, 2.85301666e+02, 1.69912491e+02, 2.74154053e+02,
    1.78343597e+02, 2.78741882e+02, 1.79076736e+02, 2.83743103e+02,
    1.80433777e+02, 2.87212128e+02, 1.78587967e+02, 2.90836304e+02,
    1.77366058e+02, 2.50219406e+02, 1.53304184e+02, 2.54008713e+02,
    1.50579758e+02, 2.58645813e+02, 1.50455200e+02, 2.63244324e+02,
    1.54443939e+02, 2.58744598e+02, 1.55472748e+02, 2.53740295e+02,
    1.55722824e+02, 2.91899384e+02, 1.50863754e+02, 2.95659851e+02,
    1.47038620e+02, 3.00543579e+02, 1.45822556e+02, 3.03142181e+02,
    1.49297638e+02, 3.00961792e+02, 1.52263809e+02, 2.96274780e+02,
    1.52116821e+02, 2.65942078e+02, 1.99844177e+02, 2.71569031e+02,
    1.95232681e+02, 2.80111359e+02, 1.90870117e+02, 2.84725891e+02,
    1.91274414e+02, 2.88793091e+02, 1.90069366e+02, 2.93406677e+02,
    1.92549042e+02, 2.96669373e+02, 1.97760361e+02, 2.93884827e+02,
    2.02001968e+02, 2.90275482e+02, 2.04253632e+02, 2.85853699e+02,
    2.04705597e+02, 2.82092438e+02, 2.04885773e+02, 2.73291718e+02,
    2.05239059e+02, 2.70185577e+02, 1.99283188e+02, 2.80811554e+02,
    1.95217026e+02, 2.84983490e+02, 1.95257385e+02, 2.89093201e+02,
    1.94791122e+02, 2.93496948e+02, 1.97105682e+02, 2.89552063e+02,
    1.99335342e+02, 2.85472565e+02, 2.00219910e+02, 2.81419495e+02,
    2.01156403e+02 ]
noOfLandmarkPoint: 68
