%YAML:1.0
landmark: [ 8.95457935e+00, 3.75833923e+02, 3.81851602e+00,
    3.93284637e+02, 2.96250510e+00, 4.09068390e+02, 3.69087100e+00,
    4.26736908e+02, 1.92643127e+01, 4.36671265e+02, 3.77287331e+01,
    4.44412964e+02, 5.40981903e+01, 4.51170990e+02, 6.54892807e+01,
    4.53048279e+02, 7.43010788e+01, 4.52791809e+02, 8.09903336e+01,
    4.49659882e+02, 8.17311935e+01, 4.39321960e+02, 8.36760254e+01,
    4.29635437e+02, 8.64618378e+01, 4.14677643e+02, 9.24614716e+01,
    4.05163818e+02, 9.55025787e+01, 3.96573578e+02, 9.63886337e+01,
    3.86061066e+02, 9.72596664e+01, 3.76389557e+02, 3.20656700e+01,
    3.54772766e+02, 4.04966469e+01, 3.50205872e+02, 5.04471703e+01,
    3.48838013e+02, 6.06107674e+01, 3.49346619e+02, 7.10475922e+01,
    3.51591461e+02, 8.55607605e+01, 3.51925507e+02, 9.00157623e+01,
    3.49838104e+02, 9.43161621e+01, 3.48538971e+02, 9.82583466e+01,
    3.48381287e+02, 1.01029137e+02, 3.50724060e+02, 7.72927933e+01,
    3.68498657e+02, 8.04846878e+01, 3.77493408e+02, 8.49825211e+01,
    3.85880890e+02, 8.80536728e+01, 3.94335938e+02, 6.91312027e+01,
    4.00237976e+02, 7.37341995e+01, 4.01251678e+02, 7.87201385e+01,
    4.04420441e+02, 8.42466965e+01, 4.03421753e+02, 8.83015060e+01,
    4.00921265e+02, 4.22349014e+01, 3.67383087e+02, 4.74473267e+01,
    3.63794464e+02, 5.36075134e+01, 3.63883484e+02, 5.71292877e+01,
    3.67460876e+02, 5.47455864e+01, 3.70751404e+02, 4.86578026e+01,
    3.71266632e+02, 8.15885315e+01, 3.68122253e+02, 8.42324982e+01,
    3.62992310e+02, 8.99433823e+01, 3.63268646e+02, 9.09221649e+01,
    3.66665527e+02, 8.90899582e+01, 3.68167328e+02, 8.54867325e+01,
    3.68219543e+02, 5.32723274e+01, 4.22622101e+02, 6.47684784e+01,
    4.17223175e+02, 7.33511658e+01, 4.16322113e+02, 7.68128204e+01,
    4.17606110e+02, 8.03570404e+01, 4.16134369e+02, 8.46446533e+01,
    4.17463440e+02, 8.39313126e+01, 4.23192780e+02, 8.23018723e+01,
    4.27690613e+02, 7.92767105e+01, 4.28619995e+02, 7.54183731e+01,
    4.28387634e+02, 7.14514084e+01, 4.28306335e+02, 6.28687172e+01,
    4.26834595e+02, 5.62308578e+01, 4.22622101e+02, 7.26228027e+01,
    4.22306702e+02, 7.59117355e+01, 4.22449371e+02, 7.93283157e+01,
    4.22164032e+02, 8.17311935e+01, 4.23177734e+02, 7.93283157e+01,
    4.22164032e+02, 7.59117355e+01, 4.22449371e+02, 7.26228027e+01,
    4.22306702e+02 ]
noOfLandmarkPoint: 68
