%YAML:1.0
landmark: [ 1.10758247e+02, 1.12590263e+02, 1.12925468e+02,
    1.31142441e+02, 1.15723976e+02, 1.49596649e+02, 1.18719681e+02,
    1.66568939e+02, 1.24135445e+02, 1.80939926e+02, 1.33058762e+02,
    1.93450562e+02, 1.43117447e+02, 2.03887680e+02, 1.56502426e+02,
    2.13567917e+02, 1.69060913e+02, 2.15854568e+02, 1.82951965e+02,
    2.12362961e+02, 1.95414734e+02, 2.03951492e+02, 2.05851868e+02,
    1.93269318e+02, 2.14476486e+02, 1.81350281e+02, 2.20585358e+02,
    1.67554947e+02, 2.25292068e+02, 1.52704010e+02, 2.31731537e+02,
    1.35022675e+02, 2.35207184e+02, 1.16232094e+02, 1.24564255e+02,
    9.76195679e+01, 1.34663116e+02, 9.30122223e+01, 1.44902542e+02,
    9.30801010e+01, 1.54534103e+02, 9.67101212e+01, 1.64232529e+02,
    1.02092461e+02, 1.92369888e+02, 1.00013931e+02, 2.00774689e+02,
    9.75861130e+01, 2.09522751e+02, 9.66194687e+01, 2.18201981e+02,
    9.79916306e+01, 2.25192169e+02, 1.02907150e+02, 1.76441589e+02,
    1.12659370e+02, 1.76129272e+02, 1.22391602e+02, 1.75822617e+02,
    1.33348053e+02, 1.75671616e+02, 1.44256790e+02, 1.59983871e+02,
    1.50390091e+02, 1.65846161e+02, 1.53141678e+02, 1.73866058e+02,
    1.57105408e+02, 1.78534775e+02, 1.54072769e+02, 1.84475983e+02,
    1.52194519e+02, 1.35745346e+02, 1.11904343e+02, 1.42836746e+02,
    1.08149467e+02, 1.51337936e+02, 1.09566139e+02, 1.57442047e+02,
    1.16287842e+02, 1.50437775e+02, 1.17113289e+02, 1.42285248e+02,
    1.16483040e+02, 1.92730133e+02, 1.19415527e+02, 1.97543457e+02,
    1.13857689e+02, 2.06586441e+02, 1.12444763e+02, 2.14895935e+02,
    1.15213448e+02, 2.08955322e+02, 1.20811691e+02, 2.01229126e+02,
    1.21812866e+02, 1.49453873e+02, 1.71336594e+02, 1.57611618e+02,
    1.67941010e+02, 1.66361252e+02, 1.66039200e+02, 1.71812744e+02,
    1.68137650e+02, 1.77522293e+02, 1.67015686e+02, 1.85089386e+02,
    1.69824402e+02, 1.91927734e+02, 1.74785583e+02, 1.84812057e+02,
    1.82860413e+02, 1.77926605e+02, 1.85752686e+02, 1.71615463e+02,
    1.86823502e+02, 1.65189758e+02, 1.86019287e+02, 1.56677277e+02,
    1.80935043e+02, 1.53933029e+02, 1.73647858e+02, 1.65641663e+02,
    1.74116089e+02, 1.71368759e+02, 1.75150131e+02, 1.77498108e+02,
    1.75046692e+02, 1.85798325e+02, 1.75657684e+02, 1.77531403e+02,
    1.77511612e+02, 1.71395157e+02, 1.78572876e+02, 1.65583481e+02,
    1.77637451e+02 ]
noOfLandmarkPoint: 68
