%YAML:1.0
landmark: [ 1.05904015e+02, 1.70435593e+02, 1.09538681e+02,
    1.85045044e+02, 1.13703423e+02, 1.98744675e+02, 1.18755325e+02,
    2.12985367e+02, 1.26050934e+02, 2.26647858e+02, 1.34127579e+02,
    2.39225189e+02, 1.42954483e+02, 2.52249115e+02, 1.57004028e+02,
    2.58878784e+02, 1.77070374e+02, 2.58179749e+02, 1.95108002e+02,
    2.46858658e+02, 2.10150360e+02, 2.34331406e+02, 2.22256500e+02,
    2.19572052e+02, 2.31298752e+02, 2.02329773e+02, 2.34106369e+02,
    1.82625000e+02, 2.34760788e+02, 1.63694763e+02, 2.34933273e+02,
    1.45221039e+02, 1.05964500e+02, 1.37892899e+02, 1.15589775e+02,
    1.38723022e+02, 1.24239822e+02, 1.40891144e+02, 1.32978043e+02,
    1.44382706e+02, 1.41610260e+02, 1.48692398e+02, 1.62497421e+02,
    1.49387100e+02, 1.74766129e+02, 1.45088730e+02, 1.87020432e+02,
    1.42028763e+02, 1.98906509e+02, 1.40097122e+02, 2.11175217e+02,
    1.40340881e+02, 1.52275421e+02, 1.60380341e+02, 1.51484039e+02,
    1.72073502e+02, 1.50875549e+02, 1.84722549e+02, 1.50448227e+02,
    1.97321243e+02, 1.42757401e+02, 2.02391251e+02, 1.47191223e+02,
    2.06502518e+02, 1.52425537e+02, 2.09348129e+02, 1.60611633e+02,
    2.06572464e+02, 1.67894501e+02, 2.03267853e+02, 1.18865585e+02,
    1.54352570e+02, 1.23391159e+02, 1.50619614e+02, 1.34124527e+02,
    1.51315109e+02, 1.40181152e+02, 1.57720428e+02, 1.32904617e+02,
    1.60617752e+02, 1.23702225e+02, 1.60267853e+02, 1.74670212e+02,
    1.60080170e+02, 1.80143570e+02, 1.52159775e+02, 1.89486740e+02,
    1.51784363e+02, 1.97972336e+02, 1.56237061e+02, 1.91576965e+02,
    1.61177521e+02, 1.82490372e+02, 1.61895554e+02, 1.36271103e+02,
    2.17783081e+02, 1.43212967e+02, 2.17487183e+02, 1.48785858e+02,
    2.16013260e+02, 1.54933472e+02, 2.18505341e+02, 1.62701447e+02,
    2.16875534e+02, 1.71667099e+02, 2.17745224e+02, 1.83716690e+02,
    2.18948822e+02, 1.72447617e+02, 2.30791306e+02, 1.62095215e+02,
    2.33806534e+02, 1.54891357e+02, 2.33676071e+02, 1.48450851e+02,
    2.32344604e+02, 1.42662445e+02, 2.28446945e+02, 1.39662460e+02,
    2.19924835e+02, 1.48767654e+02, 2.21715027e+02, 1.54608856e+02,
    2.22569839e+02, 1.62457825e+02, 2.22453964e+02, 1.79609634e+02,
    2.20607895e+02, 1.62457825e+02, 2.22453964e+02, 1.54608856e+02,
    2.22569839e+02, 1.48767654e+02, 2.21715027e+02, 0., 0. ]
noOfLandmarkPoint: 68
