%YAML:1.0
landmark: [ 2.97438477e+02, 2.18570389e+02, 2.97581604e+02,
    2.47094696e+02, 3.02447327e+02, 2.75614410e+02, 3.05451233e+02,
    3.01350586e+02, 3.13376556e+02, 3.26227844e+02, 3.27339111e+02,
    3.50040009e+02, 3.44753723e+02, 3.69045319e+02, 3.65441345e+02,
    3.84094391e+02, 3.89734650e+02, 3.89210999e+02, 4.14997070e+02,
    3.84521820e+02, 4.34682281e+02, 3.69015625e+02, 4.54076752e+02,
    3.49692719e+02, 4.69294830e+02, 3.28105225e+02, 4.79420227e+02,
    3.04757233e+02, 4.84756989e+02, 2.78813751e+02, 4.89086243e+02,
    2.51892548e+02, 4.90176697e+02, 2.21545456e+02, 3.12265503e+02,
    2.13054611e+02, 3.27202423e+02, 2.01621902e+02, 3.44949707e+02,
    2.06374908e+02, 3.60335693e+02, 2.12274780e+02, 3.76527130e+02,
    2.21040863e+02, 4.09376465e+02, 2.25869461e+02, 4.26204254e+02,
    2.16817291e+02, 4.41881683e+02, 2.11921738e+02, 4.58992279e+02,
    2.10977448e+02, 4.71877167e+02, 2.19143097e+02, 3.91932220e+02,
    2.37724289e+02, 3.90685150e+02, 2.55780670e+02, 3.88649170e+02,
    2.75745911e+02, 3.86455536e+02, 2.94869324e+02, 3.73085815e+02,
    2.99350739e+02, 3.81363556e+02, 3.04203278e+02, 3.90718384e+02,
    3.06222321e+02, 4.01317780e+02, 3.03957214e+02, 4.09530396e+02,
    2.98179260e+02, 3.37626282e+02, 2.34912399e+02, 3.47491119e+02,
    2.30363495e+02, 3.59372589e+02, 2.31340652e+02, 3.68604675e+02,
    2.36140091e+02, 3.55726715e+02, 2.40692032e+02, 3.44508667e+02,
    2.41116318e+02, 4.21590729e+02, 2.35385864e+02, 4.29308502e+02,
    2.31594772e+02, 4.38697266e+02, 2.32259796e+02, 4.45814301e+02,
    2.35961594e+02, 4.38715576e+02, 2.41612167e+02, 4.28689301e+02,
    2.41278183e+02, 3.58053802e+02, 3.28044861e+02, 3.69310181e+02,
    3.27488129e+02, 3.83563934e+02, 3.26082947e+02, 3.92361908e+02,
    3.30323883e+02, 4.02678711e+02, 3.27406708e+02, 4.14171631e+02,
    3.29580139e+02, 4.23363556e+02, 3.30162201e+02, 4.15221802e+02,
    3.39036530e+02, 4.03128174e+02, 3.46978241e+02, 3.92384460e+02,
    3.46931885e+02, 3.82092621e+02, 3.47475861e+02, 3.67650116e+02,
    3.40243042e+02, 3.61071167e+02, 3.28529510e+02, 3.83375336e+02,
    3.31416901e+02, 3.92574493e+02, 3.35042938e+02, 4.02590057e+02,
    3.33501831e+02, 4.18472534e+02, 3.31680969e+02, 4.02590057e+02,
    3.33501831e+02, 3.92574493e+02, 3.35042938e+02, 3.83356934e+02,
    3.35369019e+02 ]
noOfLandmarkPoint: 68
