%YAML:1.0
landmark: [ 8.60886917e+01, 1.90564270e+02, 8.70449905e+01,
    2.10646530e+02, 9.01430817e+01, 2.34083740e+02, 9.61337738e+01,
    2.53675995e+02, 1.06611320e+02, 2.74572601e+02, 1.17970810e+02,
    2.92154175e+02, 1.30235443e+02, 3.08893921e+02, 1.44727768e+02,
    3.24153992e+02, 1.66455139e+02, 3.31547150e+02, 1.93221741e+02,
    3.24924164e+02, 2.14268204e+02, 3.11998322e+02, 2.32196823e+02,
    2.95026031e+02, 2.47959946e+02, 2.79974213e+02, 2.60395752e+02,
    2.58465393e+02, 2.68582092e+02, 2.32777435e+02, 2.71202026e+02,
    2.09954697e+02, 2.71132385e+02, 1.82435730e+02, 9.37667313e+01,
    1.64262115e+02, 1.02843666e+02, 1.53738892e+02, 1.15516586e+02,
    1.54710983e+02, 1.28177658e+02, 1.60693771e+02, 1.41360352e+02,
    1.68114960e+02, 1.72629730e+02, 1.64511063e+02, 1.91542297e+02,
    1.57342789e+02, 2.09842941e+02, 1.52077209e+02, 2.27419632e+02,
    1.55453217e+02, 2.40667313e+02, 1.65063736e+02, 1.57144974e+02,
    1.86020508e+02, 1.56279053e+02, 2.01289001e+02, 1.55304245e+02,
    2.16597275e+02, 1.54517685e+02, 2.31922531e+02, 1.41931549e+02,
    2.39554626e+02, 1.49649109e+02, 2.43184509e+02, 1.58156967e+02,
    2.43827042e+02, 1.67596970e+02, 2.41647385e+02, 1.76116943e+02,
    2.39248169e+02, 1.07143051e+02, 1.86011978e+02, 1.17417336e+02,
    1.80523132e+02, 1.27948463e+02, 1.81246292e+02, 1.38689041e+02,
    1.89125870e+02, 1.26755066e+02, 1.93445023e+02, 1.15512642e+02,
    1.92484772e+02, 1.88665497e+02, 1.87932465e+02, 1.99896072e+02,
    1.80044983e+02, 2.12565048e+02, 1.79562881e+02, 2.21890930e+02,
    1.84344376e+02, 2.12794250e+02, 1.90805313e+02, 2.01093430e+02,
    1.91532425e+02, 1.28969482e+02, 2.63655365e+02, 1.40582993e+02,
    2.58629639e+02, 1.52331665e+02, 2.56714844e+02, 1.59970139e+02,
    2.58414642e+02, 1.70160004e+02, 2.55898804e+02, 1.86601730e+02,
    2.56832245e+02, 2.09696152e+02, 2.57979340e+02, 1.89648056e+02,
    2.84281647e+02, 1.71717667e+02, 2.92846802e+02, 1.60601532e+02,
    2.93604004e+02, 1.52623718e+02, 2.93385834e+02, 1.40359421e+02,
    2.86178650e+02, 1.34850006e+02, 2.66066345e+02, 1.52848312e+02,
    2.66605835e+02, 1.60641846e+02, 2.67266510e+02, 1.70787537e+02,
    2.64235046e+02, 2.06112015e+02, 2.60132996e+02, 1.71436218e+02,
    2.79902893e+02, 1.61041992e+02, 2.80807770e+02, 1.52278061e+02,
    2.78976746e+02 ]
noOfLandmarkPoint: 68
