%YAML:1.0
landmark: [ 1.07234344e+02, 2.14239487e+02, 1.13109566e+02,
    2.33994553e+02, 1.19801163e+02, 2.50881653e+02, 1.30793579e+02,
    2.71043549e+02, 1.40618042e+02, 2.89666473e+02, 1.50442490e+02,
    3.11935242e+02, 1.65135620e+02, 3.32211670e+02, 1.86836533e+02,
    3.51805756e+02, 2.12783432e+02, 3.53798065e+02, 2.36531509e+02,
    3.49240753e+02, 2.55770523e+02, 3.35129700e+02, 2.78020203e+02,
    3.13821289e+02, 2.92900604e+02, 2.88670746e+02, 3.07666046e+02,
    2.58708923e+02, 3.05243011e+02, 2.28438644e+02, 3.00685669e+02,
    1.99963867e+02, 2.92738983e+02, 1.71259995e+02, 9.87552032e+01,
    1.87863174e+02, 1.12225517e+02, 1.88687515e+02, 1.23048561e+02,
    1.90226532e+02, 1.36605988e+02, 1.90996033e+02, 1.48624420e+02,
    1.92818954e+02, 1.77437973e+02, 1.84162476e+02, 1.95094559e+02,
    1.74479980e+02, 2.10044189e+02, 1.64000549e+02, 2.25222900e+02,
    1.55911911e+02, 2.41798645e+02, 1.54285782e+02, 1.60682007e+02,
    1.99012817e+02, 1.61462341e+02, 2.18509354e+02, 1.61347794e+02,
    2.37050003e+02, 1.61631714e+02, 2.57353882e+02, 1.55283737e+02,
    2.63096863e+02, 1.65212738e+02, 2.68152344e+02, 1.77547363e+02,
    2.67719055e+02, 1.85494339e+02, 2.61498169e+02, 1.92813705e+02,
    2.55913391e+02, 1.18102295e+02, 2.05676605e+02, 1.27147720e+02,
    1.99625092e+02, 1.38341797e+02, 1.97289169e+02, 1.48819336e+02,
    2.01216187e+02, 1.37741684e+02, 2.07599197e+02, 1.27838928e+02,
    2.10652496e+02, 2.00618195e+02, 1.92818954e+02, 2.10900818e+02,
    1.83960815e+02, 2.21636734e+02, 1.81853958e+02, 2.33311539e+02,
    1.83562347e+02, 2.25566513e+02, 1.90368484e+02, 2.15201630e+02,
    1.94527344e+02, 1.68497559e+02, 3.00800842e+02, 1.74479340e+02,
    2.97045288e+02, 1.79260895e+02, 2.93541412e+02, 1.87175308e+02,
    2.94026978e+02, 1.96944916e+02, 2.88045197e+02, 2.11555771e+02,
    2.87761261e+02, 2.28442871e+02, 2.86249695e+02, 2.17560135e+02,
    3.03567505e+02, 2.04204361e+02, 3.08605560e+02, 1.91732620e+02,
    3.12251434e+02, 1.82022705e+02, 3.13048340e+02, 1.75816696e+02,
    3.09145996e+02, 1.71772369e+02, 2.99747406e+02, 1.80199783e+02,
    2.98295532e+02, 1.87830261e+02, 2.97613159e+02, 1.99477646e+02,
    2.93426849e+02, 2.23133469e+02, 2.86730408e+02, 1.99477646e+02,
    2.93426849e+02, 1.87830261e+02, 2.97613159e+02, 1.80199783e+02,
    2.98295532e+02 ]
noOfLandmarkPoint: 68
