%YAML:1.0
landmark: [ 1.13179466e+02, 1.74317947e+02, 1.10983238e+02,
    1.94165253e+02, 1.08709328e+02, 2.15328934e+02, 1.10628693e+02,
    2.37329803e+02, 1.11870911e+02, 2.61832733e+02, 1.18976364e+02,
    2.84229095e+02, 1.28879395e+02, 3.03181824e+02, 1.45033340e+02,
    3.18042419e+02, 1.65279388e+02, 3.26008484e+02, 1.89987732e+02,
    3.28550018e+02, 2.14388489e+02, 3.20831512e+02, 2.34200607e+02,
    3.08340607e+02, 2.47324249e+02, 2.89391510e+02, 2.56705597e+02,
    2.66767365e+02, 2.64264771e+02, 2.45353363e+02, 2.70592010e+02,
    2.25458725e+02, 2.76036926e+02, 2.07121979e+02, 1.20838852e+02,
    1.74348251e+02, 1.30697357e+02, 1.71579819e+02, 1.42076950e+02,
    1.73379089e+02, 1.53148605e+02, 1.78371246e+02, 1.63459229e+02,
    1.85310104e+02, 1.97774948e+02, 1.91288071e+02, 2.11963531e+02,
    1.88522690e+02, 2.25584854e+02, 1.88043884e+02, 2.38459702e+02,
    1.91107346e+02, 2.49745285e+02, 1.98995056e+02, 1.78308060e+02,
    2.05822693e+02, 1.73836075e+02, 2.23625366e+02, 1.69249924e+02,
    2.41584442e+02, 1.64760483e+02, 2.58474945e+02, 1.52573944e+02,
    2.54294540e+02, 1.57954544e+02, 2.61187866e+02, 1.64843033e+02,
    2.65278778e+02, 1.75824844e+02, 2.63123627e+02, 1.84870911e+02,
    2.61187866e+02, 1.30244507e+02, 1.92341721e+02, 1.41888092e+02,
    1.90951920e+02, 1.53898361e+02, 1.94919540e+02, 1.58788345e+02,
    2.03478195e+02, 1.48107941e+02, 2.01448898e+02, 1.37559631e+02,
    1.97882538e+02, 2.04313156e+02, 2.12470535e+02, 2.13294922e+02,
    2.04909714e+02, 2.25560120e+02, 2.05605682e+02, 2.33275955e+02,
    2.11403244e+02, 2.23656189e+02, 2.15402786e+02, 2.14443054e+02,
    2.14919769e+02, 1.36964478e+02, 2.68496765e+02, 1.50097641e+02,
    2.70024017e+02, 1.60246323e+02, 2.71479492e+02, 1.64401321e+02,
    2.74280151e+02, 1.72540329e+02, 2.74587433e+02, 1.87242050e+02,
    2.78108643e+02, 2.02049332e+02, 2.80673828e+02, 1.83618225e+02,
    2.92235657e+02, 1.66401733e+02, 2.94518799e+02, 1.57870468e+02,
    2.92239685e+02, 1.52967789e+02, 2.88826965e+02, 1.45279297e+02,
    2.82167267e+02, 1.40725449e+02, 2.70876373e+02, 1.57223160e+02,
    2.79369537e+02, 1.62193771e+02, 2.81640991e+02, 1.69924088e+02,
    2.82695587e+02, 1.97798187e+02, 2.81213318e+02, 1.69924088e+02,
    2.82695587e+02, 1.62193771e+02, 2.81640991e+02, 1.57223160e+02,
    2.79369537e+02 ]
noOfLandmarkPoint: 68
