%YAML:1.0
landmark: [ 2.50858261e+02, 3.80331116e+02, 2.59504822e+02,
    4.17387817e+02, 2.69386597e+02, 4.58150177e+02, 2.82974060e+02,
    4.95206879e+02, 3.08126709e+02, 5.25473206e+02, 3.36291718e+02,
    5.49905579e+02, 3.68463928e+02, 5.69112183e+02, 4.09480530e+02,
    5.74397339e+02, 4.44430084e+02, 5.66259460e+02, 4.75466858e+02,
    5.39848755e+02, 4.97469696e+02, 5.11764893e+02, 5.15274353e+02,
    4.79633759e+02, 5.22573853e+02, 4.33619995e+02, 5.21181641e+02,
    3.94602112e+02, 5.24116455e+02, 3.55856964e+02, 5.19749634e+02,
    3.15908661e+02, 2.68115906e+02, 3.23840729e+02, 2.93274567e+02,
    3.11260925e+02, 3.21519440e+02, 3.08047028e+02, 3.46860718e+02,
    3.11855164e+02, 3.70272614e+02, 3.21389679e+02, 4.06251282e+02,
    3.20158447e+02, 4.32340698e+02, 3.06874817e+02, 4.57296112e+02,
    2.98057220e+02, 4.83758575e+02, 2.94750641e+02, 5.05855804e+02,
    3.03467499e+02, 3.93791290e+02, 3.43320587e+02, 3.97402832e+02,
    3.69425079e+02, 3.99864960e+02, 3.96162201e+02, 4.03089966e+02,
    4.23120789e+02, 3.73028839e+02, 4.38832977e+02, 3.90494690e+02,
    4.43952087e+02, 4.04909271e+02, 4.46872314e+02, 4.19511169e+02,
    4.40126678e+02, 4.32406738e+02, 4.33552094e+02, 3.01502411e+02,
    3.49450531e+02, 3.15971436e+02, 3.37272614e+02, 3.37328949e+02,
    3.36216736e+02, 3.54544434e+02, 3.50417633e+02, 3.38694611e+02,
    3.55167236e+02, 3.18461182e+02, 3.56416870e+02, 4.24993469e+02,
    3.48107361e+02, 4.40898224e+02, 3.27395874e+02, 4.64551880e+02,
    3.23510864e+02, 4.82859985e+02, 3.37318542e+02, 4.68083252e+02,
    3.44156006e+02, 4.44979156e+02, 3.47906036e+02, 3.47504395e+02,
    4.79660278e+02, 3.69492767e+02, 4.74094604e+02, 3.92183411e+02,
    4.69767120e+02, 4.04677643e+02, 4.71743164e+02, 4.18201599e+02,
    4.66357391e+02, 4.35914246e+02, 4.67963928e+02, 4.59610962e+02,
    4.70502411e+02, 4.39832214e+02, 4.94514771e+02, 4.23605103e+02,
    5.03853424e+02, 4.09504883e+02, 5.07733398e+02, 3.95051025e+02,
    5.07041290e+02, 3.70690094e+02, 5.01223877e+02, 3.76777405e+02,
    4.83129120e+02, 3.93206848e+02, 4.79066284e+02, 4.05693146e+02,
    4.78242096e+02, 4.20432404e+02, 4.77544922e+02, 4.34320648e+02,
    4.79273407e+02, 4.21403717e+02, 4.85563538e+02, 4.07088654e+02,
    4.88203217e+02, 3.93911652e+02, 4.88012848e+02, 0., 0. ]
noOfLandmarkPoint: 68
