%YAML:1.0
landmark: [ 6.00057030e+01, 2.03541824e+02, 6.11733665e+01,
    2.24207916e+02, 6.96763000e+01, 2.45297379e+02, 7.15064163e+01,
    2.66246582e+02, 7.77395782e+01, 2.84706879e+02, 8.73171692e+01,
    3.03083862e+02, 9.85625992e+01, 3.17338196e+02, 1.07821686e+02,
    3.31767487e+02, 1.29592224e+02, 3.36328278e+02, 1.54120453e+02,
    3.34647736e+02, 1.79489700e+02, 3.26086243e+02, 2.01382660e+02,
    3.11808014e+02, 2.20480377e+02, 2.93532593e+02, 2.30060547e+02,
    2.73207428e+02, 2.32102356e+02, 2.46742264e+02, 2.33896698e+02,
    2.15709122e+02, 2.33389740e+02, 1.90867554e+02, 6.18639679e+01,
    1.76535980e+02, 7.00742645e+01, 1.69365341e+02, 8.13146973e+01,
    1.69035309e+02, 9.31982346e+01, 1.69352249e+02, 1.04213257e+02,
    1.71328888e+02, 1.39546463e+02, 1.70335464e+02, 1.56356842e+02,
    1.64211365e+02, 1.71712296e+02, 1.63611969e+02, 1.88435562e+02,
    1.65193466e+02, 2.01536240e+02, 1.71842896e+02, 1.23848480e+02,
    1.88074173e+02, 1.25101105e+02, 2.06731262e+02, 1.25590103e+02,
    2.23719391e+02, 1.26181870e+02, 2.41942856e+02, 1.09688850e+02,
    2.46634354e+02, 1.18307350e+02, 2.50183136e+02, 1.27299431e+02,
    2.54202744e+02, 1.37065277e+02, 2.48155258e+02, 1.45683777e+02,
    2.44606461e+02, 7.88373489e+01, 1.93210052e+02, 8.51385345e+01,
    1.86074921e+02, 9.76792374e+01, 1.86722534e+02, 1.07118965e+02,
    1.94470520e+02, 9.62169342e+01, 1.96957901e+02, 8.55352020e+01,
    1.97381424e+02, 1.52698700e+02, 1.90487534e+02, 1.60615005e+02,
    1.82278183e+02, 1.71508713e+02, 1.80814163e+02, 1.81318466e+02,
    1.85864609e+02, 1.74918884e+02, 1.90732513e+02, 1.64017395e+02,
    1.91545639e+02, 1.00279358e+02, 2.75027008e+02, 1.08595093e+02,
    2.71436005e+02, 1.19737900e+02, 2.68577209e+02, 1.29927170e+02,
    2.72742950e+02, 1.41483780e+02, 2.68250061e+02, 1.57017075e+02,
    2.68410614e+02, 1.71951309e+02, 2.69085480e+02, 1.59258026e+02,
    2.81287872e+02, 1.43469650e+02, 2.88143311e+02, 1.30527222e+02,
    2.90584320e+02, 1.20665756e+02, 2.89767609e+02, 1.09036758e+02,
    2.86182343e+02, 1.04738853e+02, 2.79234192e+02, 1.20021889e+02,
    2.79080475e+02, 1.30241119e+02, 2.80014618e+02, 1.41941360e+02,
    2.77673401e+02, 1.67491806e+02, 2.73408783e+02, 1.41941360e+02,
    2.77673401e+02, 1.30241119e+02, 2.80014618e+02, 1.20021889e+02,
    2.79080475e+02 ]
noOfLandmarkPoint: 68
