%YAML:1.0
landmark: [ 5.34173927e+01, 2.16806717e+02, 5.06011963e+01,
    2.52804214e+02, 5.52965889e+01, 2.85046906e+02, 6.03047142e+01,
    3.21045563e+02, 7.04123917e+01, 3.55699646e+02, 8.81277008e+01,
    3.87158417e+02, 1.12637794e+02, 4.14894104e+02, 1.39834824e+02,
    4.38443146e+02, 1.70041946e+02, 4.46932037e+02, 2.04336884e+02,
    4.45072510e+02, 2.36529068e+02, 4.27985138e+02, 2.64290436e+02,
    4.04270599e+02, 2.86264191e+02, 3.77084198e+02, 3.00533142e+02,
    3.47767914e+02, 3.12224884e+02, 3.16001526e+02, 3.23564880e+02,
    2.82855774e+02, 3.26069733e+02, 2.47170807e+02, 8.15905533e+01,
    2.06162201e+02, 1.00372330e+02, 1.95831818e+02, 1.23536560e+02,
    1.97709625e+02, 1.41378738e+02, 2.03657150e+02, 1.62351242e+02,
    2.10857208e+02, 2.37481735e+02, 2.18057861e+02, 2.60957489e+02,
    2.16179062e+02, 2.79427124e+02, 2.16179260e+02, 3.00399445e+02,
    2.20561127e+02, 3.13314941e+02, 2.35730087e+02, 1.98081284e+02,
    2.41132751e+02, 1.93969254e+02, 2.67517059e+02, 1.89274063e+02,
    2.92559875e+02, 1.85205536e+02, 3.18540100e+02, 1.57233795e+02,
    3.20597260e+02, 1.69571411e+02, 3.28601593e+02, 1.81280411e+02,
    3.39296478e+02, 1.99284637e+02, 3.35269012e+02, 2.12237778e+02,
    3.30459900e+02, 1.10701912e+02, 2.29014511e+02, 1.28230957e+02,
    2.23378723e+02, 1.43570663e+02, 2.26508850e+02, 1.55466919e+02,
    2.39970551e+02, 1.39814865e+02, 2.40596222e+02, 1.21659164e+02,
    2.37779022e+02, 2.35081909e+02, 2.49202179e+02, 2.50649918e+02,
    2.39837753e+02, 2.68196838e+02, 2.42612778e+02, 2.81420258e+02,
    2.54326584e+02, 2.69148529e+02, 2.57757843e+02, 2.52657318e+02,
    2.57445251e+02, 1.23477036e+02, 3.57894409e+02, 1.49183441e+02,
    3.57493683e+02, 1.67256363e+02, 3.57035370e+02, 1.75292084e+02,
    3.61696655e+02, 1.85839417e+02, 3.60972351e+02, 2.07286118e+02,
    3.65571686e+02, 2.31061218e+02, 3.71745056e+02, 2.03781570e+02,
    3.89059906e+02, 1.81981812e+02, 3.94012360e+02, 1.70524918e+02,
    3.91536377e+02, 1.59576035e+02, 3.88868652e+02, 1.43579254e+02,
    3.78414062e+02, 1.31363083e+02, 3.61113586e+02, 1.63602371e+02,
    3.73007233e+02, 1.73310486e+02, 3.73635315e+02, 1.83956802e+02,
    3.75826019e+02, 2.22753464e+02, 3.73081940e+02, 1.83956802e+02,
    3.75826019e+02, 1.73310486e+02, 3.73635315e+02, 1.63602371e+02,
    3.73007233e+02 ]
noOfLandmarkPoint: 68
