%YAML:1.0
landmark: [ 8.94322586e+01, 1.57434982e+02, 9.16205597e+01,
    1.74612610e+02, 9.72120361e+01, 1.93626205e+02, 1.03985741e+02,
    2.14350525e+02, 1.11631111e+02, 2.35928268e+02, 1.22211189e+02,
    2.51538696e+02, 1.34627258e+02, 2.65313141e+02, 1.49625702e+02,
    2.78953217e+02, 1.68312881e+02, 2.85797577e+02, 1.86214890e+02,
    2.80697357e+02, 2.05191971e+02, 2.70334381e+02, 2.21581436e+02,
    2.60969177e+02, 2.36696030e+02, 2.43406601e+02, 2.49228241e+02,
    2.22867569e+02, 2.50628387e+02, 1.97599625e+02, 2.50762787e+02,
    1.68334747e+02, 2.48977692e+02, 1.46655243e+02, 9.00464020e+01,
    1.43439957e+02, 9.66509476e+01, 1.37164017e+02, 1.06869194e+02,
    1.37495743e+02, 1.17451065e+02, 1.37944733e+02, 1.28436142e+02,
    1.40917618e+02, 1.62829910e+02, 1.37883774e+02, 1.76117645e+02,
    1.31898224e+02, 1.89103943e+02, 1.28444168e+02, 2.02722183e+02,
    1.26922714e+02, 2.16005920e+02, 1.31003357e+02, 1.48220413e+02,
    1.53620041e+02, 1.48318192e+02, 1.71065903e+02, 1.48930191e+02,
    1.88554092e+02, 1.49106339e+02, 2.07039215e+02, 1.40621933e+02,
    2.09672485e+02, 1.47520905e+02, 2.14559326e+02, 1.56826111e+02,
    2.16914658e+02, 1.62913422e+02, 2.11591995e+02, 1.69426666e+02,
    2.07506912e+02, 1.06230438e+02, 1.57761597e+02, 1.14044762e+02,
    1.51887756e+02, 1.25228149e+02, 1.51467682e+02, 1.34042816e+02,
    1.57810867e+02, 1.23868690e+02, 1.62059555e+02, 1.13682388e+02,
    1.61822571e+02, 1.73531967e+02, 1.54698288e+02, 1.80786240e+02,
    1.46513489e+02, 1.92349838e+02, 1.44475616e+02, 2.01125931e+02,
    1.48556488e+02, 1.94979736e+02, 1.53883255e+02, 1.84786377e+02,
    1.55546722e+02, 1.34710770e+02, 2.29733917e+02, 1.42866074e+02,
    2.28087296e+02, 1.51170578e+02, 2.27485092e+02, 1.58512939e+02,
    2.28350006e+02, 1.69692596e+02, 2.26370850e+02, 1.84502731e+02,
    2.25500839e+02, 1.98450897e+02, 2.26539551e+02, 1.85880051e+02,
    2.40578522e+02, 1.70952240e+02, 2.49578201e+02, 1.60553818e+02,
    2.50833496e+02, 1.52131561e+02, 2.50219131e+02, 1.43466843e+02,
    2.46594147e+02, 1.40126083e+02, 2.32047501e+02, 1.51636475e+02,
    2.30930435e+02, 1.58829865e+02, 2.30796570e+02, 1.70183228e+02,
    2.29730804e+02, 1.92683273e+02, 2.27897934e+02, 1.71272812e+02,
    2.39972946e+02, 1.60137131e+02, 2.40439407e+02, 1.51422791e+02,
    2.39096710e+02 ]
noOfLandmarkPoint: 68
