%YAML:1.0
landmark: [ 6.12763367e+01, 9.88697052e+01, 6.30842972e+01,
    1.11514549e+02, 6.48316727e+01, 1.24925568e+02, 6.67278671e+01,
    1.35867157e+02, 7.01564331e+01, 1.45827560e+02, 7.73276825e+01,
    1.55765884e+02, 8.60924149e+01, 1.62973557e+02, 9.75988770e+01,
    1.65602890e+02, 1.10160980e+02, 1.65320541e+02, 1.22572006e+02,
    1.62673767e+02, 1.33524734e+02, 1.57178955e+02, 1.41669220e+02,
    1.49787735e+02, 1.46913834e+02, 1.42100494e+02, 1.48979904e+02,
    1.32140945e+02, 1.50065796e+02, 1.22643486e+02, 1.51576111e+02,
    1.11657784e+02, 1.52022583e+02, 1.01245323e+02, 6.99045563e+01,
    8.06718216e+01, 7.52277527e+01, 7.43108902e+01, 8.20679855e+01,
    7.06892395e+01, 9.09689560e+01, 6.94655762e+01, 9.87644806e+01,
    7.36773148e+01, 1.11536987e+02, 7.25999222e+01, 1.19291763e+02,
    6.88346786e+01, 1.26597458e+02, 7.05991058e+01, 1.34845779e+02,
    7.31805115e+01, 1.38779419e+02, 8.10158157e+01, 1.04946198e+02,
    8.00082169e+01, 1.05240540e+02, 8.78197937e+01, 1.05501251e+02,
    9.48794174e+01, 1.05913635e+02, 1.01774231e+02, 9.76784821e+01,
    1.10698654e+02, 1.01382645e+02, 1.11316017e+02, 1.06669945e+02,
    1.12536751e+02, 1.10025673e+02, 1.11316017e+02, 1.13729828e+02,
    1.09463936e+02, 7.91999664e+01, 8.69474411e+01, 8.37584076e+01,
    8.32160873e+01, 8.93970871e+01, 8.23970871e+01, 9.26486511e+01,
    8.62132721e+01, 8.88806915e+01, 8.78975525e+01, 8.40719604e+01,
    8.82775726e+01, 1.17772873e+02, 8.55316391e+01, 1.22864883e+02,
    8.23997192e+01, 1.27989380e+02, 8.26133041e+01, 1.32259705e+02,
    8.61566315e+01, 1.28240570e+02, 8.72521820e+01, 1.22581818e+02,
    8.70184708e+01, 9.14862442e+01, 1.34836380e+02, 9.71731873e+01,
    1.28104095e+02, 1.04377007e+02, 1.23996773e+02, 1.08999237e+02,
    1.24417931e+02, 1.12906616e+02, 1.23682320e+02, 1.18470291e+02,
    1.25799232e+02, 1.25124458e+02, 1.34052704e+02, 1.19439430e+02,
    1.36782227e+02, 1.13218925e+02, 1.37429459e+02, 1.09302490e+02,
    1.37188126e+02, 1.04456001e+02, 1.37473282e+02, 9.72437744e+01,
    1.36035904e+02, 9.42011490e+01, 1.34014130e+02, 1.04370728e+02,
    1.29042908e+02, 1.09086082e+02, 1.29095200e+02, 1.12767166e+02,
    1.28604233e+02, 1.22488441e+02, 1.32866165e+02, 1.12923286e+02,
    1.34020996e+02, 1.09354584e+02, 1.33464066e+02, 1.04527733e+02,
    1.33460022e+02 ]
noOfLandmarkPoint: 68
