%YAML:1.0
landmark: [ 1.91672623e+02, 1.45152023e+02, 1.85983627e+02,
    1.71719376e+02, 1.83017670e+02, 2.03324936e+02, 1.82422928e+02,
    2.37971207e+02, 1.88837463e+02, 2.71817169e+02, 2.06824615e+02,
    3.01851807e+02, 2.39470169e+02, 3.28437866e+02, 2.72033234e+02,
    3.52402008e+02, 3.05041565e+02, 3.71197205e+02, 3.33580017e+02,
    3.76059479e+02, 3.52591644e+02, 3.69087585e+02, 3.72531189e+02,
    3.41581390e+02, 3.93873474e+02, 3.17059845e+02, 4.08412048e+02,
    2.86793243e+02, 4.23219940e+02, 2.54937027e+02, 4.41364319e+02,
    2.18666962e+02, 4.46069366e+02, 1.93465012e+02, 2.78978729e+02,
    1.28885300e+02, 3.05108582e+02, 1.14997536e+02, 3.36388733e+02,
    1.18427429e+02, 3.57517761e+02, 1.31971115e+02, 3.75235565e+02,
    1.50897079e+02, 4.27887634e+02, 1.67212112e+02, 4.41794098e+02,
    1.63326019e+02, 4.52596039e+02, 1.63269958e+02, 4.60562836e+02,
    1.67582626e+02, 4.66371674e+02, 1.71255432e+02, 3.97628784e+02,
    1.77587479e+02, 3.97034058e+02, 1.99329926e+02, 3.97991547e+02,
    2.24483582e+02, 4.00808014e+02, 2.50445251e+02, 3.50639282e+02,
    2.52027130e+02, 3.62604248e+02, 2.60169830e+02, 3.75897278e+02,
    2.66397522e+02, 3.88790161e+02, 2.66034760e+02, 4.01840271e+02,
    2.62911560e+02, 3.08677002e+02, 1.46984558e+02, 3.27064301e+02,
    1.44055969e+02, 3.44224731e+02, 1.50590363e+02, 3.48836365e+02,
    1.66542633e+02, 3.36695435e+02, 1.68745682e+02, 3.18670929e+02,
    1.62136536e+02, 4.06014404e+02, 1.78766037e+02, 4.16835022e+02,
    1.71924911e+02, 4.32293732e+02, 1.73189133e+02, 4.40799194e+02,
    1.80198425e+02, 4.31205414e+02, 1.88685211e+02, 4.19195312e+02,
    1.87076904e+02, 3.21255432e+02, 2.98309784e+02, 3.42597748e+02,
    2.92007385e+02, 3.59978180e+02, 2.93876404e+02, 3.66498108e+02,
    2.98867157e+02, 3.77569397e+02, 2.97658997e+02, 3.84036194e+02,
    3.01334717e+02, 3.86166382e+02, 3.07803436e+02, 3.80404541e+02,
    3.15107452e+02, 3.72093689e+02, 3.21409882e+02, 3.60753052e+02,
    3.22674103e+02, 3.51140594e+02, 3.20396332e+02, 3.35393860e+02,
    3.12466888e+02, 3.28189972e+02, 2.97389648e+02, 3.56854980e+02,
    3.02412537e+02, 3.64320465e+02, 3.04558075e+02, 3.75949127e+02,
    3.03444794e+02, 3.82863495e+02, 3.06257904e+02, 3.75949127e+02,
    3.03444794e+02, 3.64320465e+02, 3.04558075e+02, 3.56854980e+02,
    3.02412537e+02 ]
noOfLandmarkPoint: 68
