%YAML:1.0
landmark: [ 1.71170181e+02, 1.00755386e+02, 1.72258942e+02,
    1.20441162e+02, 1.75498856e+02, 1.38792053e+02, 1.78602356e+02,
    1.56995392e+02, 1.80107880e+02, 1.75758789e+02, 1.90940842e+02,
    1.95110748e+02, 2.04693542e+02, 2.08080643e+02, 2.24596024e+02,
    2.16229691e+02, 2.49441177e+02, 2.16539841e+02, 2.71661621e+02,
    2.16319489e+02, 2.89653381e+02, 2.05175262e+02, 3.06692841e+02,
    1.91628311e+02, 3.17717194e+02, 1.73046234e+02, 3.19447083e+02,
    1.50002579e+02, 3.22541931e+02, 1.28418167e+02, 3.24192322e+02,
    1.06724266e+02, 3.25223663e+02, 8.80184860e+01, 1.81857712e+02,
    8.88490982e+01, 1.90138306e+02, 8.06126938e+01, 2.01579956e+02,
    7.73466721e+01, 2.14985962e+02, 7.86033173e+01, 2.26394836e+02,
    8.15396881e+01, 2.55891159e+02, 8.10140839e+01, 2.68637665e+02,
    7.66003113e+01, 2.81161621e+02, 7.45819473e+01, 2.94063019e+02,
    7.73873444e+01, 3.05005707e+02, 8.34873352e+01, 2.44069870e+02,
    9.59859467e+01, 2.44168808e+02, 1.09183876e+02, 2.45135834e+02,
    1.23887817e+02, 2.46099991e+02, 1.38788879e+02, 2.30519119e+02,
    1.46020096e+02, 2.37064194e+02, 1.48205200e+02, 2.45374481e+02,
    1.51082657e+02, 2.51853271e+02, 1.48255920e+02, 2.58862305e+02,
    1.45398972e+02, 1.96564514e+02, 9.93064499e+01, 2.04017715e+02,
    9.52192307e+01, 2.13865585e+02, 9.56395721e+01, 2.22688522e+02,
    1.01623291e+02, 2.14946594e+02, 1.04524361e+02, 2.03917923e+02,
    1.04908592e+02, 2.62563812e+02, 1.00847664e+02, 2.70473602e+02,
    9.36789703e+01, 2.80964172e+02, 9.37362900e+01, 2.89659149e+02,
    9.85279541e+01, 2.82682770e+02, 1.02206085e+02, 2.72236908e+02,
    1.03171677e+02, 2.10108597e+02, 1.65308609e+02, 2.21147797e+02,
    1.62633926e+02, 2.32355087e+02, 1.61372849e+02, 2.42481033e+02,
    1.64320129e+02, 2.55471939e+02, 1.61630096e+02, 2.68989685e+02,
    1.62057724e+02, 2.79981720e+02, 1.63173111e+02, 2.69372101e+02,
    1.74593689e+02, 2.56489960e+02, 1.78530930e+02, 2.42735229e+02,
    1.80940994e+02, 2.31800644e+02, 1.79809875e+02, 2.20600632e+02,
    1.74648575e+02, 2.15712173e+02, 1.66658417e+02, 2.31443253e+02,
    1.70160553e+02, 2.42748886e+02, 1.71916077e+02, 2.55721649e+02,
    1.69594925e+02, 2.75532257e+02, 1.66069885e+02, 2.55721649e+02,
    1.69594925e+02, 2.42748886e+02, 1.71916077e+02, 2.31443253e+02,
    1.70160553e+02 ]
noOfLandmarkPoint: 68
