%YAML:1.0
landmark: [ 1.91493454e+02, 1.28192810e+02, 1.89799789e+02,
    1.44933136e+02, 1.90230576e+02, 1.59188644e+02, 1.90891922e+02,
    1.73774094e+02, 1.97217453e+02, 1.88232422e+02, 2.08061203e+02,
    1.98172531e+02, 2.22971359e+02, 2.07916397e+02, 2.41841675e+02,
    2.15807983e+02, 2.57189270e+02, 2.16169815e+02, 2.71903198e+02,
    2.15145569e+02, 2.85699127e+02, 2.06636551e+02, 2.96647217e+02,
    1.95823425e+02, 3.01061096e+02, 1.86921951e+02, 3.04510071e+02,
    1.74843338e+02, 3.06400085e+02, 1.61231094e+02, 3.11475861e+02,
    1.42991562e+02, 3.10579254e+02, 1.31267899e+02, 2.18065018e+02,
    1.15418724e+02, 2.27979309e+02, 1.10033989e+02, 2.39799881e+02,
    1.07599998e+02, 2.50080551e+02, 1.08872444e+02, 2.58773834e+02,
    1.14103325e+02, 2.74044769e+02, 1.14689255e+02, 2.83408997e+02,
    1.10405869e+02, 2.91316711e+02, 1.09882149e+02, 3.00002136e+02,
    1.12774132e+02, 3.04961273e+02, 1.19335182e+02, 2.66270721e+02,
    1.25142822e+02, 2.66722565e+02, 1.34931686e+02, 2.67339996e+02,
    1.43606308e+02, 2.68123016e+02, 1.52687759e+02, 2.52859116e+02,
    1.56360229e+02, 2.59855225e+02, 1.58939560e+02, 2.65352722e+02,
    1.62327271e+02, 2.69674713e+02, 1.60098785e+02, 2.74192963e+02,
    1.58863937e+02, 2.27040848e+02, 1.26569038e+02, 2.34156891e+02,
    1.22609428e+02, 2.42549576e+02, 1.23387314e+02, 2.47160553e+02,
    1.29203568e+02, 2.41111847e+02, 1.29848190e+02, 2.33605438e+02,
    1.29412216e+02, 2.77235107e+02, 1.31513336e+02, 2.87099579e+02,
    1.25805237e+02, 2.93786926e+02, 1.28033722e+02, 2.94103790e+02,
    1.32492599e+02, 2.89630554e+02, 1.33817444e+02, 2.83711853e+02,
    1.33034409e+02, 2.37385941e+02, 1.77986465e+02, 2.48142288e+02,
    1.73619583e+02, 2.56832520e+02, 1.72717056e+02, 2.62844696e+02,
    1.73507980e+02, 2.69391785e+02, 1.73000473e+02, 2.74324371e+02,
    1.75848328e+02, 2.80948120e+02, 1.79911942e+02, 2.74410980e+02,
    1.86225082e+02, 2.68857300e+02, 1.87307922e+02, 2.62691956e+02,
    1.87047134e+02, 2.56281006e+02, 1.86257828e+02, 2.48074326e+02,
    1.84371277e+02, 2.42745316e+02, 1.78082352e+02, 2.56652039e+02,
    1.77762558e+02, 2.62797119e+02, 1.77852615e+02, 2.69145264e+02,
    1.78752029e+02, 2.76581238e+02, 1.80198288e+02, 2.68873749e+02,
    1.81928162e+02, 2.62486359e+02, 1.81303467e+02, 2.56513550e+02,
    1.80916168e+02 ]
noOfLandmarkPoint: 68
