%YAML:1.0
landmark: [ 1.11195206e+02, 1.26438797e+02, 1.09623611e+02,
    1.36397156e+02, 1.08837814e+02, 1.46634644e+02, 1.10152390e+02,
    1.58088745e+02, 1.12857391e+02, 1.68757050e+02, 1.16446144e+02,
    1.80634613e+02, 1.21251518e+02, 1.90872086e+02, 1.26502449e+02,
    1.99092407e+02, 1.37503632e+02, 2.05476746e+02, 1.54632553e+02,
    2.04916656e+02, 1.72160278e+02, 2.02042450e+02, 1.89712662e+02,
    1.96650223e+02, 2.05904724e+02, 1.86686111e+02, 2.18347534e+02,
    1.74341370e+02, 2.24752579e+02, 1.56374130e+02, 2.29167023e+02,
    1.38481812e+02, 2.32356903e+02, 1.20693230e+02, 1.08886124e+02,
    9.93284378e+01, 1.13336212e+02, 9.60609207e+01, 1.18345673e+02,
    9.52689514e+01, 1.24892883e+02, 9.60348511e+01, 1.30791428e+02,
    9.90483246e+01, 1.44068726e+02, 9.89629898e+01, 1.54944122e+02,
    9.45731735e+01, 1.67035522e+02, 9.39464035e+01, 1.79413605e+02,
    9.64632111e+01, 1.89211395e+02, 1.02513367e+02, 1.36268723e+02,
    1.12636284e+02, 1.34266815e+02, 1.22458763e+02, 1.32373398e+02,
    1.30828613e+02, 1.30213226e+02, 1.40527512e+02, 1.26854393e+02,
    1.51359192e+02, 1.30235550e+02, 1.53442429e+02, 1.34007568e+02,
    1.54536957e+02, 1.40155487e+02, 1.52565674e+02, 1.45435959e+02,
    1.50382294e+02, 1.17126854e+02, 1.13741066e+02, 1.19259514e+02,
    1.09340233e+02, 1.23630951e+02, 1.09677010e+02, 1.29488617e+02,
    1.15148979e+02, 1.23725639e+02, 1.15946060e+02, 1.18963417e+02,
    1.16187462e+02, 1.57146057e+02, 1.15116226e+02, 1.62148361e+02,
    1.09079865e+02, 1.70074356e+02, 1.09936935e+02, 1.76962891e+02,
    1.15839081e+02, 1.70735565e+02, 1.16139687e+02, 1.63750275e+02,
    1.16386284e+02, 1.22939308e+02, 1.71814926e+02, 1.26293640e+02,
    1.66495239e+02, 1.29995590e+02, 1.65456726e+02, 1.33706680e+02,
    1.66832504e+02, 1.39544601e+02, 1.65200455e+02, 1.47938492e+02,
    1.67504196e+02, 1.56584900e+02, 1.72895874e+02, 1.47986969e+02,
    1.76794128e+02, 1.39837021e+02, 1.77404984e+02, 1.34244446e+02,
    1.77495377e+02, 1.29971298e+02, 1.76891785e+02, 1.26153152e+02,
    1.75214050e+02, 1.26181412e+02, 1.70688873e+02, 1.29815353e+02,
    1.70430984e+02, 1.33912689e+02, 1.70767532e+02, 1.39711700e+02,
    1.70266281e+02, 1.53100357e+02, 1.72792160e+02, 1.39711700e+02,
    1.70266281e+02, 1.33912689e+02, 1.70767532e+02, 1.29815353e+02,
    1.70430984e+02 ]
noOfLandmarkPoint: 68
