%YAML:1.0
landmark: [ 1.00379646e+02, 1.29993408e+02, 9.72579193e+01,
    1.55707596e+02, 9.75936737e+01, 1.80254425e+02, 9.83340759e+01,
    2.05648407e+02, 9.99749908e+01, 2.33210236e+02, 1.06462990e+02,
    2.54192856e+02, 1.21742264e+02, 2.70066864e+02, 1.42084808e+02,
    2.83273315e+02, 1.63845673e+02, 2.87822479e+02, 1.92201263e+02,
    2.85601257e+02, 2.22304504e+02, 2.78846436e+02, 2.44317719e+02,
    2.68111969e+02, 2.62251953e+02, 2.50586472e+02, 2.75664978e+02,
    2.26157471e+02, 2.84251892e+02, 2.00198730e+02, 2.92141632e+02,
    1.68733551e+02, 2.95752411e+02, 1.39295486e+02, 1.09477974e+02,
    1.08123779e+02, 1.16706375e+02, 8.59515076e+01, 1.30162674e+02,
    7.47853165e+01, 1.46442795e+02, 7.00226822e+01, 1.61194092e+02,
    7.46078644e+01, 2.00697006e+02, 7.30755005e+01, 2.21388458e+02,
    6.66185760e+01, 2.39340561e+02, 7.08164597e+01, 2.57452759e+02,
    8.11355057e+01, 2.64521057e+02, 1.03078758e+02, 1.74302536e+02,
    1.03087547e+02, 1.73279739e+02, 1.15307594e+02, 1.72203598e+02,
    1.28886169e+02, 1.70158020e+02, 1.44654892e+02, 1.51801270e+02,
    1.58775955e+02, 1.59312042e+02, 1.63431854e+02, 1.68677216e+02,
    1.65424057e+02, 1.79523193e+02, 1.64401260e+02, 1.89644302e+02,
    1.62355698e+02, 1.23376762e+02, 1.16948509e+02, 1.28346115e+02,
    1.04606186e+02, 1.42985321e+02, 9.99658203e+01, 1.56468262e+02,
    1.12109993e+02, 1.44311752e+02, 1.15701523e+02, 1.33711349e+02,
    1.17513268e+02, 2.07217972e+02, 1.12508560e+02, 2.16412354e+02,
    1.01041977e+02, 2.31104919e+02, 1.01553368e+02, 2.40730179e+02,
    1.14215904e+02, 2.32852570e+02, 1.17337624e+02, 2.19907654e+02,
    1.16986336e+02, 1.36459488e+02, 2.13494934e+02, 1.44021194e+02,
    1.93301331e+02, 1.56377838e+02, 1.85137390e+02, 1.67880081e+02,
    1.85929565e+02, 1.78827667e+02, 1.85526703e+02, 1.97826584e+02,
    1.91505066e+02, 2.08619186e+02, 2.14181976e+02, 1.95269623e+02,
    2.25256958e+02, 1.78599457e+02, 2.31698105e+02, 1.67571014e+02,
    2.33180786e+02, 1.56257614e+02, 2.32482971e+02, 1.43759766e+02,
    2.28662445e+02, 1.41062027e+02, 2.12983551e+02, 1.57458359e+02,
    1.96121033e+02, 1.68030777e+02, 1.95320862e+02, 1.78813858e+02,
    1.95931946e+02, 2.04176758e+02, 2.13884048e+02, 1.78302475e+02,
    2.20936813e+02, 1.67590027e+02, 2.22106796e+02, 1.56990845e+02,
    2.21837326e+02 ]
noOfLandmarkPoint: 68
