%YAML:1.0
landmark: [ 1.36124313e+02, 1.35726425e+02, 1.36753113e+02,
    1.52127792e+02, 1.38598160e+02, 1.69745392e+02, 1.44610428e+02,
    1.83573624e+02, 1.49602264e+02, 1.99806747e+02, 1.57445801e+02,
    2.14614029e+02, 1.69428970e+02, 2.27421829e+02, 1.82404999e+02,
    2.39824203e+02, 1.95233536e+02, 2.41295517e+02, 2.10844437e+02,
    2.40035706e+02, 2.27565964e+02, 2.33056259e+02, 2.42737305e+02,
    2.25325806e+02, 2.56328339e+02, 2.10463364e+02, 2.60159088e+02,
    1.92845764e+02, 2.62787384e+02, 1.75815598e+02, 2.63485138e+02,
    1.55875809e+02, 2.64100159e+02, 1.37237778e+02, 1.37608032e+02,
    1.16110596e+02, 1.43606873e+02, 1.08339317e+02, 1.55125870e+02,
    1.06676308e+02, 1.67437515e+02, 1.09679214e+02, 1.76524994e+02,
    1.15183235e+02, 1.99769196e+02, 1.12684380e+02, 2.12777405e+02,
    1.08717621e+02, 2.27199738e+02, 1.06508125e+02, 2.39731171e+02,
    1.05582344e+02, 2.50498093e+02, 1.11693909e+02, 1.89564911e+02,
    1.28432922e+02, 1.89171967e+02, 1.44031433e+02, 1.88190292e+02,
    1.58781372e+02, 1.87296478e+02, 1.71721375e+02, 1.78839981e+02,
    1.77019455e+02, 1.83262161e+02, 1.78627762e+02, 1.88418655e+02,
    1.80616013e+02, 1.95118927e+02, 1.78372574e+02, 2.02466080e+02,
    1.76565186e+02, 1.51181183e+02, 1.31966171e+02, 1.58462250e+02,
    1.28411209e+02, 1.66660019e+02, 1.28233154e+02, 1.74070557e+02,
    1.32469330e+02, 1.65639587e+02, 1.35629913e+02, 1.57762451e+02,
    1.35586197e+02, 2.13362305e+02, 1.33157639e+02, 2.19904465e+02,
    1.28246948e+02, 2.27998962e+02, 1.28401398e+02, 2.34207047e+02,
    1.32833374e+02, 2.28194778e+02, 1.35028687e+02, 2.20715286e+02,
    1.34860443e+02, 1.69074249e+02, 1.96012909e+02, 1.75676270e+02,
    1.92751923e+02, 1.83286591e+02, 1.91359940e+02, 1.89875656e+02,
    1.93660339e+02, 1.99895187e+02, 1.90645004e+02, 2.11917099e+02,
    1.91844986e+02, 2.24452805e+02, 1.95607498e+02, 2.13641144e+02,
    2.04506180e+02, 2.00742798e+02, 2.10059937e+02, 1.90623444e+02,
    2.10519104e+02, 1.82366272e+02, 2.09795944e+02, 1.75570969e+02,
    2.05023438e+02, 1.71482925e+02, 1.96803940e+02, 1.82755173e+02,
    1.99901505e+02, 1.90319977e+02, 2.00489059e+02, 2.00039673e+02,
    2.00070831e+02, 2.21165863e+02, 1.95737640e+02, 2.00039673e+02,
    2.00070831e+02, 1.90319977e+02, 2.00489059e+02, 1.82755173e+02,
    1.99901505e+02 ]
noOfLandmarkPoint: 68
