%YAML:1.0
landmark: [ 1.27947922e+02, 9.16082230e+01, 1.22587311e+02,
    1.00444550e+02, 1.21364502e+02, 1.11515533e+02, 1.23733284e+02,
    1.23003082e+02, 1.27309326e+02, 1.34045670e+02, 1.32282349e+02,
    1.45667908e+02, 1.38600861e+02, 1.56184219e+02, 1.46510803e+02,
    1.67772598e+02, 1.60453735e+02, 1.73015900e+02, 1.77327805e+02,
    1.71494400e+02, 1.94964722e+02, 1.65546814e+02, 2.11727905e+02,
    1.59057236e+02, 2.24736908e+02, 1.51367249e+02, 2.33338898e+02,
    1.40839996e+02, 2.37279861e+02, 1.24711433e+02, 2.37041992e+02,
    1.08018303e+02, 2.35455841e+02, 9.23936310e+01, 1.29964600e+02,
    7.60297699e+01, 1.35190460e+02, 7.21388016e+01, 1.41532440e+02,
    7.02073059e+01, 1.49831314e+02, 7.08544540e+01, 1.56001862e+02,
    7.20933609e+01, 1.69600143e+02, 7.29883728e+01, 1.80400864e+02,
    7.00040207e+01, 1.92448380e+02, 6.92103729e+01, 2.04168472e+02,
    7.18063354e+01, 2.12964142e+02, 7.62646408e+01, 1.62864075e+02,
    8.62873154e+01, 1.60846313e+02, 9.30741730e+01, 1.58659286e+02,
    9.91242523e+01, 1.56542984e+02, 1.05181686e+02, 1.49565460e+02,
    1.13129646e+02, 1.54141296e+02, 1.15243683e+02, 1.59034332e+02,
    1.16516052e+02, 1.64081207e+02, 1.14929085e+02, 1.69735474e+02,
    1.13605415e+02, 1.40960129e+02, 8.86090622e+01, 1.44789261e+02,
    8.67230530e+01, 1.50068604e+02, 8.77698288e+01, 1.54281738e+02,
    8.96466370e+01, 1.49901581e+02, 8.99883804e+01, 1.44647247e+02,
    8.92363510e+01, 1.82671936e+02, 8.94590378e+01, 1.88794067e+02,
    8.61812820e+01, 1.94724060e+02, 8.69512405e+01, 2.00535980e+02,
    8.82979813e+01, 1.94489212e+02, 8.99440994e+01, 1.88881775e+02,
    9.01474762e+01, 1.46175507e+02, 1.30200363e+02, 1.46363861e+02,
    1.26795776e+02, 1.55346069e+02, 1.25806747e+02, 1.60375244e+02,
    1.26751534e+02, 1.66803482e+02, 1.26389458e+02, 1.75540985e+02,
    1.28344437e+02, 1.85682877e+02, 1.32429901e+02, 1.75617523e+02,
    1.37598007e+02, 1.67242233e+02, 1.39635391e+02, 1.60309052e+02,
    1.40666885e+02, 1.54913284e+02, 1.39998001e+02, 1.46537659e+02,
    1.33965637e+02, 1.48359573e+02, 1.30244873e+02, 1.55028534e+02,
    1.31275406e+02, 1.60107574e+02, 1.33001373e+02, 1.66729294e+02,
    1.32194611e+02, 1.82646255e+02, 1.32731628e+02, 1.66729294e+02,
    1.32194611e+02, 1.60107574e+02, 1.33001373e+02, 1.55028534e+02,
    1.31275406e+02 ]
noOfLandmarkPoint: 68
