%YAML:1.0
landmark: [ 9.73771439e+01, 1.64195862e+02, 9.90584106e+01,
    1.87750900e+02, 1.02130066e+02, 2.12519241e+02, 1.06694099e+02,
    2.40139252e+02, 1.15013275e+02, 2.58443146e+02, 1.31209183e+02,
    2.71775269e+02, 1.43944794e+02, 2.80624512e+02, 1.58962784e+02,
    2.90924500e+02, 1.81438431e+02, 2.90983521e+02, 2.03403931e+02,
    2.89219360e+02, 2.21434540e+02, 2.77023712e+02, 2.33901688e+02,
    2.63779846e+02, 2.46234573e+02, 2.45436646e+02, 2.50918472e+02,
    2.24262558e+02, 2.52563553e+02, 2.02262360e+02, 2.54785553e+02,
    1.82597763e+02, 2.55945404e+02, 1.61759537e+02, 1.13219551e+02,
    1.56066589e+02, 1.20655670e+02, 1.45034485e+02, 1.32442749e+02,
    1.41397125e+02, 1.46410187e+02, 1.42886597e+02, 1.60759903e+02,
    1.45172760e+02, 1.91152130e+02, 1.42216339e+02, 2.04859222e+02,
    1.38230301e+02, 2.17855515e+02, 1.36394424e+02, 2.30382217e+02,
    1.38574478e+02, 2.41795547e+02, 1.47225739e+02, 1.80388565e+02,
    1.61757462e+02, 1.82249039e+02, 1.76128723e+02, 1.83956329e+02,
    1.90235397e+02, 1.85763870e+02, 2.04706924e+02, 1.66517654e+02,
    2.11888458e+02, 1.74659592e+02, 2.14474365e+02, 1.83702896e+02,
    2.17624329e+02, 1.90426208e+02, 2.13697311e+02, 1.95600998e+02,
    2.10076630e+02, 1.29008453e+02, 1.61911667e+02, 1.38881943e+02,
    1.57134552e+02, 1.50124023e+02, 1.58366394e+02, 1.56238571e+02,
    1.64000931e+02, 1.47650803e+02, 1.65661514e+02, 1.37448746e+02,
    1.65380630e+02, 1.99729340e+02, 1.61290176e+02, 2.06080734e+02,
    1.54952698e+02, 2.16035736e+02, 1.53437439e+02, 2.23226715e+02,
    1.57081039e+02, 2.17451538e+02, 1.61769257e+02, 2.08924744e+02,
    1.62535660e+02, 1.39622696e+02, 2.27703720e+02, 1.47993073e+02,
    2.22591476e+02, 1.70024338e+02, 2.25047745e+02, 1.79929138e+02,
    2.27368988e+02, 1.93840775e+02, 2.23080170e+02, 2.11471664e+02,
    2.18839188e+02, 2.19920380e+02, 2.22787399e+02, 2.13528427e+02,
    2.36720108e+02, 1.94849228e+02, 2.53079956e+02, 1.81225494e+02,
    2.55011520e+02, 1.70121857e+02, 2.54227142e+02, 1.47087143e+02,
    2.41486664e+02, 1.44733383e+02, 2.28945892e+02, 1.69651276e+02,
    2.30894211e+02, 1.80262466e+02, 2.32064957e+02, 1.94117584e+02,
    2.29027725e+02, 2.15106033e+02, 2.24269928e+02, 1.94654556e+02,
    2.42410980e+02, 1.80657730e+02, 2.45143234e+02, 1.69647797e+02,
    2.44666290e+02 ]
noOfLandmarkPoint: 68
