%YAML:1.0
landmark: [ 1.53845016e+02, 1.21464821e+02, 1.48186493e+02,
    1.46281219e+02, 1.45367691e+02, 1.72674164e+02, 1.44528122e+02,
    2.02356964e+02, 1.50500000e+02, 2.31439590e+02, 1.62983215e+02,
    2.58419464e+02, 1.83520142e+02, 2.83788605e+02, 2.02446304e+02,
    2.99090607e+02, 2.22580536e+02, 2.99895966e+02, 2.39583328e+02,
    2.99250000e+02, 2.55842209e+02, 2.95238647e+02, 2.71121124e+02,
    2.80990753e+02, 2.88320709e+02, 2.69360352e+02, 3.01909393e+02,
    2.55197983e+02, 3.17211395e+02, 2.32244965e+02, 3.27681213e+02,
    2.09291946e+02, 3.28889252e+02, 1.82714767e+02, 1.83583328e+02,
    1.24250000e+02, 1.97583328e+02, 1.17250000e+02, 2.13916672e+02,
    1.18416664e+02, 2.31416672e+02, 1.21916664e+02, 2.48916672e+02,
    1.32416672e+02, 2.88583344e+02, 1.46416672e+02, 3.02583344e+02,
    1.44083328e+02, 3.17750000e+02, 1.45250000e+02, 3.29997528e+02,
    1.51664200e+02, 3.37067047e+02, 1.58445755e+02, 2.64083344e+02,
    1.65083328e+02, 2.60835571e+02, 1.79895966e+02, 2.58419464e+02,
    1.95197983e+02, 2.56406036e+02, 2.08486572e+02, 2.27916672e+02,
    2.05916672e+02, 2.37835098e+02, 2.12581818e+02, 2.50083328e+02,
    2.22250000e+02, 2.62916656e+02, 2.21083328e+02, 2.70423065e+02,
    2.19186890e+02, 1.98750000e+02, 1.35916672e+02, 2.11583328e+02,
    1.33583328e+02, 2.19750000e+02, 1.37083328e+02, 2.26750000e+02,
    1.46416672e+02, 2.16250000e+02, 1.45250000e+02, 2.06916672e+02,
    1.41750000e+02, 2.86250000e+02, 1.63916672e+02, 2.98571991e+02,
    1.60853546e+02, 3.09945770e+02, 1.62893982e+02, 3.15853546e+02,
    1.71204636e+02, 3.06520203e+02, 1.71715973e+02, 2.95583344e+02,
    1.68583328e+02, 1.94083328e+02, 2.17583328e+02, 2.13916672e+02,
    2.17583328e+02, 2.30250000e+02, 2.24583328e+02, 2.43083328e+02,
    2.29250000e+02, 2.55916672e+02, 2.32750000e+02, 2.68750000e+02,
    2.36250000e+02, 2.82750000e+02, 2.36250000e+02, 2.72250000e+02,
    2.47916672e+02, 2.55916672e+02, 2.61916656e+02, 2.34916672e+02,
    2.61916656e+02, 2.15083328e+02, 2.54916672e+02, 2.04583328e+02,
    2.36250000e+02, 1.97614090e+02, 2.18956375e+02, 2.27916672e+02,
    2.31583328e+02, 2.43083328e+02, 2.36250000e+02, 2.55916672e+02,
    2.38583328e+02, 2.74929535e+02, 2.39895966e+02, 2.54893982e+02,
    2.49152847e+02, 2.40313110e+02, 2.48641510e+02, 2.23979782e+02,
    2.42227310e+02 ]
noOfLandmarkPoint: 68
