%YAML:1.0
landmark: [ 1.18484268e+02, 1.73194946e+02, 1.20707123e+02,
    1.86037628e+02, 1.21288864e+02, 2.00082230e+02, 1.22309967e+02,
    2.13686325e+02, 1.26241020e+02, 2.26643295e+02, 1.34624207e+02,
    2.37635269e+02, 1.45995987e+02, 2.47359390e+02, 1.57569321e+02,
    2.55286865e+02, 1.73287231e+02, 2.57157288e+02, 1.86833466e+02,
    2.54838821e+02, 1.99517029e+02, 2.48150253e+02, 2.10802322e+02,
    2.39476166e+02, 2.18919647e+02, 2.30994324e+02, 2.26408340e+02,
    2.19239075e+02, 2.25998184e+02, 2.02013306e+02, 2.25555939e+02,
    1.85960861e+02, 2.24995087e+02, 1.69017059e+02, 1.28615082e+02,
    1.72851135e+02, 1.34412796e+02, 1.66100296e+02, 1.42500702e+02,
    1.64636795e+02, 1.51781540e+02, 1.63562958e+02, 1.61235718e+02,
    1.68267563e+02, 1.82214355e+02, 1.67898651e+02, 1.90114288e+02,
    1.61880402e+02, 2.00025314e+02, 1.59877213e+02, 2.09528915e+02,
    1.61774246e+02, 2.17456985e+02, 1.66376556e+02, 1.71793991e+02,
    1.73873444e+02, 1.72464935e+02, 1.86210556e+02, 1.72839676e+02,
    1.97880707e+02, 1.73563522e+02, 2.09802460e+02, 1.61893738e+02,
    2.09887482e+02, 1.66940094e+02, 2.13836166e+02, 1.73776413e+02,
    2.16129242e+02, 1.79964417e+02, 2.13536423e+02, 1.84625534e+02,
    2.09714279e+02, 1.40066238e+02, 1.76052185e+02, 1.44762024e+02,
    1.73026230e+02, 1.51232605e+02, 1.73265076e+02, 1.56590439e+02,
    1.77481598e+02, 1.51054276e+02, 1.78771072e+02, 1.44648132e+02,
    1.78522598e+02, 1.88198959e+02, 1.75638321e+02, 1.92961517e+02,
    1.69759430e+02, 1.99726837e+02, 1.69343338e+02, 2.05431671e+02,
    1.72484451e+02, 2.00935883e+02, 1.75402191e+02, 1.94555847e+02,
    1.75643341e+02, 1.51654053e+02, 2.21241592e+02, 1.62573364e+02,
    2.22721512e+02, 1.69665710e+02, 2.22273026e+02, 1.75108444e+02,
    2.23260513e+02, 1.81006653e+02, 2.21422791e+02, 1.88544144e+02,
    2.20653244e+02, 1.97305038e+02, 2.17937393e+02, 1.89203049e+02,
    2.27584839e+02, 1.82628677e+02, 2.32213333e+02, 1.76292953e+02,
    2.33282898e+02, 1.70816132e+02, 2.33032196e+02, 1.62694107e+02,
    2.30892899e+02, 1.55522446e+02, 2.22689316e+02, 1.69913254e+02,
    2.26344437e+02, 1.75536285e+02, 2.26558334e+02, 1.81626419e+02,
    2.25704514e+02, 1.92291885e+02, 2.20372147e+02, 1.81626419e+02,
    2.25704514e+02, 1.75536285e+02, 2.26558334e+02, 1.69913254e+02,
    2.26344437e+02 ]
noOfLandmarkPoint: 68
