%YAML:1.0
landmark: [ 2.65465393e+02, 1.23960754e+02, 2.69139435e+02,
    1.43354385e+02, 2.73034698e+02, 1.59883224e+02, 2.78474579e+02,
    1.77220276e+02, 2.87854675e+02, 1.88796463e+02, 2.98503937e+02,
    1.99412842e+02, 3.10686707e+02, 2.11584656e+02, 3.24271454e+02,
    2.21307007e+02, 3.40519470e+02, 2.24036804e+02, 3.58036316e+02,
    2.20006653e+02, 3.68578644e+02, 2.06585846e+02, 3.78565308e+02,
    1.92647888e+02, 3.86632324e+02, 1.77176422e+02, 3.92525177e+02,
    1.60446732e+02, 3.92889374e+02, 1.42591568e+02, 3.90826019e+02,
    1.25089638e+02, 3.90075714e+02, 1.07068825e+02, 2.73799255e+02,
    1.14699081e+02, 2.77909607e+02, 1.06360115e+02, 2.88418518e+02,
    1.03935532e+02, 3.00939178e+02, 1.04750137e+02, 3.13760223e+02,
    1.08911621e+02, 3.30633545e+02, 1.03776527e+02, 3.42628754e+02,
    9.73405609e+01, 3.55033234e+02, 9.49748688e+01, 3.66538147e+02,
    9.39266968e+01, 3.75856934e+02, 9.97270050e+01, 3.24386780e+02,
    1.21041969e+02, 3.25733856e+02, 1.34023880e+02, 3.26858307e+02,
    1.47328857e+02, 3.28445496e+02, 1.61888153e+02, 3.15432159e+02,
    1.65225067e+02, 3.22717865e+02, 1.69160782e+02, 3.30197937e+02,
    1.71198029e+02, 3.35472473e+02, 1.67733505e+02, 3.44896423e+02,
    1.61517380e+02, 2.84704834e+02, 1.28357208e+02, 2.90791046e+02,
    1.24267143e+02, 3.00350250e+02, 1.23401230e+02, 3.07489349e+02,
    1.25821648e+02, 2.99860199e+02, 1.28301437e+02, 2.91745880e+02,
    1.29750580e+02, 3.43759979e+02, 1.21822876e+02, 3.50900055e+02,
    1.16784828e+02, 3.59813385e+02, 1.15278625e+02, 3.67309448e+02,
    1.18335640e+02, 3.61113861e+02, 1.20742554e+02, 3.52605255e+02,
    1.22334496e+02, 3.07343201e+02, 1.83058304e+02, 3.18433533e+02,
    1.79750275e+02, 3.29233978e+02, 1.78150970e+02, 3.34094177e+02,
    1.79062149e+02, 3.40115631e+02, 1.76383453e+02, 3.50370422e+02,
    1.75590881e+02, 3.61018738e+02, 1.76346298e+02, 3.53885559e+02,
    1.87884262e+02, 3.44393158e+02, 1.94430603e+02, 3.38139862e+02,
    1.96695480e+02, 3.31934113e+02, 1.96502808e+02, 3.20282379e+02,
    1.94877060e+02, 3.10267700e+02, 1.83234924e+02, 3.29695068e+02,
    1.81571060e+02, 3.34317139e+02, 1.81550476e+02, 3.41014923e+02,
    1.79096268e+02, 3.58464447e+02, 1.77194168e+02, 3.42990387e+02,
    1.88081543e+02, 3.36045074e+02, 1.90024261e+02, 3.31021820e+02,
    1.90698013e+02 ]
noOfLandmarkPoint: 68
