%YAML:1.0
landmark: [ 1.76394989e+02, 1.34748215e+02, 1.74963013e+02,
    1.57659912e+02, 1.74724075e+02, 1.78226685e+02, 1.77110977e+02,
    2.00619339e+02, 1.77110977e+02, 2.24247025e+02, 1.81979721e+02,
    2.43698746e+02, 1.93241089e+02, 2.57975586e+02, 2.15058472e+02,
    2.65774475e+02, 2.37964508e+02, 2.68597321e+02, 2.65547882e+02,
    2.70745270e+02, 2.92168518e+02, 2.71079895e+02, 3.16887939e+02,
    2.69143158e+02, 3.32271759e+02, 2.57438538e+02, 3.46542694e+02,
    2.38525711e+02, 3.55093445e+02, 2.15361649e+02, 3.62253357e+02,
    1.94721268e+02, 3.68949646e+02, 1.68270752e+02, 1.89875458e+02,
    1.05216812e+02, 2.02681046e+02, 9.10671310e+01, 2.19360077e+02,
    8.26453781e+01, 2.38838730e+02, 8.25445023e+01, 2.54185226e+02,
    9.03255463e+01, 2.90986145e+02, 9.71194382e+01, 3.11083435e+02,
    9.15775299e+01, 3.29740295e+02, 9.67128220e+01, 3.43848846e+02,
    1.09342621e+02, 3.54928986e+02, 1.24084930e+02, 2.63745819e+02,
    1.20428398e+02, 2.61850220e+02, 1.30070877e+02, 2.59743378e+02,
    1.38498291e+02, 2.57554291e+02, 1.47342545e+02, 2.44238297e+02,
    1.67091141e+02, 2.48833374e+02, 1.68863388e+02, 2.54056564e+02,
    1.70213120e+02, 2.60388550e+02, 1.70780838e+02, 2.68275238e+02,
    1.71932404e+02, 2.07476059e+02, 1.25733826e+02, 2.15692230e+02,
    1.18785172e+02, 2.28662292e+02, 1.18069176e+02, 2.41046783e+02,
    1.27885933e+02, 2.30094269e+02, 1.29566147e+02, 2.15903473e+02,
    1.31080368e+02, 2.92133087e+02, 1.34325714e+02, 3.01358704e+02,
    1.26790077e+02, 3.16729126e+02, 1.29190414e+02, 3.28267212e+02,
    1.38539413e+02, 3.17145966e+02, 1.40347122e+02, 3.04217010e+02,
    1.38915131e+02, 2.16701324e+02, 2.13913528e+02, 2.23270462e+02,
    1.93050995e+02, 2.41704865e+02, 1.84053452e+02, 2.47725967e+02,
    1.86410034e+02, 2.58271729e+02, 1.85627716e+02, 2.77430664e+02,
    2.00074387e+02, 2.85327057e+02, 2.16745621e+02, 2.72362396e+02,
    2.20060104e+02, 2.53633606e+02, 2.19080536e+02, 2.42501587e+02,
    2.18362152e+02, 2.35815430e+02, 2.18382141e+02, 2.24413727e+02,
    2.17054840e+02, 2.21186600e+02, 2.10615723e+02, 2.38815338e+02,
    1.98799530e+02, 2.46124573e+02, 1.98744797e+02, 2.55200211e+02,
    2.01595078e+02, 2.72624023e+02, 2.09809891e+02, 2.55064560e+02,
    2.07132141e+02, 2.44900681e+02, 2.06282959e+02, 2.38596695e+02,
    2.07081085e+02 ]
noOfLandmarkPoint: 68
