%YAML:1.0
landmark: [ 1.09447441e+02, 1.23771690e+02, 1.09005722e+02,
    1.42947739e+02, 1.10377197e+02, 1.62067902e+02, 1.11113503e+02,
    1.80297760e+02, 1.16532837e+02, 1.98488480e+02, 1.28352737e+02,
    2.13740845e+02, 1.45947296e+02, 2.28540695e+02, 1.65825058e+02,
    2.38154922e+02, 1.85910172e+02, 2.40307983e+02, 2.01861816e+02,
    2.37754120e+02, 2.09680649e+02, 2.27240097e+02, 2.16029861e+02,
    2.13936371e+02, 2.22512680e+02, 1.94872818e+02, 2.27541794e+02,
    1.77294312e+02, 2.32382309e+02, 1.59660812e+02, 2.35957733e+02,
    1.45249207e+02, 2.35281998e+02, 1.33045624e+02, 1.35681244e+02,
    1.13125473e+02, 1.44364380e+02, 1.04442329e+02, 1.55601395e+02,
    1.00356148e+02, 1.68881500e+02, 9.93346024e+01, 1.80118500e+02,
    1.03420784e+02, 2.07189484e+02, 1.08528519e+02, 2.13594284e+02,
    1.02429520e+02, 2.24076492e+02, 1.01691818e+02, 2.33746552e+02,
    1.04737068e+02, 2.35281998e+02, 1.20276299e+02, 1.96518234e+02,
    1.14013908e+02, 1.96518234e+02, 1.30798523e+02, 1.97539780e+02,
    1.49547607e+02, 1.97995560e+02, 1.66764374e+02, 1.80228470e+02,
    1.69554092e+02, 1.86569962e+02, 1.72563751e+02, 1.95976501e+02,
    1.76736877e+02, 2.02191711e+02, 1.74072433e+02, 2.06977264e+02,
    1.69255539e+02, 1.50071991e+02, 1.21675018e+02, 1.56465698e+02,
    1.16677254e+02, 1.64072311e+02, 1.17054420e+02, 1.71089539e+02,
    1.22240776e+02, 1.64881638e+02, 1.24283867e+02, 1.57298660e+02,
    1.24283867e+02, 2.07528946e+02, 1.24057968e+02, 2.14271927e+02,
    1.19197083e+02, 2.22295013e+02, 1.20229446e+02, 2.25667664e+02,
    1.25048553e+02, 2.21028351e+02, 1.27599068e+02, 2.14250244e+02,
    1.26826469e+02, 1.80222946e+02, 2.00589676e+02, 1.86312515e+02,
    1.95810486e+02, 1.90545944e+02, 1.92390549e+02, 1.95040176e+02,
    1.90153854e+02, 2.00432098e+02, 1.89637360e+02, 2.07031036e+02,
    1.90882538e+02, 2.15864502e+02, 2.00695969e+02, 2.06499649e+02,
    2.11613983e+02, 1.99856796e+02, 2.11268463e+02, 1.94106445e+02,
    2.10161560e+02, 1.90510818e+02, 2.09272827e+02, 1.85293381e+02,
    2.05467026e+02, 1.83237640e+02, 2.00499023e+02, 1.90624283e+02,
    1.98098160e+02, 1.95085693e+02, 1.94342911e+02, 2.00424255e+02,
    1.93658279e+02, 2.12619400e+02, 2.01151123e+02, 1.99832275e+02,
    2.07234146e+02, 1.94050400e+02, 2.05632278e+02, 1.90435699e+02,
    2.03001389e+02 ]
noOfLandmarkPoint: 68
