%YAML:1.0
landmark: [ 1.54682121e+01, 2.22431198e+02, 9.24874783e+00,
    2.47676788e+02, 6.72035122e+00, 2.73868347e+02, 9.65790558e+00,
    3.01351471e+02, 2.36608620e+01, 3.25336853e+02, 4.14589767e+01,
    3.46456818e+02, 6.27303391e+01, 3.67990845e+02, 8.23875504e+01,
    3.80382019e+02, 1.02253960e+02, 3.82723877e+02, 1.18483025e+02,
    3.75427917e+02, 1.27174225e+02, 3.58359192e+02, 1.34598572e+02,
    3.42648438e+02, 1.45914078e+02, 3.25924835e+02, 1.53338425e+02,
    3.08909058e+02, 1.60258713e+02, 2.91257507e+02, 1.63791885e+02,
    2.75334839e+02, 1.65374695e+02, 2.59185913e+02, 5.18424683e+01,
    2.24221710e+02, 7.18825684e+01, 2.19614563e+02, 9.49310379e+01,
    2.15066422e+02, 1.15858711e+02, 2.13848450e+02, 1.39587616e+02,
    2.21927689e+02, 1.56654892e+02, 2.27326248e+02, 1.66437881e+02,
    2.23692673e+02, 1.75026978e+02, 2.26069183e+02, 1.79648697e+02,
    2.31000717e+02, 1.79719330e+02, 2.38571121e+02, 1.37027405e+02,
    2.53160477e+02, 1.37521072e+02, 2.68479919e+02, 1.39052704e+02,
    2.84336304e+02, 1.40397400e+02, 3.01571014e+02, 1.14346542e+02,
    3.04876617e+02, 1.22119324e+02, 3.08555847e+02, 1.29543671e+02,
    3.11801666e+02, 1.40581390e+02, 3.10722931e+02, 1.45631516e+02,
    3.06831757e+02, 7.88290939e+01, 2.42847900e+02, 8.99866409e+01,
    2.38787827e+02, 1.02027672e+02, 2.39524200e+02, 1.07014397e+02,
    2.47349609e+02, 1.00608414e+02, 2.49783554e+02, 8.87081985e+01,
    2.47643753e+02, 1.42559906e+02, 2.51732101e+02, 1.54306931e+02,
    2.46190750e+02, 1.64202484e+02, 2.47439911e+02, 1.64149887e+02,
    2.54211227e+02, 1.61825592e+02, 2.57445496e+02, 1.52712875e+02,
    2.55518402e+02, 7.77800827e+01, 3.18933990e+02, 9.18568039e+01,
    3.20158722e+02, 1.03389023e+02, 3.23041779e+02, 1.14200478e+02,
    3.23762543e+02, 1.23570404e+02, 3.24483307e+02, 1.29626923e+02,
    3.24790833e+02, 1.32063766e+02, 3.30282257e+02, 1.25292442e+02,
    3.38307556e+02, 1.16534538e+02, 3.42692902e+02, 1.06979210e+02,
    3.43079956e+02, 9.46917572e+01, 3.37772919e+02, 8.48059845e+01,
    3.29334747e+02, 8.46491623e+01, 3.23041779e+02, 1.02071747e+02,
    3.29465759e+02, 1.12570343e+02, 3.33069580e+02, 1.20937340e+02,
    3.33633911e+02, 1.29336517e+02, 3.30970154e+02, 1.20937340e+02,
    3.33633911e+02, 1.12570343e+02, 3.33069580e+02, 1.02071747e+02,
    3.29465759e+02 ]
noOfLandmarkPoint: 68
