%YAML:1.0
landmark: [ 1.04525978e+02, 3.05021576e+02, 1.06591301e+02,
    3.36994324e+02, 1.12879372e+02, 3.71944244e+02, 1.27399078e+02,
    4.09795624e+02, 1.42572693e+02, 4.45886261e+02, 1.56012878e+02,
    4.76631836e+02, 1.73276291e+02, 4.95501038e+02, 1.97595505e+02,
    5.08421600e+02, 2.27674545e+02, 5.11129639e+02, 2.55972000e+02,
    5.04543701e+02, 2.87429474e+02, 4.86249023e+02, 3.12026520e+02,
    4.64125549e+02, 3.33792053e+02, 4.41442322e+02, 3.51081238e+02,
    4.16115631e+02, 3.55045837e+02, 3.75195038e+02, 3.55467621e+02,
    3.37118958e+02, 3.57467346e+02, 3.00487671e+02, 1.10858833e+02,
    2.93465607e+02, 1.22559288e+02, 2.68233002e+02, 1.45813324e+02,
    2.60846405e+02, 1.69130295e+02, 2.60481659e+02, 1.85748169e+02,
    2.72848633e+02, 2.44670105e+02, 2.71347748e+02, 2.62558044e+02,
    2.56616486e+02, 2.89719238e+02, 2.55480331e+02, 3.12692474e+02,
    2.59731232e+02, 3.30635437e+02, 2.78904144e+02, 2.17144608e+02,
    2.84962524e+02, 2.17739456e+02, 3.19902710e+02, 2.17005341e+02,
    3.52991119e+02, 2.15932129e+02, 3.87840698e+02, 1.96378082e+02,
    3.97960114e+02, 2.06227844e+02, 4.02543091e+02, 2.16618103e+02,
    4.04526794e+02, 2.26505936e+02, 4.02549225e+02, 2.35755356e+02,
    3.98073425e+02, 1.37508621e+02, 3.02822510e+02, 1.48282516e+02,
    2.92405365e+02, 1.64296814e+02, 2.91675903e+02, 1.78143707e+02,
    2.99083496e+02, 1.65835480e+02, 3.05979706e+02, 1.47354431e+02,
    3.07723236e+02, 2.58525024e+02, 2.95968750e+02, 2.72715637e+02,
    2.84247314e+02, 2.90427704e+02, 2.84247314e+02, 3.04813995e+02,
    2.93459259e+02, 2.91996613e+02, 3.02574646e+02, 2.74737640e+02,
    3.01845825e+02, 1.79031174e+02, 4.50127655e+02, 1.88932266e+02,
    4.42511261e+02, 2.09839676e+02, 4.38071747e+02, 2.23360703e+02,
    4.40997864e+02, 2.36302231e+02, 4.37988068e+02, 2.56638397e+02,
    4.46363953e+02, 2.73049896e+02, 4.51431335e+02, 2.56504486e+02,
    4.63816193e+02, 2.37246796e+02, 4.67596313e+02, 2.24123566e+02,
    4.68557373e+02, 2.08844910e+02, 4.69914673e+02, 1.87295090e+02,
    4.56755981e+02, 1.83945496e+02, 4.50698761e+02, 2.09513702e+02,
    4.50932434e+02, 2.23121750e+02, 4.52836731e+02, 2.36992950e+02,
    4.50872711e+02, 2.66844391e+02, 4.51231140e+02, 2.36992950e+02,
    4.50872711e+02, 2.23121750e+02, 4.52836731e+02, 2.09513702e+02,
    4.50932434e+02 ]
noOfLandmarkPoint: 68
