%YAML:1.0
landmark: [ 4.10892578e+02, 1.82218323e+02, 4.12158966e+02,
    2.05586288e+02, 4.15605408e+02, 2.28849411e+02, 4.21140656e+02,
    2.53131058e+02, 4.29587219e+02, 2.70728210e+02, 4.43676117e+02,
    2.86671722e+02, 4.59983063e+02, 3.02025238e+02, 4.78304565e+02,
    3.12259644e+02, 4.99504944e+02, 3.16361633e+02, 5.18467529e+02,
    3.09153076e+02, 5.33122009e+02, 2.97358826e+02, 5.48069336e+02,
    2.82007111e+02, 5.58591125e+02, 2.63861206e+02, 5.65105408e+02,
    2.44645035e+02, 5.68512390e+02, 2.22204376e+02, 5.74778870e+02,
    2.01721817e+02, 5.79232849e+02, 1.82815506e+02, 4.32950867e+02,
    1.62090714e+02, 4.45703857e+02, 1.54437820e+02, 4.60072723e+02,
    1.55879211e+02, 4.73095612e+02, 1.60236252e+02, 4.84780334e+02,
    1.65379776e+02, 5.16843018e+02, 1.66892487e+02, 5.30250244e+02,
    1.63289459e+02, 5.41816406e+02, 1.60443527e+02, 5.52912842e+02,
    1.60443527e+02, 5.61319885e+02, 1.65600235e+02, 5.00760132e+02,
    1.84106140e+02, 4.99396484e+02, 1.98323090e+02, 4.98235138e+02,
    2.14471268e+02, 4.96911102e+02, 2.29677536e+02, 4.82142639e+02,
    2.37968811e+02, 4.89449249e+02, 2.40175934e+02, 4.97009338e+02,
    2.42107819e+02, 5.03951599e+02, 2.40192230e+02, 5.09670135e+02,
    2.38294800e+02, 4.46388794e+02, 1.82566177e+02, 4.56504852e+02,
    1.79906204e+02, 4.68192291e+02, 1.82954666e+02, 4.74520325e+02,
    1.89711700e+02, 4.64249268e+02, 1.91738876e+02, 4.53210632e+02,
    1.90077942e+02, 5.21445312e+02, 1.91830353e+02, 5.28663147e+02,
    1.84066620e+02, 5.39262024e+02, 1.83766418e+02, 5.47597351e+02,
    1.89516190e+02, 5.40843506e+02, 1.93816605e+02, 5.31729126e+02,
    1.94370499e+02, 4.69155243e+02, 2.66889618e+02, 4.80617340e+02,
    2.59732513e+02, 4.91100952e+02, 2.55651123e+02, 4.96908173e+02,
    2.57374359e+02, 5.04215576e+02, 2.55794525e+02, 5.13136414e+02,
    2.59468262e+02, 5.22939331e+02, 2.65532013e+02, 5.13914062e+02,
    2.79499695e+02, 5.04967072e+02, 2.83727783e+02, 4.97575958e+02,
    2.84859070e+02, 4.90628815e+02, 2.83424866e+02, 4.80566742e+02,
    2.80418396e+02, 4.72914856e+02, 2.67555481e+02, 4.90921082e+02,
    2.63942047e+02, 4.97039398e+02, 2.63816986e+02, 5.04428223e+02,
    2.63758606e+02, 5.18892395e+02, 2.66197876e+02, 5.05106140e+02,
    2.70724304e+02, 4.97024414e+02, 2.70937378e+02, 4.91009918e+02,
    2.71266418e+02 ]
noOfLandmarkPoint: 68
