%YAML:1.0
landmark: [ 9.78525848e+01, 2.77130554e+02, 1.02569794e+02,
    3.12846558e+02, 1.10993385e+02, 3.46203979e+02, 1.21101685e+02,
    3.87311066e+02, 1.40644409e+02, 4.20331543e+02, 1.61534897e+02,
    4.48297821e+02, 1.85794830e+02, 4.80307465e+02, 2.16793625e+02,
    5.06589050e+02, 2.50487961e+02, 5.11643188e+02, 2.76769562e+02,
    5.03556549e+02, 3.04061981e+02, 4.86035492e+02, 3.22930817e+02,
    4.53688934e+02, 3.32365234e+02, 4.18309875e+02, 3.40451874e+02,
    3.87311066e+02, 3.48538513e+02, 3.54964508e+02, 3.59994598e+02,
    3.27335144e+02, 3.64037903e+02, 2.95325500e+02, 1.44013840e+02,
    2.88586639e+02, 1.60187119e+02, 2.63652832e+02, 1.93207581e+02,
    2.58261719e+02, 2.23532486e+02, 2.60620331e+02, 2.52172684e+02,
    2.66011444e+02, 2.99344757e+02, 2.65337555e+02, 3.21919983e+02,
    2.60283386e+02, 3.35397705e+02, 2.54218414e+02, 3.50223236e+02,
    2.56240082e+02, 3.63027069e+02, 2.55566193e+02, 2.78820038e+02,
    2.85713562e+02, 2.78534790e+02, 3.23386322e+02, 2.78848602e+02,
    3.59653809e+02, 2.78281128e+02, 3.94699310e+02, 2.42064377e+02,
    3.94049927e+02, 2.56240265e+02, 4.03424957e+02, 2.74747894e+02,
    4.08875458e+02, 2.92942841e+02, 3.99777985e+02, 3.03388092e+02,
    3.84278595e+02, 1.84189072e+02, 2.89650116e+02, 1.98261734e+02,
    2.79489166e+02, 2.15108902e+02, 2.79826111e+02, 2.26901932e+02,
    2.90271362e+02, 2.15108902e+02, 2.99705780e+02, 1.95229248e+02,
    2.99368835e+02, 3.04026031e+02, 2.84640869e+02, 3.16528870e+02,
    2.74771973e+02, 3.31354401e+02, 2.74771973e+02, 3.40741028e+02,
    2.82767578e+02, 3.31269409e+02, 2.90902008e+02, 3.14895721e+02,
    2.90609955e+02, 2.12413361e+02, 4.40211182e+02, 2.31748642e+02,
    4.35949432e+02, 2.48129364e+02, 4.34820099e+02, 2.64639587e+02,
    4.36841766e+02, 2.78791229e+02, 4.34820099e+02, 2.86694092e+02,
    4.34148865e+02, 2.95612061e+02, 4.35546631e+02, 2.86467957e+02,
    4.50601471e+02, 2.79496613e+02, 4.55029663e+02, 2.64150146e+02,
    4.60258667e+02, 2.47543686e+02, 4.59320343e+02, 2.30426437e+02,
    4.52827942e+02, 2.18967987e+02, 4.41895905e+02, 2.47792419e+02,
    4.45939240e+02, 2.64642670e+02, 4.46796082e+02, 2.79055756e+02,
    4.43451843e+02, 2.89679291e+02, 4.39554230e+02, 2.79055756e+02,
    4.43451843e+02, 2.64642670e+02, 4.46796082e+02, 2.47792419e+02,
    4.45939240e+02 ]
noOfLandmarkPoint: 68
