%YAML:1.0
landmark: [ 1.37469299e+02, 1.06240562e+02, 1.38329453e+02,
    1.19299065e+02, 1.40129288e+02, 1.32319260e+02, 1.42397507e+02,
    1.44597122e+02, 1.49240463e+02, 1.58554092e+02, 1.59904404e+02,
    1.70865372e+02, 1.74450546e+02, 1.80309616e+02, 1.89815338e+02,
    1.87130859e+02, 2.02526169e+02, 1.87837784e+02, 2.12834183e+02,
    1.85316544e+02, 2.19419983e+02, 1.77280243e+02, 2.24657547e+02,
    1.66881729e+02, 2.28996643e+02, 1.57184341e+02, 2.34198807e+02,
    1.45142120e+02, 2.36779282e+02, 1.31459106e+02, 2.37754364e+02,
    1.19104630e+02, 2.36897095e+02, 1.05224274e+02, 1.52597549e+02,
    9.95676880e+01, 1.61383148e+02, 8.97304688e+01, 1.75129990e+02,
    8.69496994e+01, 1.87191666e+02, 8.93300476e+01, 1.96991089e+02,
    9.39412155e+01, 2.08784637e+02, 9.46029968e+01, 2.16176849e+02,
    8.88013000e+01, 2.25088058e+02, 8.71195908e+01, 2.32955490e+02,
    8.87115784e+01, 2.37154099e+02, 9.60123672e+01, 2.04420013e+02,
    1.03766075e+02, 2.05454926e+02, 1.11600777e+02, 2.06703415e+02,
    1.20371780e+02, 2.07588058e+02, 1.28765762e+02, 1.94902573e+02,
    1.33960068e+02, 1.99986908e+02, 1.35680374e+02, 2.04564545e+02,
    1.37751266e+02, 2.09451538e+02, 1.36891098e+02, 2.13555008e+02,
    1.35326920e+02, 1.67904922e+02, 1.05271004e+02, 1.74044128e+02,
    1.01156578e+02, 1.80754852e+02, 1.00596794e+02, 1.86611511e+02,
    1.05039497e+02, 1.81016998e+02, 1.09268890e+02, 1.73776047e+02,
    1.09424850e+02, 2.10874619e+02, 1.06215813e+02, 2.15926376e+02,
    9.99506683e+01, 2.22361008e+02, 9.99433289e+01, 2.26652084e+02,
    1.04281761e+02, 2.23915207e+02, 1.08311447e+02, 2.17307892e+02,
    1.08544189e+02, 1.84694000e+02, 1.52043045e+02, 1.91304688e+02,
    1.49348495e+02, 1.99589340e+02, 1.48034851e+02, 2.04687485e+02,
    1.49168747e+02, 2.08941956e+02, 1.49092346e+02, 2.15896942e+02,
    1.52100006e+02, 2.19025314e+02, 1.53941040e+02, 2.13245636e+02,
    1.65426666e+02, 2.06835663e+02, 1.66878830e+02, 2.01200531e+02,
    1.66528259e+02, 1.95659393e+02, 1.65659409e+02, 1.88662491e+02,
    1.59750946e+02, 1.89072998e+02, 1.52609604e+02, 1.98990631e+02,
    1.51350693e+02, 2.04128677e+02, 1.51828949e+02, 2.08276230e+02,
    1.52453461e+02, 2.12968796e+02, 1.54291611e+02, 2.07418976e+02,
    1.58669006e+02, 2.02819214e+02, 1.58923157e+02, 1.97446777e+02,
    1.57573059e+02 ]
noOfLandmarkPoint: 68
