%YAML:1.0
landmark: [ 1.39391708e+02, 2.21913208e+02, 1.38731140e+02,
    2.64395691e+02, 1.47581573e+02, 3.14256989e+02, 1.57357544e+02,
    3.49011169e+02, 1.70938019e+02, 3.81910553e+02, 1.94647079e+02,
    4.05853516e+02, 2.21640854e+02, 4.27403870e+02, 2.44802643e+02,
    4.37573090e+02, 2.69801056e+02, 4.40473816e+02, 2.95305359e+02,
    4.34870880e+02, 3.14424713e+02, 4.11216095e+02, 3.28244598e+02,
    3.82853516e+02, 3.40308258e+02, 3.54673401e+02, 3.52055115e+02,
    3.25066681e+02, 3.61951538e+02, 2.97296509e+02, 3.68602203e+02,
    2.67297455e+02, 3.68059174e+02, 2.41097580e+02, 1.87599426e+02,
    2.09072083e+02, 2.08555161e+02, 1.99373734e+02, 2.33044922e+02,
    1.94422577e+02, 2.58769897e+02, 1.98654388e+02, 2.81310699e+02,
    2.10122559e+02, 3.19803802e+02, 2.14618561e+02, 3.32241211e+02,
    2.09728836e+02, 3.46791687e+02, 2.07306015e+02, 3.58546234e+02,
    2.12387680e+02, 3.68299530e+02, 2.20678406e+02, 3.02067596e+02,
    2.27722427e+02, 3.01957581e+02, 2.57679016e+02, 3.01411652e+02,
    2.85451874e+02, 3.01476837e+02, 3.13355103e+02, 2.70126953e+02,
    3.15990967e+02, 2.80662445e+02, 3.20790222e+02, 2.91853882e+02,
    3.26856506e+02, 3.04858307e+02, 3.22558350e+02, 3.15528290e+02,
    3.15445038e+02, 2.18650009e+02, 2.25589386e+02, 2.30705643e+02,
    2.17670898e+02, 2.45130920e+02, 2.17059860e+02, 2.55511398e+02,
    2.27774384e+02, 2.42897400e+02, 2.31657486e+02, 2.29120178e+02,
    2.31326752e+02, 3.20007660e+02, 2.33192810e+02, 3.31794830e+02,
    2.23966446e+02, 3.43676575e+02, 2.24776657e+02, 3.53279938e+02,
    2.35053772e+02, 3.42946442e+02, 2.38652603e+02, 3.32044464e+02,
    2.36808960e+02, 2.34283401e+02, 3.57244873e+02, 2.52783691e+02,
    3.56548248e+02, 2.80477203e+02, 3.51432526e+02, 2.89148193e+02,
    3.55464294e+02, 2.99028046e+02, 3.53052429e+02, 3.09832001e+02,
    3.57524689e+02, 3.13749207e+02, 3.64068268e+02, 3.04469666e+02,
    3.80486572e+02, 2.93670502e+02, 3.80889313e+02, 2.81427704e+02,
    3.81622070e+02, 2.67636810e+02, 3.80322693e+02, 2.49472412e+02,
    3.70184784e+02, 2.39279068e+02, 3.58343231e+02, 2.76812744e+02,
    3.62573914e+02, 2.87609985e+02, 3.64304199e+02, 2.97050201e+02,
    3.63399292e+02, 3.08791321e+02, 3.64075653e+02, 2.97050201e+02,
    3.63399292e+02, 2.87609985e+02, 3.64304199e+02, 2.76812744e+02,
    3.62573914e+02 ]
noOfLandmarkPoint: 68
