%YAML:1.0
landmark: [ 1.87929688e+02, 2.98390228e+02, 1.88291702e+02,
    3.39444397e+02, 1.89022659e+02, 3.80136536e+02, 1.93425644e+02,
    4.17901428e+02, 2.04424454e+02, 4.54197510e+02, 2.25684219e+02,
    4.89748810e+02, 2.57570404e+02, 5.15414978e+02, 2.91578766e+02,
    5.35874451e+02, 3.29139954e+02, 5.40325134e+02, 3.65580902e+02,
    5.33410706e+02, 3.88801208e+02, 5.07487427e+02, 4.12550049e+02,
    4.79823792e+02, 4.30562439e+02, 4.46273865e+02, 4.42257385e+02,
    4.13163940e+02, 4.45425812e+02, 3.76083221e+02, 4.46947296e+02,
    3.38992767e+02, 4.45920135e+02, 3.01935242e+02, 2.15287735e+02,
    2.60278290e+02, 2.35480469e+02, 2.47295959e+02, 2.59760834e+02,
    2.54932068e+02, 2.81450317e+02, 2.57565063e+02, 3.00510406e+02,
    2.65081482e+02, 3.53914490e+02, 2.63980927e+02, 3.77737366e+02,
    2.58666290e+02, 3.98223206e+02, 2.56271576e+02, 4.15232697e+02,
    2.50374741e+02, 4.28427826e+02, 2.67214264e+02, 3.30201111e+02,
    2.96763855e+02, 3.31560211e+02, 3.17863617e+02, 3.33433197e+02,
    3.39035248e+02, 3.35904633e+02, 3.61388306e+02, 3.03912384e+02,
    3.75291321e+02, 3.18389496e+02, 3.79335052e+02, 3.32228821e+02,
    3.82602753e+02, 3.48435760e+02, 3.80142181e+02, 3.60591125e+02,
    3.76899109e+02, 2.46910263e+02, 3.00296936e+02, 2.60940125e+02,
    2.92521606e+02, 2.77835205e+02, 2.94607941e+02, 2.89459320e+02,
    3.03972504e+02, 2.72869385e+02, 3.06117401e+02, 2.56836273e+02,
    3.06179291e+02, 3.63096008e+02, 3.04064941e+02, 3.73420868e+02,
    2.94787170e+02, 3.90635406e+02, 2.95127594e+02, 4.06052551e+02,
    3.02885315e+02, 3.94928741e+02, 3.07807159e+02, 3.79962616e+02,
    3.07389862e+02, 2.67117676e+02, 4.32561890e+02, 2.95421631e+02,
    4.24820709e+02, 3.17424896e+02, 4.22156525e+02, 3.33465546e+02,
    4.25759003e+02, 3.49542480e+02, 4.21606903e+02, 3.66525085e+02,
    4.27037323e+02, 3.87007568e+02, 4.35131287e+02, 3.66432556e+02,
    4.60709290e+02, 3.49556305e+02, 4.66223358e+02, 3.33398163e+02,
    4.67575378e+02, 3.16524658e+02, 4.67292145e+02, 2.94153778e+02,
    4.61953979e+02, 2.80654114e+02, 4.34396179e+02, 3.17502075e+02,
    4.31913025e+02, 3.33576050e+02, 4.34234985e+02, 3.49016357e+02,
    4.33108307e+02, 3.75372314e+02, 4.36391327e+02, 3.49459869e+02,
    4.46539276e+02, 3.32889801e+02, 4.50794983e+02, 3.17141022e+02,
    4.48069550e+02 ]
noOfLandmarkPoint: 68
