%YAML:1.0
landmark: [ 1.10845642e+02, 1.73417419e+02, 1.07706543e+02,
    1.86319351e+02, 1.06829887e+02, 2.00449768e+02, 1.06247437e+02,
    2.15104538e+02, 1.05967178e+02, 2.29961899e+02, 1.11683037e+02,
    2.45625717e+02, 1.20156158e+02, 2.57883179e+02, 1.29878479e+02,
    2.68233917e+02, 1.41223328e+02, 2.76065399e+02, 1.57030548e+02,
    2.76853546e+02, 1.70715195e+02, 2.68900513e+02, 1.82531693e+02,
    2.59633087e+02, 1.92843613e+02, 2.47711227e+02, 2.00130692e+02,
    2.34446075e+02, 2.05684311e+02, 2.20220200e+02, 2.09183456e+02,
    2.06712006e+02, 2.12322556e+02, 1.93433487e+02, 1.17319565e+02,
    1.74625320e+02, 1.24982460e+02, 1.72307648e+02, 1.31506027e+02,
    1.76331940e+02, 1.39170288e+02, 1.80513901e+02, 1.45629639e+02,
    1.86637985e+02, 1.63524933e+02, 1.90163467e+02, 1.73408234e+02,
    1.87023651e+02, 1.82648880e+02, 1.86260254e+02, 1.92052261e+02,
    1.87450943e+02, 1.99750717e+02, 1.91659454e+02, 1.52959167e+02,
    1.99385239e+02, 1.50395645e+02, 2.08616898e+02, 1.47884079e+02,
    2.18406525e+02, 1.45379974e+02, 2.28207825e+02, 1.35508514e+02,
    2.28517044e+02, 1.40756851e+02, 2.31456863e+02, 1.45604950e+02,
    2.33986816e+02, 1.51366531e+02, 2.34019196e+02, 1.57308929e+02,
    2.33744186e+02, 1.22393410e+02, 1.87887512e+02, 1.28780365e+02,
    1.86105316e+02, 1.36781097e+02, 1.87984558e+02, 1.40643097e+02,
    1.93712799e+02, 1.33088181e+02, 1.94759842e+02, 1.26962204e+02,
    1.92198776e+02, 1.67905701e+02, 2.01006973e+02, 1.74340088e+02,
    1.97747498e+02, 1.82198685e+02, 1.98651886e+02, 1.87514084e+02,
    2.03001755e+02, 1.82056808e+02, 2.05589890e+02, 1.75313690e+02,
    2.04686142e+02, 1.25777161e+02, 2.37114838e+02, 1.33759766e+02,
    2.39525146e+02, 1.39579514e+02, 2.41695007e+02, 1.42584274e+02,
    2.44189407e+02, 1.50990143e+02, 2.44239075e+02, 1.58385681e+02,
    2.45662354e+02, 1.66857071e+02, 2.46462173e+02, 1.53541550e+02,
    2.56684021e+02, 1.45320450e+02, 2.57500122e+02, 1.38006088e+02,
    2.55879822e+02, 1.33588745e+02, 2.53136200e+02, 1.28922211e+02,
    2.48794189e+02, 1.28982773e+02, 2.41008026e+02, 1.38108246e+02,
    2.44786484e+02, 1.41768845e+02, 2.46383972e+02, 1.49831131e+02,
    2.47233185e+02, 1.62492493e+02, 2.47615189e+02, 1.47750046e+02,
    2.51276047e+02, 1.40174973e+02, 2.50831299e+02, 1.36423859e+02,
    2.48285629e+02 ]
noOfLandmarkPoint: 68
