%YAML:1.0
landmark: [ 2.20161972e+02, 1.63306213e+02, 2.18518387e+02,
    1.89682663e+02, 2.16376511e+02, 2.14772873e+02, 2.16154419e+02,
    2.39890121e+02, 2.18155334e+02, 2.62838440e+02, 2.27673065e+02,
    2.85234406e+02, 2.41252426e+02, 3.04356720e+02, 2.66388916e+02,
    3.25512726e+02, 2.91607178e+02, 3.38964478e+02, 3.20124878e+02,
    3.39414551e+02, 3.43557953e+02, 3.24367401e+02, 3.60262207e+02,
    3.08424072e+02, 3.77505432e+02, 2.87597015e+02, 3.85792328e+02,
    2.61659729e+02, 3.91530548e+02, 2.38306915e+02, 3.96405548e+02,
    2.13876694e+02, 3.98311798e+02, 1.92214630e+02, 2.42087128e+02,
    1.41970963e+02, 2.57518890e+02, 1.41431702e+02, 2.71292969e+02,
    1.42300934e+02, 2.86096313e+02, 1.43790833e+02, 3.00713806e+02,
    1.47803101e+02, 3.45875641e+02, 1.53829056e+02, 3.62788452e+02,
    1.55115311e+02, 3.75444611e+02, 1.58833145e+02, 3.86982483e+02,
    1.65480835e+02, 3.93655762e+02, 1.70789169e+02, 3.24965240e+02,
    1.74587738e+02, 3.23593567e+02, 1.93427551e+02, 3.22017609e+02,
    2.10670654e+02, 3.20414581e+02, 2.28715271e+02, 2.92987457e+02,
    2.32500732e+02, 3.03804993e+02, 2.38704239e+02, 3.15093719e+02,
    2.44826599e+02, 3.24779449e+02, 2.41869705e+02, 3.31259125e+02,
    2.38663666e+02, 2.55544357e+02, 1.69152390e+02, 2.68490204e+02,
    1.64040100e+02, 2.81983887e+02, 1.68118652e+02, 2.91198242e+02,
    1.76572678e+02, 2.78836334e+02, 1.78600357e+02, 2.65350342e+02,
    1.76308456e+02, 3.44400024e+02, 1.85041611e+02, 3.58187958e+02,
    1.79902283e+02, 3.70567932e+02, 1.81256165e+02, 3.80280701e+02,
    1.89365921e+02, 3.69214050e+02, 1.92295761e+02, 3.55480225e+02,
    1.90403046e+02, 2.63560760e+02, 2.59622284e+02, 2.82955780e+02,
    2.52531998e+02, 2.95850739e+02, 2.52858551e+02, 3.08695374e+02,
    2.57156128e+02, 3.23180023e+02, 2.57890533e+02, 3.34582397e+02,
    2.60340881e+02, 3.43639099e+02, 2.68037598e+02, 3.33966888e+02,
    2.91113342e+02, 3.18562408e+02, 3.00065186e+02, 3.00575653e+02,
    2.99781189e+02, 2.86136932e+02, 2.95976501e+02, 2.74373840e+02,
    2.86090576e+02, 2.66992065e+02, 2.60472931e+02, 2.95545471e+02,
    2.58200134e+02, 3.07715088e+02, 2.63152618e+02, 3.22473785e+02,
    2.62946960e+02, 3.39867157e+02, 2.69115295e+02, 3.19546906e+02,
    2.87920959e+02, 3.02886749e+02, 2.88566650e+02, 2.89066772e+02,
    2.84357483e+02 ]
noOfLandmarkPoint: 68
