%YAML:1.0
landmark: [ 2.18012466e+02, 3.12817474e+02, 2.15140793e+02,
    3.34481720e+02, 2.19266556e+02, 3.56434326e+02, 2.25467346e+02,
    3.75205475e+02, 2.33118454e+02, 3.96922699e+02, 2.39583694e+02,
    4.16413971e+02, 2.46192535e+02, 4.33125916e+02, 2.52700623e+02,
    4.55487640e+02, 2.63113159e+02, 4.71525879e+02, 2.92382446e+02,
    4.73670624e+02, 3.25146210e+02, 4.64270966e+02, 3.51921173e+02,
    4.49789642e+02, 3.79119812e+02, 4.32007202e+02, 4.02600861e+02,
    4.10096710e+02, 4.11207855e+02, 3.81012817e+02, 4.11206268e+02,
    3.48114929e+02, 4.10058258e+02, 3.19291138e+02, 2.10551605e+02,
    2.69354828e+02, 2.15583069e+02, 2.65927612e+02, 2.23410400e+02,
    2.71997650e+02, 2.31380478e+02, 2.77906067e+02, 2.40309372e+02,
    2.85144958e+02, 2.74447784e+02, 2.86086365e+02, 2.91646545e+02,
    2.78488831e+02, 3.09732788e+02, 2.71995148e+02, 3.31024475e+02,
    2.72905365e+02, 3.48163666e+02, 2.80911102e+02, 2.58141815e+02,
    3.12835419e+02, 2.54005829e+02, 3.31011749e+02, 2.49823410e+02,
    3.49162048e+02, 2.45645813e+02, 3.66638977e+02, 2.41382477e+02,
    3.73873260e+02, 2.50084366e+02, 3.80193085e+02, 2.59388519e+02,
    3.83728088e+02, 2.68168854e+02, 3.81618469e+02, 2.76349579e+02,
    3.79445435e+02, 2.21543732e+02, 3.01847229e+02, 2.24629639e+02,
    2.93114197e+02, 2.35035004e+02, 2.97247681e+02, 2.45523193e+02,
    3.06932861e+02, 2.34169052e+02, 3.09930786e+02, 2.24827454e+02,
    3.09915833e+02, 2.95898407e+02, 3.12588684e+02, 3.03608734e+02,
    3.01209686e+02, 3.18521332e+02, 3.03566162e+02, 3.30726868e+02,
    3.11759583e+02, 3.20838715e+02, 3.17147339e+02, 3.06546356e+02,
    3.17463776e+02, 2.43185898e+02, 4.08305969e+02, 2.42494568e+02,
    3.99682526e+02, 2.51111588e+02, 3.98017883e+02, 2.56535400e+02,
    4.01407867e+02, 2.65542633e+02, 4.00207489e+02, 2.81883148e+02,
    4.03864746e+02, 3.11737549e+02, 4.14983246e+02, 2.87008240e+02,
    4.34771240e+02, 2.70271790e+02, 4.38773682e+02, 2.58915527e+02,
    4.37939087e+02, 2.52470123e+02, 4.34892151e+02, 2.45773819e+02,
    4.17980743e+02, 2.47738220e+02, 4.10398407e+02, 2.51457077e+02,
    4.10718719e+02, 2.57231720e+02, 4.10919067e+02, 2.66177155e+02,
    4.10175568e+02, 3.05698151e+02, 4.16196808e+02, 2.66950745e+02,
    4.18045258e+02, 2.57475403e+02, 4.15516083e+02, 2.51457077e+02,
    4.10718719e+02 ]
noOfLandmarkPoint: 68
