%YAML:1.0
landmark: [ 1.54810455e+02, 2.31669357e+02, 1.55629349e+02,
    2.52258392e+02, 1.58540588e+02, 2.75732605e+02, 1.64051910e+02,
    2.97308502e+02, 1.73988632e+02, 3.14463654e+02, 1.85395386e+02,
    3.31938904e+02, 2.00576080e+02, 3.48565826e+02, 2.14289276e+02,
    3.63902435e+02, 2.36823090e+02, 3.66540161e+02, 2.60301605e+02,
    3.60849548e+02, 2.77674316e+02, 3.45624786e+02, 2.91693329e+02,
    3.27461517e+02, 3.01520355e+02, 3.09261841e+02, 3.11028229e+02,
    2.90418060e+02, 3.12350494e+02, 2.68601624e+02, 3.12138977e+02,
    2.47024994e+02, 3.11416901e+02, 2.25301804e+02, 1.63941483e+02,
    2.23041245e+02, 1.72764893e+02, 2.10614822e+02, 1.88017044e+02,
    2.10257706e+02, 1.99439972e+02, 2.06927536e+02, 2.09811325e+02,
    2.12305084e+02, 2.47488831e+02, 2.09014633e+02, 2.59948517e+02,
    2.04175507e+02, 2.72523163e+02, 2.02224457e+02, 2.86672211e+02,
    2.03703232e+02, 2.96336853e+02, 2.11926453e+02, 2.29183533e+02,
    2.31201035e+02, 2.29710114e+02, 2.47006805e+02, 2.30411850e+02,
    2.62302673e+02, 2.31211609e+02, 2.76645660e+02, 2.12708130e+02,
    2.81300018e+02, 2.22582840e+02, 2.84163971e+02, 2.32300934e+02,
    2.88424164e+02, 2.44552307e+02, 2.82694702e+02, 2.54879486e+02,
    2.77682770e+02, 1.81577011e+02, 2.38436981e+02, 1.88913895e+02,
    2.33294998e+02, 1.99059479e+02, 2.31880157e+02, 2.07103760e+02,
    2.37007156e+02, 1.99115448e+02, 2.39863571e+02, 1.89487534e+02,
    2.40108688e+02, 2.53218781e+02, 2.35476624e+02, 2.60812592e+02,
    2.29726151e+02, 2.71220428e+02, 2.26960342e+02, 2.78785156e+02,
    2.31360062e+02, 2.72653534e+02, 2.36525955e+02, 2.62790161e+02,
    2.37097549e+02, 1.95586975e+02, 3.00682953e+02, 2.11354538e+02,
    2.95843781e+02, 2.25735931e+02, 2.96461731e+02, 2.33748093e+02,
    2.98469086e+02, 2.44878418e+02, 2.95182587e+02, 2.58850647e+02,
    2.93967133e+02, 2.74064423e+02, 2.96086639e+02, 2.60391327e+02,
    3.20164398e+02, 2.46346115e+02, 3.30506561e+02, 2.35141342e+02,
    3.33809204e+02, 2.26297546e+02, 3.32340240e+02, 2.10813309e+02,
    3.21246399e+02, 2.03099442e+02, 3.02516205e+02, 2.25379333e+02,
    3.05030365e+02, 2.33962997e+02, 3.05921478e+02, 2.45510025e+02,
    3.01314331e+02, 2.67154968e+02, 2.97546295e+02, 2.46381805e+02,
    3.16213684e+02, 2.34825974e+02, 3.19128815e+02, 2.26056808e+02,
    3.18344696e+02 ]
noOfLandmarkPoint: 68
