%YAML:1.0
landmark: [ 4.58940887e+00, 3.97151825e+02, 2.68762302e+00,
    4.12106354e+02, 1.50437701e+00, 4.29744171e+02, 4.01877499e+00,
    4.47234100e+02, 1.32089338e+01, 4.55722778e+02, 2.70241756e+01,
    4.63347931e+02, 4.28651619e+01, 4.71014099e+02, 5.92128296e+01,
    4.75680176e+02, 7.46310883e+01, 4.75721161e+02, 7.98658218e+01,
    4.72297363e+02, 8.20165100e+01, 4.65938416e+02, 8.18456497e+01,
    4.53369385e+02, 8.43810349e+01, 4.39725983e+02, 8.88591995e+01,
    4.30119019e+02, 9.47104874e+01, 4.18670258e+02, 9.48774109e+01,
    4.07350403e+02, 9.47075272e+01, 3.94531494e+02, 3.31423988e+01,
    3.73056000e+02, 4.16959991e+01, 3.67353607e+02, 5.18335991e+01,
    3.66720001e+02, 5.94367981e+01, 3.66720001e+02, 6.76106339e+01,
    3.68705750e+02, 8.53734055e+01, 3.70709503e+02, 8.84774551e+01,
    3.68219055e+02, 9.18353424e+01, 3.66678009e+02, 9.56999054e+01,
    3.66657043e+02, 9.86360474e+01, 3.67522491e+02, 7.62272034e+01,
    3.90163208e+02, 8.03455963e+01, 3.98716797e+02, 8.41472015e+01,
    4.06320007e+02, 8.63647995e+01, 4.11705597e+02, 6.79904022e+01,
    4.19942413e+02, 7.55935974e+01, 4.21209595e+02, 8.09792023e+01,
    4.22476807e+02, 8.35136032e+01, 4.21843201e+02, 8.57312012e+01,
    4.20575989e+02, 4.18658829e+01, 3.86911255e+02, 4.57724228e+01,
    3.82370117e+02, 5.27840004e+01, 3.82138245e+02, 5.61418839e+01,
    3.86552460e+02, 5.26360931e+01, 3.89022919e+02, 4.68287506e+01,
    3.89170837e+02, 8.04935074e+01, 3.86023804e+02, 8.32597656e+01,
    3.81610596e+02, 8.74621201e+01, 3.81441681e+02, 8.87503052e+01,
    3.84017090e+02, 8.73781662e+01, 3.86678406e+02, 8.40832443e+01,
    3.86678406e+02, 5.33975983e+01, 4.43660431e+02, 6.32413597e+01,
    4.37936035e+02, 7.23026276e+01, 4.36120178e+02, 7.56585388e+01,
    4.37282440e+02, 8.00507736e+01, 4.36563904e+02, 8.27111053e+01,
    4.38738556e+02, 8.26471558e+01, 4.44019196e+02, 8.14229202e+01,
    4.48306488e+02, 7.72415543e+01, 4.49235901e+02, 7.36737823e+01,
    4.49806549e+02, 6.92185822e+01, 4.49320831e+02, 6.28825836e+01,
    4.48899109e+02, 5.62697868e+01, 4.43195709e+02, 7.05687485e+01,
    4.42202362e+02, 7.44333115e+01, 4.43089783e+02, 7.80870056e+01,
    4.43174744e+02, 8.05144958e+01, 4.42202362e+02, 7.80870056e+01,
    4.43174744e+02, 7.44333115e+01, 4.43089783e+02, 7.05687485e+01,
    4.42202362e+02 ]
noOfLandmarkPoint: 68
