%YAML:1.0
landmark: [ 8.68726196e+01, 1.29853607e+02, 8.90263596e+01,
    1.45357452e+02, 9.25044632e+01, 1.60466202e+02, 9.50729675e+01,
    1.75994904e+02, 1.01182602e+02, 1.90480042e+02, 1.10734184e+02,
    2.04015762e+02, 1.22241196e+02, 2.15749527e+02, 1.35063385e+02,
    2.27301361e+02, 1.51917633e+02, 2.31689743e+02, 1.67268127e+02,
    2.26836502e+02, 1.80670685e+02, 2.15445908e+02, 1.92508377e+02,
    2.03500168e+02, 2.02390976e+02, 1.89671295e+02, 2.07073364e+02,
    1.72339691e+02, 2.08217484e+02, 1.57254288e+02, 2.10006348e+02,
    1.40631363e+02, 2.11595184e+02, 1.27263260e+02, 9.94371567e+01,
    1.22057671e+02, 1.08778984e+02, 1.21804359e+02, 1.18318283e+02,
    1.18921173e+02, 1.27378365e+02, 1.20916687e+02, 1.38311234e+02,
    1.22695267e+02, 1.67496490e+02, 1.25699791e+02, 1.75676559e+02,
    1.19674118e+02, 1.86020615e+02, 1.17844429e+02, 1.93034653e+02,
    1.19663696e+02, 2.00309784e+02, 1.21203720e+02, 1.52597046e+02,
    1.34634781e+02, 1.52710297e+02, 1.45019897e+02, 1.52770584e+02,
    1.55481735e+02, 1.52655121e+02, 1.65954056e+02, 1.39358948e+02,
    1.70320221e+02, 1.45884125e+02, 1.73016449e+02, 1.52590820e+02,
    1.75427444e+02, 1.59763550e+02, 1.72285049e+02, 1.66112610e+02,
    1.69929977e+02, 1.14612564e+02, 1.34438232e+02, 1.22043114e+02,
    1.31262726e+02, 1.29508575e+02, 1.32024780e+02, 1.35389114e+02,
    1.37578735e+02, 1.28433594e+02, 1.38661942e+02, 1.19685242e+02,
    1.37277557e+02, 1.68391937e+02, 1.36339249e+02, 1.75125473e+02,
    1.30138687e+02, 1.82061050e+02, 1.29194916e+02, 1.89252914e+02,
    1.32075150e+02, 1.83326126e+02, 1.35986374e+02, 1.76068573e+02,
    1.36746445e+02, 1.22198349e+02, 1.82758560e+02, 1.34612015e+02,
    1.81987381e+02, 1.44656754e+02, 1.80692780e+02, 1.51139053e+02,
    1.82624603e+02, 1.58602493e+02, 1.80784668e+02, 1.68945786e+02,
    1.82043091e+02, 1.78746857e+02, 1.81945160e+02, 1.70067917e+02,
    1.94913773e+02, 1.60176758e+02, 2.02018906e+02, 1.51254990e+02,
    2.03032974e+02, 1.44541901e+02, 2.02250320e+02, 1.33785248e+02,
    1.96930603e+02, 1.26256653e+02, 1.84193466e+02, 1.44626526e+02,
    1.84940842e+02, 1.51170868e+02, 1.85407974e+02, 1.59010666e+02,
    1.83927765e+02, 1.75129913e+02, 1.83725677e+02, 1.59387146e+02,
    1.93614502e+02, 1.51134109e+02, 1.95939865e+02, 1.44355957e+02,
    1.94478546e+02 ]
noOfLandmarkPoint: 68
