%YAML:1.0
landmark: [ 1.31401581e+02, 9.97969055e+01, 1.33937454e+02,
    1.18281670e+02, 1.37284500e+02, 1.35577118e+02, 1.39066849e+02,
    1.53607666e+02, 1.44550018e+02, 1.70209412e+02, 1.54248917e+02,
    1.83941238e+02, 1.67086716e+02, 1.95672241e+02, 1.83920197e+02,
    2.04035583e+02, 2.03196777e+02, 2.06797729e+02, 2.21533203e+02,
    2.03903397e+02, 2.36825409e+02, 1.93392838e+02, 2.51494431e+02,
    1.80102448e+02, 2.61154938e+02, 1.64069000e+02, 2.65790680e+02,
    1.44826126e+02, 2.67027069e+02, 1.26014137e+02, 2.68382294e+02,
    1.09694099e+02, 2.70784424e+02, 9.12472153e+01, 1.35025192e+02,
    9.03637924e+01, 1.42398041e+02, 7.91178436e+01, 1.54461105e+02,
    7.30556259e+01, 1.68733078e+02, 7.36012115e+01, 1.82750015e+02,
    7.81233444e+01, 1.99297821e+02, 7.75779724e+01, 2.14330002e+02,
    7.09826202e+01, 2.29155624e+02, 6.83163147e+01, 2.43941711e+02,
    7.15471725e+01, 2.56460236e+02, 8.00982361e+01, 1.92410614e+02,
    9.13856583e+01, 1.93046906e+02, 1.01767426e+02, 1.93448669e+02,
    1.11336426e+02, 1.93494904e+02, 1.22224648e+02, 1.84097733e+02,
    1.34575638e+02, 1.89829636e+02, 1.35985199e+02, 1.95280228e+02,
    1.38163300e+02, 2.00514771e+02, 1.36090057e+02, 2.04884827e+02,
    1.34177902e+02, 1.52746170e+02, 9.40798645e+01, 1.60477158e+02,
    9.01917114e+01, 1.69902878e+02, 8.96452332e+01, 1.77297180e+02,
    9.53765793e+01, 1.68956161e+02, 9.82750854e+01, 1.60335724e+02,
    9.91951828e+01, 2.13044037e+02, 9.29358826e+01, 2.20200760e+02,
    8.52522125e+01, 2.29246567e+02, 8.46845703e+01, 2.36974945e+02,
    8.81615372e+01, 2.30829941e+02, 9.40754929e+01, 2.22972076e+02,
    9.50668259e+01, 1.72764847e+02, 1.60275620e+02, 1.85044449e+02,
    1.58380478e+02, 1.92722351e+02, 1.56011047e+02, 1.97819611e+02,
    1.57234375e+02, 2.03936508e+02, 1.55069870e+02, 2.13762283e+02,
    1.57273315e+02, 2.23997726e+02, 1.58327072e+02, 2.13821854e+02,
    1.64365219e+02, 2.04855270e+02, 1.65480133e+02, 1.97561462e+02,
    1.66104431e+02, 1.92524368e+02, 1.66059509e+02, 1.84995071e+02,
    1.65006592e+02, 1.76376785e+02, 1.61150909e+02, 1.92518677e+02,
    1.60025253e+02, 1.97776276e+02, 1.60888474e+02, 2.04316177e+02,
    1.59516098e+02, 2.20654816e+02, 1.58913803e+02, 2.04316177e+02,
    1.59516098e+02, 1.97776276e+02, 1.60888474e+02, 1.92518677e+02,
    1.60025253e+02 ]
noOfLandmarkPoint: 68
