%YAML:1.0
landmark: [ 8.65360565e+01, 1.89622009e+02, 8.79408722e+01,
    2.17246262e+02, 9.42500000e+01, 2.42570892e+02, 1.01526115e+02,
    2.69996277e+02, 1.10481346e+02, 2.94063446e+02, 1.22794777e+02,
    3.16451508e+02, 1.42384323e+02, 3.34921631e+02, 1.60894073e+02,
    3.51403137e+02, 1.84862259e+02, 3.54451813e+02, 2.12557587e+02,
    3.50263947e+02, 2.35505341e+02, 3.36192230e+02, 2.55080490e+02,
    3.17866272e+02, 2.71635406e+02, 2.96613617e+02, 2.82221375e+02,
    2.67425385e+02, 2.86767639e+02, 2.38483765e+02, 2.91949554e+02,
    2.10058014e+02, 2.93497467e+02, 1.84640961e+02, 9.38860626e+01,
    1.61900848e+02, 1.10154518e+02, 1.52186523e+02, 1.27737724e+02,
    1.48865250e+02, 1.45201035e+02, 1.51525589e+02, 1.58393539e+02,
    1.58831329e+02, 1.99342499e+02, 1.61275620e+02, 2.16983368e+02,
    1.51409637e+02, 2.35673569e+02, 1.46026733e+02, 2.57377350e+02,
    1.49068314e+02, 2.73389557e+02, 1.56453476e+02, 1.81760483e+02,
    1.84543945e+02, 1.81023239e+02, 2.06822632e+02, 1.80519913e+02,
    2.28460251e+02, 1.79619446e+02, 2.51093231e+02, 1.68069519e+02,
    2.59849457e+02, 1.74184525e+02, 2.63161774e+02, 1.80690002e+02,
    2.66570862e+02, 1.89023468e+02, 2.62603424e+02, 1.97342316e+02,
    2.59306122e+02, 1.14168892e+02, 1.84882050e+02, 1.26192574e+02,
    1.75446304e+02, 1.43585358e+02, 1.76317108e+02, 1.55151520e+02,
    1.89580643e+02, 1.39849609e+02, 1.96930832e+02, 1.25112762e+02,
    1.96266846e+02, 2.14452896e+02, 1.87391861e+02, 2.26589706e+02,
    1.72628006e+02, 2.41471283e+02, 1.71258438e+02, 2.55444031e+02,
    1.81293488e+02, 2.44460571e+02, 1.90999176e+02, 2.30178284e+02,
    1.92388535e+02, 1.46537033e+02, 2.97297119e+02, 1.58861954e+02,
    2.93137787e+02, 1.73779144e+02, 2.85125275e+02, 1.81033951e+02,
    2.87993225e+02, 1.89388535e+02, 2.85377075e+02, 2.06973328e+02,
    2.91418640e+02, 2.26010208e+02, 2.97112091e+02, 2.08277924e+02,
    3.13455017e+02, 1.91085541e+02, 3.19131226e+02, 1.80907516e+02,
    3.19508667e+02, 1.71233002e+02, 3.18709564e+02, 1.58340256e+02,
    3.09448883e+02, 1.52686172e+02, 3.00059937e+02, 1.73107620e+02,
    2.97661804e+02, 1.82072266e+02, 2.99447754e+02, 1.89966141e+02,
    2.99160126e+02, 2.20992691e+02, 2.98771393e+02, 1.89966141e+02,
    2.99160126e+02, 1.82072266e+02, 2.99447754e+02, 1.73180527e+02,
    2.99970001e+02 ]
noOfLandmarkPoint: 68
