%YAML:1.0
landmark: [ 1.26725525e+02, 1.85095810e+02, 1.24086914e+02,
    2.17777542e+02, 1.24554634e+02, 2.48524261e+02, 1.29587372e+02,
    2.83916138e+02, 1.38557312e+02, 3.15461792e+02, 1.54023361e+02,
    3.41972504e+02, 1.81302322e+02, 3.68430115e+02, 2.07466232e+02,
    3.85077271e+02, 2.36657059e+02, 3.92326538e+02, 2.63994904e+02,
    3.86053772e+02, 2.81609772e+02, 3.63750702e+02, 2.92284576e+02,
    3.36460846e+02, 3.03341248e+02, 3.13846436e+02, 3.13033081e+02,
    2.87828918e+02, 3.21717041e+02, 2.64335632e+02, 3.27262451e+02,
    2.42703842e+02, 3.27507507e+02, 2.19316849e+02, 1.63585281e+02,
    1.89913147e+02, 1.82508850e+02, 1.79240234e+02, 2.02650253e+02,
    1.73805984e+02, 2.23159698e+02, 1.76115952e+02, 2.45531387e+02,
    1.86188965e+02, 2.76731201e+02, 1.92165771e+02, 2.92623779e+02,
    1.85535034e+02, 3.07619904e+02, 1.83180542e+02, 3.19001221e+02,
    1.89329086e+02, 3.28271393e+02, 1.98110550e+02, 2.67133514e+02,
    2.02308716e+02, 2.67195160e+02, 2.28406525e+02, 2.67043274e+02,
    2.53465286e+02, 2.67655273e+02, 2.78154175e+02, 2.40665848e+02,
    2.79875763e+02, 2.50153992e+02, 2.84221375e+02, 2.58631683e+02,
    2.91470642e+02, 2.68513855e+02, 2.87770050e+02, 2.77750977e+02,
    2.83547729e+02, 1.93538788e+02, 2.00423187e+02, 2.04909088e+02,
    1.93404083e+02, 2.18193161e+02, 1.93182632e+02, 2.27700974e+02,
    2.02811081e+02, 2.16919083e+02, 2.06514923e+02, 2.03150299e+02,
    2.05346924e+02, 2.83309509e+02, 2.07351700e+02, 2.95236877e+02,
    1.99125549e+02, 3.06470551e+02, 2.00931732e+02, 3.14514740e+02,
    2.10057037e+02, 3.06763550e+02, 2.11713501e+02, 2.94998657e+02,
    2.10839233e+02, 2.07618118e+02, 3.18431458e+02, 2.23238739e+02,
    3.16962128e+02, 2.46756104e+02, 3.12641602e+02, 2.55922150e+02,
    3.16328796e+02, 2.66166718e+02, 3.13759644e+02, 2.74627045e+02,
    3.18273773e+02, 2.78396027e+02, 3.23664246e+02, 2.70737915e+02,
    3.38222717e+02, 2.61337555e+02, 3.39079193e+02, 2.50688416e+02,
    3.39499115e+02, 2.40773087e+02, 3.37749542e+02, 2.18654129e+02,
    3.24970520e+02, 2.13387314e+02, 3.18743958e+02, 2.44540756e+02,
    3.22484528e+02, 2.54324036e+02, 3.24695465e+02, 2.64089325e+02,
    3.23456665e+02, 2.74937561e+02, 3.23939423e+02, 2.64089325e+02,
    3.23456665e+02, 2.54324036e+02, 3.24695465e+02, 2.44540756e+02,
    3.22484528e+02 ]
noOfLandmarkPoint: 68
