%YAML:1.0
landmark: [ 1.37135742e+02, 1.76902542e+02, 1.42570129e+02,
    2.00853867e+02, 1.52014145e+02, 2.27369904e+02, 1.61582672e+02,
    2.50811356e+02, 1.74421173e+02, 2.68594055e+02, 1.89719330e+02,
    2.80746765e+02, 2.06567215e+02, 2.89010742e+02, 2.25803879e+02,
    2.95970215e+02, 2.49369843e+02, 2.96780518e+02, 2.70719482e+02,
    2.92185608e+02, 2.94496490e+02, 2.85823608e+02, 3.23163422e+02,
    2.75819794e+02, 3.42246826e+02, 2.60127014e+02, 3.55870728e+02,
    2.35630066e+02, 3.61650177e+02, 2.06068192e+02, 3.63839722e+02,
    1.70012360e+02, 3.61675079e+02, 1.37002380e+02, 1.41365204e+02,
    1.09472992e+02, 1.54498703e+02, 9.90941544e+01, 1.71666504e+02,
    9.44449387e+01, 1.87728989e+02, 9.47399445e+01, 2.05241608e+02,
    9.89945450e+01, 2.53844742e+02, 8.87402191e+01, 2.71062347e+02,
    7.89015884e+01, 2.90600922e+02, 7.48956070e+01, 3.11732330e+02,
    7.66306305e+01, 3.30711945e+02, 7.94051285e+01, 2.29962418e+02,
    1.03860229e+02, 2.30117142e+02, 1.20607834e+02, 2.30150848e+02,
    1.36879410e+02, 2.30254044e+02, 1.53103210e+02, 2.15670242e+02,
    1.75443161e+02, 2.25558685e+02, 1.75738159e+02, 2.36124451e+02,
    1.77536041e+02, 2.46465775e+02, 1.73598404e+02, 2.57903931e+02,
    1.68679092e+02, 1.57875488e+02, 1.27917999e+02, 1.69966690e+02,
    1.17370682e+02, 1.86028809e+02, 1.15473488e+02, 1.99395309e+02,
    1.23615662e+02, 1.85897308e+02, 1.29274719e+02, 1.71343613e+02,
    1.31384705e+02, 2.71326691e+02, 1.13905792e+02, 2.82634644e+02,
    1.02597061e+02, 2.99048218e+02, 1.00655045e+02, 3.13281464e+02,
    1.07876884e+02, 3.00456909e+02, 1.14622795e+02, 2.85684082e+02,
    1.16222549e+02, 1.95523651e+02, 2.24981125e+02, 2.06862213e+02,
    1.98440186e+02, 2.25974365e+02, 1.88676270e+02, 2.37512161e+02,
    1.88526855e+02, 2.53329437e+02, 1.84887161e+02, 2.81810913e+02,
    1.91356216e+02, 3.02917908e+02, 2.03009430e+02, 2.88869965e+02,
    2.28005890e+02, 2.62947784e+02, 2.40229462e+02, 2.45850861e+02,
    2.43083740e+02, 2.33523834e+02, 2.44608582e+02, 2.11681931e+02,
    2.43204422e+02, 1.98722748e+02, 2.24021393e+02, 2.27844009e+02,
    2.01984085e+02, 2.40316620e+02, 2.02499390e+02, 2.55518997e+02,
    1.97949783e+02, 2.95148895e+02, 2.05589050e+02, 2.61103027e+02,
    2.30660934e+02, 2.44621033e+02, 2.32015274e+02, 2.31778702e+02,
    2.34335358e+02 ]
noOfLandmarkPoint: 68
