%YAML:1.0
landmark: [ 1.21939140e+02, 2.12791168e+02, 1.27667061e+02,
    2.34270889e+02, 1.34110977e+02, 2.55750595e+02, 1.41270889e+02,
    2.77946289e+02, 1.52726730e+02, 3.01573975e+02, 1.64182571e+02,
    3.15893799e+02, 1.76582535e+02, 3.31901947e+02, 1.96739731e+02,
    3.41621704e+02, 2.20675766e+02, 3.42010864e+02, 2.42222168e+02,
    3.35200684e+02, 2.60916382e+02, 3.19472656e+02, 2.75946472e+02,
    3.00195129e+02, 2.87513123e+02, 2.79658997e+02, 2.90758240e+02,
    2.56292847e+02, 2.91050385e+02, 2.31908020e+02, 2.89652863e+02,
    2.07541168e+02, 2.87338959e+02, 1.83342010e+02, 1.24803101e+02,
    1.79139618e+02, 1.31043198e+02, 1.69047104e+02, 1.42948044e+02,
    1.65530655e+02, 1.57377533e+02, 1.66467804e+02, 1.70252975e+02,
    1.69044052e+02, 2.08287903e+02, 1.61682846e+02, 2.21764893e+02,
    1.54149475e+02, 2.36208221e+02, 1.50526169e+02, 2.51181198e+02,
    1.52357300e+02, 2.63899506e+02, 1.59159485e+02, 1.96241943e+02,
    1.86047272e+02, 1.97373672e+02, 1.98646072e+02, 1.98486084e+02,
    2.12113770e+02, 2.00147583e+02, 2.25042297e+02, 1.83021255e+02,
    2.37639709e+02, 1.93009735e+02, 2.39529343e+02, 2.03737793e+02,
    2.39517548e+02, 2.13808853e+02, 2.34036148e+02, 2.22881989e+02,
    2.31183990e+02, 1.46928009e+02, 1.99891541e+02, 1.53145096e+02,
    1.92113037e+02, 1.63957520e+02, 1.90436020e+02, 1.72973801e+02,
    1.95607407e+02, 1.65297241e+02, 1.99422089e+02, 1.55253784e+02,
    2.00517273e+02, 2.22509140e+02, 1.85212677e+02, 2.30149155e+02,
    1.77921875e+02, 2.39752716e+02, 1.76418427e+02, 2.48842590e+02,
    1.79415710e+02, 2.43557907e+02, 1.85000198e+02, 2.32251770e+02,
    1.85907013e+02, 1.74233154e+02, 2.78074310e+02, 1.86496918e+02,
    2.68830017e+02, 2.00799500e+02, 2.64452881e+02, 2.10951950e+02,
    2.65499695e+02, 2.19205795e+02, 2.62180908e+02, 2.34452972e+02,
    2.60630981e+02, 2.53583099e+02, 2.63473450e+02, 2.38156250e+02,
    2.82937286e+02, 2.24446457e+02, 2.88698486e+02, 2.13906937e+02,
    2.90770325e+02, 2.03331497e+02, 2.90768372e+02, 1.89530136e+02,
    2.89358856e+02, 1.78957428e+02, 2.77793610e+02, 2.01527084e+02,
    2.71984497e+02, 2.11410583e+02, 2.71873138e+02, 2.20726074e+02,
    2.69182556e+02, 2.47393616e+02, 2.64451660e+02, 2.22507080e+02,
    2.77640839e+02, 2.13078430e+02, 2.81376404e+02, 2.02237717e+02,
    2.80630005e+02 ]
noOfLandmarkPoint: 68
