%YAML:1.0
landmark: [ 7.20852127e+01, 6.84501648e+01, 6.80635529e+01,
    8.45143204e+01, 6.72811356e+01, 1.01643410e+02, 6.61777725e+01,
    1.17070381e+02, 6.68798447e+01, 1.33008835e+02, 7.05309219e+01,
    1.48265320e+02, 7.71108932e+01, 1.62970108e+02, 8.32895737e+01,
    1.74154129e+02, 9.59707947e+01, 1.81486038e+02, 1.10575256e+02,
    1.85726807e+02, 1.26706772e+02, 1.81239288e+02, 1.46616440e+02,
    1.76255707e+02, 1.61861771e+02, 1.66973419e+02, 1.72717194e+02,
    1.53843445e+02, 1.83203552e+02, 1.39103424e+02, 1.91865997e+02,
    1.26324265e+02, 2.00598663e+02, 1.10883347e+02, 8.62981949e+01,
    5.60779991e+01, 9.66493530e+01, 5.23487015e+01, 1.07566895e+02,
    5.31762238e+01, 1.17454956e+02, 5.72072906e+01, 1.25718163e+02,
    6.34661674e+01, 1.49088318e+02, 7.61373215e+01, 1.64476212e+02,
    7.50755768e+01, 1.78162140e+02, 7.92339249e+01, 1.86478348e+02,
    8.52611237e+01, 1.94046387e+02, 9.35886993e+01, 1.32662537e+02,
    8.51567078e+01, 1.27951302e+02, 9.69472961e+01, 1.23823860e+02,
    1.07347404e+02, 1.19035667e+02, 1.19061432e+02, 1.08970230e+02,
    1.23525383e+02, 1.11580925e+02, 1.26091911e+02, 1.14842079e+02,
    1.29844055e+02, 1.20467468e+02, 1.29363205e+02, 1.25362900e+02,
    1.29384720e+02, 9.57821503e+01, 7.16813049e+01, 1.03214104e+02,
    6.96611099e+01, 1.11790085e+02, 7.34941483e+01, 1.16284966e+02,
    8.22728958e+01, 1.07441246e+02, 8.17850418e+01, 9.92091217e+01,
    7.84209747e+01, 1.50477051e+02, 9.47571487e+01, 1.60201797e+02,
    8.96914978e+01, 1.70541992e+02, 9.46865082e+01, 1.75369431e+02,
    1.01852226e+02, 1.66224426e+02, 1.01896118e+02, 1.58268951e+02,
    9.95004349e+01, 8.66425247e+01, 1.40989395e+02, 9.59259033e+01,
    1.38304718e+02, 1.05881706e+02, 1.37973541e+02, 1.09881737e+02,
    1.41041367e+02, 1.16962280e+02, 1.42830948e+02, 1.27492691e+02,
    1.51513916e+02, 1.32921707e+02, 1.58565536e+02, 1.21907257e+02,
    1.63306412e+02, 1.08985970e+02, 1.60384979e+02, 1.02876427e+02,
    1.58039658e+02, 9.76746521e+01, 1.55150208e+02, 9.11970062e+01,
    1.49742828e+02, 9.21777039e+01, 1.44570480e+02, 1.02898056e+02,
    1.46176331e+02, 1.07275032e+02, 1.48007904e+02, 1.14119652e+02,
    1.50499664e+02, 1.28834763e+02, 1.57791336e+02, 1.14119652e+02,
    1.50499664e+02, 1.07275032e+02, 1.48007904e+02, 1.02898056e+02,
    1.46176331e+02 ]
noOfLandmarkPoint: 68
