%YAML:1.0
landmark: [ 7.50300751e+01, 2.18494354e+02, 8.14812012e+01,
    2.44836472e+02, 9.14583893e+01, 2.74712463e+02, 1.08898499e+02,
    3.03434204e+02, 1.23714027e+02, 3.31855469e+02, 1.41841980e+02,
    3.56735046e+02, 1.62523300e+02, 3.79487701e+02, 1.87647781e+02,
    3.98611816e+02, 2.10898926e+02, 4.00208954e+02, 2.40681213e+02,
    3.87171906e+02, 2.73939850e+02, 3.69558258e+02, 2.98518921e+02,
    3.42773254e+02, 3.06266693e+02, 3.07299866e+02, 3.06195496e+02,
    2.66340240e+02, 3.03507507e+02, 2.31396622e+02, 3.00819550e+02,
    1.95377823e+02, 2.98131592e+02, 1.62584579e+02, 6.75037613e+01,
    1.98603378e+02, 7.38124619e+01, 1.84539078e+02, 8.81123199e+01,
    1.77047302e+02, 1.07995735e+02, 1.79985641e+02, 1.28919556e+02,
    1.86949997e+02, 1.45289001e+02, 1.84183029e+02, 1.68033829e+02,
    1.68498123e+02, 1.94375946e+02, 1.57746246e+02, 2.23830688e+02,
    1.51791077e+02, 2.45130310e+02, 1.60781113e+02, 1.46451035e+02,
    2.02738251e+02, 1.48451172e+02, 2.24637177e+02, 1.50601547e+02,
    2.48385986e+02, 1.53676865e+02, 2.73589508e+02, 1.45749802e+02,
    2.87561829e+02, 1.56704437e+02, 2.89788544e+02, 1.67535355e+02,
    2.89393372e+02, 1.75575790e+02, 2.85400940e+02, 1.83695267e+02,
    2.79028839e+02, 8.64854431e+01, 2.10129959e+02, 9.33082733e+01,
    1.98603378e+02, 1.09285843e+02, 1.95377823e+02, 1.25721977e+02,
    2.08445969e+02, 1.11728584e+02, 2.16213791e+02, 9.59787369e+01,
    2.17041672e+02, 1.83465988e+02, 1.94610947e+02, 1.91292801e+02,
    1.77178665e+02, 2.08890976e+02, 1.74490692e+02, 2.25593842e+02,
    1.81549530e+02, 2.15457886e+02, 1.90703827e+02, 2.00240585e+02,
    1.94771484e+02, 1.42838135e+02, 3.16708160e+02, 1.51906021e+02,
    3.13806549e+02, 1.67932999e+02, 3.10918213e+02, 1.82605026e+02,
    3.11380707e+02, 1.97063904e+02, 3.03971802e+02, 2.20488770e+02,
    3.01505280e+02, 2.38996246e+02, 3.06659760e+02, 2.33090530e+02,
    3.34464417e+02, 2.15816315e+02, 3.47516907e+02, 1.98470886e+02,
    3.52054779e+02, 1.79884369e+02, 3.52212830e+02, 1.59421692e+02,
    3.41811157e+02, 1.50988892e+02, 3.22866638e+02, 1.71275040e+02,
    3.23325195e+02, 1.86319855e+02, 3.22637360e+02, 2.02281784e+02,
    3.16953094e+02, 2.36308273e+02, 3.08272552e+02, 2.09183640e+02,
    3.31705231e+02, 1.91774826e+02, 3.35152252e+02, 1.73504456e+02,
    3.34385376e+02 ]
noOfLandmarkPoint: 68
