%YAML:1.0
landmark: [ 9.64633713e+01, 1.37705490e+02, 1.01354874e+02,
    1.56201584e+02, 1.05390862e+02, 1.71468277e+02, 1.09431473e+02,
    1.86620560e+02, 1.14482231e+02, 2.00762695e+02, 1.21553299e+02,
    2.12379440e+02, 1.34685272e+02, 2.20460663e+02, 1.49628311e+02,
    2.26894714e+02, 1.64967163e+02, 2.26894714e+02, 1.81074966e+02,
    2.24292007e+02, 1.96996216e+02, 2.17298264e+02, 2.08810806e+02,
    2.06938889e+02, 2.17813583e+02, 1.91562073e+02, 2.21799561e+02,
    1.74785309e+02, 2.23337494e+02, 1.56943771e+02, 2.25708237e+02,
    1.41054459e+02, 2.26994919e+02, 1.24175964e+02, 9.97948456e+01,
    1.25380424e+02, 1.05960999e+02, 1.13247894e+02, 1.16020149e+02,
    1.05544495e+02, 1.30326157e+02, 1.04743599e+02, 1.42679581e+02,
    1.09718811e+02, 1.61089981e+02, 1.08068611e+02, 1.73981216e+02,
    1.00889557e+02, 1.87804840e+02, 9.84734268e+01, 2.01309952e+02,
    1.02359406e+02, 2.11354370e+02, 1.11250153e+02, 1.52395706e+02,
    1.24504028e+02, 1.52400391e+02, 1.34213425e+02, 1.52370544e+02,
    1.44602463e+02, 1.52397217e+02, 1.54956909e+02, 1.46555084e+02,
    1.65385834e+02, 1.50833084e+02, 1.66575592e+02, 1.55146851e+02,
    1.67563324e+02, 1.60815414e+02, 1.65331558e+02, 1.66298447e+02,
    1.63820099e+02, 1.17311104e+02, 1.32390656e+02, 1.22940811e+02,
    1.26175850e+02, 1.32406479e+02, 1.25321968e+02, 1.39142746e+02,
    1.31057007e+02, 1.32171692e+02, 1.33411072e+02, 1.23906250e+02,
    1.34455688e+02, 1.72855545e+02, 1.26455055e+02, 1.79895111e+02,
    1.19392014e+02, 1.88303360e+02, 1.18334541e+02, 1.96143066e+02,
    1.23825218e+02, 1.90011520e+02, 1.27096451e+02, 1.81159241e+02,
    1.27740067e+02, 1.35994217e+02, 1.91976761e+02, 1.44052277e+02,
    1.82987091e+02, 1.51164398e+02, 1.79083099e+02, 1.55703217e+02,
    1.79283264e+02, 1.62211700e+02, 1.78362000e+02, 1.76069901e+02,
    1.81328430e+02, 1.83887329e+02, 1.85310989e+02, 1.78601898e+02,
    1.91166199e+02, 1.65875671e+02, 1.96591156e+02, 1.59845566e+02,
    1.97870117e+02, 1.53867249e+02, 1.98025696e+02, 1.46601013e+02,
    1.97011307e+02, 1.42890549e+02, 1.91712891e+02, 1.52529404e+02,
    1.87491272e+02, 1.57341949e+02, 1.87384598e+02, 1.63758606e+02,
    1.87070160e+02, 1.80552765e+02, 1.86395660e+02, 1.63758606e+02,
    1.87070160e+02, 1.57341949e+02, 1.87384598e+02, 1.52529404e+02,
    1.87491272e+02 ]
noOfLandmarkPoint: 68
