%YAML:1.0
landmark: [ 2.46801315e+02, 2.56150726e+02, 2.50327667e+02,
    2.77972778e+02, 2.55764572e+02, 2.99836945e+02, 2.61972168e+02,
    3.21616882e+02, 2.70248962e+02, 3.40683289e+02, 2.81534119e+02,
    3.57764709e+02, 2.99346161e+02, 3.72588928e+02, 3.24407532e+02,
    3.85648376e+02, 3.50273926e+02, 3.85891205e+02, 3.71853119e+02,
    3.80010712e+02, 3.93189453e+02, 3.67521118e+02, 4.11041565e+02,
    3.53237457e+02, 4.25315399e+02, 3.33452301e+02, 4.32578644e+02,
    3.08790375e+02, 4.35820038e+02, 2.85426941e+02, 4.35133575e+02,
    2.56752960e+02, 4.30509460e+02, 2.29008270e+02, 2.54553864e+02,
    2.32234726e+02, 2.62383484e+02, 2.18863022e+02, 2.78758789e+02,
    2.15537415e+02, 2.94531891e+02, 2.13837418e+02, 3.13343170e+02,
    2.10097382e+02, 3.28895905e+02, 2.08478210e+02, 3.49872833e+02,
    2.03708557e+02, 3.68961731e+02, 1.99916183e+02, 3.86941986e+02,
    1.97894135e+02, 4.04955444e+02, 2.06287064e+02, 3.24375641e+02,
    2.26817123e+02, 3.25802582e+02, 2.41754486e+02, 3.27082977e+02,
    2.57392059e+02, 3.28548584e+02, 2.74433044e+02, 3.16614502e+02,
    2.89279785e+02, 3.24393005e+02, 2.90661987e+02, 3.33159302e+02,
    2.91395630e+02, 3.42178711e+02, 2.86804626e+02, 3.50451660e+02,
    2.83889954e+02, 2.76087128e+02, 2.41062241e+02, 2.83748260e+02,
    2.33387527e+02, 2.94013885e+02, 2.29863190e+02, 3.08371948e+02,
    2.37116623e+02, 2.97381592e+02, 2.42511414e+02, 2.87346588e+02,
    2.44839279e+02, 3.50398865e+02, 2.30606766e+02, 3.56350922e+02,
    2.22056870e+02, 3.68243713e+02, 2.18447998e+02, 3.80617096e+02,
    2.23501099e+02, 3.72572021e+02, 2.29797806e+02, 3.61844330e+02,
    2.31671219e+02, 3.05728088e+02, 3.32863098e+02, 3.12711182e+02,
    3.19329468e+02, 3.25206055e+02, 3.10464661e+02, 3.35662964e+02,
    3.11564392e+02, 3.46795746e+02, 3.07182251e+02, 3.66813660e+02,
    3.13630859e+02, 3.77607300e+02, 3.20079193e+02, 3.69699707e+02,
    3.26885345e+02, 3.52796570e+02, 3.34708710e+02, 3.40824951e+02,
    3.37632812e+02, 3.29624054e+02, 3.38646362e+02, 3.17578033e+02,
    3.36334320e+02, 3.11095306e+02, 3.29780365e+02, 3.26709747e+02,
    3.23116150e+02, 3.37583588e+02, 3.22662720e+02, 3.50073181e+02,
    3.19220612e+02, 3.72179718e+02, 3.20252350e+02, 3.50073181e+02,
    3.19220612e+02, 3.37583588e+02, 3.22662720e+02, 3.26709747e+02,
    3.23116150e+02 ]
noOfLandmarkPoint: 68
