%YAML:1.0
landmark: [ 1.53421814e+02, 1.23666435e+02, 1.51348679e+02,
    1.49461868e+02, 1.55243286e+02, 1.74868271e+02, 1.62907074e+02,
    1.99991074e+02, 1.72576187e+02, 2.24532822e+02, 1.87884705e+02,
    2.44346985e+02, 2.06769531e+02, 2.64721191e+02, 2.30222992e+02,
    2.79273102e+02, 2.53457153e+02, 2.82671204e+02, 2.74921295e+02,
    2.76223969e+02, 2.94675812e+02, 2.57730927e+02, 3.13934143e+02,
    2.38045807e+02, 3.30757172e+02, 2.15005432e+02, 3.41677765e+02,
    1.91683182e+02, 3.48118683e+02, 1.64509232e+02, 3.54701019e+02,
    1.37941864e+02, 3.57011627e+02, 1.14135231e+02, 1.55712799e+02,
    9.33056717e+01, 1.70611496e+02, 8.60460358e+01, 1.87003128e+02,
    8.70235214e+01, 2.03517685e+02, 9.14298096e+01, 2.22528427e+02,
    9.66158295e+01, 2.61688599e+02, 9.39272156e+01, 2.82239410e+02,
    8.37354279e+01, 3.02987427e+02, 7.68701782e+01, 3.27263306e+02,
    7.42916565e+01, 3.47531250e+02, 7.69151077e+01, 2.41187485e+02,
    1.19911942e+02, 2.41100525e+02, 1.42058212e+02, 2.40981171e+02,
    1.64917557e+02, 2.41538025e+02, 1.86900909e+02, 2.23698425e+02,
    1.91633102e+02, 2.32867783e+02, 1.94885361e+02, 2.42643845e+02,
    1.97675018e+02, 2.52654648e+02, 1.93910873e+02, 2.62825928e+02,
    1.89926147e+02, 1.69655472e+02, 1.10470047e+02, 1.82269348e+02,
    1.03593979e+02, 1.99266479e+02, 1.06652596e+02, 2.10894394e+02,
    1.17350273e+02, 1.98872086e+02, 1.19084267e+02, 1.82340073e+02,
    1.19943771e+02, 2.75434052e+02, 1.13558617e+02, 2.88245148e+02,
    1.00282417e+02, 3.05353760e+02, 9.95493774e+01, 3.17911896e+02,
    1.07527084e+02, 3.06834808e+02, 1.15560532e+02, 2.91065796e+02,
    1.16490761e+02, 2.07567856e+02, 2.23735428e+02, 2.23512436e+02,
    2.20676804e+02, 2.40230820e+02, 2.14868271e+02, 2.50839340e+02,
    2.17684402e+02, 2.59687775e+02, 2.12200516e+02, 2.77989227e+02,
    2.14902344e+02, 2.88699402e+02, 2.13303619e+02, 2.79452850e+02,
    2.25919556e+02, 2.64397186e+02, 2.38593964e+02, 2.53658142e+02,
    2.41637604e+02, 2.43036499e+02, 2.42678726e+02, 2.26050186e+02,
    2.41384048e+02, 2.12163269e+02, 2.23932617e+02, 2.41176025e+02,
    2.25398697e+02, 2.51970230e+02, 2.25651642e+02, 2.61874969e+02,
    2.21394867e+02, 2.82673615e+02, 2.16856567e+02, 2.61874969e+02,
    2.21394867e+02, 2.51970230e+02, 2.25651642e+02, 2.41176025e+02,
    2.25398697e+02 ]
noOfLandmarkPoint: 68
