%YAML:1.0
landmark: [ 1.40781662e+02, 3.73051819e+02, 1.45367966e+02,
    4.22758392e+02, 1.54225693e+02, 4.72329987e+02, 1.64274963e+02,
    5.28196228e+02, 1.79438873e+02, 5.69225037e+02, 2.07506958e+02,
    6.12883789e+02, 2.40869598e+02, 6.45661560e+02, 2.86079834e+02,
    6.65973572e+02, 3.35831390e+02, 6.69716675e+02, 3.93012604e+02,
    6.57902527e+02, 4.38739563e+02, 6.30317749e+02, 4.63510681e+02,
    5.89198547e+02, 4.84027496e+02, 5.44327698e+02, 4.92318542e+02,
    4.95225769e+02, 4.97849823e+02, 4.40336426e+02, 4.98729065e+02,
    3.86714447e+02, 4.98598663e+02, 3.36084076e+02, 1.61273560e+02,
    3.43375732e+02, 1.78370712e+02, 3.16015900e+02, 2.07540390e+02,
    3.04516663e+02, 2.40210556e+02, 3.05465637e+02, 2.71874847e+02,
    3.13337769e+02, 3.55288574e+02, 3.00548645e+02, 3.82693390e+02,
    2.83058136e+02, 4.10761475e+02, 2.73053833e+02, 4.46315765e+02,
    2.78516815e+02, 4.66279358e+02, 3.00941986e+02, 3.13876434e+02,
    3.55315704e+02, 3.16715759e+02, 3.87132233e+02, 3.19424652e+02,
    4.18805389e+02, 3.23860321e+02, 4.52435333e+02, 2.97816895e+02,
    4.76754181e+02, 3.13682617e+02, 4.81725433e+02, 3.29694580e+02,
    4.84957886e+02, 3.44200775e+02, 4.77907166e+02, 3.57135712e+02,
    4.72467133e+02, 2.07405426e+02, 3.79379883e+02, 2.22872650e+02,
    3.60192566e+02, 2.49239227e+02, 3.58219452e+02, 2.67028931e+02,
    3.72704010e+02, 2.46978378e+02, 3.78066284e+02, 2.26523422e+02,
    3.82655426e+02, 3.65596802e+02, 3.56743378e+02, 3.83757385e+02,
    3.38946136e+02, 4.08502075e+02, 3.36188568e+02, 4.25217133e+02,
    3.51311798e+02, 4.11334747e+02, 3.57966339e+02, 3.88756165e+02,
    3.58630310e+02, 2.64688171e+02, 5.44753540e+02, 2.94394958e+02,
    5.33683899e+02, 3.13039368e+02, 5.23157043e+02, 3.32562683e+02,
    5.28538208e+02, 3.54440186e+02, 5.19422607e+02, 3.74400848e+02,
    5.27364868e+02, 3.98733948e+02, 5.36952393e+02, 3.78511963e+02,
    5.58669312e+02, 3.60313202e+02, 5.75676514e+02, 3.37179810e+02,
    5.81409424e+02, 3.15136444e+02, 5.80971069e+02, 2.94296173e+02,
    5.70213562e+02, 2.77109039e+02, 5.45236816e+02, 3.14079834e+02,
    5.46203491e+02, 3.34178406e+02, 5.46866760e+02, 3.55906860e+02,
    5.42325378e+02, 3.87234711e+02, 5.38009033e+02, 3.55906860e+02,
    5.42325378e+02, 3.34178406e+02, 5.46866760e+02, 3.14079834e+02,
    5.46203491e+02 ]
noOfLandmarkPoint: 68
