%YAML:1.0
landmark: [ 6.76762238e+01, 1.60820023e+02, 6.44936066e+01,
    1.70645111e+02, 6.48226929e+01, 1.80141098e+02, 6.50643158e+01,
    1.90526505e+02, 6.52184830e+01, 2.02161530e+02, 6.70120239e+01,
    2.14003967e+02, 7.30117722e+01, 2.26839767e+02, 7.99267578e+01,
    2.39900131e+02, 8.98256989e+01, 2.40599915e+02, 1.02182716e+02,
    2.38949768e+02, 1.17412498e+02, 2.35383774e+02, 1.34885956e+02,
    2.32415741e+02, 1.50942810e+02, 2.23140839e+02, 1.63003143e+02,
    2.10489136e+02, 1.69345123e+02, 1.95756622e+02, 1.70379791e+02,
    1.77723129e+02, 1.72232468e+02, 1.61519501e+02, 6.47856293e+01,
    1.38429230e+02, 6.82670364e+01, 1.37264450e+02, 7.34040222e+01,
    1.37643997e+02, 7.88532257e+01, 1.38974503e+02, 8.57017059e+01,
    1.41740585e+02, 1.06076729e+02, 1.42080048e+02, 1.16829903e+02,
    1.38871826e+02, 1.27690994e+02, 1.36470795e+02, 1.37438995e+02,
    1.37678925e+02, 1.47418228e+02, 1.41061676e+02, 9.38042908e+01,
    1.49766083e+02, 9.13672943e+01, 1.57483246e+02, 8.90281219e+01,
    1.64223526e+02, 8.60871277e+01, 1.71699066e+02, 8.18816681e+01,
    1.81863586e+02, 8.41541290e+01, 1.83904785e+02, 8.74909134e+01,
    1.84475494e+02, 9.18816605e+01, 1.84058960e+02, 9.59892883e+01,
    1.83411163e+02, 6.91893158e+01, 1.52466400e+02, 7.40770569e+01,
    1.52773788e+02, 7.84470596e+01, 1.52367630e+02, 8.32969742e+01,
    1.51460098e+02, 7.84818649e+01, 1.52430405e+02, 7.40230484e+01,
    1.52922394e+02, 1.16552452e+02, 1.52208313e+02, 1.22781403e+02,
    1.53344498e+02, 1.29367523e+02, 1.53750671e+02, 1.34443649e+02,
    1.52974014e+02, 1.29301590e+02, 1.53502640e+02, 1.22787834e+02,
    1.53364639e+02, 7.57795410e+01, 2.05401047e+02, 8.02006683e+01,
    2.00722153e+02, 8.43290405e+01, 2.00490891e+02, 8.82825012e+01,
    2.01071976e+02, 9.31150131e+01, 2.00490891e+02, 1.04341797e+02,
    2.00702469e+02, 1.12277428e+02, 2.04850525e+02, 1.04937233e+02,
    2.09439560e+02, 9.38533554e+01, 2.11265549e+02, 8.83618927e+01,
    2.11470306e+02, 8.49081421e+01, 2.11241928e+02, 7.96731491e+01,
    2.09543930e+02, 7.74138412e+01, 2.05452347e+02, 8.45039520e+01,
    2.04871262e+02, 8.84677887e+01, 2.05025436e+02, 9.35419235e+01,
    2.04685974e+02, 1.10092422e+02, 2.05025436e+02, 9.35419235e+01,
    2.04685974e+02, 8.84677887e+01, 2.05025436e+02, 8.45039520e+01,
    2.04871262e+02 ]
noOfLandmarkPoint: 68
