%YAML:1.0
landmark: [ 1.82436356e+02, 1.00615234e+02, 1.82673401e+02,
    1.10337685e+02, 1.84014160e+02, 1.21103096e+02, 1.85955093e+02,
    1.31961609e+02, 1.90654419e+02, 1.43173233e+02, 1.97168091e+02,
    1.53977554e+02, 2.03733047e+02, 1.62299911e+02, 2.13252762e+02,
    1.71925491e+02, 2.28132401e+02, 1.75561478e+02, 2.42583664e+02,
    1.75308624e+02, 2.56265930e+02, 1.68839096e+02, 2.66459229e+02,
    1.60410873e+02, 2.75271942e+02, 1.51817566e+02, 2.81181427e+02,
    1.41291351e+02, 2.84022644e+02, 1.30021912e+02, 2.85245789e+02,
    1.15369347e+02, 2.85586426e+02, 1.02378738e+02, 1.88961838e+02,
    8.50917206e+01, 1.95374481e+02, 7.61523438e+01, 2.05245255e+02,
    7.58813858e+01, 2.14172989e+02, 7.83537064e+01, 2.22351807e+02,
    8.30912704e+01, 2.39213806e+02, 8.63998260e+01, 2.48102661e+02,
    8.24254456e+01, 2.58125366e+02, 7.96763535e+01, 2.67082123e+02,
    8.09738235e+01, 2.73686188e+02, 8.63927841e+01, 2.30744598e+02,
    9.37556915e+01, 2.30018661e+02, 1.00816971e+02, 2.29317596e+02,
    1.07822121e+02, 2.28166885e+02, 1.15650909e+02, 2.18984970e+02,
    1.19373009e+02, 2.23427109e+02, 1.21683365e+02, 2.28288818e+02,
    1.23183411e+02, 2.33779953e+02, 1.21604103e+02, 2.39482422e+02,
    1.19630096e+02, 1.99903275e+02, 9.49197235e+01, 2.04896103e+02,
    9.08318558e+01, 2.12458008e+02, 9.15662308e+01, 2.16373199e+02,
    9.85988007e+01, 2.10140594e+02, 1.00115654e+02, 2.03487869e+02,
    1.00316956e+02, 2.45104004e+02, 9.76063385e+01, 2.51107315e+02,
    9.27197113e+01, 2.58144531e+02, 9.25622940e+01, 2.62970215e+02,
    9.75453949e+01, 2.58276184e+02, 1.00430489e+02, 2.51293839e+02,
    1.00499573e+02, 2.09196075e+02, 1.47394485e+02, 2.15324997e+02,
    1.36579208e+02, 2.22537735e+02, 1.33737991e+02, 2.28491119e+02,
    1.33353500e+02, 2.35056091e+02, 1.33221848e+02, 2.46779678e+02,
    1.35652802e+02, 2.54849167e+02, 1.45278381e+02, 2.46534485e+02,
    1.53304001e+02, 2.36348877e+02, 1.56005905e+02, 2.29242004e+02,
    1.56145218e+02, 2.22878357e+02, 1.56434280e+02, 2.15621719e+02,
    1.55236908e+02, 2.11722458e+02, 1.47595795e+02, 2.22695160e+02,
    1.39035934e+02, 2.28805969e+02, 1.38651428e+02, 2.35169632e+02,
    1.38764969e+02, 2.51894409e+02, 1.45549332e+02, 2.35484467e+02,
    1.50594421e+02, 2.29146576e+02, 1.50865387e+02, 2.22852570e+02,
    1.50751846e+02 ]
noOfLandmarkPoint: 68
