%YAML:1.0
landmark: [ 2.12726181e+02, 7.18651199e+01, 2.13278809e+02,
    8.25962448e+01, 2.14084167e+02, 9.58291397e+01, 2.16800156e+02,
    1.06962952e+02, 2.19224838e+02, 1.18687920e+02, 2.25320801e+02,
    1.29307648e+02, 2.32916107e+02, 1.38016785e+02, 2.40014496e+02,
    1.45762024e+02, 2.49978790e+02, 1.47072891e+02, 2.61403900e+02,
    1.45864838e+02, 2.73167419e+02, 1.40021622e+02, 2.83337341e+02,
    1.32876114e+02, 2.90791290e+02, 1.22170723e+02, 2.95118011e+02,
    1.10642807e+02, 2.97487000e+02, 9.83652115e+01, 2.99303375e+02,
    8.70814667e+01, 3.00764160e+02, 7.44483109e+01, 2.16938126e+02,
    5.73848724e+01, 2.22540665e+02, 5.30921249e+01, 2.29424286e+02,
    5.26090775e+01, 2.36479034e+02, 5.45746880e+01, 2.41797852e+02,
    5.83948898e+01, 2.57127716e+02, 5.90313644e+01, 2.64414642e+02,
    5.49353867e+01, 2.73147919e+02, 5.32480850e+01, 2.82794098e+02,
    5.56266022e+01, 2.88621674e+02, 6.07158318e+01, 2.49568573e+02,
    6.92368546e+01, 2.49351700e+02, 7.82516708e+01, 2.48912308e+02,
    8.69383011e+01, 2.48332947e+02, 9.58755722e+01, 2.41860825e+02,
    1.01655205e+02, 2.44885254e+02, 1.03415878e+02, 2.48687103e+02,
    1.04199036e+02, 2.52244965e+02, 1.03462997e+02, 2.55971939e+02,
    1.01608086e+02, 2.22641769e+02, 7.02751083e+01, 2.26167496e+02,
    6.60943298e+01, 2.32294739e+02, 6.65822067e+01, 2.37058426e+02,
    7.07372131e+01, 2.32532547e+02, 7.12938614e+01, 2.26980072e+02,
    7.14397049e+01, 2.63181641e+02, 7.18279114e+01, 2.67704468e+02,
    6.74298019e+01, 2.72757782e+02, 6.75800858e+01, 2.79561615e+02,
    7.23381653e+01, 2.74538239e+02, 7.25674591e+01, 2.67910706e+02,
    7.22512436e+01, 2.34235657e+02, 1.16735077e+02, 2.39174805e+02,
    1.13071373e+02, 2.44356918e+02, 1.10643867e+02, 2.48760681e+02,
    1.11789291e+02, 2.54057053e+02, 1.10822495e+02, 2.60642517e+02,
    1.13949883e+02, 2.66391968e+02, 1.18878555e+02, 2.60873169e+02,
    1.22840485e+02, 2.54068741e+02, 1.26419395e+02, 2.48532410e+02,
    1.26280449e+02, 2.43835587e+02, 1.25678146e+02, 2.38994751e+02,
    1.22478371e+02, 2.36142868e+02, 1.17233040e+02, 2.44221161e+02,
    1.14564568e+02, 2.48615707e+02, 1.14704826e+02, 2.54055557e+02,
    1.15347298e+02, 2.64630676e+02, 1.18932854e+02, 2.54085602e+02,
    1.20310677e+02, 2.48591690e+02, 1.20687477e+02, 2.44290527e+02,
    1.20449913e+02 ]
noOfLandmarkPoint: 68
