%YAML:1.0
landmark: [ 1.67570633e+02, 2.55127258e+02, 1.65992508e+02,
    2.78520233e+02, 1.69085678e+02, 3.00003174e+02, 1.79899063e+02,
    3.23957092e+02, 1.88994965e+02, 3.44172577e+02, 2.02443527e+02,
    3.65062592e+02, 2.15815765e+02, 3.87063843e+02, 2.27206940e+02,
    3.96104706e+02, 2.48304657e+02, 3.97279877e+02, 2.74124268e+02,
    3.92231323e+02, 2.99714905e+02, 3.82210571e+02, 3.29288971e+02,
    3.64561981e+02, 3.50539337e+02, 3.42365448e+02, 3.59505035e+02,
    3.15818237e+02, 3.65164124e+02, 2.85326477e+02, 3.66626770e+02,
    2.58753082e+02, 3.67801056e+02, 2.32081573e+02, 1.62870010e+02,
    2.25910004e+02, 1.71379242e+02, 2.15969879e+02, 1.84280472e+02,
    2.09309357e+02, 2.00885284e+02, 2.12972321e+02, 2.16773422e+02,
    2.20279114e+02, 2.53777451e+02, 2.18303467e+02, 2.69500000e+02,
    2.08130051e+02, 2.88921967e+02, 2.03505783e+02, 3.09268799e+02,
    2.07205200e+02, 3.25916199e+02, 2.18303467e+02, 2.32944229e+02,
    2.45271851e+02, 2.30788391e+02, 2.63081329e+02, 2.28390427e+02,
    2.79821167e+02, 2.25529541e+02, 2.96706543e+02, 2.18764313e+02,
    3.08744049e+02, 2.24313431e+02, 3.11671265e+02, 2.30808731e+02,
    3.13194336e+02, 2.40905807e+02, 3.09766541e+02, 2.49925369e+02,
    3.07742859e+02, 1.83363922e+02, 2.44838989e+02, 1.92163147e+02,
    2.38225876e+02, 2.04864288e+02, 2.37783600e+02, 2.16269638e+02,
    2.46468597e+02, 2.04756424e+02, 2.51357880e+02, 1.91059860e+02,
    2.50703766e+02, 2.65507690e+02, 2.47628296e+02, 2.74660889e+02,
    2.37983414e+02, 2.87252258e+02, 2.35377945e+02, 3.02902679e+02,
    2.42949081e+02, 2.93523865e+02, 2.50523209e+02, 2.79322235e+02,
    2.50727951e+02, 2.08083771e+02, 3.39745605e+02, 2.14500656e+02,
    3.32857300e+02, 2.25612900e+02, 3.28886292e+02, 2.30878067e+02,
    3.31466034e+02, 2.37835388e+02, 3.29631927e+02, 2.56622620e+02,
    3.34870483e+02, 2.80013367e+02, 3.38352570e+02, 2.59866882e+02,
    3.54016266e+02, 2.42022659e+02, 3.58563507e+02, 2.33594315e+02,
    3.58694763e+02, 2.25904053e+02, 3.57539307e+02, 2.15914749e+02,
    3.49799225e+02, 2.14988556e+02, 3.43061310e+02, 2.25683853e+02,
    3.41635864e+02, 2.33277969e+02, 3.41406891e+02, 2.40163803e+02,
    3.41809845e+02, 2.74928925e+02, 3.40324280e+02, 2.40163803e+02,
    3.41809845e+02, 2.33277969e+02, 3.41406891e+02, 2.25683853e+02,
    3.41635864e+02 ]
noOfLandmarkPoint: 68
