%YAML:1.0
landmark: [ 1.17165985e+02, 1.01881721e+02, 1.21238350e+02,
    1.21276787e+02, 1.26061394e+02, 1.39098389e+02, 1.32478409e+02,
    1.56056213e+02, 1.44263443e+02, 1.70614670e+02, 1.61241837e+02,
    1.81693451e+02, 1.79618790e+02, 1.88470413e+02, 1.98458511e+02,
    1.92182816e+02, 2.14449661e+02, 1.90897369e+02, 2.27695068e+02,
    1.82608673e+02, 2.38019897e+02, 1.75512924e+02, 2.45424149e+02,
    1.65321762e+02, 2.51491501e+02, 1.52405441e+02, 2.56047180e+02,
    1.38882401e+02, 2.55532990e+02, 1.25914711e+02, 2.54525177e+02,
    1.15600166e+02, 2.55917847e+02, 1.06717911e+02, 1.70996445e+02,
    9.15629730e+01, 1.78204910e+02, 8.43312531e+01, 1.88599213e+02,
    8.22833862e+01, 1.98655518e+02, 8.37138443e+01, 2.08771133e+02,
    8.67833099e+01, 2.35364853e+02, 8.73138962e+01, 2.43221344e+02,
    8.35233536e+01, 2.50491394e+02, 8.29896622e+01, 2.55894592e+02,
    8.33233643e+01, 2.60142883e+02, 8.64109726e+01, 2.24653748e+02,
    1.11299232e+02, 2.26425598e+02, 1.20243477e+02, 2.28449051e+02,
    1.28583496e+02, 2.30429565e+02, 1.36154968e+02, 2.16058578e+02,
    1.45211975e+02, 2.20824768e+02, 1.46319138e+02, 2.24942078e+02,
    1.47220795e+02, 2.29268036e+02, 1.45669525e+02, 2.32960587e+02,
    1.44379654e+02, 1.78631546e+02, 1.08381035e+02, 1.88473038e+02,
    1.03064369e+02, 1.97714767e+02, 1.02423103e+02, 2.04433334e+02,
    1.09491669e+02, 1.97118134e+02, 1.14527016e+02, 1.86848221e+02,
    1.12875000e+02, 2.37045670e+02, 1.09292786e+02, 2.42642578e+02,
    1.03174377e+02, 2.48706497e+02, 1.01574974e+02, 2.51998886e+02,
    1.07957283e+02, 2.49270035e+02, 1.12591743e+02, 2.42304489e+02,
    1.12079483e+02, 1.98012650e+02, 1.65833694e+02, 2.12123444e+02,
    1.62029099e+02, 2.21462433e+02, 1.57577820e+02, 2.24917374e+02,
    1.58761856e+02, 2.28432281e+02, 1.57478653e+02, 2.31311096e+02,
    1.59484909e+02, 2.34804810e+02, 1.63776779e+02, 2.29154785e+02,
    1.69738251e+02, 2.25545746e+02, 1.71029251e+02, 2.21247192e+02,
    1.71512589e+02, 2.16311050e+02, 1.72016495e+02, 2.08272247e+02,
    1.70425949e+02, 2.01001907e+02, 1.66713043e+02, 2.19054855e+02,
    1.63566406e+02, 2.23737411e+02, 1.64279480e+02, 2.27038635e+02,
    1.63893753e+02, 2.32466660e+02, 1.64303741e+02, 2.27038635e+02,
    1.63893753e+02, 2.23737411e+02, 1.64279480e+02, 2.19054855e+02,
    1.63566406e+02 ]
noOfLandmarkPoint: 68
