%YAML:1.0
landmark: [ 1.60030899e+02, 1.22321503e+02, 1.62236130e+02,
    1.36907806e+02, 1.64744019e+02, 1.49945847e+02, 1.68379227e+02,
    1.63184540e+02, 1.71782227e+02, 1.75472733e+02, 1.80820999e+02,
    1.85885559e+02, 1.91669403e+02, 1.94361450e+02, 2.03046509e+02,
    2.00969955e+02, 2.16974701e+02, 2.01424942e+02, 2.30570389e+02,
    1.99087173e+02, 2.43186279e+02, 1.91030350e+02, 2.53386658e+02,
    1.81644501e+02, 2.61012238e+02, 1.69024628e+02, 2.63416473e+02,
    1.54870514e+02, 2.64479645e+02, 1.40913712e+02, 2.64810944e+02,
    1.27221268e+02, 2.63691559e+02, 1.13245338e+02, 1.69573166e+02,
    1.07231705e+02, 1.75980545e+02, 1.03819687e+02, 1.83004944e+02,
    1.01768295e+02, 1.90241150e+02, 1.01806519e+02, 1.97694000e+02,
    1.01123421e+02, 2.19861465e+02, 9.94615250e+01, 2.28655838e+02,
    9.60987701e+01, 2.37538910e+02, 9.54693451e+01, 2.45538071e+02,
    9.58280334e+01, 2.53877960e+02, 1.00946732e+02, 2.13284622e+02,
    1.15016998e+02, 2.14091217e+02, 1.23888382e+02, 2.15065735e+02,
    1.33212143e+02, 2.15701721e+02, 1.41987564e+02, 2.04705582e+02,
    1.48054306e+02, 2.10105713e+02, 1.48998276e+02, 2.15750687e+02,
    1.50561462e+02, 2.20075012e+02, 1.48196701e+02, 2.24597565e+02,
    1.45776138e+02, 1.80933136e+02, 1.16447182e+02, 1.86032501e+02,
    1.12178429e+02, 1.94116806e+02, 1.12280273e+02, 1.98366318e+02,
    1.16126892e+02, 1.93141678e+02, 1.18002258e+02, 1.86079498e+02,
    1.18382751e+02, 2.25507645e+02, 1.13218323e+02, 2.30622437e+02,
    1.08157349e+02, 2.37603287e+02, 1.06995705e+02, 2.43864517e+02,
    1.10741890e+02, 2.39007614e+02, 1.12787453e+02, 2.32361649e+02,
    1.13372414e+02, 1.95229095e+02, 1.64207321e+02, 2.00144333e+02,
    1.61003525e+02, 2.08841019e+02, 1.59099197e+02, 2.14786560e+02,
    1.60855255e+02, 2.22396652e+02, 1.58552414e+02, 2.29765747e+02,
    1.57206757e+02, 2.37314255e+02, 1.58482544e+02, 2.30839294e+02,
    1.68996719e+02, 2.23067169e+02, 1.73528183e+02, 2.15326477e+02,
    1.75904434e+02, 2.08749466e+02, 1.75810272e+02, 2.00532074e+02,
    1.72861389e+02, 1.98324631e+02, 1.65414932e+02, 2.08734558e+02,
    1.64440613e+02, 2.15038269e+02, 1.64835022e+02, 2.22374786e+02,
    1.62943146e+02, 2.32829559e+02, 1.61412308e+02, 2.22543259e+02,
    1.66713516e+02, 2.14937103e+02, 1.69972809e+02, 2.08782684e+02,
    1.69812836e+02 ]
noOfLandmarkPoint: 68
