%YAML:1.0
landmark: [ 5.81185150e+01, 1.71177124e+02, 5.54186859e+01,
    2.01181351e+02, 5.38228073e+01, 2.29679733e+02, 5.72938309e+01,
    2.56637848e+02, 7.17462769e+01, 2.82913788e+02, 9.15554886e+01,
    3.07125336e+02, 1.15232376e+02, 3.28565460e+02, 1.39986832e+02,
    3.44893890e+02, 1.68103897e+02, 3.52932892e+02, 1.90166519e+02,
    3.49894806e+02, 2.00280121e+02, 3.35953674e+02, 2.11919388e+02,
    3.17995056e+02, 2.23295517e+02, 2.95432739e+02, 2.26819962e+02,
    2.74509308e+02, 2.38679840e+02, 2.49035690e+02, 2.46886871e+02,
    2.26554398e+02, 2.47510620e+02, 2.03387604e+02, 1.20279190e+02,
    1.62292587e+02, 1.38736649e+02, 1.56065018e+02, 1.57693375e+02,
    1.58815323e+02, 1.78794662e+02, 1.62239243e+02, 1.98754211e+02,
    1.72075058e+02, 2.24210312e+02, 1.73061783e+02, 2.36313828e+02,
    1.69184662e+02, 2.44436676e+02, 1.68314636e+02, 2.52024948e+02,
    1.68905731e+02, 2.57789673e+02, 1.73141022e+02, 2.08374985e+02,
    1.90376114e+02, 2.09137833e+02, 2.08854385e+02, 2.09887360e+02,
    2.28635132e+02, 2.09867386e+02, 2.46653656e+02, 1.76448608e+02,
    2.48862305e+02, 1.86522247e+02, 2.54675293e+02, 1.96109528e+02,
    2.61304382e+02, 2.09301132e+02, 2.59798645e+02, 2.18994919e+02,
    2.51907043e+02, 1.43819305e+02, 1.84050125e+02, 1.53696350e+02,
    1.82038055e+02, 1.63296951e+02, 1.83044098e+02, 1.69589645e+02,
    1.87351364e+02, 1.62034409e+02, 1.90376114e+02, 1.52170670e+02,
    1.89396713e+02, 2.19096390e+02, 1.93218704e+02, 2.27267639e+02,
    1.91298126e+02, 2.36239044e+02, 1.92869751e+02, 2.39404694e+02,
    1.96538834e+02, 2.34844070e+02, 1.99443283e+02, 2.26878433e+02,
    1.98128281e+02, 1.45527695e+02, 2.81374207e+02, 1.60160995e+02,
    2.80423279e+02, 1.75681900e+02, 2.84615479e+02, 1.87614822e+02,
    2.87884186e+02, 1.95170059e+02, 2.87870850e+02, 2.02022369e+02,
    2.89902893e+02, 2.06566162e+02, 2.93164185e+02, 1.99068604e+02,
    3.01498718e+02, 1.90492569e+02, 3.07181488e+02, 1.80066422e+02,
    3.06278351e+02, 1.68807480e+02, 3.03696747e+02, 1.55901199e+02,
    2.93563019e+02, 1.51675568e+02, 2.82322601e+02, 1.74721725e+02,
    2.87194641e+02, 1.87073853e+02, 2.90746948e+02, 1.94433838e+02,
    2.91165436e+02, 2.00220200e+02, 2.92401337e+02, 1.93177963e+02,
    2.94459991e+02, 1.86044342e+02, 2.94865021e+02, 1.73004120e+02,
    2.92185730e+02 ]
noOfLandmarkPoint: 68
