%YAML:1.0
landmark: [ 8.89208374e+01, 8.14770737e+01, 9.05317688e+01,
    9.55461426e+01, 9.24465332e+01, 1.08465652e+02, 9.46190262e+01,
    1.21445580e+02, 9.72789688e+01, 1.36657990e+02, 1.05047646e+02,
    1.48451431e+02, 1.18410042e+02, 1.59659424e+02, 1.33362885e+02,
    1.68110657e+02, 1.49756714e+02, 1.69762054e+02, 1.64456924e+02,
    1.68787766e+02, 1.77254684e+02, 1.62273743e+02, 1.88395813e+02,
    1.54482986e+02, 1.98650208e+02, 1.44119797e+02, 2.05200073e+02,
    1.30861252e+02, 2.06219086e+02, 1.15765945e+02, 2.05703262e+02,
    9.84438019e+01, 2.05181091e+02, 8.19518433e+01, 9.65136566e+01,
    6.81879578e+01, 1.03641365e+02, 6.04228287e+01, 1.14638336e+02,
    5.80812454e+01, 1.25638481e+02, 6.02779312e+01, 1.34327759e+02,
    6.35831490e+01, 1.52209961e+02, 6.00953255e+01, 1.63014618e+02,
    5.54411545e+01, 1.71859024e+02, 5.51598473e+01, 1.81930908e+02,
    5.68506660e+01, 1.88401047e+02, 6.23116646e+01, 1.43318558e+02,
    7.52625427e+01, 1.43213028e+02, 8.49604721e+01, 1.42943420e+02,
    9.57480545e+01, 1.42784592e+02, 1.05809090e+02, 1.31948975e+02,
    1.10352676e+02, 1.37343033e+02, 1.12890732e+02, 1.43587204e+02,
    1.16257103e+02, 1.48774933e+02, 1.12272362e+02, 1.54969147e+02,
    1.09470421e+02, 1.09584778e+02, 7.92302170e+01, 1.14828094e+02,
    7.54587479e+01, 1.22163528e+02, 7.53957443e+01, 1.28539062e+02,
    7.93326721e+01, 1.22427147e+02, 8.04234161e+01, 1.16268478e+02,
    8.10159149e+01, 1.61880783e+02, 7.68060379e+01, 1.68143295e+02,
    7.35000687e+01, 1.74613861e+02, 7.28776703e+01, 1.80298355e+02,
    7.63625793e+01, 1.75763535e+02, 7.83504562e+01, 1.68502258e+02,
    7.84672623e+01, 1.22431992e+02, 1.32324371e+02, 1.30773941e+02,
    1.26268982e+02, 1.39160324e+02, 1.23417671e+02, 1.45125793e+02,
    1.23684067e+02, 1.51835724e+02, 1.21942360e+02, 1.61195816e+02,
    1.23898949e+02, 1.69864548e+02, 1.28097137e+02, 1.63032120e+02,
    1.37031952e+02, 1.54014069e+02, 1.41634384e+02, 1.47391708e+02,
    1.43449249e+02, 1.41149246e+02, 1.43901474e+02, 1.33450256e+02,
    1.42203690e+02, 1.24761253e+02, 1.32554825e+02, 1.40384842e+02,
    1.37005798e+02, 1.45879898e+02, 1.28011292e+02, 1.52352982e+02,
    1.27044785e+02, 1.67482956e+02, 1.28650818e+02, 1.52761917e+02,
    1.34164261e+02, 1.46566498e+02, 1.35723526e+02, 1.39875336e+02,
    1.27664864e+02 ]
noOfLandmarkPoint: 68
