%YAML:1.0
landmark: [ 1.04982903e+02, 1.24300972e+02, 1.03206718e+02,
    1.49051041e+02, 1.03673126e+02, 1.72371445e+02, 1.03673126e+02,
    1.95225449e+02, 1.06005165e+02, 2.19945084e+02, 1.10669250e+02,
    2.41866272e+02, 1.19419937e+02, 2.58933746e+02, 1.45649872e+02,
    2.68917969e+02, 1.70835922e+02, 2.76317291e+02, 1.98781128e+02,
    2.77463654e+02, 2.26299225e+02, 2.75787659e+02, 2.52078094e+02,
    2.72862793e+02, 2.70156952e+02, 2.63290344e+02, 2.79960052e+02,
    2.43751099e+02, 2.88175537e+02, 2.15299561e+02, 2.95491455e+02,
    1.83904037e+02, 3.02091736e+02, 1.52627731e+02, 1.20710693e+02,
    8.14130325e+01, 1.36356812e+02, 7.28159409e+01, 1.53284912e+02,
    7.20540314e+01, 1.67488312e+02, 7.44085388e+01, 1.80942474e+02,
    7.96977539e+01, 2.07682175e+02, 7.62913437e+01, 2.27144897e+02,
    7.61649246e+01, 2.42346832e+02, 8.22457504e+01, 2.57656891e+02,
    8.72798233e+01, 2.72797821e+02, 9.69356766e+01, 1.87590561e+02,
    1.02617989e+02, 1.84488174e+02, 1.11295891e+02, 1.80756912e+02,
    1.19137695e+02, 1.76622452e+02, 1.27722679e+02, 1.64820465e+02,
    1.49517441e+02, 1.70140594e+02, 1.53865463e+02, 1.76369598e+02,
    1.57533524e+02, 1.88456940e+02, 1.56387146e+02, 1.97571548e+02,
    1.55114334e+02, 1.43152130e+02, 1.06782166e+02, 1.52796341e+02,
    9.93589096e+01, 1.62464493e+02, 9.98253174e+01, 1.70243027e+02,
    1.07843933e+02, 1.60937012e+02, 1.06972862e+02, 1.52606720e+02,
    1.06418243e+02, 2.20338409e+02, 1.08094246e+02, 2.31468994e+02,
    1.02220573e+02, 2.42196381e+02, 1.02750191e+02, 2.50402100e+02,
    1.11019119e+02, 2.41326782e+02, 1.09809525e+02, 2.30259399e+02,
    1.08687080e+02, 1.42914627e+02, 2.04703964e+02, 1.53234467e+02,
    1.85926361e+02, 1.66151917e+02, 1.78492065e+02, 1.76042801e+02,
    1.81984467e+02, 1.85722855e+02, 1.79901962e+02, 2.01139404e+02,
    1.89803848e+02, 2.20235916e+02, 2.09834457e+02, 2.01039459e+02,
    2.12820419e+02, 1.85098862e+02, 2.14702774e+02, 1.74118683e+02,
    2.14777359e+02, 1.63906937e+02, 2.14340652e+02, 1.51104172e+02,
    2.12346344e+02, 1.53223480e+02, 2.00695923e+02, 1.65536041e+02,
    1.90636139e+02, 1.76457306e+02, 1.92211380e+02, 1.85217331e+02,
    1.91686584e+02, 2.08401428e+02, 2.06016052e+02, 1.84898834e+02,
    2.03552734e+02, 1.75323502e+02, 2.01813553e+02, 1.65144333e+02,
    2.00974533e+02 ]
noOfLandmarkPoint: 68
