%YAML:1.0
landmark: [ 2.48731537e+01, 1.92240524e+02, 2.46911545e+01,
    2.23630020e+02, 2.85852222e+01, 2.55283356e+02, 3.66289482e+01,
    2.82415405e+02, 4.68261337e+01, 3.08515381e+02, 6.30997124e+01,
    3.34469543e+02, 8.23119659e+01, 3.54838287e+02, 1.04773392e+02,
    3.68772339e+02, 1.27576065e+02, 3.70032471e+02, 1.48275177e+02,
    3.69022308e+02, 1.74087402e+02, 3.50871185e+02, 1.94385895e+02,
    3.27369995e+02, 2.10244324e+02, 2.99447021e+02, 2.23345886e+02,
    2.68803864e+02, 2.30260666e+02, 2.39115860e+02, 2.34091202e+02,
    2.03768784e+02, 2.35083038e+02, 1.71587769e+02, 4.57119217e+01,
    1.79238831e+02, 6.05950432e+01, 1.72266693e+02, 7.71840668e+01,
    1.72534302e+02, 9.46246796e+01, 1.76174362e+02, 1.10123695e+02,
    1.83435486e+02, 1.47950882e+02, 1.78574020e+02, 1.65291519e+02,
    1.70814438e+02, 1.83595215e+02, 1.66830719e+02, 2.02860840e+02,
    1.69471222e+02, 2.18174194e+02, 1.76935211e+02, 1.27637062e+02,
    1.94603714e+02, 1.27679321e+02, 2.17338867e+02, 1.28749329e+02,
    2.40771515e+02, 1.28352921e+02, 2.65150787e+02, 1.09375420e+02,
    2.70089325e+02, 1.18368614e+02, 2.73884735e+02, 1.27219925e+02,
    2.76016266e+02, 1.37949463e+02, 2.73003418e+02, 1.47881409e+02,
    2.68565063e+02, 6.50098419e+01, 1.95739304e+02, 7.59516144e+01,
    1.91576065e+02, 8.96993256e+01, 1.91576065e+02, 9.75876160e+01,
    1.96807648e+02, 8.84223862e+01, 2.01896774e+02, 7.60856857e+01,
    2.01701477e+02, 1.56854843e+02, 1.96097977e+02, 1.68309830e+02,
    1.90469986e+02, 1.81826538e+02, 1.91179413e+02, 1.93378387e+02,
    1.95177704e+02, 1.85545303e+02, 2.02493698e+02, 1.70523148e+02,
    2.01360672e+02, 9.22748260e+01, 3.04690277e+02, 1.05444588e+02,
    3.03767914e+02, 1.20787537e+02, 3.00743835e+02, 1.28096695e+02,
    3.04184479e+02, 1.37994019e+02, 3.00320404e+02, 1.53224609e+02,
    3.04196136e+02, 1.64550888e+02, 3.02645142e+02, 1.53823013e+02,
    3.07648529e+02, 1.38320389e+02, 3.16898865e+02, 1.28059769e+02,
    3.18436584e+02, 1.20514412e+02, 3.16837585e+02, 1.05077293e+02,
    3.09854279e+02, 9.64548950e+01, 3.05150970e+02, 1.20205338e+02,
    3.06411255e+02, 1.28178543e+02, 3.07902069e+02, 1.38012329e+02,
    3.05997803e+02, 1.61721268e+02, 3.02873230e+02, 1.38012329e+02,
    3.05997803e+02, 1.28178543e+02, 3.07902069e+02, 1.20205338e+02,
    3.06411255e+02 ]
noOfLandmarkPoint: 68
