%YAML:1.0
landmark: [ 7.87759857e+01, 1.47342590e+02, 7.80746078e+01,
    1.67065079e+02, 8.17494659e+01, 1.86225388e+02, 8.83716660e+01,
    2.03151184e+02, 9.64267883e+01, 2.18951828e+02, 1.12335129e+02,
    2.29944702e+02, 1.30923492e+02, 2.37242859e+02, 1.49870178e+02,
    2.43296783e+02, 1.68736984e+02, 2.48063644e+02, 1.85327042e+02,
    2.45356598e+02, 1.97080231e+02, 2.33445923e+02, 2.05952515e+02,
    2.20909607e+02, 2.11173447e+02, 2.06030380e+02, 2.13857315e+02,
    1.92885178e+02, 2.16369400e+02, 1.78028519e+02, 2.16980301e+02,
    1.65301605e+02, 2.15872208e+02, 1.50612137e+02, 1.20784103e+02,
    1.13359467e+02, 1.31106598e+02, 1.12052681e+02, 1.42666962e+02,
    1.12220535e+02, 1.54449097e+02, 1.14669281e+02, 1.62877319e+02,
    1.18271965e+02, 1.88186905e+02, 1.22167015e+02, 1.95084015e+02,
    1.17169434e+02, 2.03135056e+02, 1.13728867e+02, 2.09628220e+02,
    1.16059998e+02, 2.14079102e+02, 1.20705711e+02, 1.77977646e+02,
    1.35937683e+02, 1.79560654e+02, 1.43229492e+02, 1.81446838e+02,
    1.50545746e+02, 1.83848557e+02, 1.57985352e+02, 1.66186249e+02,
    1.70336960e+02, 1.73475540e+02, 1.72548935e+02, 1.79595886e+02,
    1.75192505e+02, 1.84478394e+02, 1.74065536e+02, 1.87733398e+02,
    1.73565002e+02, 1.30349228e+02, 1.36622223e+02, 1.36175674e+02,
    1.33768326e+02, 1.42354828e+02, 1.34187225e+02, 1.47459000e+02,
    1.38044785e+02, 1.42079468e+02, 1.38124527e+02, 1.36279816e+02,
    1.37676071e+02, 1.88167801e+02, 1.42141739e+02, 1.93813721e+02,
    1.39059967e+02, 2.01041275e+02, 1.39243652e+02, 2.04082352e+02,
    1.43953217e+02, 2.00469925e+02, 1.45475571e+02, 1.94803345e+02,
    1.43964966e+02, 1.49156250e+02, 1.97319580e+02, 1.61385544e+02,
    1.91714218e+02, 1.71254547e+02, 1.89191650e+02, 1.78416260e+02,
    1.90710724e+02, 1.83395706e+02, 1.91204041e+02, 1.88091217e+02,
    1.95224136e+02, 1.91017212e+02, 2.02533615e+02, 1.86478882e+02,
    2.05891739e+02, 1.80260956e+02, 2.05542770e+02, 1.75084579e+02,
    2.05159515e+02, 1.68401459e+02, 2.04409317e+02, 1.60144501e+02,
    2.02182480e+02, 1.51662918e+02, 1.96986252e+02, 1.69842789e+02,
    1.96853836e+02, 1.76638504e+02, 1.97728241e+02, 1.81684265e+02,
    1.98406815e+02, 1.88100449e+02, 2.01845581e+02, 1.81684265e+02,
    1.98406815e+02, 1.76638504e+02, 1.97728241e+02, 1.69842789e+02,
    1.96853836e+02 ]
noOfLandmarkPoint: 68
