%YAML:1.0
landmark: [ 1.68802750e+02, 2.16175217e+02, 1.63976166e+02,
    2.45644363e+02, 1.61895370e+02, 2.80093903e+02, 1.68247437e+02,
    3.15664185e+02, 1.77645828e+02, 3.50949371e+02, 2.03746353e+02,
    3.86215424e+02, 2.27958618e+02, 4.18414185e+02, 2.53773926e+02,
    4.36433441e+02, 2.80702637e+02, 4.42169800e+02, 3.05515991e+02,
    4.39424713e+02, 3.20876373e+02, 4.18616547e+02, 3.37176453e+02,
    3.94024078e+02, 3.52956909e+02, 3.65755219e+02, 3.68829834e+02,
    3.36914032e+02, 3.83461456e+02, 3.07133759e+02, 3.88580322e+02,
    2.76672455e+02, 3.93626648e+02, 2.51599426e+02, 2.32909241e+02,
    2.24813477e+02, 2.53919144e+02, 2.23563843e+02, 2.71991119e+02,
    2.25703979e+02, 2.90275818e+02, 2.33694534e+02, 3.07450562e+02,
    2.40815765e+02, 3.52734619e+02, 2.49091888e+02, 3.64745667e+02,
    2.47360107e+02, 3.76006927e+02, 2.48674408e+02, 3.86678650e+02,
    2.50894028e+02, 3.99894073e+02, 2.53941681e+02, 3.26596222e+02,
    2.63740723e+02, 3.24822998e+02, 2.88563934e+02, 3.22407593e+02,
    3.13616425e+02, 3.20371735e+02, 3.39321625e+02, 2.89934692e+02,
    3.38699921e+02, 3.00689911e+02, 3.42326508e+02, 3.13103577e+02,
    3.46757416e+02, 3.20232239e+02, 3.46782318e+02, 3.27225555e+02,
    3.44629120e+02, 2.50230194e+02, 2.39702164e+02, 2.62206818e+02,
    2.39964569e+02, 2.74914520e+02, 2.43764709e+02, 2.82227173e+02,
    2.51730103e+02, 2.68919159e+02, 2.53927094e+02, 2.55228912e+02,
    2.50375549e+02, 3.45273743e+02, 2.62936707e+02, 3.56982971e+02,
    2.58073730e+02, 3.69981812e+02, 2.59924835e+02, 3.79467682e+02,
    2.66321136e+02, 3.70630737e+02, 2.70207550e+02, 3.57860779e+02,
    2.67894592e+02, 2.53409393e+02, 3.66827698e+02, 2.80642059e+02,
    3.66708954e+02, 2.97980713e+02, 3.69365234e+02, 3.06704193e+02,
    3.73159180e+02, 3.14886597e+02, 3.71709320e+02, 3.25097260e+02,
    3.72538544e+02, 3.33154755e+02, 3.76090424e+02, 3.22017242e+02,
    3.87927521e+02, 3.12470276e+02, 3.90058350e+02, 3.03064423e+02,
    3.90234161e+02, 2.93487518e+02, 3.88747925e+02, 2.76729706e+02,
    3.79651306e+02, 2.59017914e+02, 3.68032928e+02, 2.96634460e+02,
    3.75337524e+02, 3.05398010e+02, 3.78487549e+02, 3.14416779e+02,
    3.78293427e+02, 3.28698944e+02, 3.76919647e+02, 3.14416779e+02,
    3.78293427e+02, 3.05398010e+02, 3.78487549e+02, 2.96634460e+02,
    3.75337524e+02 ]
noOfLandmarkPoint: 68
