%YAML:1.0
landmark: [ 1.08503098e+02, 1.82772980e+02, 1.14803802e+02,
    2.01895248e+02, 1.22698685e+02, 2.19715591e+02, 1.33481262e+02,
    2.37070007e+02, 1.42132080e+02, 2.53771851e+02, 1.54176895e+02,
    2.69883148e+02, 1.73543839e+02, 2.80795013e+02, 1.97279388e+02,
    2.88607117e+02, 2.15117981e+02, 2.84554596e+02, 2.31582794e+02,
    2.77117981e+02, 2.43814423e+02, 2.61963287e+02, 2.54726639e+02,
    2.42932434e+02, 2.58622986e+02, 2.24216721e+02, 2.56951599e+02,
    2.03633331e+02, 2.55289505e+02, 1.87120743e+02, 2.53582016e+02,
    1.67895355e+02, 2.50146255e+02, 1.50466354e+02, 1.21317871e+02,
    1.73272476e+02, 1.28491760e+02, 1.67165283e+02, 1.37769852e+02,
    1.63620102e+02, 1.47722870e+02, 1.61991913e+02, 1.57769028e+02,
    1.62338516e+02, 1.90565338e+02, 1.55239029e+02, 2.00783554e+02,
    1.47701736e+02, 2.10925430e+02, 1.43757599e+02, 2.22503555e+02,
    1.40971130e+02, 2.32601746e+02, 1.41672287e+02, 1.80098053e+02,
    1.72136047e+02, 1.85401154e+02, 1.85070847e+02, 1.90570847e+02,
    1.98854843e+02, 1.96646545e+02, 2.12944580e+02, 1.83279648e+02,
    2.24012878e+02, 1.90860596e+02, 2.24297958e+02, 1.99609604e+02,
    2.25523849e+02, 2.05034134e+02, 2.20449081e+02, 2.09654663e+02,
    2.15605591e+02, 1.38259674e+02, 1.83895142e+02, 1.44298157e+02,
    1.78079926e+02, 1.53381897e+02, 1.76541824e+02, 1.62554993e+02,
    1.80503647e+02, 1.55244431e+02, 1.83804199e+02, 1.45594147e+02,
    1.86258667e+02, 2.00277954e+02, 1.69499008e+02, 2.05395309e+02,
    1.61618378e+02, 2.15181320e+02, 1.57589890e+02, 2.23319885e+02,
    1.59896378e+02, 2.18785599e+02, 1.65479385e+02, 2.10306213e+02,
    1.68653244e+02, 1.70497925e+02, 2.45087677e+02, 1.80330475e+02,
    2.44278351e+02, 1.92424698e+02, 2.39415955e+02, 2.02835129e+02,
    2.40128494e+02, 2.11403763e+02, 2.33642700e+02, 2.22975952e+02,
    2.30203369e+02, 2.31492416e+02, 2.27737885e+02, 2.27526840e+02,
    2.39915604e+02, 2.17377426e+02, 2.45356598e+02, 2.07575974e+02,
    2.51885498e+02, 1.97907806e+02, 2.53605362e+02, 1.84668884e+02,
    2.56223602e+02, 1.74750351e+02, 2.48220856e+02, 1.94790161e+02,
    2.46758926e+02, 2.04720291e+02, 2.44859024e+02, 2.14405334e+02,
    2.39680283e+02, 2.27026489e+02, 2.31687790e+02, 2.14405334e+02,
    2.39680283e+02, 2.04720291e+02, 2.44859024e+02, 1.94790161e+02,
    2.46758926e+02 ]
noOfLandmarkPoint: 68
