%YAML:1.0
landmark: [ 3.09645081e+02, 7.25960510e+02, 3.15705566e+02,
    7.75945801e+02, 3.26560394e+02, 8.32335083e+02, 3.37198761e+02,
    8.83973145e+02, 3.61780731e+02, 9.26826050e+02, 3.95925323e+02,
    9.67427734e+02, 4.34419525e+02, 1.00311279e+03, 4.85259705e+02,
    1.02589575e+03, 5.45957703e+02, 1.03101282e+03, 6.02847778e+02,
    1.01030530e+03, 6.46043457e+02, 9.73318481e+02, 6.74550293e+02,
    9.26980835e+02, 7.00331726e+02, 8.87644531e+02, 7.12222351e+02,
    8.42215881e+02, 7.10843262e+02, 7.84722839e+02, 7.06074158e+02,
    7.23902405e+02, 7.02119324e+02, 6.71615173e+02, 3.39729523e+02,
    7.12455811e+02, 3.58577637e+02, 6.90473267e+02, 3.88214630e+02,
    6.79781921e+02, 4.21042480e+02, 6.74318909e+02, 4.51848389e+02,
    6.83205750e+02, 5.02968353e+02, 6.76265259e+02, 5.36559814e+02,
    6.57755737e+02, 5.71156738e+02, 6.55923645e+02, 6.06774292e+02,
    6.61109070e+02, 6.35946411e+02, 6.78122742e+02, 4.86843292e+02,
    7.19215271e+02, 4.89974976e+02, 7.54903320e+02, 4.92159882e+02,
    7.92947021e+02, 4.95437408e+02, 8.33244568e+02, 4.57769348e+02,
    8.22281433e+02, 4.75277313e+02, 8.37881958e+02, 4.96392090e+02,
    8.49332642e+02, 5.24740906e+02, 8.29764404e+02, 5.45570374e+02,
    8.11738647e+02, 3.80736969e+02, 7.26915100e+02, 3.97086731e+02,
    7.16809570e+02, 4.20085602e+02, 7.15590027e+02, 4.36635345e+02,
    7.26206909e+02, 4.17529968e+02, 7.32057800e+02, 3.98055878e+02,
    7.34460144e+02, 5.46647339e+02, 7.11631653e+02, 5.64630249e+02,
    6.96905945e+02, 5.86772339e+02, 6.95096924e+02, 6.04394653e+02,
    7.02513611e+02, 5.88068970e+02, 7.09506531e+02, 5.68469421e+02,
    7.11656860e+02, 4.32818909e+02, 8.84131409e+02, 4.65898834e+02,
    8.73309021e+02, 4.89835602e+02, 8.68904175e+02, 5.15311890e+02,
    8.70166443e+02, 5.38458191e+02, 8.60792969e+02, 5.67049988e+02,
    8.56863831e+02, 6.05278076e+02, 8.57245667e+02, 5.80637512e+02,
    9.05776978e+02, 5.54512756e+02, 9.20002930e+02, 5.28830627e+02,
    9.31711975e+02, 4.99155029e+02, 9.30413635e+02, 4.71750580e+02,
    9.24102905e+02, 4.48892578e+02, 8.80783142e+02, 4.90611481e+02,
    8.74318054e+02, 5.17052002e+02, 8.77498779e+02, 5.40125183e+02,
    8.67117004e+02, 5.96231445e+02, 8.59151367e+02, 5.48592773e+02,
    9.02051392e+02, 5.22940979e+02, 9.09611450e+02, 4.95703735e+02,
    9.09755432e+02 ]
noOfLandmarkPoint: 68
