%YAML:1.0
landmark: [ 1.82656342e+02, 1.09012749e+02, 1.84047318e+02,
    1.18214287e+02, 1.88161606e+02, 1.28602264e+02, 1.91964615e+02,
    1.39281982e+02, 1.95787170e+02, 1.49630844e+02, 2.01584167e+02,
    1.58666962e+02, 2.08587173e+02, 1.66166229e+02, 2.15308533e+02,
    1.74615356e+02, 2.26478943e+02, 1.74757614e+02, 2.40854568e+02,
    1.70958664e+02, 2.54155609e+02, 1.63033844e+02, 2.64689453e+02,
    1.53414291e+02, 2.70836853e+02, 1.42345047e+02, 2.74104462e+02,
    1.28465347e+02, 2.72023285e+02, 1.10083519e+02, 2.71109009e+02,
    9.72444000e+01, 2.70175171e+02, 8.49015427e+01, 1.78472733e+02,
    9.48322678e+01, 1.81401489e+02, 9.09741821e+01, 1.86319031e+02,
    8.88779297e+01, 1.92831024e+02, 8.77793808e+01, 2.00591385e+02,
    8.82946167e+01, 2.18139114e+02, 8.32668839e+01, 2.25658386e+02,
    7.96049271e+01, 2.33284256e+02, 7.76489182e+01, 2.41560150e+02,
    7.62834396e+01, 2.49690918e+02, 7.59525986e+01, 2.10965851e+02,
    9.78788223e+01, 2.11723099e+02, 1.06393028e+02, 2.12381454e+02,
    1.14487633e+02, 2.12939423e+02, 1.23241318e+02, 2.08820221e+02,
    1.29418747e+02, 2.12564545e+02, 1.30352600e+02, 2.17029221e+02,
    1.30498459e+02, 2.20346588e+02, 1.28106003e+02, 2.24334579e+02,
    1.26257874e+02, 1.87200989e+02, 1.01610680e+02, 1.90332123e+02,
    9.80442810e+01, 1.97455078e+02, 9.63622894e+01, 2.04041702e+02,
    1.01180428e+02, 1.97332291e+02, 1.03829620e+02, 1.91438232e+02,
    1.04998856e+02, 2.26009659e+02, 9.71067963e+01, 2.28936722e+02,
    9.06839600e+01, 2.36952499e+02, 8.79908905e+01, 2.43053452e+02,
    9.00500793e+01, 2.40683197e+02, 9.44788742e+01, 2.34214645e+02,
    9.61701279e+01, 2.07523895e+02, 1.45968475e+02, 2.04447144e+02,
    1.42213058e+02, 2.12614288e+02, 1.38785721e+02, 2.17536118e+02,
    1.40390182e+02, 2.23770691e+02, 1.37997726e+02, 2.34459335e+02,
    1.36042862e+02, 2.42233459e+02, 1.36901581e+02, 2.37933731e+02,
    1.44756561e+02, 2.28040359e+02, 1.51540314e+02, 2.21598816e+02,
    1.53625702e+02, 2.15943405e+02, 1.53566391e+02, 2.08597244e+02,
    1.50637375e+02, 2.09549515e+02, 1.45875900e+02, 2.13800735e+02,
    1.43814285e+02, 2.18284988e+02, 1.43357147e+02, 2.24928650e+02,
    1.41694000e+02, 2.37674759e+02, 1.39439957e+02, 2.26426376e+02,
    1.46041321e+02, 2.19763153e+02, 1.47909012e+02, 2.14549591e+02,
    1.47889450e+02 ]
noOfLandmarkPoint: 68
