%YAML:1.0
landmark: [ 9.51552010e+00, 5.73983337e+02, 1.35805130e+01,
    5.89059265e+02, 1.71026192e+01, 6.02403564e+02, 2.28643227e+01,
    6.16158020e+02, 2.92505856e+01, 6.30618713e+02, 4.02826729e+01,
    6.40283997e+02, 4.51156845e+01, 6.50180603e+02, 5.30340538e+01,
    6.56309204e+02, 6.66064377e+01, 6.58992981e+02, 8.41559753e+01,
    6.56578979e+02, 9.91526337e+01, 6.47052612e+02, 1.12799667e+02,
    6.38269897e+02, 1.24977280e+02, 6.26752991e+02, 1.29773026e+02,
    6.10588318e+02, 1.31584213e+02, 5.96109741e+02, 1.32586670e+02,
    5.78452820e+02, 1.32540970e+02, 5.60795959e+02, 1.07404051e+01,
    5.56514404e+02, 1.81801682e+01, 5.51974915e+02, 2.59821796e+01,
    5.50357056e+02, 3.58097687e+01, 5.51371582e+02, 4.53649216e+01,
    5.55818542e+02, 6.50265427e+01, 5.54848999e+02, 7.56273956e+01,
    5.48678528e+02, 8.69243317e+01, 5.45150574e+02, 9.94544144e+01,
    5.45929138e+02, 1.11554955e+02, 5.50737122e+02, 5.63351898e+01,
    5.66825500e+02, 5.55138817e+01, 5.78612854e+02, 5.41525345e+01,
    5.89825806e+02, 5.28826370e+01, 6.01517517e+02, 4.90179520e+01,
    6.06470398e+02, 5.38832588e+01, 6.09067810e+02, 5.89742622e+01,
    6.10466614e+02, 6.44164200e+01, 6.07231384e+02, 6.96725235e+01,
    6.04442627e+02, 2.31692505e+01, 5.70453613e+02, 2.86069851e+01,
    5.66463196e+02, 3.71291924e+01, 5.66181702e+02, 4.34061890e+01,
    5.71377563e+02, 3.73189240e+01, 5.73403809e+02, 2.99416275e+01,
    5.73616211e+02, 7.80492401e+01, 5.67564148e+02, 8.40317917e+01,
    5.61674255e+02, 9.21897736e+01, 5.61088257e+02, 9.95779648e+01,
    5.64459412e+02, 9.31456070e+01, 5.68419495e+02, 8.58396835e+01,
    5.68750000e+02, 4.63734512e+01, 6.27166382e+02, 5.17284775e+01,
    6.22903992e+02, 5.77324257e+01, 6.20415344e+02, 6.30324554e+01,
    6.22321350e+02, 6.97788391e+01, 6.19814087e+02, 7.68476181e+01,
    6.20095886e+02, 8.69985504e+01, 6.23295654e+02, 7.80587616e+01,
    6.31528320e+02, 7.00062790e+01, 6.33187256e+02, 6.33481903e+01,
    6.33809875e+02, 5.80491714e+01, 6.33560303e+02, 5.26385078e+01,
    6.33192139e+02, 4.94658813e+01, 6.26621460e+02, 5.78572273e+01,
    6.26340515e+02, 6.28471947e+01, 6.26535950e+02, 6.96655197e+01,
    6.25125732e+02, 8.31953583e+01, 6.24010315e+02, 6.96655197e+01,
    6.25125732e+02, 6.28471947e+01, 6.26535950e+02, 5.78572273e+01,
    6.26340515e+02 ]
noOfLandmarkPoint: 68
