%YAML:1.0
landmark: [ 1.84752365e+02, 1.26012482e+02, 1.85992386e+02,
    1.38812744e+02, 1.87523376e+02, 1.52818405e+02, 1.89910645e+02,
    1.67197037e+02, 1.94425735e+02, 1.79742294e+02, 1.99331726e+02,
    1.91972702e+02, 2.08361816e+02, 2.02161835e+02, 2.18612854e+02,
    2.11526794e+02, 2.32476654e+02, 2.14602936e+02, 2.46352173e+02,
    2.11561737e+02, 2.58646667e+02, 2.03282867e+02, 2.68216522e+02,
    1.92737366e+02, 2.77980103e+02, 1.77396545e+02, 2.85010529e+02,
    1.66346069e+02, 2.86452789e+02, 1.51653961e+02, 2.86550049e+02,
    1.36933960e+02, 2.84752441e+02, 1.21985687e+02, 1.91125092e+02,
    1.15652809e+02, 1.96723068e+02, 1.09079163e+02, 2.04607986e+02,
    1.09944130e+02, 2.13254074e+02, 1.13327835e+02, 2.20761856e+02,
    1.17839447e+02, 2.31542526e+02, 1.17981293e+02, 2.40482666e+02,
    1.12525162e+02, 2.49758438e+02, 1.09487442e+02, 2.58871582e+02,
    1.07504951e+02, 2.64642548e+02, 1.15196121e+02, 2.27588989e+02,
    1.29312469e+02, 2.27408356e+02, 1.40196701e+02, 2.27075333e+02,
    1.50697739e+02, 2.26625031e+02, 1.60776001e+02, 2.17232819e+02,
    1.64229492e+02, 2.22041214e+02, 1.66520203e+02, 2.27231125e+02,
    1.67897629e+02, 2.33700409e+02, 1.65655304e+02, 2.38760162e+02,
    1.63969559e+02, 1.99445938e+02, 1.30952087e+02, 2.03061417e+02,
    1.26319405e+02, 2.10243988e+02, 1.28748199e+02, 2.15637833e+02,
    1.33674957e+02, 2.09410172e+02, 1.35574402e+02, 2.03570023e+02,
    1.35107330e+02, 2.40749115e+02, 1.32405212e+02, 2.45799698e+02,
    1.28133331e+02, 2.50875946e+02, 1.25374878e+02, 2.55802719e+02,
    1.28229218e+02, 2.53534470e+02, 1.32390305e+02, 2.47337952e+02,
    1.32809616e+02, 2.12180420e+02, 1.82248566e+02, 2.19995422e+02,
    1.80005890e+02, 2.24644714e+02, 1.78725769e+02, 2.28845245e+02,
    1.78621292e+02, 2.34432159e+02, 1.78058701e+02, 2.42108078e+02,
    1.78977493e+02, 2.50810272e+02, 1.80293747e+02, 2.42978577e+02,
    1.88168671e+02, 2.34769958e+02, 1.89840759e+02, 2.29040543e+02,
    1.89731430e+02, 2.24515198e+02, 1.89213776e+02, 2.20147278e+02,
    1.88907349e+02, 2.15594238e+02, 1.82942245e+02, 2.24452393e+02,
    1.80873016e+02, 2.28867615e+02, 1.81168747e+02, 2.34469955e+02,
    1.80953369e+02, 2.47420334e+02, 1.80957687e+02, 2.34398132e+02,
    1.84138962e+02, 2.28805130e+02, 1.84222382e+02, 2.24439728e+02,
    1.84005371e+02 ]
noOfLandmarkPoint: 68
