%YAML:1.0
landmark: [ 4.79050537e+02, 2.38214279e+02, 4.78298981e+02,
    2.65865845e+02, 4.76108429e+02, 2.99714508e+02, 4.83510468e+02,
    3.35440765e+02, 4.92962555e+02, 3.66613464e+02, 5.04026123e+02,
    4.00555756e+02, 5.14729980e+02, 4.28207306e+02, 5.29001770e+02,
    4.47831024e+02, 5.55761353e+02, 4.52290955e+02, 5.89969727e+02,
    4.54168549e+02, 6.25962097e+02, 4.41727539e+02, 6.61449890e+02,
    4.23257751e+02, 6.94651917e+02, 3.99085693e+02, 7.16193115e+02,
    3.66128052e+02, 7.24346680e+02, 3.29196869e+02, 7.30590576e+02,
    2.95301392e+02, 7.35582764e+02, 2.62251099e+02, 4.82121490e+02,
    2.09963943e+02, 4.95652191e+02, 1.99508133e+02, 5.11837036e+02,
    2.04676498e+02, 5.24450012e+02, 2.10112518e+02, 5.39559387e+02,
    2.18789474e+02, 5.79301208e+02, 2.20139008e+02, 6.05032166e+02,
    2.13367523e+02, 6.31918152e+02, 2.10258926e+02, 6.59190979e+02,
    2.14052734e+02, 6.82153015e+02, 2.28508179e+02, 5.58617371e+02,
    2.45018204e+02, 5.52768005e+02, 2.67008179e+02, 5.46163513e+02,
    2.87820526e+02, 5.38973694e+02, 3.11038147e+02, 5.27348389e+02,
    3.22056122e+02, 5.36526794e+02, 3.30449402e+02, 5.46010315e+02,
    3.36348114e+02, 5.62963257e+02, 3.31513275e+02, 5.77710571e+02,
    3.29269775e+02, 4.95775024e+02, 2.41635040e+02, 5.09338837e+02,
    2.32576263e+02, 5.24887390e+02, 2.33014893e+02, 5.41315430e+02,
    2.49449738e+02, 5.25624268e+02, 2.52552444e+02, 5.07361176e+02,
    2.50014618e+02, 6.03492920e+02, 2.52420944e+02, 6.16776062e+02,
    2.41100677e+02, 6.34281494e+02, 2.41880875e+02, 6.50484436e+02,
    2.53310745e+02, 6.35880066e+02, 2.59925903e+02, 6.17829468e+02,
    2.58575623e+02, 5.12360657e+02, 3.60992950e+02, 5.25529358e+02,
    3.56520752e+02, 5.41526733e+02, 3.55200073e+02, 5.50294434e+02,
    3.59681793e+02, 5.62771912e+02, 3.56719910e+02, 5.81489807e+02,
    3.60497986e+02, 6.14303772e+02, 3.66915497e+02, 5.83249451e+02,
    3.88660858e+02, 5.62629700e+02, 3.93030548e+02, 5.48999512e+02,
    3.93222443e+02, 5.40171143e+02, 3.91919006e+02, 5.24640076e+02,
    3.84213043e+02, 5.27555847e+02, 3.67156189e+02, 5.41512085e+02,
    3.65140778e+02, 5.50351929e+02, 3.65474365e+02, 5.62709290e+02,
    3.66426117e+02, 5.95226074e+02, 3.69911041e+02, 5.62420959e+02,
    3.74871185e+02, 5.50034790e+02, 3.74672729e+02, 5.41512085e+02,
    3.72118866e+02 ]
noOfLandmarkPoint: 68
