%YAML:1.0
landmark: [ 1.06624557e+02, 1.09424637e+02, 1.07677849e+02,
    1.32222900e+02, 1.10960922e+02, 1.54834824e+02, 1.17180656e+02,
    1.77252701e+02, 1.21498901e+02, 1.98582077e+02, 1.33677887e+02,
    2.24783249e+02, 1.52405090e+02, 2.42276123e+02, 1.74998138e+02,
    2.53703400e+02, 2.01037003e+02, 2.58435883e+02, 2.23647324e+02,
    2.57147949e+02, 2.45413605e+02, 2.50316757e+02, 2.61341064e+02,
    2.35141846e+02, 2.73838898e+02, 2.18581421e+02, 2.81503326e+02,
    2.01704529e+02, 2.87967529e+02, 1.77701889e+02, 2.91073334e+02,
    1.54071930e+02, 2.96040253e+02, 1.28381027e+02, 1.29715073e+02,
    8.94754791e+01, 1.46350357e+02, 7.80992813e+01, 1.64889343e+02,
    7.34638290e+01, 1.84246262e+02, 7.28895035e+01, 2.03234100e+02,
    8.06248627e+01, 2.35290695e+02, 8.38894348e+01, 2.51185715e+02,
    8.16186752e+01, 2.65399475e+02, 8.19568634e+01, 2.80020203e+02,
    8.80008316e+01, 2.91675537e+02, 9.70777817e+01, 2.17271194e+02,
    9.44937439e+01, 2.16465820e+02, 1.08960358e+02, 2.15876801e+02,
    1.22837959e+02, 2.14885117e+02, 1.38203110e+02, 1.92610687e+02,
    1.49477356e+02, 2.01560333e+02, 1.51858353e+02, 2.11260956e+02,
    1.54372086e+02, 2.19810486e+02, 1.53070862e+02, 2.27275162e+02,
    1.52513428e+02, 1.54016602e+02, 9.98233414e+01, 1.67401428e+02,
    9.67265930e+01, 1.79109314e+02, 9.36283112e+01, 1.86728760e+02,
    9.86468582e+01, 1.76535400e+02, 1.03077461e+02, 1.65374969e+02,
    1.04044868e+02, 2.41618591e+02, 1.02860023e+02, 2.50940399e+02,
    1.05089806e+02, 2.62401886e+02, 1.08807129e+02, 2.72655334e+02,
    1.11873848e+02, 2.62092377e+02, 1.11812248e+02, 2.50630875e+02,
    1.07847000e+02, 1.67113541e+02, 1.95974091e+02, 1.78550339e+02,
    1.87144302e+02, 1.91033554e+02, 1.84325500e+02, 2.06335571e+02,
    1.85130875e+02, 2.16805374e+02, 1.85130875e+02, 2.28080536e+02,
    1.88755035e+02, 2.43382553e+02, 1.96406036e+02, 2.26469803e+02,
    1.98822144e+02, 2.13986572e+02, 1.97614090e+02, 2.02308731e+02,
    1.98419464e+02, 1.88617447e+02, 1.98419464e+02, 1.78953018e+02,
    1.98419464e+02, 1.69905853e+02, 1.95303879e+02, 1.89422821e+02,
    1.93587250e+02, 2.03114090e+02, 1.93587250e+02, 2.14389267e+02,
    1.93587250e+02, 2.39355698e+02, 1.96003357e+02, 2.13986572e+02,
    1.94795303e+02, 2.02711411e+02, 1.94392624e+02, 1.89020142e+02,
    1.94795303e+02 ]
noOfLandmarkPoint: 68
