%YAML:1.0
landmark: [ 2.96013641e+02, 1.04043564e+02, 3.02385559e+02,
    1.19063072e+02, 3.09212616e+02, 1.35531845e+02, 3.17405060e+02,
    1.52585480e+02, 3.26406006e+02, 1.69695038e+02, 3.40441406e+02,
    1.84073761e+02, 3.62012421e+02, 1.95592072e+02, 3.84532471e+02,
    2.02911942e+02, 4.06080902e+02, 2.01747849e+02, 4.24741913e+02,
    1.96627121e+02, 4.38331635e+02, 1.82484741e+02, 4.49097229e+02,
    1.68830643e+02, 4.56908386e+02, 1.50012360e+02, 4.57419403e+02,
    1.30098160e+02, 4.57205811e+02, 1.09858551e+02, 4.57475311e+02,
    8.94053574e+01, 4.56969208e+02, 7.14002457e+01, 3.19725677e+02,
    7.70516510e+01, 3.28364746e+02, 6.78870850e+01, 3.40250671e+02,
    6.14806061e+01, 3.55111725e+02, 6.12170410e+01, 3.69147766e+02,
    6.43832245e+01, 4.01047333e+02, 5.87495193e+01, 4.11745300e+02,
    5.08313522e+01, 4.24472382e+02, 4.78409271e+01, 4.36160645e+02,
    4.84577484e+01, 4.45786835e+02, 5.53733597e+01, 3.91183105e+02,
    8.27497330e+01, 3.93824768e+02, 9.47545853e+01, 3.97409515e+02,
    1.06469460e+02, 4.00602722e+02, 1.18362480e+02, 3.87773804e+02,
    1.34072662e+02, 3.94944641e+02, 1.33940674e+02, 4.00834473e+02,
    1.34365799e+02, 4.05969238e+02, 1.31206635e+02, 4.11344116e+02,
    1.28834656e+02, 3.38656738e+02, 9.52103271e+01, 3.45298157e+02,
    8.71048889e+01, 3.55921661e+02, 8.43947678e+01, 3.66318268e+02,
    9.31202850e+01, 3.57001953e+02, 9.76716537e+01, 3.45707397e+02,
    9.90091095e+01, 4.10011383e+02, 8.48439713e+01, 4.16436493e+02,
    7.56094437e+01, 4.26361633e+02, 7.06443710e+01, 4.35384521e+02,
    7.73475342e+01, 4.30650208e+02, 8.35344696e+01, 4.20962616e+02,
    8.70637512e+01, 3.74324341e+02, 1.62783386e+02, 3.85899475e+02,
    1.54352936e+02, 3.96062897e+02, 1.49201889e+02, 4.02557709e+02,
    1.49535629e+02, 4.07061340e+02, 1.46253586e+02, 4.17283600e+02,
    1.47765015e+02, 4.28127655e+02, 1.51669540e+02, 4.20050598e+02,
    1.58573181e+02, 4.12891907e+02, 1.62822922e+02, 4.07264679e+02,
    1.64766006e+02, 4.00743744e+02, 1.65958405e+02, 3.89117523e+02,
    1.65442581e+02, 3.78451416e+02, 1.61716385e+02, 3.98380707e+02,
    1.56506485e+02, 4.04328003e+02, 1.55783096e+02, 4.09906738e+02,
    1.54090012e+02, 4.25757660e+02, 1.51817108e+02, 4.09906738e+02,
    1.54090012e+02, 4.04328003e+02, 1.55783096e+02, 3.98380707e+02,
    1.56506485e+02 ]
noOfLandmarkPoint: 68
