%YAML:1.0
landmark: [ 1.47980621e+02, 1.30447891e+02, 1.46863022e+02,
    1.46309357e+02, 1.47467621e+02, 1.60908905e+02, 1.49898834e+02,
    1.74615494e+02, 1.56594376e+02, 1.88279846e+02, 1.67701950e+02,
    2.00033585e+02, 1.80500000e+02, 2.09161713e+02, 1.96096558e+02,
    2.15566422e+02, 2.11779572e+02, 2.17891678e+02, 2.25362579e+02,
    2.14942993e+02, 2.37612289e+02, 2.05232437e+02, 2.43930542e+02,
    1.94350113e+02, 2.47998627e+02, 1.82833008e+02, 2.52326065e+02,
    1.72348846e+02, 2.55920898e+02, 1.61714523e+02, 2.56705841e+02,
    1.52308777e+02, 2.56296326e+02, 1.42643692e+02, 1.69676468e+02,
    1.20258942e+02, 1.78592194e+02, 1.12804932e+02, 1.90638931e+02,
    1.10971024e+02, 2.01014023e+02, 1.14640724e+02, 2.11307785e+02,
    1.20841530e+02, 2.32963654e+02, 1.22432022e+02, 2.40738480e+02,
    1.20709785e+02, 2.47871704e+02, 1.19881813e+02, 2.53719910e+02,
    1.21171593e+02, 2.57804138e+02, 1.25055717e+02, 2.21542480e+02,
    1.32482605e+02, 2.22488983e+02, 1.39747360e+02, 2.24491165e+02,
    1.47681000e+02, 2.26418259e+02, 1.55689728e+02, 2.11218628e+02,
    1.65205505e+02, 2.15461227e+02, 1.66882523e+02, 2.19406876e+02,
    1.68306427e+02, 2.23378983e+02, 1.67210190e+02, 2.26416687e+02,
    1.66198181e+02, 1.82060410e+02, 1.30883835e+02, 1.89440994e+02,
    1.27628838e+02, 1.96975616e+02, 1.28425110e+02, 2.02549728e+02,
    1.34687454e+02, 1.95623444e+02, 1.36066391e+02, 1.87729645e+02,
    1.35098587e+02, 2.32654999e+02, 1.39031143e+02, 2.39141235e+02,
    1.33898682e+02, 2.46002151e+02, 1.35432404e+02, 2.49563828e+02,
    1.40727051e+02, 2.44950989e+02, 1.42688812e+02, 2.39112396e+02,
    1.42336884e+02, 1.93782669e+02, 1.84511108e+02, 2.05046173e+02,
    1.81091843e+02, 2.12975204e+02, 1.78975113e+02, 2.18081009e+02,
    1.80211273e+02, 2.23598389e+02, 1.79048706e+02, 2.28330551e+02,
    1.82349136e+02, 2.31700989e+02, 1.86527527e+02, 2.25929474e+02,
    1.91610596e+02, 2.20801773e+02, 1.92677109e+02, 2.15702408e+02,
    1.92548645e+02, 2.11183701e+02, 1.92271652e+02, 2.05015381e+02,
    1.89323364e+02, 1.97960876e+02, 1.85069870e+02, 2.12717056e+02,
    1.84614639e+02, 2.17041550e+02, 1.85148727e+02, 2.21621750e+02,
    1.85285187e+02, 2.28393936e+02, 1.86500977e+02, 2.21621750e+02,
    1.85285187e+02, 2.17041550e+02, 1.85148727e+02, 2.12717056e+02,
    1.84614639e+02 ]
noOfLandmarkPoint: 68
