%YAML:1.0
landmark: [ 1.42699905e+02, 3.29881042e+02, 1.46036804e+02,
    3.53495056e+02, 1.54090958e+02, 3.82119110e+02, 1.63878616e+02,
    4.11598267e+02, 1.79038818e+02, 4.47667633e+02, 1.95570007e+02,
    4.72908264e+02, 2.16033035e+02, 5.00361145e+02, 2.38638565e+02,
    5.31067322e+02, 2.75140167e+02, 5.35259338e+02, 3.09837128e+02,
    5.26664978e+02, 3.43519714e+02, 5.03826874e+02, 3.69136505e+02,
    4.71936859e+02, 3.91955139e+02, 4.34610840e+02, 4.09801666e+02,
    3.93007324e+02, 4.10884766e+02, 3.55405151e+02, 4.08040466e+02,
    3.21887268e+02, 3.98968506e+02, 2.83405853e+02, 1.33358383e+02,
    3.07089600e+02, 1.39301117e+02, 2.95998199e+02, 1.54988068e+02,
    2.99578735e+02, 1.71982391e+02, 3.05314758e+02, 1.95008392e+02,
    3.13508331e+02, 2.43185165e+02, 2.98109741e+02, 2.65345184e+02,
    2.87822845e+02, 2.89253845e+02, 2.81025208e+02, 3.13739838e+02,
    2.80777985e+02, 3.35644928e+02, 2.88844116e+02, 2.16557083e+02,
    3.22999664e+02, 2.14406387e+02, 3.50873840e+02, 2.12579926e+02,
    3.81194244e+02, 2.10121384e+02, 4.08986389e+02, 2.05274048e+02,
    4.21934357e+02, 2.17343643e+02, 4.31275879e+02, 2.31941513e+02,
    4.32084534e+02, 2.39941910e+02, 4.24757050e+02, 2.49102585e+02,
    4.17447540e+02, 1.60365646e+02, 3.20909546e+02, 1.72440094e+02,
    3.14761108e+02, 1.87180145e+02, 3.16168457e+02, 2.00718521e+02,
    3.23891907e+02, 1.83511520e+02, 3.29443787e+02, 1.66817017e+02,
    3.28720917e+02, 2.68515717e+02, 3.17055084e+02, 2.80151794e+02,
    3.06042908e+02, 2.96629791e+02, 3.04845764e+02, 3.10895905e+02,
    3.11094452e+02, 2.98347015e+02, 3.18140350e+02, 2.83601593e+02,
    3.19943970e+02, 2.05608917e+02, 4.52650513e+02, 2.18007767e+02,
    4.54480988e+02, 2.26452850e+02, 4.55027344e+02, 2.36322571e+02,
    4.57259277e+02, 2.50777084e+02, 4.50172729e+02, 2.74475525e+02,
    4.48197998e+02, 2.99925262e+02, 4.41520782e+02, 2.78957520e+02,
    4.61162903e+02, 2.55467712e+02, 4.69893829e+02, 2.39657349e+02,
    4.72133270e+02, 2.29417389e+02, 4.71024811e+02, 2.19501236e+02,
    4.68151093e+02, 2.10924866e+02, 4.55932404e+02, 2.27315140e+02,
    4.59249786e+02, 2.36825989e+02, 4.60030029e+02, 2.52385849e+02,
    4.55745026e+02, 2.92088257e+02, 4.46076080e+02, 2.52385849e+02,
    4.55745026e+02, 2.36825989e+02, 4.60030029e+02, 2.27315140e+02,
    4.59249786e+02 ]
noOfLandmarkPoint: 68
