%YAML:1.0
landmark: [ 1.60439423e+02, 1.31604736e+02, 1.65382645e+02,
    1.51085495e+02, 1.68745209e+02, 1.72418701e+02, 1.73164886e+02,
    1.95020447e+02, 1.81500854e+02, 2.13363571e+02, 1.95424301e+02,
    2.29854263e+02, 2.12443497e+02, 2.42454590e+02, 2.32047897e+02,
    2.48484146e+02, 2.53743271e+02, 2.49230423e+02, 2.74013702e+02,
    2.44678741e+02, 2.91317719e+02, 2.34352798e+02, 3.04334534e+02,
    2.20986526e+02, 3.14329620e+02, 2.01902054e+02, 3.15460938e+02,
    1.79194000e+02, 3.15606659e+02, 1.54788635e+02, 3.16351074e+02,
    1.33212265e+02, 3.16545074e+02, 1.23061165e+02, 1.92677597e+02,
    1.08644096e+02, 2.00824905e+02, 9.89243698e+01, 2.15580444e+02,
    9.67723923e+01, 2.29267838e+02, 9.93281555e+01, 2.41341339e+02,
    1.03904549e+02, 2.61569427e+02, 1.04270363e+02, 2.73123657e+02,
    9.73838577e+01, 2.85498962e+02, 9.43078537e+01, 2.98002594e+02,
    9.75220947e+01, 3.05246948e+02, 1.05836174e+02, 2.51337875e+02,
    1.15829529e+02, 2.51121536e+02, 1.27224594e+02, 2.51143921e+02,
    1.38832993e+02, 2.51163803e+02, 1.51183853e+02, 2.36618912e+02,
    1.65388931e+02, 2.43381104e+02, 1.66330200e+02, 2.51343811e+02,
    1.67100357e+02, 2.57821716e+02, 1.66209778e+02, 2.64304169e+02,
    1.64943359e+02, 2.06856750e+02, 1.21832947e+02, 2.13470276e+02,
    1.16073463e+02, 2.23965393e+02, 1.17236359e+02, 2.31305252e+02,
    1.23945732e+02, 2.23075287e+02, 1.25596146e+02, 2.14362885e+02,
    1.25614311e+02, 2.69762177e+02, 1.21668045e+02, 2.76376099e+02,
    1.16499565e+02, 2.85113342e+02, 1.16114349e+02, 2.91107605e+02,
    1.22239716e+02, 2.84911652e+02, 1.24493347e+02, 2.77027618e+02,
    1.24329323e+02, 2.23903534e+02, 1.99572464e+02, 2.38704803e+02,
    1.91970016e+02, 2.48258942e+02, 1.88396027e+02, 2.54162201e+02,
    1.91042358e+02, 2.61044312e+02, 1.87107681e+02, 2.69270813e+02,
    1.89896942e+02, 2.81308411e+02, 1.93712051e+02, 2.70248505e+02,
    2.00410736e+02, 2.61703033e+02, 2.02783447e+02, 2.54765305e+02,
    2.04314545e+02, 2.48302887e+02, 2.03379303e+02, 2.38774200e+02,
    2.02394501e+02, 2.28263977e+02, 1.98379623e+02, 2.48476746e+02,
    1.94456467e+02, 2.54338882e+02, 1.93964996e+02, 2.61080597e+02,
    1.92836029e+02, 2.76849213e+02, 1.94052109e+02, 2.61174347e+02,
    1.95209961e+02, 2.54550293e+02, 1.96502045e+02, 2.48736374e+02,
    1.97111237e+02 ]
noOfLandmarkPoint: 68
