%YAML:1.0
landmark: [ 9.50754089e+01, 1.76491211e+02, 9.65126419e+01,
    1.92537689e+02, 9.68419876e+01, 2.09810989e+02, 9.75006790e+01,
    2.26156631e+02, 1.02020958e+02, 2.41634079e+02, 1.14151520e+02,
    2.56647278e+02, 1.27023216e+02, 2.69973358e+02, 1.45202820e+02,
    2.81372345e+02, 1.63571472e+02, 2.83166229e+02, 1.82578415e+02,
    2.80144684e+02, 1.99135544e+02, 2.72433716e+02, 2.17334244e+02,
    2.66629639e+02, 2.30626114e+02, 2.53128265e+02, 2.39247665e+02,
    2.38249130e+02, 2.42241058e+02, 2.20705948e+02, 2.43857590e+02,
    2.02174728e+02, 2.44605942e+02, 1.82208115e+02, 1.04899109e+02,
    1.52677643e+02, 1.11378860e+02, 1.44469894e+02, 1.21085266e+02,
    1.39454163e+02, 1.32527664e+02, 1.35586273e+02, 1.43921494e+02,
    1.36703293e+02, 1.76521667e+02, 1.32653656e+02, 1.92353317e+02,
    1.33777664e+02, 2.04918884e+02, 1.37777252e+02, 2.16624008e+02,
    1.43337585e+02, 2.23066132e+02, 1.52390717e+02, 1.60774963e+02,
    1.54950760e+02, 1.60087784e+02, 1.65057877e+02, 1.58959457e+02,
    1.74907608e+02, 1.58339035e+02, 1.86612198e+02, 1.47706131e+02,
    1.95488281e+02, 1.54049774e+02, 1.97313965e+02, 1.59813141e+02,
    2.00141235e+02, 1.67140350e+02, 1.97710098e+02, 1.74904251e+02,
    1.96686951e+02, 1.18692856e+02, 1.62507309e+02, 1.25263687e+02,
    1.55708649e+02, 1.36257263e+02, 1.55373917e+02, 1.43203690e+02,
    1.61294479e+02, 1.35542038e+02, 1.63084641e+02, 1.26654778e+02,
    1.63377609e+02, 1.84382599e+02, 1.60007004e+02, 1.90463364e+02,
    1.54682983e+02, 2.00832245e+02, 1.56636337e+02, 2.08527512e+02,
    1.59842300e+02, 2.00633194e+02, 1.62151749e+02, 1.92080887e+02,
    1.61744110e+02, 1.28228073e+02, 2.22656097e+02, 1.37716965e+02,
    2.13664810e+02, 1.46865250e+02, 2.12295471e+02, 1.59492401e+02,
    2.13096832e+02, 1.74137970e+02, 2.11771744e+02, 1.88976013e+02,
    2.16411224e+02, 1.99344711e+02, 2.23946609e+02, 1.89110062e+02,
    2.30858063e+02, 1.75100723e+02, 2.34365250e+02, 1.60187180e+02,
    2.35647354e+02, 1.47373779e+02, 2.34241272e+02, 1.36357132e+02,
    2.31275223e+02, 1.31635056e+02, 2.21969513e+02, 1.47151520e+02,
    2.16834198e+02, 1.59571396e+02, 2.17910202e+02, 1.74349960e+02,
    2.17395905e+02, 1.97459259e+02, 2.23705948e+02, 1.74891998e+02,
    2.28906174e+02, 1.60396683e+02, 2.31308884e+02, 1.47151520e+02,
    2.29137848e+02 ]
noOfLandmarkPoint: 68
