%YAML:1.0
landmark: [ 1.29147751e+02, 2.94937225e+02, 1.33260193e+02,
    3.32656860e+02, 1.38959106e+02, 3.68436829e+02, 1.48653198e+02,
    4.04512054e+02, 1.61694061e+02, 4.30715210e+02, 1.85777252e+02,
    4.46152863e+02, 2.21856110e+02, 4.63812164e+02, 2.58128601e+02,
    4.77468079e+02, 2.92658356e+02, 4.80647614e+02, 3.16399170e+02,
    4.73279785e+02, 3.35934540e+02, 4.46897705e+02, 3.51701996e+02,
    4.27620514e+02, 3.62935394e+02, 4.06561432e+02, 3.69025238e+02,
    3.82116638e+02, 3.71477417e+02, 3.57837738e+02, 3.76720032e+02,
    3.27361908e+02, 3.69717072e+02, 3.00500763e+02, 1.83498962e+02,
    2.72337555e+02, 2.03083664e+02, 2.57327026e+02, 2.26322083e+02,
    2.56578247e+02, 2.48305481e+02, 2.57804596e+02, 2.71239349e+02,
    2.64247253e+02, 3.08346863e+02, 2.60261963e+02, 3.24976501e+02,
    2.52950348e+02, 3.40302490e+02, 2.50115799e+02, 3.56485809e+02,
    2.52248383e+02, 3.66546967e+02, 2.62412689e+02, 2.91070984e+02,
    2.90179138e+02, 2.94595734e+02, 3.11624237e+02, 2.98414307e+02,
    3.34068146e+02, 3.02350159e+02, 3.54925537e+02, 2.66246033e+02,
    3.68663177e+02, 2.79553101e+02, 3.74371674e+02, 2.94535004e+02,
    3.80483063e+02, 3.05992188e+02, 3.74137146e+02, 3.14335693e+02,
    3.68672760e+02, 2.11589706e+02, 2.96113190e+02, 2.23461700e+02,
    2.88422821e+02, 2.39058212e+02, 2.89453644e+02, 2.50021652e+02,
    2.98296143e+02, 2.36991394e+02, 3.01326324e+02, 2.22707275e+02,
    2.99947510e+02, 3.16444458e+02, 2.96308807e+02, 3.30075378e+02,
    2.87049286e+02, 3.42438019e+02, 2.85595978e+02, 3.51658691e+02,
    2.92736206e+02, 3.42932739e+02, 2.96736969e+02, 3.29762634e+02,
    2.97805267e+02, 2.46999451e+02, 4.12461700e+02, 2.68493256e+02,
    4.04712860e+02, 2.80966492e+02, 4.01273224e+02, 2.90988190e+02,
    4.04476166e+02, 3.03098602e+02, 4.01144409e+02, 3.13285400e+02,
    4.03528107e+02, 3.26072479e+02, 4.07052216e+02, 3.14339966e+02,
    4.17740295e+02, 3.05746979e+02, 4.25304535e+02, 2.93546814e+02,
    4.26615448e+02, 2.82523438e+02, 4.24810730e+02, 2.69684143e+02,
    4.20567474e+02, 2.55797638e+02, 4.12616608e+02, 2.81648560e+02,
    4.12562744e+02, 2.92608948e+02, 4.13711975e+02, 3.03635284e+02,
    4.09891510e+02, 3.19387604e+02, 4.07802277e+02, 3.03635284e+02,
    4.09891510e+02, 2.92531311e+02, 4.13824310e+02, 2.81648560e+02,
    4.12562744e+02 ]
noOfLandmarkPoint: 68
