%YAML:1.0
landmark: [ 2.39090210e+02, 1.48772644e+02, 2.38841827e+02,
    1.66936157e+02, 2.39485764e+02, 1.85163055e+02, 2.42256546e+02,
    2.02850204e+02, 2.48860733e+02, 2.19012146e+02, 2.61166107e+02,
    2.32706589e+02, 2.78068054e+02, 2.42144135e+02, 2.94816223e+02,
    2.47929825e+02, 3.11805939e+02, 2.49634613e+02, 3.27663513e+02,
    2.49324875e+02, 3.43914093e+02, 2.44130554e+02, 3.55441132e+02,
    2.33487549e+02, 3.63068329e+02, 2.19990662e+02, 3.66335907e+02,
    2.04613205e+02, 3.70588715e+02, 1.89346634e+02, 3.75371460e+02,
    1.73129639e+02, 3.75985016e+02, 1.55926422e+02, 2.53282578e+02,
    1.26207268e+02, 2.63630920e+02, 1.18811600e+02, 2.76433746e+02,
    1.13807983e+02, 2.90965576e+02, 1.17046852e+02, 3.03287659e+02,
    1.24193649e+02, 3.28707184e+02, 1.25552475e+02, 3.40296539e+02,
    1.21973846e+02, 3.53144470e+02, 1.22358017e+02, 3.63539825e+02,
    1.27114960e+02, 3.70339569e+02, 1.34460876e+02, 3.16145813e+02,
    1.40563919e+02, 3.16117065e+02, 1.50252441e+02, 3.16229950e+02,
    1.59519516e+02, 3.16287384e+02, 1.69658936e+02, 3.01215881e+02,
    1.80079559e+02, 3.08229309e+02, 1.82924347e+02, 3.13668365e+02,
    1.85430481e+02, 3.19444092e+02, 1.83008514e+02, 3.23734741e+02,
    1.81493088e+02, 2.69670471e+02, 1.40383820e+02, 2.75878143e+02,
    1.34237595e+02, 2.85374207e+02, 1.34559814e+02, 2.94526947e+02,
    1.43595337e+02, 2.86195251e+02, 1.44706482e+02, 2.76947784e+02,
    1.45117691e+02, 3.30622192e+02, 1.47239334e+02, 3.40605225e+02,
    1.38989746e+02, 3.49773926e+02, 1.40160812e+02, 3.54310211e+02,
    1.46254120e+02, 3.49462189e+02, 1.50123413e+02, 3.40431976e+02,
    1.49273438e+02, 2.81009491e+02, 2.03036484e+02, 2.94969482e+02,
    1.97729599e+02, 3.08722809e+02, 1.96351608e+02, 3.14630554e+02,
    1.97756027e+02, 3.20502167e+02, 1.96872330e+02, 3.31199982e+02,
    1.98644440e+02, 3.39950470e+02, 2.06593048e+02, 3.29981567e+02,
    2.13780762e+02, 3.19993500e+02, 2.15025162e+02, 3.13567932e+02,
    2.15629745e+02, 3.05636627e+02, 2.14598785e+02, 2.94542297e+02,
    2.12211212e+02, 2.85918304e+02, 2.04254257e+02, 3.06587921e+02,
    2.05584412e+02, 3.14203430e+02, 2.04633530e+02, 3.20393158e+02,
    2.06188400e+02, 3.35160400e+02, 2.06516327e+02, 3.20393158e+02,
    2.06188400e+02, 3.13940826e+02, 2.09133026e+02, 3.06587921e+02,
    2.05584412e+02 ]
noOfLandmarkPoint: 68
