%YAML:1.0
landmark: [ 2.79805279e+01, 1.68945511e+02, 3.09293556e+01,
    1.91646881e+02, 3.49147224e+01, 2.13601639e+02, 3.98408966e+01,
    2.35233017e+02, 5.85043678e+01, 2.50726883e+02, 8.09653931e+01,
    2.60441528e+02, 1.00340630e+02, 2.69558960e+02, 1.21915596e+02,
    2.74661743e+02, 1.41230804e+02, 2.72822479e+02, 1.55714050e+02,
    2.63958679e+02, 1.60329102e+02, 2.51037384e+02, 1.59560211e+02,
    2.33115051e+02, 1.62241638e+02, 2.17398468e+02, 1.66142166e+02,
    2.01017975e+02, 1.68877975e+02, 1.86649261e+02, 1.64571091e+02,
    1.72781372e+02, 1.59966568e+02, 1.60023804e+02, 5.92282486e+01,
    1.54140106e+02, 6.92686920e+01, 1.44390167e+02, 8.19531784e+01,
    1.37381805e+02, 9.57150574e+01, 1.36550522e+02, 1.10024384e+02,
    1.40548340e+02, 1.36909683e+02, 1.39920212e+02, 1.43214050e+02,
    1.33967834e+02, 1.50960739e+02, 1.29864120e+02, 1.57691513e+02,
    1.30805634e+02, 1.63569489e+02, 1.36074066e+02, 1.29123932e+02,
    1.56072006e+02, 1.34872147e+02, 1.69084015e+02, 1.40566971e+02,
    1.81692764e+02, 1.47277710e+02, 1.95208679e+02, 1.25086716e+02,
    2.05780228e+02, 1.33177994e+02, 2.07173538e+02, 1.40870300e+02,
    2.08724594e+02, 1.46416321e+02, 2.05562393e+02, 1.50222412e+02,
    1.99907623e+02, 7.91973419e+01, 1.68786407e+02, 88., 1.60836533e+02,
    9.81505280e+01, 1.60003784e+02, 1.06581161e+02, 1.65624207e+02,
    9.86700211e+01, 1.68472473e+02, 8.85738678e+01, 1.70340500e+02,
    1.37986191e+02, 1.57923706e+02, 1.44785141e+02, 1.48614120e+02,
    1.52938187e+02, 1.48187729e+02, 1.56953186e+02, 1.53029770e+02,
    1.52497482e+02, 1.56638397e+02, 1.45895493e+02, 1.57525528e+02,
    9.78529053e+01, 2.31915985e+02, 1.18560326e+02, 2.23614120e+02,
    1.32884415e+02, 2.19632843e+02, 1.41677307e+02, 2.18176849e+02,
    1.45746674e+02, 2.15237869e+02, 1.52972534e+02, 2.12556427e+02,
    1.51461533e+02, 2.16030563e+02, 1.54197342e+02, 2.32431091e+02,
    1.48486038e+02, 2.40224091e+02, 1.42672821e+02, 2.44031143e+02,
    1.33816162e+02, 2.46894226e+02, 1.16602905e+02, 2.46041443e+02,
    1.00608749e+02, 2.31103256e+02, 1.33392059e+02, 2.25659073e+02,
    1.41770142e+02, 2.23502426e+02, 1.46078644e+02, 2.20323151e+02,
    1.49944824e+02, 2.18122482e+02, 1.47809738e+02, 2.31019348e+02,
    1.41973312e+02, 2.34677460e+02, 1.33604156e+02, 2.37566299e+02 ]
noOfLandmarkPoint: 68
