%YAML:1.0
landmark: [ 7.35385056e+01, 1.81005005e+02, 7.17775040e+01,
    1.93405426e+02, 7.43404388e+01, 2.08491684e+02, 7.78282089e+01,
    2.24687744e+02, 8.16947784e+01, 2.39025284e+02, 8.81762619e+01,
    2.54400452e+02, 9.13307953e+01, 2.63699554e+02, 9.70216599e+01,
    2.68260437e+02, 1.08294548e+02, 2.72132172e+02, 1.24229698e+02,
    2.70168579e+02, 1.40362473e+02, 2.68486176e+02, 1.55429886e+02,
    2.63214447e+02, 1.68104080e+02, 2.55043045e+02, 1.76795029e+02,
    2.41431335e+02, 1.81710587e+02, 2.26033356e+02, 1.86780792e+02,
    2.10739288e+02, 1.93966782e+02, 1.91377167e+02, 7.32040405e+01,
    1.60547058e+02, 7.71491852e+01, 1.56769150e+02, 8.18519287e+01,
    1.54417770e+02, 8.70741043e+01, 1.57491287e+02, 9.01298828e+01,
    1.62000183e+02, 1.08782486e+02, 1.62572830e+02, 1.18531311e+02,
    1.61128555e+02, 1.26298691e+02, 1.61841827e+02, 1.33546646e+02,
    1.63840988e+02, 1.41278564e+02, 1.66764999e+02, 9.52291565e+01,
    1.80282867e+02, 9.28955154e+01, 1.90489059e+02, 9.00247116e+01,
    2.00229019e+02, 8.68283005e+01, 2.10444077e+02, 8.67307739e+01,
    2.17613449e+02, 8.99537811e+01, 2.20114334e+02, 9.37582855e+01,
    2.22086899e+02, 9.63212280e+01, 2.20660355e+02, 9.97646637e+01,
    2.20281555e+02, 7.61844254e+01, 1.71506897e+02, 8.15910568e+01,
    1.68391006e+02, 8.93234863e+01, 1.70966507e+02, 9.21886597e+01,
    1.77910278e+02, 8.53042297e+01, 1.79313705e+02, 7.86705322e+01,
    1.76988419e+02, 1.15817596e+02, 1.80917770e+02, 1.21030365e+02,
    1.75308212e+02, 1.29355392e+02, 1.76361099e+02, 1.36978241e+02,
    1.82362549e+02, 1.31979691e+02, 1.86107971e+02, 1.22150337e+02,
    1.84755798e+02, 8.70652390e+01, 2.36388962e+02, 8.51367416e+01,
    2.31795288e+02, 8.79262619e+01, 2.31124908e+02, 8.98264160e+01,
    2.32854858e+02, 9.47720413e+01, 2.32445251e+02, 1.04469101e+02,
    2.36936432e+02, 1.15852386e+02, 2.44835846e+02, 1.06694443e+02,
    2.51965347e+02, 9.86903305e+01, 2.52117569e+02, 9.39432526e+01,
    2.50673294e+02, 8.92493744e+01, 2.48506897e+02, 8.63785706e+01,
    2.41822708e+02, 8.85538406e+01, 2.36723434e+02, 9.05965729e+01,
    2.37101715e+02, 9.23723907e+01, 2.36516266e+02, 9.57409515e+01,
    2.36961594e+02, 1.08808830e+02, 2.42284225e+02, 9.68635635e+01,
    2.42308884e+02, 9.27992096e+01, 2.40362915e+02, 9.05965729e+01,
    2.37101715e+02 ]
noOfLandmarkPoint: 68
