%YAML:1.0
landmark: [ 9.53012619e+01, 1.42437943e+02, 9.27548294e+01,
    1.60910126e+02, 9.64383545e+01, 1.76158234e+02, 1.03101234e+02,
    1.91541977e+02, 1.05917442e+02, 2.10717850e+02, 1.13176392e+02,
    2.34173798e+02, 1.19405861e+02, 2.48745743e+02, 1.30456940e+02,
    2.56465149e+02, 1.43376312e+02, 2.59308380e+02, 1.56714661e+02,
    2.60535950e+02, 1.77827316e+02, 2.52618958e+02, 1.98818420e+02,
    2.38317764e+02, 2.13092087e+02, 2.21281448e+02, 2.24603119e+02,
    2.02863815e+02, 2.32430603e+02, 1.86748383e+02, 2.37035019e+02,
    1.66949417e+02, 2.40270966e+02, 1.46971085e+02, 9.58693161e+01,
    1.12509270e+02, 1.03372002e+02, 1.04843941e+02, 1.14314476e+02,
    1.02677361e+02, 1.23360641e+02, 1.09042450e+02, 1.32823166e+02,
    1.16451202e+02, 1.52931656e+02, 1.20375572e+02, 1.65326080e+02,
    1.13019066e+02, 1.79879730e+02, 1.11506721e+02, 1.93615112e+02,
    1.14792343e+02, 2.06113403e+02, 1.19717133e+02, 1.42131271e+02,
    1.33455002e+02, 1.39179031e+02, 1.46244278e+02, 1.35599075e+02,
    1.59864334e+02, 1.32904114e+02, 1.73197876e+02, 1.27260880e+02,
    1.82740036e+02, 1.30971436e+02, 1.86396530e+02, 1.35548813e+02,
    1.88211273e+02, 1.43186630e+02, 1.87534119e+02, 1.49334518e+02,
    1.86829956e+02, 1.07652916e+02, 1.35893829e+02, 1.13196640e+02,
    1.30660416e+02, 1.21778442e+02, 1.30924347e+02, 1.30064972e+02,
    1.37717667e+02, 1.21232101e+02, 1.41099960e+02, 1.13182381e+02,
    1.41039261e+02, 1.69025406e+02, 1.40662094e+02, 1.75918472e+02,
    1.34832703e+02, 1.85695724e+02, 1.34355713e+02, 1.93783569e+02,
    1.39588364e+02, 1.85898788e+02, 1.44525665e+02, 1.77403519e+02,
    1.44519196e+02, 1.14611771e+02, 2.14889832e+02, 1.19649277e+02,
    1.99538452e+02, 1.28262833e+02, 1.92463348e+02, 1.35413193e+02,
    1.93384232e+02, 1.42698669e+02, 1.94115433e+02, 1.51826416e+02,
    2.02755707e+02, 1.62362503e+02, 2.18681458e+02, 1.55915833e+02,
    2.30843094e+02, 1.45488342e+02, 2.37831284e+02, 1.37173874e+02,
    2.38020966e+02, 1.29427948e+02, 2.36396393e+02, 1.19785217e+02,
    2.29462265e+02, 1.19378838e+02, 2.16244125e+02, 1.28560623e+02,
    2.03622040e+02, 1.34817123e+02, 2.02863815e+02, 1.43186142e+02,
    2.04759628e+02, 1.55916321e+02, 2.18871140e+02, 1.44079987e+02,
    2.25128128e+02, 1.35765030e+02, 2.26157608e+02, 1.29075607e+02,
    2.24559570e+02 ]
noOfLandmarkPoint: 68
