%YAML:1.0
landmark: [ 1.57501083e+02, 2.09627289e+02, 1.57879852e+02,
    2.38559952e+02, 1.62288895e+02, 2.63067047e+02, 1.64825378e+02,
    2.87574127e+02, 1.68022125e+02, 3.10130341e+02, 1.79999634e+02,
    3.29269775e+02, 1.95431259e+02, 3.48632965e+02, 2.08326401e+02,
    3.60938751e+02, 2.29894119e+02, 3.65202301e+02, 2.56090973e+02,
    3.65605194e+02, 2.82474304e+02, 3.56160461e+02, 3.04494751e+02,
    3.44681061e+02, 3.24678986e+02, 3.26615723e+02, 3.38252167e+02,
    3.07000580e+02, 3.45540314e+02, 2.82859833e+02, 3.49942810e+02,
    2.53428558e+02, 3.52329987e+02, 2.25727386e+02, 1.64328903e+02,
    1.84148300e+02, 1.80440964e+02, 1.75230011e+02, 1.97083725e+02,
    1.71241989e+02, 2.14939957e+02, 1.76128494e+02, 2.30188797e+02,
    1.85864182e+02, 2.63144684e+02, 1.89392899e+02, 2.80818115e+02,
    1.81969910e+02, 2.99666565e+02, 1.80720306e+02, 3.18846985e+02,
    1.86673615e+02, 3.33435608e+02, 1.96703995e+02, 2.43662933e+02,
    2.12737946e+02, 2.41030441e+02, 2.28703720e+02, 2.37546982e+02,
    2.46512817e+02, 2.34085709e+02, 2.63453339e+02, 2.22891510e+02,
    2.73930206e+02, 2.28659714e+02, 2.76737762e+02, 2.34473267e+02,
    2.80403351e+02, 2.43592148e+02, 2.78251007e+02, 2.52008835e+02,
    2.76682953e+02, 1.86686295e+02, 2.06214508e+02, 1.97347000e+02,
    1.99821167e+02, 2.12017944e+02, 2.01187759e+02, 2.22854752e+02,
    2.14284958e+02, 2.09987930e+02, 2.15821686e+02, 1.94819626e+02,
    2.14139877e+02, 2.74534943e+02, 2.19028885e+02, 2.86734131e+02,
    2.07577393e+02, 3.03672760e+02, 2.09781906e+02, 3.15280975e+02,
    2.18674576e+02, 3.01468231e+02, 2.25068054e+02, 2.87718597e+02,
    2.24002029e+02, 2.00636398e+02, 3.06412079e+02, 2.12627716e+02,
    3.01530060e+02, 2.23736633e+02, 2.98477600e+02, 2.30478836e+02,
    3.01412659e+02, 2.38755096e+02, 3.01050507e+02, 2.53952347e+02,
    3.07021057e+02, 2.73860291e+02, 3.13881714e+02, 2.52388443e+02,
    3.26825958e+02, 2.37209976e+02, 3.27680847e+02, 2.28979492e+02,
    3.26746643e+02, 2.21081680e+02, 3.25028076e+02, 2.09993347e+02,
    3.18075470e+02, 2.07008499e+02, 3.10747528e+02, 2.23214859e+02,
    3.10689972e+02, 2.29443573e+02, 3.11813232e+02, 2.37975143e+02,
    3.12307739e+02, 2.66802338e+02, 3.16977356e+02, 2.37975143e+02,
    3.12307739e+02, 2.29443573e+02, 3.11813232e+02, 2.23214859e+02,
    3.10689972e+02 ]
noOfLandmarkPoint: 68
