%YAML:1.0
landmark: [ 2.04907013e+02, 1.60655380e+02, 2.03054199e+02,
    1.74396561e+02, 2.05678482e+02, 1.88786896e+02, 2.09975357e+02,
    2.03530334e+02, 2.15317703e+02, 2.18425461e+02, 2.18728134e+02,
    2.31871445e+02, 2.27573868e+02, 2.48640594e+02, 2.33002655e+02,
    2.65034576e+02, 2.42829453e+02, 2.71587952e+02, 2.56866669e+02,
    2.72308838e+02, 2.85019379e+02, 2.71205475e+02, 3.07813446e+02,
    2.62333038e+02, 3.29844330e+02, 2.47955887e+02, 3.44087921e+02,
    2.29467102e+02, 3.46000244e+02, 2.03320587e+02, 3.46023224e+02,
    1.76212265e+02, 3.42948425e+02, 1.50729507e+02, 1.94957092e+02,
    1.36178925e+02, 2.02508774e+02, 1.31550629e+02, 2.09392365e+02,
    1.32373596e+02, 2.17059158e+02, 1.35995407e+02, 2.23755539e+02,
    1.40473663e+02, 2.49368118e+02, 1.39841354e+02, 2.63830200e+02,
    1.34290237e+02, 2.80462341e+02, 1.32257202e+02, 2.94434326e+02,
    1.35054367e+02, 3.09624634e+02, 1.42458282e+02, 2.36399979e+02,
    1.57698044e+02, 2.34165710e+02, 1.70926361e+02, 2.31563965e+02,
    1.84820190e+02, 2.29031570e+02, 1.97687759e+02, 2.24127548e+02,
    2.01626953e+02, 2.28330643e+02, 2.04517899e+02, 2.34213669e+02,
    2.06774384e+02, 2.41307709e+02, 2.05469589e+02, 2.48423767e+02,
    2.05786819e+02, 2.09600220e+02, 1.52249207e+02, 2.14789215e+02,
    1.47071899e+02, 2.23256424e+02, 1.48731064e+02, 2.28115463e+02,
    1.56768250e+02, 2.20659592e+02, 1.58411728e+02, 2.12277832e+02,
    1.56846970e+02, 2.60225250e+02, 1.58422455e+02, 2.66555542e+02,
    1.50765076e+02, 2.76258362e+02, 1.50052002e+02, 2.85025085e+02,
    1.56657562e+02, 2.77262634e+02, 1.60328171e+02, 2.67976562e+02,
    1.59757812e+02, 2.25071899e+02, 2.26276276e+02, 2.26881500e+02,
    2.22606522e+02, 2.30624908e+02, 2.20219391e+02, 2.35499222e+02,
    2.22663712e+02, 2.40803741e+02, 2.22022629e+02, 2.55849731e+02,
    2.26312164e+02, 2.73195404e+02, 2.29981918e+02, 2.56364990e+02,
    2.36385864e+02, 2.42882126e+02, 2.38290451e+02, 2.36574081e+02,
    2.38423126e+02, 2.29960052e+02, 2.36410934e+02, 2.26502365e+02,
    2.32622452e+02, 2.28193634e+02, 2.26456512e+02, 2.31142487e+02,
    2.26816956e+02, 2.36042435e+02, 2.28018311e+02, 2.41438202e+02,
    2.28042664e+02, 2.70073669e+02, 2.29981918e+02, 2.41438202e+02,
    2.28042664e+02, 2.36042435e+02, 2.28018311e+02, 2.31142487e+02,
    2.26816956e+02 ]
noOfLandmarkPoint: 68
