%YAML:1.0
landmark: [ 2.04939804e+01, 1.90218155e+02, 2.53814163e+01,
    2.04048798e+02, 3.09182510e+01, 2.19257919e+02, 3.79093552e+01,
    2.34223190e+02, 4.76482887e+01, 2.49676178e+02, 5.88016472e+01,
    2.62857422e+02, 6.95904617e+01, 2.74335480e+02, 7.80097351e+01,
    2.83033661e+02, 8.93911514e+01, 2.84309570e+02, 1.01581337e+02,
    2.81808624e+02, 1.17371193e+02, 2.71469971e+02, 1.35473785e+02,
    2.58163269e+02, 1.49401062e+02, 2.41512924e+02, 1.51007614e+02,
    2.21780914e+02, 1.50136093e+02, 2.04036926e+02, 1.49629120e+02,
    1.82140533e+02, 1.47157654e+02, 1.59928299e+02, 1.98659725e+01,
    1.82548828e+02, 2.10957832e+01, 1.74790009e+02, 2.91193848e+01,
    1.72338486e+02, 3.87774544e+01, 1.70974304e+02, 4.75691986e+01,
    1.70951233e+02, 6.45436401e+01, 1.64806885e+02, 7.74171448e+01,
    1.58563843e+02, 8.99395599e+01, 1.56054581e+02, 1.01462677e+02,
    1.56795639e+02, 1.11618149e+02, 1.61898636e+02, 6.01757126e+01,
    1.83971619e+02, 5.97510033e+01, 1.96032547e+02, 5.96486397e+01,
    2.07340164e+02, 5.95704117e+01, 2.19087952e+02, 5.56970863e+01,
    2.24652328e+02, 6.05616341e+01, 2.26902328e+02, 6.52667999e+01,
    2.29493988e+02, 7.06213608e+01, 2.25238998e+02, 7.67278976e+01,
    2.20596558e+02, 3.25815887e+01, 1.88292847e+02, 3.79531059e+01,
    1.84926331e+02, 4.41791840e+01, 1.83952240e+02, 4.90801773e+01,
    1.86180847e+02, 4.40994911e+01, 1.89568756e+02, 3.81582718e+01,
    1.90907394e+02, 8.18512650e+01, 1.79679459e+02, 8.76989822e+01,
    1.75191299e+02, 9.53035507e+01, 1.74866608e+02, 1.02060814e+02,
    1.75985992e+02, 9.65600967e+01, 1.80037689e+02, 8.88482895e+01,
    1.80630508e+02, 5.86552353e+01, 2.49525177e+02, 5.95747185e+01,
    2.44288544e+02, 6.53666382e+01, 2.42972412e+02, 7.10219803e+01,
    2.44341187e+02, 7.81788254e+01, 2.42214203e+02, 8.50577774e+01,
    2.41850525e+02, 9.65226517e+01, 2.44212814e+02, 8.99231186e+01,
    2.53482880e+02, 8.28892136e+01, 2.57781403e+02, 7.59561539e+01,
    2.59750427e+02, 6.91345291e+01, 2.57813110e+02, 6.36848907e+01,
    2.54740753e+02, 6.23514709e+01, 2.48809174e+02, 6.71140060e+01,
    2.48706589e+02, 7.29604645e+01, 2.49410904e+02, 7.93314209e+01,
    2.47787415e+02, 9.20810471e+01, 2.45640839e+02, 7.93314209e+01,
    2.47787415e+02, 7.29604645e+01, 2.49410904e+02, 6.71140060e+01,
    2.48706589e+02 ]
noOfLandmarkPoint: 68
