%YAML:1.0
landmark: [ 1.80156250e+02, 1.30024826e+02, 1.80082260e+02,
    1.41546509e+02, 1.83303741e+02, 1.52591507e+02, 1.87482666e+02,
    1.67971603e+02, 1.90387711e+02, 1.84313248e+02, 1.99118515e+02,
    1.99727371e+02, 2.10133499e+02, 2.06966171e+02, 2.20265594e+02,
    2.12960571e+02, 2.34113083e+02, 2.14895630e+02, 2.48402573e+02,
    2.11487045e+02, 2.62714752e+02, 2.01320435e+02, 2.73207245e+02,
    1.89024963e+02, 2.84155701e+02, 1.75224533e+02, 2.89776794e+02,
    1.62403931e+02, 2.89780884e+02, 1.44541901e+02, 2.90504089e+02,
    1.28360519e+02, 2.91428619e+02, 1.14896591e+02, 1.81302567e+02,
    1.20015358e+02, 1.85251328e+02, 1.11345161e+02, 1.93703629e+02,
    1.06931984e+02, 2.03836563e+02, 1.10145287e+02, 2.13969498e+02,
    1.10547966e+02, 2.31425995e+02, 1.08085777e+02, 2.41099228e+02,
    1.03244240e+02, 2.51014877e+02, 1.00751427e+02, 2.60995026e+02,
    1.01702492e+02, 2.69529449e+02, 1.07471001e+02, 2.23264801e+02,
    1.19535164e+02, 2.22997467e+02, 1.28802887e+02, 2.22645737e+02,
    1.38132278e+02, 2.22311707e+02, 1.47372330e+02, 2.13661240e+02,
    1.55328125e+02, 2.19216660e+02, 1.57982574e+02, 2.25741776e+02,
    1.59190628e+02, 2.31461533e+02, 1.56375931e+02, 2.36942947e+02,
    1.55081619e+02, 1.93216873e+02, 1.23580238e+02, 1.98723083e+02,
    1.19458748e+02, 2.04937241e+02, 1.18060982e+02, 2.09478226e+02,
    1.19891884e+02, 2.04083069e+02, 1.20298660e+02, 1.98597580e+02,
    1.21827225e+02, 2.40410950e+02, 1.16748497e+02, 2.45407501e+02,
    1.13773537e+02, 2.51776459e+02, 1.14492645e+02, 2.58211243e+02,
    1.16029381e+02, 2.52898254e+02, 1.16592323e+02, 2.46533386e+02,
    1.16271812e+02, 2.09160995e+02, 1.76823563e+02, 2.15565506e+02,
    1.70815353e+02, 2.21457077e+02, 1.68048782e+02, 2.26154053e+02,
    1.68578049e+02, 2.34703140e+02, 1.66484940e+02, 2.44920593e+02,
    1.68946472e+02, 2.50879028e+02, 1.73734680e+02, 2.45697495e+02,
    1.78549072e+02, 2.36965118e+02, 1.82925659e+02, 2.28645523e+02,
    1.83820755e+02, 2.22962555e+02, 1.83729309e+02, 2.16504486e+02,
    1.81141144e+02, 2.11975189e+02, 1.76405640e+02, 2.22544083e+02,
    1.75254639e+02, 2.27282608e+02, 1.74981583e+02, 2.35578735e+02,
    1.74094040e+02, 2.47896286e+02, 1.73737305e+02, 2.35578735e+02,
    1.74094040e+02, 2.27282608e+02, 1.74981583e+02, 2.22544083e+02,
    1.75254639e+02 ]
noOfLandmarkPoint: 68
