%YAML:1.0
landmark: [ 5.70977402e+01, 1.67547989e+02, 5.39143105e+01,
    2.01072357e+02, 5.33842850e+01, 2.30006607e+02, 5.87072601e+01,
    2.58282715e+02, 7.42072754e+01, 2.85300018e+02, 9.55580368e+01,
    3.06015442e+02, 1.14490623e+02, 3.23534302e+02, 1.38134552e+02,
    3.43926331e+02, 1.65342621e+02, 3.52541504e+02, 1.91695663e+02,
    3.49420319e+02, 2.09280960e+02, 3.23653595e+02, 2.24559998e+02,
    2.97479401e+02, 2.26597321e+02, 2.79377686e+02, 2.34679260e+02,
    2.61952423e+02, 2.42641525e+02, 2.42479065e+02, 2.48019196e+02,
    2.22349503e+02, 2.48804520e+02, 2.02349030e+02, 1.18884926e+02,
    1.60698135e+02, 1.35529083e+02, 1.56977600e+02, 1.53863373e+02,
    1.57833206e+02, 1.72985153e+02, 1.61295944e+02, 1.91502411e+02,
    1.68270432e+02, 2.25543045e+02, 1.72288483e+02, 2.34674362e+02,
    1.69568741e+02, 2.45082336e+02, 1.68548767e+02, 2.53283585e+02,
    1.69340134e+02, 2.59808624e+02, 1.74237030e+02, 2.08346359e+02,
    1.88919022e+02, 2.09211044e+02, 2.08939651e+02, 2.11666550e+02,
    2.27518723e+02, 2.11944916e+02, 2.46982620e+02, 1.78186310e+02,
    2.49169205e+02, 1.88003082e+02, 2.54936798e+02, 1.96283096e+02,
    2.60664795e+02, 2.09323746e+02, 2.60776367e+02, 2.18951263e+02,
    2.53672546e+02, 1.45332718e+02, 1.84783905e+02, 1.55949509e+02,
    1.82756027e+02, 1.65382935e+02, 1.83312744e+02, 1.71396667e+02,
    1.87925232e+02, 1.63384644e+02, 1.91096161e+02, 1.53165894e+02,
    1.89446152e+02, 2.19807678e+02, 1.93452164e+02, 2.30096359e+02,
    1.92159866e+02, 2.38843964e+02, 1.94237503e+02, 2.41000946e+02,
    1.97408417e+02, 2.36487961e+02, 1.99714661e+02, 2.27596512e+02,
    1.98051514e+02, 1.44018311e+02, 2.81405670e+02, 1.61625702e+02,
    2.83359406e+02, 1.84303131e+02, 2.86538422e+02, 1.89509094e+02,
    2.88454742e+02, 1.96556931e+02, 2.88305450e+02, 2.02063690e+02,
    2.89597778e+02, 2.06459442e+02, 2.92607635e+02, 1.96079391e+02,
    3.06319275e+02, 1.89572540e+02, 3.07243011e+02, 1.82064011e+02,
    3.06724304e+02, 1.75908890e+02, 3.04733582e+02, 1.58319275e+02,
    2.92383087e+02, 1.50094467e+02, 2.82907654e+02, 1.83058670e+02,
    2.89536346e+02, 1.88320267e+02, 2.91190094e+02, 1.95236740e+02,
    2.91575897e+02, 2.03256485e+02, 2.93047058e+02, 1.93823059e+02,
    2.95731171e+02, 1.86268250e+02, 2.95294128e+02, 1.80673309e+02,
    2.93948517e+02 ]
noOfLandmarkPoint: 68
