%YAML:1.0
landmark: [ 2.38375290e+02, 2.42617737e+02, 2.38761551e+02,
    2.83693085e+02, 2.38007858e+02, 3.28386078e+02, 2.42171860e+02,
    3.62659363e+02, 2.58238892e+02, 3.96982666e+02, 2.82388641e+02,
    4.25493408e+02, 3.07729767e+02, 4.47951508e+02, 3.36688538e+02,
    4.65518799e+02, 3.75159943e+02, 4.79252167e+02, 4.07151245e+02,
    4.80976715e+02, 4.28746552e+02, 4.65984009e+02, 4.51205658e+02,
    4.42084869e+02, 4.74127563e+02, 4.16706665e+02, 4.89442017e+02,
    3.85828583e+02, 5.02977905e+02, 3.53999969e+02, 5.09387085e+02,
    3.20924591e+02, 5.08614563e+02, 2.86538177e+02, 3.09164093e+02,
    2.06384949e+02, 3.34374542e+02, 1.93864548e+02, 3.63843262e+02,
    1.92799988e+02, 3.88921783e+02, 2.00016434e+02, 4.13033844e+02,
    2.14002365e+02, 4.59701019e+02, 2.28156693e+02, 4.79918396e+02,
    2.24557892e+02, 4.96442719e+02, 2.27092133e+02, 5.09349396e+02,
    2.36126831e+02, 5.13956238e+02, 2.52246048e+02, 4.30702240e+02,
    2.57641174e+02, 4.29893311e+02, 2.79821106e+02, 4.29525879e+02,
    3.00603668e+02, 4.27340210e+02, 3.22450806e+02, 3.85775085e+02,
    3.30175903e+02, 4.00792023e+02, 3.36195862e+02, 4.12596436e+02,
    3.44533417e+02, 4.26643066e+02, 3.45635681e+02, 4.37382935e+02,
    3.46021942e+02, 3.40008240e+02, 2.42806229e+02, 3.54676605e+02,
    2.37850830e+02, 3.70428406e+02, 2.42146774e+02, 3.82992798e+02,
    2.55735779e+02, 3.67403381e+02, 2.53927841e+02, 3.51058960e+02,
    2.50757507e+02, 4.58514069e+02, 2.78718842e+02, 4.75330414e+02,
    2.71153809e+02, 4.89320526e+02, 2.76241150e+02, 4.94624481e+02,
    2.88026703e+02, 4.85410828e+02, 2.87640442e+02, 4.73239014e+02,
    2.84795319e+02, 3.26479797e+02, 3.56337830e+02, 3.58642822e+02,
    3.49931610e+02, 3.86186340e+02, 3.57076416e+02, 4.05291168e+02,
    3.62993073e+02, 4.24439453e+02, 3.65702911e+02, 4.39182343e+02,
    3.72494751e+02, 4.49903351e+02, 3.88208832e+02, 4.29429932e+02,
    4.14854889e+02, 4.13425537e+02, 4.18628998e+02, 3.92699493e+02,
    4.17602142e+02, 3.72379486e+02, 4.10202148e+02, 3.47940674e+02,
    3.91167053e+02, 3.31821472e+02, 3.56667542e+02, 3.83012634e+02,
    3.68477509e+02, 4.02225525e+02, 3.75459229e+02, 4.20904755e+02,
    3.79160767e+02, 4.43497131e+02, 3.87860260e+02, 4.16128296e+02,
    4.02308197e+02, 3.95979370e+02, 4.00811188e+02, 3.76399078e+02,
    3.94564331e+02 ]
noOfLandmarkPoint: 68
