%YAML:1.0
landmark: [ 2.47368393e+02, 2.66556335e+02, 2.49195465e+02,
    2.86234619e+02, 2.53946106e+02, 3.06321136e+02, 2.64108948e+02,
    3.32033142e+02, 2.77138641e+02, 3.55899323e+02, 2.95629272e+02,
    3.74070648e+02, 3.09759888e+02, 3.88115997e+02, 3.22398987e+02,
    4.07813904e+02, 3.44526093e+02, 4.16630341e+02, 3.69976807e+02,
    4.15977997e+02, 3.95843750e+02, 4.01397339e+02, 4.17733215e+02,
    3.82328644e+02, 4.37674225e+02, 3.53959595e+02, 4.52245178e+02,
    3.21450165e+02, 4.56322510e+02, 2.87830841e+02, 4.55131378e+02,
    2.55090286e+02, 4.53823639e+02, 2.21784454e+02, 2.30289917e+02,
    2.38936172e+02, 2.32333893e+02, 2.26777740e+02, 2.46337830e+02,
    2.29444641e+02, 2.59417633e+02, 2.33834732e+02, 2.71383636e+02,
    2.38660553e+02, 2.93525330e+02, 2.30321671e+02, 3.20023285e+02,
    2.17882614e+02, 3.44293854e+02, 2.04402786e+02, 3.73688721e+02,
    2.04630997e+02, 3.97468231e+02, 2.15981888e+02, 2.82103638e+02,
    2.48750839e+02, 2.80565613e+02, 2.70542297e+02, 2.77950073e+02,
    2.92664185e+02, 2.75898193e+02, 3.14513550e+02, 2.73679596e+02,
    3.23691864e+02, 2.83552032e+02, 3.29103302e+02, 2.93834381e+02,
    3.29245026e+02, 3.05881836e+02, 3.25321228e+02, 3.15950958e+02,
    3.21938812e+02, 2.48277115e+02, 2.53623672e+02, 2.53862381e+02,
    2.43014496e+02, 2.68754211e+02, 2.43056992e+02, 2.76561035e+02,
    2.52282440e+02, 2.65553864e+02, 2.55396301e+02, 2.53839783e+02,
    2.57977203e+02, 3.25606354e+02, 2.43850677e+02, 3.28054169e+02,
    2.33407486e+02, 3.47426025e+02, 2.28232101e+02, 3.64128662e+02,
    2.34566238e+02, 3.54506836e+02, 2.44075500e+02, 3.39798523e+02,
    2.44875336e+02, 2.96598541e+02, 3.61448944e+02, 2.97024719e+02,
    3.55725098e+02, 3.01731232e+02, 3.54625641e+02, 3.08286896e+02,
    3.55369324e+02, 3.17689117e+02, 3.52125305e+02, 3.43030060e+02,
    3.53124115e+02, 3.59332550e+02, 3.50224792e+02, 3.46152954e+02,
    3.61201904e+02, 3.24338654e+02, 3.72684296e+02, 3.14210052e+02,
    3.74328644e+02, 3.06027710e+02, 3.73517822e+02, 3.00416473e+02,
    3.70601562e+02, 2.98949341e+02, 3.59571381e+02, 3.02700439e+02,
    3.60027893e+02, 3.09797821e+02, 3.60381348e+02, 3.19590118e+02,
    3.57532379e+02, 3.54221161e+02, 3.52149231e+02, 3.19590118e+02,
    3.57532379e+02, 3.09797821e+02, 3.60381348e+02, 3.02700439e+02,
    3.60027893e+02 ]
noOfLandmarkPoint: 68
