%YAML:1.0
landmark: [ 2.35206421e+02, 9.05968628e+01, 2.31283859e+02,
    1.11689484e+02, 2.31448395e+02, 1.35898972e+02, 2.34541779e+02,
    1.52857712e+02, 2.45887802e+02, 1.72990250e+02, 2.57434937e+02,
    1.92289124e+02, 2.72162048e+02, 2.03835770e+02, 2.90184784e+02,
    2.13784592e+02, 3.04899628e+02, 2.15485825e+02, 3.16413879e+02,
    2.13756317e+02, 3.27610016e+02, 2.01668015e+02, 3.37782318e+02,
    1.88120773e+02, 3.48071625e+02, 1.69940796e+02, 3.53658722e+02,
    1.52276367e+02, 3.58891144e+02, 1.35694244e+02, 3.61278839e+02,
    1.19594795e+02, 3.63989838e+02, 1.03329010e+02, 2.61337769e+02,
    9.33042831e+01, 2.73301575e+02, 8.99186783e+01, 2.85740906e+02,
    8.93975983e+01, 2.95857574e+02, 9.27971268e+01, 3.04981812e+02,
    9.74748993e+01, 3.34251251e+02, 1.00246109e+02, 3.41437195e+02,
    9.79667053e+01, 3.48324402e+02, 9.63072510e+01, 3.54614319e+02,
    9.50147247e+01, 3.61023590e+02, 9.79601974e+01, 3.19855255e+02,
    1.15565269e+02, 3.20199707e+02, 1.26707909e+02, 3.21010651e+02,
    1.37725922e+02, 3.20955353e+02, 1.50082825e+02, 3.00961639e+02,
    1.51793701e+02, 3.08888855e+02, 1.55216171e+02, 3.16556488e+02,
    1.58437515e+02, 3.22600647e+02, 1.55932831e+02, 3.27716064e+02,
    1.54250854e+02, 2.72620300e+02, 1.04976204e+02, 2.80414459e+02,
    1.01848923e+02, 2.89593048e+02, 1.03480576e+02, 2.94222748e+02,
    1.09597992e+02, 2.85779938e+02, 1.10961853e+02, 2.78598267e+02,
    1.09574249e+02, 3.32432892e+02, 1.13349533e+02, 3.39240021e+02,
    1.08587654e+02, 3.47169922e+02, 1.08617493e+02, 3.51735748e+02,
    1.12871170e+02, 3.47460999e+02, 1.16889000e+02, 3.40122467e+02,
    1.15525131e+02, 2.83378235e+02, 1.75865051e+02, 2.97853607e+02,
    1.73772766e+02, 3.07331177e+02, 1.74441895e+02, 3.12673309e+02,
    1.75582718e+02, 3.16944092e+02, 1.74807556e+02, 3.22823700e+02,
    1.74972092e+02, 3.27856049e+02, 1.79163132e+02, 3.21859802e+02,
    1.81828430e+02, 3.15857452e+02, 1.83091675e+02, 3.11601288e+02,
    1.83044037e+02, 3.06357269e+02, 1.82383865e+02, 2.97194336e+02,
    1.80755890e+02, 2.85972198e+02, 1.75859085e+02, 3.07013062e+02,
    1.77582809e+02, 3.12472198e+02, 1.78182480e+02, 3.16413879e+02,
    1.77736389e+02, 3.25615692e+02, 1.78870285e+02, 3.16413879e+02,
    1.77736389e+02, 3.12472198e+02, 1.78182480e+02, 3.07013062e+02,
    1.77582809e+02 ]
noOfLandmarkPoint: 68
