%YAML:1.0
landmark: [ 2.07749176e+02, 1.40379059e+02, 2.10667099e+02,
    1.62537643e+02, 2.17905350e+02, 1.85137222e+02, 2.22038834e+02,
    2.06809006e+02, 2.25100632e+02, 2.29188080e+02, 2.39246399e+02,
    2.51720367e+02, 2.55005753e+02, 2.68043121e+02, 2.74433258e+02,
    2.81469421e+02, 2.97342102e+02, 2.80906036e+02, 3.21699127e+02,
    2.78585144e+02, 3.43315796e+02, 2.67302185e+02, 3.61849182e+02,
    2.54880264e+02, 3.76249084e+02, 2.38248245e+02, 3.86858398e+02,
    2.18168579e+02, 3.90195831e+02, 1.92142807e+02, 3.90174347e+02,
    1.63520554e+02, 3.90538727e+02, 1.36897751e+02, 2.12589951e+02,
    1.11089630e+02, 2.21274551e+02, 9.91722717e+01, 2.36884567e+02,
    9.58640594e+01, 2.53004364e+02, 9.95698166e+01, 2.68926392e+02,
    1.03862610e+02, 2.99632202e+02, 1.00838013e+02, 3.14294373e+02,
    9.11503372e+01, 3.33066040e+02, 8.52255249e+01, 3.49505890e+02,
    8.64178543e+01, 3.64684601e+02, 9.45816116e+01, 2.84843567e+02,
    1.22396919e+02, 2.86059113e+02, 1.38211395e+02, 2.87672729e+02,
    1.55694580e+02, 2.88324890e+02, 1.73995300e+02, 2.71769836e+02,
    1.89733200e+02, 2.81836884e+02, 1.91533600e+02, 2.90811127e+02,
    1.94727142e+02, 2.99387360e+02, 1.89864899e+02, 3.07709442e+02,
    1.88196182e+02, 2.31139084e+02, 1.29604446e+02, 2.39108246e+02,
    1.22641640e+02, 2.51675934e+02, 1.22288414e+02, 2.62574738e+02,
    1.31215118e+02, 2.50893738e+02, 1.34895447e+02, 2.38924973e+02,
    1.34950577e+02, 3.15022247e+02, 1.27868225e+02, 3.24074310e+02,
    1.18645752e+02, 3.37525787e+02, 1.17103004e+02, 3.48643372e+02,
    1.23214455e+02, 3.39249603e+02, 1.29237137e+02, 3.28064087e+02,
    1.30858078e+02, 2.55289917e+02, 2.25065033e+02, 2.65133301e+02,
    2.16166092e+02, 2.77143127e+02, 2.09828629e+02, 2.89141998e+02,
    2.14261963e+02, 3.00418304e+02, 2.10103485e+02, 3.15566193e+02,
    2.16741837e+02, 3.31826599e+02, 2.21954788e+02, 3.16074493e+02,
    2.30571548e+02, 3.00530487e+02, 2.34261520e+02, 2.89113739e+02,
    2.33566345e+02, 2.78171478e+02, 2.33376633e+02, 2.65224609e+02,
    2.34235992e+02, 2.61092224e+02, 2.25826889e+02, 2.76805267e+02,
    2.22708069e+02, 2.89219452e+02, 2.24126648e+02, 3.00418823e+02,
    2.22759933e+02, 3.23854645e+02, 2.24131210e+02, 3.00418823e+02,
    2.22759933e+02, 2.89219452e+02, 2.24126648e+02, 2.76805267e+02,
    2.22708069e+02 ]
noOfLandmarkPoint: 68
