%YAML:1.0
landmark: [ 9.67447586e+01, 2.24756882e+02, 9.32533188e+01,
    2.46197678e+02, 9.28425598e+01, 2.69448029e+02, 9.16232376e+01,
    2.87615723e+02, 9.48834000e+01, 3.05674255e+02, 1.04445534e+02,
    3.21416260e+02, 1.15297302e+02, 3.36734558e+02, 1.31366806e+02,
    3.51340485e+02, 1.48057068e+02, 3.57067352e+02, 1.65422729e+02,
    3.56066528e+02, 1.81221497e+02, 3.43394135e+02, 1.92286560e+02,
    3.29725769e+02, 2.03042114e+02, 3.17038544e+02, 2.10332138e+02,
    2.99255676e+02, 2.18404816e+02, 2.88577850e+02, 2.24640579e+02,
    2.74942291e+02, 2.28843277e+02, 2.59868866e+02, 1.20323532e+02,
    2.11861649e+02, 1.32657730e+02, 2.09084656e+02, 1.44481003e+02,
    2.10839798e+02, 1.56366196e+02, 2.13957001e+02, 1.67016235e+02,
    2.19852341e+02, 2.00333328e+02, 2.29904312e+02, 2.09458817e+02,
    2.27369461e+02, 2.18936096e+02, 2.28306030e+02, 2.27529648e+02,
    2.31181046e+02, 2.32902237e+02, 2.37747543e+02, 1.80999542e+02,
    2.43390915e+02, 1.79368057e+02, 2.56568390e+02, 1.78244949e+02,
    2.69967957e+02, 1.77436386e+02, 2.84394440e+02, 1.57966110e+02,
    2.89329071e+02, 1.63516891e+02, 2.93699371e+02, 1.68862274e+02,
    2.99109528e+02, 1.75055099e+02, 2.97261139e+02, 1.80137756e+02,
    2.94931641e+02, 1.31302032e+02, 2.30533401e+02, 1.42057587e+02,
    2.27369461e+02, 1.52620728e+02, 2.31027420e+02, 1.57349976e+02,
    2.39864258e+02, 1.46655212e+02, 2.41027328e+02, 1.36236679e+02,
    2.38728195e+02, 1.91798080e+02, 2.48482758e+02, 2.01854248e+02,
    2.42674789e+02, 2.10678131e+02, 2.45511246e+02, 2.15558670e+02,
    2.54005692e+02, 2.08881531e+02, 2.57389893e+02, 1.99839310e+02,
    2.54842087e+02, 1.32303024e+02, 3.09511688e+02, 1.44211731e+02,
    3.09397034e+02, 1.58275848e+02, 3.11369629e+02, 1.64485764e+02,
    3.15080811e+02, 1.72541336e+02, 3.13483521e+02, 1.78805130e+02,
    3.16931305e+02, 1.85025253e+02, 3.19138641e+02, 1.76453888e+02,
    3.28404694e+02, 1.67839371e+02, 3.30254486e+02, 1.59554520e+02,
    3.29866241e+02, 1.51247818e+02, 3.27441223e+02, 1.39195236e+02,
    3.20402313e+02, 1.35441071e+02, 3.10936371e+02, 1.56132568e+02,
    3.17232880e+02, 1.62930634e+02, 3.19481171e+02, 1.70340790e+02,
    3.19187134e+02, 1.81747330e+02, 3.19397247e+02, 1.70340790e+02,
    3.19187134e+02, 1.62930634e+02, 3.19481171e+02, 1.56132568e+02,
    3.17232880e+02 ]
noOfLandmarkPoint: 68
