%YAML:1.0
landmark: [ 1.00866531e+02, 1.75348877e+02, 1.01637199e+02,
    1.95778946e+02, 1.02227638e+02, 2.13531769e+02, 1.04946419e+02,
    2.32752823e+02, 1.14606453e+02, 2.52873398e+02, 1.28187805e+02,
    2.69108734e+02, 1.42463333e+02, 2.84337097e+02, 1.59610855e+02,
    2.95734100e+02, 1.78366150e+02, 3.00820557e+02, 1.97172928e+02,
    2.96937500e+02, 2.10298874e+02, 2.84777039e+02, 2.24809921e+02,
    2.69238770e+02, 2.35145004e+02, 2.52441223e+02, 2.42380630e+02,
    2.34495880e+02, 2.45113480e+02, 2.15258057e+02, 2.46390884e+02,
    1.92602600e+02, 2.47944199e+02, 1.72718079e+02, 1.18153900e+02,
    1.71226105e+02, 1.27709991e+02, 1.63392654e+02, 1.41593994e+02,
    1.60230972e+02, 1.53555695e+02, 1.60456665e+02, 1.65183655e+02,
    1.63388885e+02, 1.97568985e+02, 1.66156662e+02, 2.07731812e+02,
    1.61874832e+02, 2.18589340e+02, 1.61150726e+02, 2.29419678e+02,
    1.63518112e+02, 2.38044739e+02, 1.67047668e+02, 1.83510162e+02,
    1.78600067e+02, 1.83297852e+02, 1.92679626e+02, 1.83690796e+02,
    2.07143707e+02, 1.83636429e+02, 2.23020248e+02, 1.64279312e+02,
    2.26383423e+02, 1.73264648e+02, 2.30450607e+02, 1.82004074e+02,
    2.35151108e+02, 1.91625565e+02, 2.30701096e+02, 1.99826675e+02,
    2.26748764e+02, 1.41370514e+02, 1.76004425e+02, 1.47888138e+02,
    1.74380646e+02, 1.55622360e+02, 1.74218597e+02, 1.59948502e+02,
    1.76809875e+02, 1.54123154e+02, 1.78099106e+02, 1.47087952e+02,
    1.78039093e+02, 2.00410278e+02, 1.79493500e+02, 2.05113602e+02,
    1.75372543e+02, 2.14330368e+02, 1.75641159e+02, 2.21565155e+02,
    1.77643250e+02, 2.15268906e+02, 1.79364853e+02, 2.07694565e+02,
    1.79632477e+02, 1.54645798e+02, 2.45353012e+02, 1.66994263e+02,
    2.45959396e+02, 1.74799347e+02, 2.43304718e+02, 1.81030197e+02,
    2.46972580e+02, 1.87832382e+02, 2.45029602e+02, 1.97531662e+02,
    2.48524948e+02, 2.07032913e+02, 2.46286407e+02, 1.95714539e+02,
    2.61456696e+02, 1.86568039e+02, 2.64273315e+02, 1.79695007e+02,
    2.63684937e+02, 1.73177612e+02, 2.61982849e+02, 1.65047760e+02,
    2.56194092e+02, 1.58524048e+02, 2.47161163e+02, 1.75084427e+02,
    2.49504486e+02, 1.80784164e+02, 2.50981934e+02, 1.86832870e+02,
    2.49886581e+02, 2.00926010e+02, 2.50130554e+02, 1.86700928e+02,
    2.56135681e+02, 1.80386124e+02, 2.56753418e+02, 1.74487381e+02,
    2.53882858e+02 ]
noOfLandmarkPoint: 68
