%YAML:1.0
landmark: [ 3.18755188e+01, 2.46104553e+02, 3.38002968e+01,
    2.63950287e+02, 4.06857834e+01, 2.80403168e+02, 4.91096001e+01,
    2.96260132e+02, 5.80004807e+01, 3.11497162e+02, 6.49424820e+01,
    3.26629425e+02, 7.02497559e+01, 3.35270996e+02, 7.79571838e+01,
    3.52287323e+02, 9.15677719e+01, 3.57239716e+02, 1.17756721e+02,
    3.55411346e+02, 1.46723969e+02, 3.41535645e+02, 1.77035889e+02,
    3.22852173e+02, 1.91330444e+02, 2.98684418e+02, 1.97620056e+02,
    2.70095306e+02, 1.96688324e+02, 2.43625885e+02, 1.94056427e+02,
    2.20352493e+02, 1.89832489e+02, 1.97271011e+02, 2.25657711e+01,
    2.32751587e+02, 1.85475121e+01, 2.16935333e+02, 2.73270683e+01,
    2.06301392e+02, 3.90848160e+01, 2.06518784e+02, 5.22209206e+01,
    2.06481110e+02, 7.16991501e+01, 2.01972595e+02, 9.00065536e+01,
    1.91974701e+02, 1.08429047e+02, 1.84964935e+02, 1.28909668e+02,
    1.84102966e+02, 1.47035141e+02, 1.93801178e+02, 6.54701767e+01,
    2.25448639e+02, 6.49205933e+01, 2.40925003e+02, 6.34347992e+01,
    2.54912918e+02, 6.22447319e+01, 2.68983398e+02, 6.58924026e+01,
    2.80822021e+02, 7.05713730e+01, 2.82513275e+02, 7.67321625e+01,
    2.82875610e+02, 8.33118134e+01, 2.77681396e+02, 9.19932632e+01,
    2.73211853e+02, 3.46056137e+01, 2.35192490e+02, 3.74163246e+01,
    2.28484009e+02, 4.72895355e+01, 2.25858643e+02, 5.95978546e+01,
    2.32518829e+02, 5.02531624e+01, 2.34902435e+02, 4.13381805e+01,
    2.38309021e+02, 9.92031860e+01, 2.21086151e+02, 1.03765289e+02,
    2.10522049e+02, 1.16055367e+02, 2.07364960e+02, 1.26782234e+02,
    2.12206833e+02, 1.20651436e+02, 2.18165771e+02, 1.08134903e+02,
    2.23403198e+02, 6.68686523e+01, 3.12294891e+02, 6.56654892e+01,
    3.03021759e+02, 7.28319016e+01, 2.96532898e+02, 8.00050583e+01,
    2.97043945e+02, 8.93522873e+01, 2.91969635e+02, 1.07708183e+02,
    2.92484131e+02, 1.20852028e+02, 2.97502533e+02, 1.12286194e+02,
    3.07604523e+02, 9.82930679e+01, 3.17954803e+02, 8.86516418e+01,
    3.20064636e+02, 7.93505249e+01, 3.22321167e+02, 7.06337357e+01,
    3.19267944e+02, 6.88884430e+01, 3.10284821e+02, 7.55945892e+01,
    3.06206482e+02, 8.32154160e+01, 3.05102814e+02, 9.28212662e+01,
    3.01946472e+02, 1.17022865e+02, 2.98987701e+02, 9.28212662e+01,
    3.01946472e+02, 8.32154160e+01, 3.05102814e+02, 7.55945892e+01,
    3.06206482e+02 ]
noOfLandmarkPoint: 68
