%YAML:1.0
landmark: [ 1.14138313e+02, 2.36248444e+02, 1.14982986e+02,
    2.67211578e+02, 1.17624481e+02, 3.02275635e+02, 1.21940323e+02,
    3.39958710e+02, 1.32876129e+02, 3.70392029e+02, 1.47618607e+02,
    3.96373627e+02, 1.69296524e+02, 4.15238251e+02, 1.96230621e+02,
    4.27815735e+02, 2.24198334e+02, 4.28809875e+02, 2.54092346e+02,
    4.23595551e+02, 2.77478821e+02, 4.03699188e+02, 2.99848663e+02,
    3.82207184e+02, 3.20696838e+02, 3.53318115e+02, 3.29720734e+02,
    3.21795685e+02, 3.31167664e+02, 2.90956390e+02, 3.32729553e+02,
    2.59108490e+02, 3.33128571e+02, 2.29837448e+02, 1.24041145e+02,
    2.08884537e+02, 1.29996094e+02, 1.90356659e+02, 1.48879120e+02,
    1.83367111e+02, 1.72488083e+02, 1.86209610e+02, 1.90435196e+02,
    1.91778885e+02, 2.37707855e+02, 1.91462402e+02, 2.60274536e+02,
    1.85326721e+02, 2.80971130e+02, 1.79114044e+02, 3.02205048e+02,
    1.81555420e+02, 3.13530853e+02, 1.98508820e+02, 2.17041397e+02,
    2.18840103e+02, 2.17778610e+02, 2.36218445e+02, 2.17886078e+02,
    2.52144852e+02, 2.18093491e+02, 2.69208313e+02, 1.93972733e+02,
    2.85534546e+02, 2.05775711e+02, 2.87861176e+02, 2.19045624e+02,
    2.90802551e+02, 2.33045258e+02, 2.87961121e+02, 2.45063171e+02,
    2.85119720e+02, 1.49664246e+02, 2.27594421e+02, 1.59566238e+02,
    2.18463409e+02, 1.74291779e+02, 2.19008575e+02, 1.87097336e+02,
    2.28100586e+02, 1.74964554e+02, 2.30489441e+02, 1.60251114e+02,
    2.31342041e+02, 2.50334946e+02, 2.27048615e+02, 2.62849762e+02,
    2.17135437e+02, 2.74986511e+02, 2.17704453e+02, 2.87281158e+02,
    2.24622772e+02, 2.77399475e+02, 2.28759216e+02, 2.62839264e+02,
    2.28665039e+02, 1.69114746e+02, 3.38191895e+02, 1.85463287e+02,
    3.25976257e+02, 2.05942261e+02, 3.22227600e+02, 2.20991943e+02,
    3.26936188e+02, 2.36555588e+02, 3.19821930e+02, 2.55269302e+02,
    3.23862274e+02, 2.71818024e+02, 3.37087982e+02, 2.55156219e+02,
    3.59842468e+02, 2.38862732e+02, 3.67099915e+02, 2.21718292e+02,
    3.67653748e+02, 2.05893494e+02, 3.66483215e+02, 1.86392136e+02,
    3.59883667e+02, 1.80043060e+02, 3.38191895e+02, 2.06296585e+02,
    3.33589020e+02, 2.20644730e+02, 3.35085480e+02, 2.37236160e+02,
    3.32417358e+02, 2.66615082e+02, 3.37360413e+02, 2.38057419e+02,
    3.46662079e+02, 2.20841522e+02, 3.51362732e+02, 2.06157990e+02,
    3.48531952e+02 ]
noOfLandmarkPoint: 68
