%YAML:1.0
landmark: [ 3.07647827e+02, 2.16672211e+02, 3.11453339e+02,
    2.37850830e+02, 3.20309082e+02, 2.57898560e+02, 3.30332947e+02,
    2.77230316e+02, 3.42844147e+02, 2.98296143e+02, 3.60405548e+02,
    3.15932068e+02, 3.71853302e+02, 3.36671173e+02, 3.91946381e+02,
    3.51807129e+02, 4.13878265e+02, 3.47360107e+02, 4.34151550e+02,
    3.38805481e+02, 4.55631256e+02, 3.22337708e+02, 4.75839905e+02,
    3.02333191e+02, 4.90489227e+02, 2.77606934e+02, 4.95312866e+02,
    2.53037689e+02, 4.90677551e+02, 2.24661911e+02, 4.83630432e+02,
    1.94740356e+02, 4.77525879e+02, 1.62067612e+02, 2.97531616e+02,
    1.96230850e+02, 3.01730560e+02, 1.83662140e+02, 3.13337463e+02,
    1.78235321e+02, 3.24680542e+02, 1.78386368e+02, 3.37380066e+02,
    1.79215149e+02, 3.68076538e+02, 1.67173843e+02, 3.85016846e+02,
    1.56406418e+02, 4.01163269e+02, 1.49002197e+02, 4.21414795e+02,
    1.45488068e+02, 4.39503876e+02, 1.48691391e+02, 3.62022552e+02,
    1.95680557e+02, 3.65230408e+02, 2.12610397e+02, 3.68354828e+02,
    2.29563950e+02, 3.71635834e+02, 2.46414673e+02, 3.62251404e+02,
    2.63137085e+02, 3.71107147e+02, 2.66264893e+02, 3.81206543e+02,
    2.67508545e+02, 3.88149689e+02, 2.60617493e+02, 3.95563599e+02,
    2.54054779e+02, 3.17446228e+02, 2.04620850e+02, 3.22675201e+02,
    1.97669800e+02, 3.35981659e+02, 1.95371796e+02, 3.47797974e+02,
    2.03192078e+02, 3.34627380e+02, 2.09546310e+02, 3.23135468e+02,
    2.11178284e+02, 3.94755890e+02, 1.90351257e+02, 4.01931976e+02,
    1.77707642e+02, 4.14819824e+02, 1.73411697e+02, 4.27632111e+02,
    1.77331009e+02, 4.21754150e+02, 1.85659058e+02, 4.07104614e+02,
    1.90544296e+02, 3.63800507e+02, 2.94389404e+02, 3.62976318e+02,
    2.86953339e+02, 3.75089050e+02, 2.83671997e+02, 3.86236206e+02,
    2.85645477e+02, 3.99278870e+02, 2.78570465e+02, 4.15633667e+02,
    2.76333466e+02, 4.33116211e+02, 2.71645813e+02, 4.23829163e+02,
    2.92449127e+02, 4.10405975e+02, 3.04410919e+02, 3.95515106e+02,
    3.11019714e+02, 3.84953064e+02, 3.12150116e+02, 3.70999420e+02,
    3.08578827e+02, 3.70238556e+02, 2.95231476e+02, 3.78806763e+02,
    2.92766541e+02, 3.88587921e+02, 2.91528687e+02, 4.02891266e+02,
    2.86439758e+02, 4.21527557e+02, 2.81941162e+02, 4.05542633e+02,
    2.92903137e+02, 3.90918274e+02, 2.98594696e+02, 3.81053528e+02,
    2.98435547e+02 ]
noOfLandmarkPoint: 68
