%YAML:1.0
landmark: [ 1.37665436e+02, 1.44053223e+02, 1.38426178e+02,
    1.57071381e+02, 1.42971878e+02, 1.69472839e+02, 1.46298431e+02,
    1.82554764e+02, 1.51257492e+02, 1.94209747e+02, 1.61060135e+02,
    2.03315414e+02, 1.71290405e+02, 2.13893051e+02, 1.82961884e+02,
    2.21016602e+02, 1.97782898e+02, 2.20936340e+02, 2.11209961e+02,
    2.12891510e+02, 2.18160934e+02, 1.99162109e+02, 2.20979599e+02,
    1.83674911e+02, 2.22373535e+02, 1.69992783e+02, 2.24242386e+02,
    1.58226761e+02, 2.26744431e+02, 1.48565918e+02, 2.27172073e+02,
    1.38288391e+02, 2.26966507e+02, 1.29199219e+02, 1.44760452e+02,
    1.40490326e+02, 1.48434372e+02, 1.33728424e+02, 1.56209869e+02,
    1.31068069e+02, 1.64254684e+02, 1.33189743e+02, 1.73360352e+02,
    1.33189743e+02, 1.96672546e+02, 1.28866119e+02, 2.04273239e+02,
    1.24178619e+02, 2.10971390e+02, 1.20662994e+02, 2.16308594e+02,
    1.17480469e+02, 2.21248932e+02, 1.21851364e+02, 1.89235184e+02,
    1.38295578e+02, 1.91647675e+02, 1.46498703e+02, 1.93923355e+02,
    1.54198196e+02, 1.95860962e+02, 1.62401337e+02, 1.85348434e+02,
    1.73302826e+02, 1.89877640e+02, 1.73461136e+02, 1.94929016e+02,
    1.73888763e+02, 2.00155182e+02, 1.73144531e+02, 2.05095520e+02,
    1.71845123e+02, 1.56193359e+02, 1.43783890e+02, 1.61863678e+02,
    1.40648636e+02, 1.67992386e+02, 1.39412994e+02, 1.74437698e+02,
    1.41534668e+02, 1.69908493e+02, 1.45161331e+02, 1.62766220e+02,
    1.45747269e+02, 1.98333603e+02, 1.38732513e+02, 2.04320511e+02,
    1.32920410e+02, 2.11415527e+02, 1.30798737e+02, 2.15042191e+02,
    1.34314362e+02, 2.12792969e+02, 1.39160156e+02, 2.06267395e+02,
    1.40426559e+02, 1.77050781e+02, 1.93575012e+02, 1.84779007e+02,
    1.89012115e+02, 1.90938477e+02, 1.85179886e+02, 1.95056549e+02,
    1.87348831e+02, 1.99521973e+02, 1.84752243e+02, 2.05334076e+02,
    1.85702057e+02, 2.10243652e+02, 1.89264954e+02, 2.06680756e+02,
    1.96818359e+02, 2.01629395e+02, 2.01000198e+02, 1.96133881e+02,
    2.01855469e+02, 1.91113281e+02, 2.01744431e+02, 1.85665039e+02,
    1.98545410e+02, 1.81896576e+02, 1.93857910e+02, 1.91540924e+02,
    1.92591507e+02, 1.95616013e+02, 1.92476196e+02, 2.00303513e+02,
    1.90949051e+02, 2.07441528e+02, 1.89491318e+02, 2.00303513e+02,
    1.90949051e+02, 1.95616013e+02, 1.92476196e+02, 1.91540924e+02,
    1.92591507e+02 ]
noOfLandmarkPoint: 68
