%YAML:1.0
landmark: [ 1.87014267e+02, 1.17099976e+02, 1.86201965e+02,
    1.36165024e+02, 1.82655167e+02, 1.56854675e+02, 1.79913727e+02,
    1.81405731e+02, 1.77668610e+02, 2.04837952e+02, 1.76361404e+02,
    2.30884949e+02, 1.79119080e+02, 2.53343613e+02, 1.92821655e+02,
    2.73896729e+02, 2.14797195e+02, 2.83643127e+02, 2.43625702e+02,
    2.84802246e+02, 2.72659607e+02, 2.78507050e+02, 3.01358612e+02,
    2.71615265e+02, 3.27335510e+02, 2.63840668e+02, 3.43839905e+02,
    2.46487625e+02, 3.58190308e+02, 2.24537231e+02, 3.70098907e+02,
    2.01982681e+02, 3.81614288e+02, 1.79690216e+02, 1.92700821e+02,
    8.41168137e+01, 2.05280869e+02, 7.92496948e+01, 2.19373489e+02,
    8.23466187e+01, 2.33233505e+02, 8.94789581e+01, 2.43047668e+02,
    1.01573524e+02, 2.82587891e+02, 1.03008492e+02, 2.99312958e+02,
    9.88155518e+01, 3.19853210e+02, 9.96347122e+01, 3.34791748e+02,
    1.05010254e+02, 3.52097504e+02, 1.16086327e+02, 2.51874207e+02,
    1.24209564e+02, 2.43077988e+02, 1.34919357e+02, 2.34804703e+02,
    1.45112000e+02, 2.25682205e+02, 1.56302429e+02, 2.11131592e+02,
    1.73563736e+02, 2.16183868e+02, 1.80066208e+02, 2.20921478e+02,
    1.84739975e+02, 2.32680313e+02, 1.86356033e+02, 2.44945312e+02,
    1.88129440e+02, 2.01487457e+02, 1.10415611e+02, 2.11774918e+02,
    1.06706291e+02, 2.23119095e+02, 1.10366989e+02, 2.30860229e+02,
    1.20166092e+02, 2.19209457e+02, 1.21618546e+02, 2.07797073e+02,
    1.19009872e+02, 2.86866394e+02, 1.33342346e+02, 3.00076080e+02,
    1.27840118e+02, 3.12732086e+02, 1.30816940e+02, 3.19770905e+02,
    1.41585846e+02, 3.08300354e+02, 1.44347015e+02, 2.96507568e+02,
    1.40580444e+02, 2.02026337e+02, 2.15313004e+02, 1.99820007e+02,
    2.03585770e+02, 2.16728088e+02, 2.00980423e+02, 2.23468094e+02,
    2.04792053e+02, 2.32603897e+02, 2.06037842e+02, 2.46782547e+02,
    2.16827026e+02, 2.59927704e+02, 2.26229874e+02, 2.43486572e+02,
    2.37784607e+02, 2.24485367e+02, 2.39234787e+02, 2.15231323e+02,
    2.37571976e+02, 2.06513123e+02, 2.35309494e+02, 1.95234848e+02,
    2.26757172e+02, 2.07346542e+02, 2.16495270e+02, 2.15214233e+02,
    2.09048813e+02, 2.21954025e+02, 2.10903290e+02, 2.30286118e+02,
    2.12485016e+02, 2.49027954e+02, 2.24243835e+02, 2.28087463e+02,
    2.24456467e+02, 2.18834702e+02, 2.23733643e+02, 2.11833313e+02,
    2.21445511e+02 ]
noOfLandmarkPoint: 68
