%YAML:1.0
landmark: [ 4.77491089e+02, 2.23565170e+02, 4.71639923e+02,
    2.35055618e+02, 4.66532623e+02, 2.49207657e+02, 4.65894714e+02,
    2.69423462e+02, 4.67277252e+02, 2.88258331e+02, 4.69511139e+02,
    3.06132721e+02, 4.73447754e+02, 3.26027557e+02, 4.81427673e+02,
    3.37306183e+02, 5.04516907e+02, 3.42413483e+02, 5.25052063e+02,
    3.43370758e+02, 5.50587830e+02, 3.42838776e+02, 5.72399597e+02,
    3.40178802e+02, 5.90487427e+02, 3.27942902e+02, 6.03787354e+02,
    3.11983063e+02, 6.13924622e+02, 2.91034149e+02, 6.18549683e+02,
    2.71171112e+02, 6.23651672e+02, 2.51981781e+02, 4.78236511e+02,
    1.91752197e+02, 4.83024475e+02, 1.88560226e+02, 4.90519989e+02,
    1.88834976e+02, 4.99301056e+02, 1.92717987e+02, 5.07113464e+02,
    1.98870407e+02, 5.26288086e+02, 2.02338379e+02, 5.42819946e+02,
    2.00444229e+02, 5.58895203e+02, 2.02908661e+02, 5.71493042e+02,
    2.09861862e+02, 5.82520935e+02, 2.18665497e+02, 5.12814575e+02,
    2.12076340e+02, 5.05686798e+02, 2.22928879e+02, 4.98132965e+02,
    2.35375778e+02, 4.90473999e+02, 2.47504944e+02, 4.91214600e+02,
    2.60058563e+02, 4.94087219e+02, 2.63249725e+02, 4.98875183e+02,
    2.65803009e+02, 5.04301849e+02, 2.65378540e+02, 5.11644653e+02,
    2.64528778e+02, 4.84511322e+02, 2.18136887e+02, 4.87280426e+02,
    2.12605911e+02, 4.96110901e+02, 2.14627167e+02, 5.01537567e+02,
    2.21754944e+02, 4.93238281e+02, 2.21862473e+02, 4.86746826e+02,
    2.21754944e+02, 5.38839355e+02, 2.26112610e+02, 5.45931335e+02,
    2.21305252e+02, 5.55623291e+02, 2.24357254e+02, 5.62919922e+02,
    2.30831528e+02, 5.53458984e+02, 2.32419907e+02, 5.45428528e+02,
    2.30155838e+02, 4.77938446e+02, 2.81822693e+02, 4.84896515e+02,
    2.77167389e+02, 4.92354675e+02, 2.75704865e+02, 4.97259460e+02,
    2.78736755e+02, 5.04984375e+02, 2.78153442e+02, 5.23688354e+02,
    2.87149292e+02, 5.35929993e+02, 2.97272919e+02, 5.23628052e+02,
    2.96749420e+02, 5.04759125e+02, 2.98312958e+02, 4.95047577e+02,
    2.97243347e+02, 4.89892792e+02, 2.95894806e+02, 4.84131683e+02,
    2.91680939e+02, 4.80896484e+02, 2.82510712e+02, 4.90897675e+02,
    2.85702667e+02, 4.96963867e+02, 2.87084412e+02, 5.04830597e+02,
    2.87473694e+02, 5.28666870e+02, 2.93255707e+02, 5.04830597e+02,
    2.87473694e+02, 4.96963867e+02, 2.87084412e+02, 4.90897675e+02,
    2.85702667e+02 ]
noOfLandmarkPoint: 68
