%YAML:1.0
landmark: [ 1.95577744e+02, 1.37764557e+02, 1.89426331e+02,
    1.52750748e+02, 1.87655609e+02, 1.72971939e+02, 1.89352936e+02,
    1.91286926e+02, 1.93737396e+02, 2.09953796e+02, 1.99254669e+02,
    2.28543518e+02, 2.00915527e+02, 2.49440857e+02, 2.09639023e+02,
    2.63365997e+02, 2.29266922e+02, 2.71434753e+02, 2.59450287e+02,
    2.71890778e+02, 2.74834381e+02, 2.64146149e+02, 2.98049683e+02,
    2.53981262e+02, 3.19940155e+02, 2.41341248e+02, 3.35560486e+02,
    2.23238892e+02, 3.47372162e+02, 2.00121704e+02, 3.52317383e+02,
    1.74661743e+02, 3.54003418e+02, 1.47009552e+02, 2.00526718e+02,
    1.05174683e+02, 2.08093201e+02, 1.00082687e+02, 2.17444031e+02,
    1.02045959e+02, 2.25762756e+02, 1.06450500e+02, 2.35382217e+02,
    1.15083931e+02, 2.61809387e+02, 1.15149788e+02, 2.76799347e+02,
    1.10548935e+02, 2.91078003e+02, 1.09907265e+02, 3.07563934e+02,
    1.17129379e+02, 3.18671844e+02, 1.26110931e+02, 2.47981308e+02,
    1.27867119e+02, 2.43516006e+02, 1.38661911e+02, 2.38382034e+02,
    1.48205765e+02, 2.32923294e+02, 1.58858063e+02, 2.21239044e+02,
    1.71065735e+02, 2.28453644e+02, 1.74387009e+02, 2.36159378e+02,
    1.76791870e+02, 2.45705444e+02, 1.75446426e+02, 2.55812286e+02,
    1.75167938e+02, 2.07822479e+02, 1.27763802e+02, 2.15606232e+02,
    1.23255478e+02, 2.24737091e+02, 1.24145782e+02, 2.32482452e+02,
    1.30979004e+02, 2.23481110e+02, 1.30791000e+02, 2.14302460e+02,
    1.30228638e+02, 2.75446594e+02, 1.35166153e+02, 2.84655609e+02,
    1.31400513e+02, 2.93068878e+02, 1.33380096e+02, 3.00778381e+02,
    1.38897369e+02, 2.93072632e+02, 1.38897369e+02, 2.84377106e+02,
    1.37837952e+02, 2.06890778e+02, 2.01962051e+02, 2.15336288e+02,
    1.94598068e+02, 2.26201035e+02, 1.93937271e+02, 2.33847122e+02,
    1.97225006e+02, 2.45713577e+02, 1.96592133e+02, 2.62524750e+02,
    2.02986542e+02, 2.82463379e+02, 2.11860001e+02, 2.58491882e+02,
    2.26292953e+02, 2.41547958e+02, 2.27839539e+02, 2.26892883e+02,
    2.27319168e+02, 2.18044495e+02, 2.24249191e+02, 2.08719818e+02,
    2.19994766e+02, 2.11623352e+02, 2.04154266e+02, 2.24679886e+02,
    2.00618958e+02, 2.32914017e+02, 2.03168991e+02, 2.45058105e+02,
    2.04402161e+02, 2.74974060e+02, 2.12285278e+02, 2.43319702e+02,
    2.14861465e+02, 2.30599304e+02, 2.13950790e+02, 2.22007233e+02,
    2.11529099e+02 ]
noOfLandmarkPoint: 68
