%YAML:1.0
landmark: [ 1.39635605e+02, 2.87163177e+02, 1.49659470e+02,
    3.10619568e+02, 1.65108795e+02, 3.28519318e+02, 1.80729446e+02,
    3.48133453e+02, 1.98326736e+02, 3.66295502e+02, 2.23286011e+02,
    3.77620209e+02, 2.40227554e+02, 3.86625610e+02, 2.61162598e+02,
    3.94047821e+02, 2.88652618e+02, 3.87210449e+02, 3.07288452e+02,
    3.75432068e+02, 3.22737762e+02, 3.56251556e+02, 3.35948151e+02,
    3.30607056e+02, 3.45347015e+02, 2.97923126e+02, 3.45931854e+02,
    2.72934357e+02, 3.40698730e+02, 2.47633789e+02, 3.35605530e+02,
    2.22503174e+02, 3.28748077e+02, 1.94186096e+02, 1.28828232e+02,
    2.51598434e+02, 1.35200958e+02, 2.35343414e+02, 1.49594879e+02,
    2.26642120e+02, 1.68130417e+02, 2.22269730e+02, 1.87191040e+02,
    2.23145508e+02, 2.19695389e+02, 2.07759155e+02, 2.34691025e+02,
    1.90333160e+02, 2.52459641e+02, 1.77838791e+02, 2.71226624e+02,
    1.72958008e+02, 2.91758789e+02, 1.73562927e+02, 2.09873734e+02,
    2.34812927e+02, 2.18414627e+02, 2.53602631e+02, 2.27268814e+02,
    2.74497498e+02, 2.34711105e+02, 2.93940308e+02, 2.28206955e+02,
    3.07019531e+02, 2.36950073e+02, 3.08300293e+02, 2.44301361e+02,
    3.08128967e+02, 2.50331741e+02, 3.01967438e+02, 2.55948593e+02,
    2.95130066e+02, 1.53270569e+02, 2.67409821e+02, 1.61181290e+02,
    2.51862640e+02, 1.79856110e+02, 2.44527161e+02, 1.92796280e+02,
    2.51826035e+02, 1.78601547e+02, 2.63848633e+02, 1.62627609e+02,
    2.69747864e+02, 2.42784348e+02, 2.28094589e+02, 2.47487854e+02,
    2.10471893e+02, 2.63128571e+02, 2.00357025e+02, 2.78394226e+02,
    2.05223145e+02, 2.75446655e+02, 2.14253952e+02, 2.60741028e+02,
    2.23058731e+02, 2.22667603e+02, 3.50843353e+02, 2.31494095e+02,
    3.42857056e+02, 2.42238785e+02, 3.27002197e+02, 2.50207764e+02,
    3.25526764e+02, 2.57169861e+02, 3.19437622e+02, 2.79529938e+02,
    3.20414062e+02, 2.96471069e+02, 3.20355072e+02, 2.88912964e+02,
    3.39169495e+02, 2.73524170e+02, 3.50271118e+02, 2.66222290e+02,
    3.55965546e+02, 2.58062775e+02, 3.59763184e+02, 2.41991409e+02,
    3.61253204e+02, 2.28136032e+02, 3.49958893e+02, 2.47634232e+02,
    3.36418060e+02, 2.54785034e+02, 3.34144318e+02, 2.63157928e+02,
    3.29943085e+02, 2.93093292e+02, 3.22017151e+02, 2.66520966e+02,
    3.37136658e+02, 2.58012390e+02, 3.41049255e+02, 2.50895294e+02,
    3.43988373e+02 ]
noOfLandmarkPoint: 68
