%YAML:1.0
landmark: [ 2.57365845e+02, 8.56773148e+01, 2.57352051e+02,
    9.86665344e+01, 2.58091248e+02, 1.10584015e+02, 2.59237061e+02,
    1.19313828e+02, 2.61556305e+02, 1.32231537e+02, 2.66180969e+02,
    1.44640945e+02, 2.72370361e+02, 1.55151199e+02, 2.83085297e+02,
    1.66032410e+02, 2.98594452e+02, 1.68395630e+02, 3.14125977e+02,
    1.66607605e+02, 3.25725525e+02, 1.57614670e+02, 3.33910675e+02,
    1.47061844e+02, 3.39986145e+02, 1.35232224e+02, 3.44553070e+02,
    1.24010010e+02, 3.47408173e+02, 1.11672112e+02, 3.47930267e+02,
    9.88560638e+01, 3.46960175e+02, 8.86918030e+01, 2.58741516e+02,
    7.03229752e+01, 2.64978912e+02, 6.51332016e+01, 2.73192108e+02,
    6.42373886e+01, 2.80880981e+02, 6.50502548e+01, 2.87008118e+02,
    6.80781784e+01, 3.05645599e+02, 6.99841843e+01, 3.14233856e+02,
    6.81566010e+01, 3.23622070e+02, 6.58988266e+01, 3.32303009e+02,
    6.66587219e+01, 3.37563354e+02, 7.15063400e+01, 2.99277710e+02,
    8.39267807e+01, 2.98567444e+02, 9.06508942e+01, 2.98089294e+02,
    9.73199539e+01, 2.97553406e+02, 1.04728210e+02, 2.87650208e+02,
    1.10339325e+02, 2.93014069e+02, 1.12282059e+02, 2.98987854e+02,
    1.13383949e+02, 3.05830109e+02, 1.11644531e+02, 3.10556427e+02,
    1.10339325e+02, 2.70568604e+02, 8.51195145e+01, 2.75038086e+02,
    8.19061584e+01, 2.81088654e+02, 8.18622513e+01, 2.86213654e+02,
    8.47797089e+01, 2.80512299e+02, 8.71074295e+01, 2.74806335e+02,
    8.72944794e+01, 3.13702545e+02, 8.46653976e+01, 3.19311371e+02,
    8.13654327e+01, 3.24920380e+02, 8.12959671e+01, 3.29812134e+02,
    8.49235306e+01, 3.24664703e+02, 8.64978943e+01, 3.18818939e+02,
    8.63431473e+01, 2.76409271e+02, 1.33513626e+02, 2.84289459e+02,
    1.27631981e+02, 2.93435577e+02, 1.26341003e+02, 2.99153625e+02,
    1.28388916e+02, 3.06895081e+02, 1.25873413e+02, 3.13554840e+02,
    1.28906845e+02, 3.20954742e+02, 1.35658966e+02, 3.14382172e+02,
    1.40845795e+02, 3.06849365e+02, 1.43202713e+02, 2.99048737e+02,
    1.43560364e+02, 2.93224335e+02, 1.43354614e+02, 2.84049622e+02,
    1.41118622e+02, 2.78930756e+02, 1.33832397e+02, 2.93635956e+02,
    1.33673019e+02, 2.98689575e+02, 1.34492264e+02, 3.06438934e+02,
    1.33666641e+02, 3.17535400e+02, 1.35629929e+02, 3.06438934e+02,
    1.33666641e+02, 2.98689575e+02, 1.34492264e+02, 2.93635956e+02,
    1.33673019e+02 ]
noOfLandmarkPoint: 68
