%YAML:1.0
landmark: [ 2.52264862e+02, 2.47844452e+02, 2.54625427e+02,
    2.90030823e+02, 2.63120941e+02, 3.27632446e+02, 2.70751862e+02,
    3.67074677e+02, 2.86195953e+02, 4.10115753e+02, 3.14980591e+02,
    4.48606079e+02, 3.51300140e+02, 4.90953674e+02, 3.92001984e+02,
    5.16303162e+02, 4.28650818e+02, 5.21125183e+02, 4.68595917e+02,
    5.09119598e+02, 4.97388275e+02, 4.77934296e+02, 5.23489746e+02,
    4.46203613e+02, 5.46950806e+02, 4.04360535e+02, 5.64984436e+02,
    3.64915131e+02, 5.76389465e+02, 3.26913727e+02, 5.83278687e+02,
    2.80609894e+02, 5.84956360e+02, 2.36242035e+02, 2.81121765e+02,
    2.13080658e+02, 3.04990845e+02, 2.04176651e+02, 3.33262451e+02,
    2.01588531e+02, 3.58656921e+02, 2.07100250e+02, 3.84316589e+02,
    2.19647659e+02, 4.52700806e+02, 2.18033569e+02, 4.76358643e+02,
    2.08736023e+02, 5.04022552e+02, 2.01556229e+02, 5.29578247e+02,
    2.00862534e+02, 5.50552429e+02, 2.07903625e+02, 4.23192657e+02,
    2.52049713e+02, 4.23404846e+02, 2.82544098e+02, 4.24441193e+02,
    3.13438751e+02, 4.25061371e+02, 3.43800385e+02, 3.96797272e+02,
    3.60267456e+02, 4.11466522e+02, 3.65360687e+02, 4.23861176e+02,
    3.69374359e+02, 4.37632263e+02, 3.64277527e+02, 4.48594147e+02,
    3.57906097e+02, 3.08346619e+02, 2.52629852e+02, 3.25847076e+02,
    2.40656357e+02, 3.49156769e+02, 2.40839142e+02, 3.62051453e+02,
    2.51905319e+02, 3.45600800e+02, 2.57672241e+02, 3.24668304e+02,
    2.60149902e+02, 4.69807617e+02, 2.49368332e+02, 4.85777313e+02,
    2.37618958e+02, 5.08587708e+02, 2.36167023e+02, 5.24474609e+02,
    2.47250687e+02, 5.08554169e+02, 2.56112732e+02, 4.87663391e+02,
    2.54927933e+02, 3.66229797e+02, 4.25181183e+02, 3.91790649e+02,
    4.11832489e+02, 4.13807770e+02, 4.04012146e+02, 4.26516388e+02,
    4.09105591e+02, 4.41792908e+02, 4.01422180e+02, 4.64673981e+02,
    4.07139801e+02, 4.83810333e+02, 4.16476959e+02, 4.69598114e+02,
    4.38581085e+02, 4.49769012e+02, 4.51155762e+02, 4.33004852e+02,
    4.53738922e+02, 4.18896332e+02, 4.55023407e+02, 3.97278046e+02,
    4.52291626e+02, 3.81228973e+02, 4.27624573e+02, 4.14610168e+02,
    4.16962006e+02, 4.27701813e+02, 4.18506836e+02, 4.43635681e+02,
    4.17062897e+02, 4.70383484e+02, 4.19854645e+02, 4.45927734e+02,
    4.26478546e+02, 4.29244781e+02, 4.27692383e+02, 4.15756195e+02,
    4.29568237e+02 ]
noOfLandmarkPoint: 68
