%YAML:1.0
landmark: [ 1.15350693e+02, 1.13937431e+02, 1.18080101e+02,
    1.26932663e+02, 1.21225708e+02, 1.38656906e+02, 1.27302917e+02,
    1.50532837e+02, 1.37703583e+02, 1.57534256e+02, 1.48326508e+02,
    1.63270416e+02, 1.58361832e+02, 1.66146912e+02, 1.68951096e+02,
    1.68503159e+02, 1.80771912e+02, 1.69189255e+02, 1.89592499e+02,
    1.65874161e+02, 1.97011444e+02, 1.59637695e+02, 2.03286346e+02,
    1.51357651e+02, 2.04985519e+02, 1.41859833e+02, 2.05806686e+02,
    1.31530899e+02, 2.05641800e+02, 1.22031059e+02, 2.04044693e+02,
    1.13115906e+02, 2.00697205e+02, 1.05795395e+02, 1.31174057e+02,
    9.53188324e+01, 1.37223083e+02, 9.03389587e+01, 1.45005508e+02,
    8.78316422e+01, 1.52510300e+02, 8.67516632e+01, 1.61087708e+02,
    8.84930649e+01, 1.74997955e+02, 8.96595306e+01, 1.81992966e+02,
    8.62669373e+01, 1.88591354e+02, 8.47298355e+01, 1.94478760e+02,
    8.55701447e+01, 1.98807526e+02, 8.87018890e+01, 1.73067581e+02,
    9.85260849e+01, 1.76101501e+02, 1.06238831e+02, 1.79135422e+02,
    1.14828751e+02, 1.82177750e+02, 1.22963249e+02, 1.67536835e+02,
    1.28021744e+02, 1.73430420e+02, 1.29683502e+02, 1.79489838e+02,
    1.31634842e+02, 1.83755325e+02, 1.29022675e+02, 1.86346115e+02,
    1.25968895e+02, 1.42529678e+02, 1.03723999e+02, 1.48805161e+02,
    1.01125420e+02, 1.54966980e+02, 9.99311371e+01, 1.56265228e+02,
    1.02452774e+02, 1.54143829e+02, 1.05699234e+02, 1.48456207e+02,
    1.06361015e+02, 1.81160004e+02, 1.02701500e+02, 1.83490997e+02,
    9.88156662e+01, 1.88302002e+02, 9.82701645e+01, 1.93146667e+02,
    1.00196251e+02, 1.90402328e+02, 1.02676254e+02, 1.85996246e+02,
    1.02957420e+02, 1.57935043e+02, 1.44944016e+02, 1.64211731e+02,
    1.41759811e+02, 1.74563797e+02, 1.39727692e+02, 1.80220764e+02,
    1.39873947e+02, 1.85442001e+02, 1.39081253e+02, 1.90580139e+02,
    1.39362564e+02, 1.89963745e+02, 1.42086533e+02, 1.90127090e+02,
    1.44787949e+02, 1.86615280e+02, 1.45776382e+02, 1.81352081e+02,
    1.46591843e+02, 1.75903183e+02, 1.47203125e+02, 1.64817902e+02,
    1.46550537e+02, 1.60199371e+02, 1.44438751e+02, 1.75141357e+02,
    1.43380951e+02, 1.80735550e+02, 1.42961746e+02, 1.85771820e+02,
    1.41882660e+02, 1.88129593e+02, 1.41939728e+02, 1.85771820e+02,
    1.41882660e+02, 1.80735550e+02, 1.42961746e+02, 1.75141357e+02,
    1.43380951e+02 ]
noOfLandmarkPoint: 68
