%YAML:1.0
landmark: [ 1.19043777e+02, 1.28414413e+02, 1.20565140e+02,
    1.40759338e+02, 1.24016388e+02, 1.53731705e+02, 1.26876106e+02,
    1.66713135e+02, 1.32745392e+02, 1.77786301e+02, 1.39474655e+02,
    1.86811783e+02, 1.48677780e+02, 1.95595917e+02, 1.57792206e+02,
    2.01954315e+02, 1.70626846e+02, 2.03702194e+02, 1.83034698e+02,
    2.01167343e+02, 1.94249405e+02, 1.90862122e+02, 2.01547775e+02,
    1.80576889e+02, 2.09406311e+02, 1.67653900e+02, 2.11104324e+02,
    1.53937561e+02, 2.11712189e+02, 1.41986115e+02, 2.11936707e+02,
    1.31104263e+02, 2.11875854e+02, 1.18751305e+02, 1.23694237e+02,
    1.23999374e+02, 1.31294388e+02, 1.18888855e+02, 1.40253586e+02,
    1.19381996e+02, 1.49141510e+02, 1.20868584e+02, 1.56531403e+02,
    1.24755096e+02, 1.71650391e+02, 1.23379745e+02, 1.77610382e+02,
    1.16531784e+02, 1.86136429e+02, 1.14119728e+02, 1.94570068e+02,
    1.13514641e+02, 2.02863922e+02, 1.16614128e+02, 1.64283066e+02,
    1.33608917e+02, 1.65172913e+02, 1.42541534e+02, 1.65755798e+02,
    1.51247650e+02, 1.66478424e+02, 1.59780380e+02, 1.56930191e+02,
    1.62617889e+02, 1.61175400e+02, 1.65378036e+02, 1.66917297e+02,
    1.67298813e+02, 1.71248062e+02, 1.64373886e+02, 1.75895020e+02,
    1.61270844e+02, 1.33018127e+02, 1.34346771e+02, 1.38397598e+02,
    1.30641998e+02, 1.45669846e+02, 1.30341019e+02, 1.51474472e+02,
    1.35322693e+02, 1.45465668e+02, 1.37697922e+02, 1.38495056e+02,
    1.37934021e+02, 1.77808609e+02, 1.33478958e+02, 1.81177979e+02,
    1.27084305e+02, 1.89072006e+02, 1.25208145e+02, 1.95085861e+02,
    1.28759537e+02, 1.91353424e+02, 1.32857376e+02, 1.84415985e+02,
    1.34313858e+02, 1.48469742e+02, 1.76968201e+02, 1.54583939e+02,
    1.74103455e+02, 1.60566437e+02, 1.72792236e+02, 1.67381973e+02,
    1.73830032e+02, 1.73572098e+02, 1.72366364e+02, 1.80287277e+02,
    1.71620392e+02, 1.88155396e+02, 1.72950378e+02, 1.82860107e+02,
    1.79772446e+02, 1.76310165e+02, 1.84740967e+02, 1.68762985e+02,
    1.86934860e+02, 1.59896805e+02, 1.84687195e+02, 1.53057236e+02,
    1.81000351e+02, 1.52148926e+02, 1.77308258e+02, 1.60229050e+02,
    1.77285492e+02, 1.67598465e+02, 1.78245361e+02, 1.73788742e+02,
    1.76916077e+02, 1.86120804e+02, 1.74393417e+02, 1.73698807e+02,
    1.78730652e+02, 1.67596497e+02, 1.81292709e+02, 1.60301086e+02,
    1.79408371e+02 ]
noOfLandmarkPoint: 68
