%YAML:1.0
landmark: [ 2.16815353e+02, 2.03029526e+02, 2.15231277e+02,
    2.30825821e+02, 2.17945023e+02, 2.59828918e+02, 2.24500137e+02,
    2.87641418e+02, 2.34182587e+02, 3.15592346e+02, 2.54209793e+02,
    3.40413788e+02, 2.74057556e+02, 3.62520203e+02, 2.87472839e+02,
    3.87179688e+02, 3.20788422e+02, 3.94374878e+02, 3.56801514e+02,
    3.91587646e+02, 3.78893646e+02, 3.70044464e+02, 4.01336090e+02,
    3.36828796e+02, 4.20655304e+02, 3.06048737e+02, 4.27877838e+02,
    2.77956390e+02, 4.30395874e+02, 2.48806900e+02, 4.30350983e+02,
    2.18403305e+02, 4.28254272e+02, 1.87533539e+02, 2.22362808e+02,
    1.92479874e+02, 2.31485077e+02, 1.79406006e+02, 2.49433090e+02,
    1.76027817e+02, 2.65024994e+02, 1.77264404e+02, 2.83501556e+02,
    1.83053375e+02, 3.31800598e+02, 1.81485214e+02, 3.51693237e+02,
    1.75033081e+02, 3.71433716e+02, 1.71323334e+02, 3.93270935e+02,
    1.74038345e+02, 4.04825348e+02, 1.87776611e+02, 3.10454071e+02,
    2.11240967e+02, 3.11800140e+02, 2.34553726e+02, 3.11931580e+02,
    2.54833511e+02, 3.12930389e+02, 2.75834595e+02, 2.84192078e+02,
    2.79040863e+02, 2.98986237e+02, 2.84318787e+02, 3.13819824e+02,
    2.90521301e+02, 3.30429413e+02, 2.82042572e+02, 3.44650146e+02,
    2.76146362e+02, 2.46455872e+02, 2.17687576e+02, 2.57375580e+02,
    2.10746201e+02, 2.69182037e+02, 2.11586517e+02, 2.83152466e+02,
    2.19926605e+02, 2.68912231e+02, 2.23821945e+02, 2.55212631e+02,
    2.23237274e+02, 3.43216583e+02, 2.16216843e+02, 3.55385468e+02,
    2.07274033e+02, 3.68038025e+02, 2.06413895e+02, 3.80676636e+02,
    2.12260742e+02, 3.72434357e+02, 2.18939835e+02, 3.55824280e+02,
    2.20455170e+02, 2.70078583e+02, 3.08100616e+02, 2.83995087e+02,
    3.01164795e+02, 3.00025848e+02, 3.01451508e+02, 3.15725006e+02,
    3.01917694e+02, 3.33189301e+02, 2.99112946e+02, 3.50882141e+02,
    2.97840302e+02, 3.72301849e+02, 2.99904816e+02, 3.54087311e+02,
    3.28539215e+02, 3.36218536e+02, 3.44262024e+02, 3.16612488e+02,
    3.49015167e+02, 2.98412811e+02, 3.45198181e+02, 2.82050476e+02,
    3.30027557e+02, 2.73815704e+02, 3.09382050e+02, 2.99911530e+02,
    3.10435242e+02, 3.16700317e+02, 3.13768341e+02, 3.33418610e+02,
    3.09701233e+02, 3.68130066e+02, 3.01348053e+02, 3.34945557e+02,
    3.25204865e+02, 3.16012787e+02, 3.29872406e+02, 2.99330719e+02,
    3.24103699e+02 ]
noOfLandmarkPoint: 68
