%YAML:1.0
landmark: [ 7.97553589e+02, 4.38720612e+02, 8.13128479e+02,
    4.93940674e+02, 8.34366943e+02, 5.50576599e+02, 8.56522217e+02,
    5.98250610e+02, 8.89586975e+02, 6.58184937e+02, 9.41975220e+02,
    6.93582397e+02, 9.94363464e+02, 7.19068542e+02, 1.04832410e+03,
    7.37812744e+02, 1.11705273e+03, 7.32149109e+02, 1.17685791e+03,
    7.14573853e+02, 1.20917798e+03, 6.76871155e+02, 1.23852197e+03,
    6.33527832e+02, 1.26141382e+03, 5.80560303e+02, 1.26351880e+03,
    5.15277710e+02, 1.26144714e+03, 4.57118774e+02, 1.25402014e+03,
    3.91400848e+02, 1.24407361e+03, 3.31445343e+02, 8.45263062e+02,
    3.77270813e+02, 8.70648499e+02, 3.52279602e+02, 9.06433899e+02,
    3.39816986e+02, 9.45107300e+02, 3.37920288e+02, 9.83425171e+02,
    3.42937103e+02, 1.07565247e+03, 3.26041046e+02, 1.10616968e+03,
    3.01980499e+02, 1.14007727e+03, 2.88778748e+02, 1.17731433e+03,
    2.78121185e+02, 1.20547839e+03, 2.93506897e+02, 1.04179993e+03,
    3.74184174e+02, 1.05478528e+03, 4.19755188e+02, 1.06503735e+03,
    4.61891113e+02, 1.07641077e+03, 5.08913452e+02, 1.03045764e+03,
    5.40030090e+02, 1.05528711e+03, 5.45431885e+02, 1.08084351e+03,
    5.49033386e+02, 1.10150635e+03, 5.35683899e+02, 1.12078320e+03,
    5.22479614e+02, 9.06707886e+02, 4.15445374e+02, 9.22809204e+02,
    3.93423584e+02, 9.52882080e+02, 3.91147736e+02, 9.80720947e+02,
    4.07768433e+02, 9.58594299e+02, 4.17689178e+02, 9.28956665e+02,
    4.21048218e+02, 1.10803027e+03, 3.76755432e+02, 1.12795898e+03,
    3.54260345e+02, 1.15523376e+03, 3.46475281e+02, 1.18078162e+03,
    3.58486755e+02, 1.16680444e+03, 3.70443787e+02, 1.13860657e+03,
    3.77586578e+02, 1.02693420e+03, 6.31176331e+02, 1.04957336e+03,
    6.13920288e+02, 1.07355798e+03, 5.94830444e+02, 1.09077185e+03,
    5.96302734e+02, 1.10847815e+03, 5.87483887e+02, 1.13297424e+03,
    5.90894897e+02, 1.15880579e+03, 5.99281311e+02, 1.14451025e+03,
    6.17439697e+02, 1.12297559e+03, 6.33095398e+02, 1.10434814e+03,
    6.40391235e+02, 1.08793713e+03, 6.44165833e+02, 1.05681213e+03,
    6.39396118e+02, 1.03788281e+03, 6.28843689e+02, 1.08028857e+03,
    6.15460999e+02, 1.09511182e+03, 6.12848755e+02, 1.11348877e+03,
    6.05468201e+02, 1.14225354e+03, 6.01029541e+02, 1.11348877e+03,
    6.05468201e+02, 1.09511182e+03, 6.12848755e+02, 1.08028857e+03,
    6.15460999e+02 ]
noOfLandmarkPoint: 68
