%YAML:1.0
landmark: [ 1.16300331e+02, 2.39000885e+02, 1.18976753e+02,
    2.57581238e+02, 1.27779770e+02, 2.75492798e+02, 1.38026566e+02,
    2.88686157e+02, 1.47369843e+02, 3.01351044e+02, 1.59764618e+02,
    3.17572296e+02, 1.71971848e+02, 3.32361572e+02, 1.92438812e+02,
    3.45604675e+02, 2.14026505e+02, 3.46704987e+02, 2.35083954e+02,
    3.35566467e+02, 2.53102722e+02, 3.22442383e+02, 2.73391235e+02,
    2.99449005e+02, 2.87707062e+02, 2.79262817e+02, 2.91940918e+02,
    2.54637177e+02, 2.91999908e+02, 2.29530319e+02, 2.87528229e+02,
    2.03977600e+02, 2.81354462e+02, 1.77180435e+02, 1.03565254e+02,
    2.06395432e+02, 1.11034454e+02, 1.98325272e+02, 1.21250046e+02,
    1.94058319e+02, 1.31383316e+02, 1.95360870e+02, 1.43085693e+02,
    1.99656815e+02, 1.69659943e+02, 1.94303955e+02, 1.84461014e+02,
    1.82425842e+02, 2.01609375e+02, 1.74585342e+02, 2.21821045e+02,
    1.74573547e+02, 2.42052383e+02, 1.77449997e+02, 1.61911697e+02,
    2.18253922e+02, 1.64446609e+02, 2.32613922e+02, 1.66971710e+02,
    2.48543503e+02, 1.67946030e+02, 2.64048767e+02, 1.66563034e+02,
    2.76252930e+02, 1.73023026e+02, 2.77545227e+02, 1.79676575e+02,
    2.78557434e+02, 1.85261093e+02, 2.74515961e+02, 1.91803467e+02,
    2.70770050e+02, 1.22583282e+02, 2.24578476e+02, 1.30174271e+02,
    2.16629456e+02, 1.42039963e+02, 2.15440887e+02, 1.54512222e+02,
    2.23864059e+02, 1.41665512e+02, 2.31582657e+02, 1.30479797e+02,
    2.32791702e+02, 1.93483551e+02, 2.13191864e+02, 1.97301636e+02,
    2.00842270e+02, 2.09485275e+02, 1.96076859e+02, 2.24262756e+02,
    2.00654724e+02, 2.15412537e+02, 2.09668884e+02, 2.04426147e+02,
    2.13248825e+02, 1.63610367e+02, 3.06053314e+02, 1.68484711e+02,
    2.97628143e+02, 1.75077454e+02, 2.92266693e+02, 1.81348663e+02,
    2.92227386e+02, 1.87389618e+02, 2.89312958e+02, 2.05342850e+02,
    2.92951660e+02, 2.22466583e+02, 2.96877960e+02, 2.12478027e+02,
    3.09975067e+02, 2.01323532e+02, 3.18791504e+02, 1.94292252e+02,
    3.21773468e+02, 1.87431305e+02, 3.22533356e+02, 1.77128830e+02,
    3.20679138e+02, 1.73133698e+02, 3.06081055e+02, 1.79601044e+02,
    3.02044464e+02, 1.86108810e+02, 3.01221100e+02, 1.92732224e+02,
    2.98754944e+02, 2.08702988e+02, 2.98702606e+02, 1.95331589e+02,
    3.04697723e+02, 1.88885788e+02, 3.08394958e+02, 1.82283234e+02,
    3.08890869e+02 ]
noOfLandmarkPoint: 68
