%YAML:1.0
landmark: [ 1.69257629e+02, 2.44705994e+02, 1.70383881e+02,
    2.67206451e+02, 1.73863235e+02, 2.90424866e+02, 1.85725418e+02,
    3.12723114e+02, 1.89918793e+02, 3.36352753e+02, 1.93727249e+02,
    3.61805664e+02, 2.12974686e+02, 3.84074829e+02, 2.24804169e+02,
    4.04985504e+02, 2.50855392e+02, 4.17743408e+02, 2.83389160e+02,
    4.11539520e+02, 3.13592346e+02, 3.97368347e+02, 3.40467407e+02,
    3.77335663e+02, 3.62978912e+02, 3.49560394e+02, 3.78616821e+02,
    3.15549591e+02, 3.84030853e+02, 2.76528992e+02, 3.84661469e+02,
    2.37515533e+02, 3.83147797e+02, 1.98614731e+02, 1.49107346e+02,
    2.08083984e+02, 1.55653809e+02, 1.97959518e+02, 1.66392700e+02,
    1.95504837e+02, 1.76723267e+02, 1.96323395e+02, 1.87667282e+02,
    1.98164642e+02, 2.17023865e+02, 1.89879471e+02, 2.38400040e+02,
    1.83946426e+02, 2.63152985e+02, 1.80877335e+02, 2.88209717e+02,
    1.83025299e+02, 3.12754608e+02, 1.88649673e+02, 1.97794693e+02,
    2.13098862e+02, 1.94726578e+02, 2.35907990e+02, 1.91760056e+02,
    2.57898560e+02, 1.88283646e+02, 2.79990723e+02, 1.92680191e+02,
    2.95130066e+02, 1.99123123e+02, 2.96971344e+02, 2.09964569e+02,
    2.98914185e+02, 2.24793274e+02, 2.92880524e+02, 2.37785629e+02,
    2.87868591e+02, 1.68131393e+02, 2.29259933e+02, 1.72223175e+02,
    2.21076340e+02, 1.82247040e+02, 2.18416534e+02, 1.90889755e+02,
    2.22428970e+02, 1.83372314e+02, 2.28542953e+02, 1.74780426e+02,
    2.30690933e+02, 2.47095459e+02, 2.08495224e+02, 2.57528595e+02,
    1.99289917e+02, 2.72972717e+02, 1.97448654e+02, 2.90668304e+02,
    2.01948746e+02, 2.76244965e+02, 2.09006088e+02, 2.61618439e+02,
    2.11051498e+02, 2.04851044e+02, 3.43918030e+02, 2.04117294e+02,
    3.35752930e+02, 2.13034637e+02, 3.30826050e+02, 2.20810913e+02,
    3.32359619e+02, 2.33085312e+02, 3.29598206e+02, 2.57680878e+02,
    3.30192078e+02, 2.74096008e+02, 3.33281708e+02, 2.61469788e+02,
    3.40483704e+02, 2.38287811e+02, 3.50476868e+02, 2.27834518e+02,
    3.54251709e+02, 2.18963654e+02, 3.56292908e+02, 2.08378220e+02,
    3.51273346e+02, 2.08328430e+02, 3.41771027e+02, 2.16410446e+02,
    3.40237457e+02, 2.23571320e+02, 3.40236481e+02, 2.35028152e+02,
    3.38088531e+02, 2.67141235e+02, 3.34406982e+02, 2.35028152e+02,
    3.38088531e+02, 2.23571320e+02, 3.40236481e+02, 2.16410446e+02,
    3.40237457e+02 ]
noOfLandmarkPoint: 68
