%YAML:1.0
landmark: [ 2.56381989e+02, 2.79033142e+02, 2.56331604e+02,
    3.16229095e+02, 2.57256470e+02, 3.54927612e+02, 2.68209320e+02,
    3.89848663e+02, 2.84165680e+02, 4.23078918e+02, 3.01719635e+02,
    4.47676239e+02, 3.25322693e+02, 4.66102966e+02, 3.54241974e+02,
    4.84976074e+02, 3.80305725e+02, 4.93117584e+02, 4.06172180e+02,
    4.87974670e+02, 4.23465302e+02, 4.70877747e+02, 4.35561127e+02,
    4.46608032e+02, 4.55061127e+02, 4.16269562e+02, 4.72119110e+02,
    3.79602539e+02, 4.86511810e+02, 3.46136505e+02, 4.90145325e+02,
    3.15239746e+02, 4.90023865e+02, 2.83116058e+02, 2.93640228e+02,
    2.68535400e+02, 3.19886871e+02, 2.58187317e+02, 3.44576294e+02,
    2.57918396e+02, 3.65459747e+02, 2.65793945e+02, 3.84847656e+02,
    2.75310699e+02, 4.33428436e+02, 2.70599823e+02, 4.49607574e+02,
    2.65979736e+02, 4.64749329e+02, 2.58673340e+02, 4.82658356e+02,
    2.56233521e+02, 4.93126221e+02, 2.62669006e+02, 4.10478699e+02,
    2.94076996e+02, 4.12117889e+02, 3.14748260e+02, 4.14003967e+02,
    3.39537598e+02, 4.15853668e+02, 3.62991486e+02, 3.81751923e+02,
    3.63838776e+02, 3.94431244e+02, 3.72161987e+02, 4.08340424e+02,
    3.77861877e+02, 4.22364014e+02, 3.73902649e+02, 4.31280060e+02,
    3.64503357e+02, 3.14233948e+02, 2.87891083e+02, 3.29291473e+02,
    2.78419067e+02, 3.46785675e+02, 2.77790375e+02, 3.62191803e+02,
    2.89224915e+02, 3.45008667e+02, 2.93809082e+02, 3.26771362e+02,
    2.93289459e+02, 4.33534973e+02, 2.88888641e+02, 4.48592499e+02,
    2.78419067e+02, 4.65832214e+02, 2.77717682e+02, 4.75262543e+02,
    2.84820343e+02, 4.66424561e+02, 2.94401428e+02, 4.51180115e+02,
    2.95155853e+02, 3.37906006e+02, 3.95875732e+02, 3.70331055e+02,
    3.92502167e+02, 3.91839447e+02, 3.91558472e+02, 4.03559021e+02,
    3.95643829e+02, 4.16517303e+02, 3.92610382e+02, 4.30022369e+02,
    3.92679565e+02, 4.41110687e+02, 3.92863190e+02, 4.25543518e+02,
    4.23167358e+02, 4.08919800e+02, 4.33149872e+02, 3.90656311e+02,
    4.35525421e+02, 3.76051300e+02, 4.32228271e+02, 3.58663391e+02,
    4.25476440e+02, 3.43564178e+02, 3.96873291e+02, 3.88613495e+02,
    3.98845551e+02, 4.02209564e+02, 3.99885742e+02, 4.15273468e+02,
    3.98348175e+02, 4.32755402e+02, 3.97679504e+02, 4.13552826e+02,
    4.11363403e+02, 3.96840057e+02, 4.16568817e+02, 3.83071106e+02,
    4.15277832e+02 ]
noOfLandmarkPoint: 68
