%YAML:1.0
landmark: [ 1.01483849e+02, 1.74563858e+02, 1.06582901e+02,
    1.90850784e+02, 1.12710693e+02, 2.06551331e+02, 1.20832565e+02,
    2.21739975e+02, 1.29206848e+02, 2.34394211e+02, 1.47889160e+02,
    2.45023468e+02, 1.65368195e+02, 2.49655884e+02, 1.85063995e+02,
    2.53579834e+02, 2.03350418e+02, 2.53899231e+02, 2.19497437e+02,
    2.48378311e+02, 2.29935959e+02, 2.31506393e+02, 2.37165359e+02,
    2.14837219e+02, 2.40283234e+02, 2.00135071e+02, 2.39928375e+02,
    1.82244095e+02, 2.38052597e+02, 1.67841049e+02, 2.34655914e+02,
    1.54000717e+02, 2.28105865e+02, 1.41230103e+02, 1.22299248e+02,
    1.52570358e+02, 1.33214523e+02, 1.44688553e+02, 1.44374405e+02,
    1.41277039e+02, 1.57827255e+02, 1.41507568e+02, 1.70085739e+02,
    1.43005386e+02, 1.85735001e+02, 1.38760544e+02, 1.93913742e+02,
    1.31281372e+02, 2.03237686e+02, 1.25908501e+02, 2.11054138e+02,
    1.22133614e+02, 2.20909531e+02, 1.23648453e+02, 1.83518768e+02,
    1.54682266e+02, 1.87060928e+02, 1.64141983e+02, 1.90600098e+02,
    1.74304810e+02, 1.95031021e+02, 1.85118484e+02, 1.81609314e+02,
    1.93114441e+02, 1.88289627e+02, 1.94558289e+02, 1.94969620e+02,
    1.96725037e+02, 2.00039261e+02, 1.91454086e+02, 2.04477661e+02,
    1.86983505e+02, 1.38214813e+02, 1.66512665e+02, 1.43067917e+02,
    1.60231720e+02, 1.51487045e+02, 1.57045197e+02, 1.59903030e+02,
    1.60880219e+02, 1.54395065e+02, 1.64877655e+02, 1.46341293e+02,
    1.67886688e+02, 1.97823532e+02, 1.52553909e+02, 2.02264984e+02,
    1.45899719e+02, 2.09884277e+02, 1.43125870e+02, 2.16256454e+02,
    1.45031082e+02, 2.12818176e+02, 1.49871780e+02, 2.06009888e+02,
    1.52252731e+02, 1.60088028e+02, 2.15366180e+02, 1.76462036e+02,
    2.08782761e+02, 1.91028671e+02, 2.04608948e+02, 1.98317474e+02,
    2.04482422e+02, 2.04316559e+02, 2.00977005e+02, 2.11301865e+02,
    2.00728241e+02, 2.22843475e+02, 1.95749680e+02, 2.17478027e+02,
    2.18297974e+02, 2.10937210e+02, 2.22840698e+02, 2.03517685e+02,
    2.25517853e+02, 1.96250275e+02, 2.26943237e+02, 1.79843964e+02,
    2.28039001e+02, 1.63825027e+02, 2.14353455e+02, 1.91928528e+02,
    2.08442047e+02, 1.99009750e+02, 2.06801712e+02, 2.04996460e+02,
    2.04250458e+02, 2.21058929e+02, 1.97589996e+02, 2.08911682e+02,
    2.16988144e+02, 2.01698517e+02, 2.19490341e+02, 1.95117355e+02,
    2.21572479e+02 ]
noOfLandmarkPoint: 68
