%YAML:1.0
landmark: [ 2.33044937e+02, 1.51944153e+02, 2.36207352e+02,
    1.69048233e+02, 2.39433731e+02, 1.88204330e+02, 2.43743011e+02,
    2.04737518e+02, 2.49563705e+02, 2.20248978e+02, 2.60735229e+02,
    2.33695679e+02, 2.73434814e+02, 2.46354416e+02, 2.90578156e+02,
    2.54960312e+02, 3.06652466e+02, 2.55746750e+02, 3.22806854e+02,
    2.51990067e+02, 3.35930328e+02, 2.41804291e+02, 3.44350647e+02,
    2.27505035e+02, 3.49933411e+02, 2.11622437e+02, 3.53765533e+02,
    1.97512711e+02, 3.57082123e+02, 1.83107010e+02, 3.59030060e+02,
    1.69894852e+02, 3.59205139e+02, 1.52175598e+02, 2.48201920e+02,
    1.50826218e+02, 2.56630219e+02, 1.42464706e+02, 2.69183624e+02,
    1.39947037e+02, 2.81676880e+02, 1.42068695e+02, 2.94252563e+02,
    1.47094238e+02, 3.13177399e+02, 1.47586044e+02, 3.24155212e+02,
    1.41971405e+02, 3.34455078e+02, 1.39323196e+02, 3.45859436e+02,
    1.38995331e+02, 3.50490479e+02, 1.48286301e+02, 3.03800964e+02,
    1.59025909e+02, 3.04114716e+02, 1.71749115e+02, 3.04186096e+02,
    1.83244415e+02, 3.04143768e+02, 1.95072388e+02, 2.90520355e+02,
    1.99578156e+02, 2.97113464e+02, 2.03117676e+02, 3.03937531e+02,
    2.05600494e+02, 3.09969086e+02, 2.02831375e+02, 3.15803345e+02,
    1.99613464e+02, 2.64564026e+02, 1.59037140e+02, 2.71393768e+02,
    1.54579163e+02, 2.79662170e+02, 1.56164886e+02, 2.85177765e+02,
    1.60839188e+02, 2.77686615e+02, 1.60902237e+02, 2.71358734e+02,
    1.61077820e+02, 3.18825317e+02, 1.59606888e+02, 3.24947052e+02,
    1.55049271e+02, 3.31486572e+02, 1.54207367e+02, 3.37620605e+02,
    1.57621887e+02, 3.33068420e+02, 1.60347687e+02, 3.26019745e+02,
    1.60452332e+02, 2.78028809e+02, 2.22227875e+02, 2.88489838e+02,
    2.20697540e+02, 2.95767548e+02, 2.19639816e+02, 3.03688965e+02,
    2.21573883e+02, 3.11573761e+02, 2.19020920e+02, 3.18348206e+02,
    2.18453613e+02, 3.25151459e+02, 2.17959595e+02, 3.19156799e+02,
    2.24310043e+02, 3.12075928e+02, 2.26911789e+02, 3.03828491e+02,
    2.29540100e+02, 2.96082001e+02, 2.28132156e+02, 2.88445312e+02,
    2.25491867e+02, 2.83019623e+02, 2.22326538e+02, 2.95855469e+02,
    2.22226532e+02, 3.03864258e+02, 2.23903717e+02, 3.11675812e+02,
    2.21192810e+02, 3.20939178e+02, 2.19871414e+02, 3.11675812e+02,
    2.21192810e+02, 3.03864258e+02, 2.23903717e+02, 2.95855469e+02,
    2.22226532e+02 ]
noOfLandmarkPoint: 68
