%YAML:1.0
landmark: [ 1.59743484e+02, 1.16141617e+02, 1.62575989e+02,
    1.28848694e+02, 1.64499985e+02, 1.42118484e+02, 1.67222473e+02,
    1.54027039e+02, 1.73431396e+02, 1.68931595e+02, 1.85343033e+02,
    1.83836136e+02, 1.91784637e+02, 1.93783005e+02, 2.02096161e+02,
    2.03349457e+02, 2.14457443e+02, 2.05471527e+02, 2.26472916e+02,
    2.02821335e+02, 2.41666702e+02, 1.93654129e+02, 2.53411774e+02,
    1.82635254e+02, 2.62107422e+02, 1.70726715e+02, 2.68206299e+02,
    1.56403748e+02, 2.72217743e+02, 1.43061630e+02, 2.73198578e+02,
    1.26795837e+02, 2.73343231e+02, 1.09750374e+02, 1.63168198e+02,
    1.07233299e+02, 1.68733536e+02, 1.01773148e+02, 1.76411407e+02,
    1.02328110e+02, 1.84686050e+02, 1.06540543e+02, 1.93054733e+02,
    1.10988945e+02, 2.17294037e+02, 1.07593559e+02, 2.26872177e+02,
    1.02274467e+02, 2.35438934e+02, 9.70086975e+01, 2.43807617e+02,
    9.85522690e+01, 2.50997375e+02, 1.02654877e+02, 2.04108902e+02,
    1.20331604e+02, 2.04435165e+02, 1.32753204e+02, 2.04762115e+02,
    1.44969864e+02, 2.05161377e+02, 1.56768402e+02, 1.95758392e+02,
    1.57221115e+02, 2.00260254e+02, 1.61160248e+02, 2.07575775e+02,
    1.62285721e+02, 2.14328568e+02, 1.61160248e+02, 2.18830429e+02,
    1.56095657e+02, 1.73525818e+02, 1.14778511e+02, 1.77808411e+02,
    1.12230446e+02, 1.84646515e+02, 1.13462151e+02, 1.91063828e+02,
    1.16494606e+02, 1.84678146e+02, 1.17156242e+02, 1.78103714e+02,
    1.17592865e+02, 2.23872177e+02, 1.16125511e+02, 2.29410370e+02,
    1.11430351e+02, 2.36293243e+02, 1.10865959e+02, 2.43117111e+02,
    1.14023933e+02, 2.37566925e+02, 1.17697083e+02, 2.30527161e+02,
    1.18384712e+02, 1.91413025e+02, 1.70735748e+02, 1.97047150e+02,
    1.69324402e+02, 2.03152512e+02, 1.68761658e+02, 2.08742126e+02,
    1.69346436e+02, 2.16579498e+02, 1.68475769e+02, 2.24429520e+02,
    1.68268051e+02, 2.30849350e+02, 1.70012558e+02, 2.24927841e+02,
    1.76042053e+02, 2.17154587e+02, 1.79770203e+02, 2.09120590e+02,
    1.80253876e+02, 2.03034195e+02, 1.79738342e+02, 1.97226288e+02,
    1.77778046e+02, 1.93749084e+02, 1.71597366e+02, 2.02900879e+02,
    1.73238480e+02, 2.09047043e+02, 1.73782013e+02, 2.16692871e+02,
    1.72706818e+02, 2.28648514e+02, 1.70455887e+02, 2.16692871e+02,
    1.72706818e+02, 2.09047043e+02, 1.73782013e+02, 2.02900879e+02,
    1.73238480e+02 ]
noOfLandmarkPoint: 68
