%YAML:1.0
landmark: [ 1.08969910e+02, 1.44380203e+02, 1.07278526e+02,
    1.68380814e+02, 1.08245193e+02, 1.91897537e+02, 1.10741943e+02,
    2.17830643e+02, 1.14476440e+02, 2.40672501e+02, 1.23589081e+02,
    2.56842041e+02, 1.36271805e+02, 2.72513428e+02, 1.51782837e+02,
    2.85800201e+02, 1.76230301e+02, 2.91088654e+02, 2.02352631e+02,
    2.90164520e+02, 2.28566940e+02, 2.86688324e+02, 2.54419403e+02,
    2.76299438e+02, 2.75036407e+02, 2.62528076e+02, 2.88083893e+02,
    2.40945526e+02, 2.93037567e+02, 2.13860718e+02, 2.94606934e+02,
    1.83522369e+02, 2.94525726e+02, 1.52031769e+02, 1.13110107e+02,
    1.18292740e+02, 1.23284637e+02, 1.05328094e+02, 1.40378540e+02,
    1.04697083e+02, 1.57594727e+02, 1.07269661e+02, 1.72514786e+02,
    1.12880699e+02, 1.92433258e+02, 1.11223953e+02, 2.12692261e+02,
    1.05508156e+02, 2.32438263e+02, 1.03918007e+02, 2.52084229e+02,
    1.10795807e+02, 2.65373383e+02, 1.23843292e+02, 1.80198181e+02,
    1.27564598e+02, 1.77547379e+02, 1.41746353e+02, 1.74224304e+02,
    1.55162125e+02, 1.71024933e+02, 1.70246964e+02, 1.63404587e+02,
    1.87623962e+02, 1.68471619e+02, 1.89608566e+02, 1.74901382e+02,
    1.91689880e+02, 1.84239273e+02, 1.90254730e+02, 1.92831848e+02,
    1.88842529e+02, 1.30795807e+02, 1.30124100e+02, 1.39858231e+02,
    1.23601936e+02, 1.51530853e+02, 1.23711487e+02, 1.63815933e+02,
    1.31896133e+02, 1.50976974e+02, 1.34928757e+02, 1.38932800e+02,
    1.35469788e+02, 2.12057159e+02, 1.34151230e+02, 2.22511856e+02,
    1.26205399e+02, 2.34020950e+02, 1.24388351e+02, 2.45050552e+02,
    1.31270294e+02, 2.33177551e+02, 1.36544205e+02, 2.22124268e+02,
    1.36245300e+02, 1.45936249e+02, 2.25641281e+02, 1.55477707e+02,
    2.16467300e+02, 1.66500031e+02, 2.11934860e+02, 1.76191803e+02,
    2.14880753e+02, 1.87788574e+02, 2.13043884e+02, 2.04313568e+02,
    2.19499237e+02, 2.17775391e+02, 2.25802292e+02, 2.06071854e+02,
    2.31116180e+02, 1.89971893e+02, 2.33502167e+02, 1.77219299e+02,
    2.33153870e+02, 1.67012314e+02, 2.33051865e+02, 1.56798508e+02,
    2.30779861e+02, 1.52701782e+02, 2.25963593e+02, 1.67453186e+02,
    2.22498291e+02, 1.76705353e+02, 2.24091751e+02, 1.88954315e+02,
    2.23097229e+02, 2.12460403e+02, 2.25882935e+02, 1.88954315e+02,
    2.23097229e+02, 1.76705353e+02, 2.24091751e+02, 1.67453186e+02,
    2.22498291e+02 ]
noOfLandmarkPoint: 68
