%YAML:1.0
landmark: [ 1.10793877e+02, 1.56139053e+02, 1.10596832e+02,
    1.72559158e+02, 1.11863266e+02, 1.87909897e+02, 1.12821762e+02,
    2.02585327e+02, 1.17610268e+02, 2.17737015e+02, 1.26819901e+02,
    2.34692810e+02, 1.34143265e+02, 2.49142487e+02, 1.46480362e+02,
    2.70607910e+02, 1.60760223e+02, 2.73165161e+02, 1.82475815e+02,
    2.72910675e+02, 2.06349640e+02, 2.61620483e+02, 2.23341644e+02,
    2.51125000e+02, 2.38299698e+02, 2.35906403e+02, 2.47308640e+02,
    2.18746948e+02, 2.49699722e+02, 1.90914749e+02, 2.50275009e+02,
    1.69348663e+02, 2.50362427e+02, 1.45714264e+02, 1.10118584e+02,
    1.44053909e+02, 1.15712280e+02, 1.36117569e+02, 1.25672035e+02,
    1.33629822e+02, 1.34783508e+02, 1.35445755e+02, 1.44860153e+02,
    1.38739304e+02, 1.71678513e+02, 1.38034561e+02, 1.85581421e+02,
    1.34453720e+02, 1.98799789e+02, 1.33175766e+02, 2.11250854e+02,
    1.34663467e+02, 2.21973068e+02, 1.40249237e+02, 1.56716965e+02,
    1.53027496e+02, 1.55573090e+02, 1.66562714e+02, 1.54447739e+02,
    1.80112732e+02, 1.53480148e+02, 1.93629669e+02, 1.41522064e+02,
    1.98613724e+02, 1.48478043e+02, 2.02950699e+02, 1.56308380e+02,
    2.07146057e+02, 1.66088516e+02, 2.02314987e+02, 1.74594223e+02,
    1.98842285e+02, 1.23610870e+02, 1.52994247e+02, 1.27110367e+02,
    1.48844910e+02, 1.36836441e+02, 1.49681717e+02, 1.44115494e+02,
    1.54067917e+02, 1.36776489e+02, 1.53995255e+02, 1.28848618e+02,
    1.54210983e+02, 1.82277618e+02, 1.54149628e+02, 1.87233765e+02,
    1.49485413e+02, 1.96201599e+02, 1.49368393e+02, 2.04677170e+02,
    1.52362717e+02, 1.97561905e+02, 1.54163589e+02, 1.90372482e+02,
    1.54441803e+02, 1.34030380e+02, 2.11485031e+02, 1.40867111e+02,
    2.10780807e+02, 1.47738022e+02, 2.12088058e+02, 1.56699158e+02,
    2.16143829e+02, 1.74331558e+02, 2.13061386e+02, 1.83940857e+02,
    2.11495117e+02, 2.00837646e+02, 2.14779343e+02, 1.86558304e+02,
    2.33902634e+02, 1.76051514e+02, 2.39282272e+02, 1.56846069e+02,
    2.40043732e+02, 1.47156174e+02, 2.37508865e+02, 1.39771851e+02,
    2.28335693e+02, 1.36762283e+02, 2.14104050e+02, 1.48116837e+02,
    2.17574097e+02, 1.56776337e+02, 2.19357010e+02, 1.74586044e+02,
    2.17484528e+02, 1.97767105e+02, 2.15709122e+02, 1.75409149e+02,
    2.31616669e+02, 1.56451981e+02, 2.32636200e+02, 1.47747314e+02,
    2.28383392e+02 ]
noOfLandmarkPoint: 68
