%YAML:1.0
landmark: [ 2.56735138e+02, 1.84936157e+02, 2.57194244e+02,
    2.10773911e+02, 2.58594574e+02, 2.38735153e+02, 2.61332184e+02,
    2.65032013e+02, 2.66170288e+02, 2.85589661e+02, 2.74882263e+02,
    3.02841553e+02, 2.93339417e+02, 3.16701630e+02, 3.15814240e+02,
    3.31789978e+02, 3.43987671e+02, 3.34372559e+02, 3.65068878e+02,
    3.32809875e+02, 3.87226410e+02, 3.18165039e+02, 4.06274689e+02,
    3.00276031e+02, 4.15445801e+02, 2.80395599e+02, 4.18005402e+02,
    2.59114807e+02, 4.20524933e+02, 2.35532547e+02, 4.23698669e+02,
    2.11786530e+02, 4.26421631e+02, 1.89102539e+02, 2.67061646e+02,
    1.51477722e+02, 2.75297333e+02, 1.39641922e+02, 2.89675232e+02,
    1.33539886e+02, 3.06608368e+02, 1.34391632e+02, 3.21227875e+02,
    1.40214035e+02, 3.65721680e+02, 1.40302963e+02, 3.81332733e+02,
    1.39120697e+02, 3.96441589e+02, 1.40233047e+02, 4.09306702e+02,
    1.48038574e+02, 4.17442749e+02, 1.60274536e+02, 3.42815277e+02,
    1.75006287e+02, 3.42680695e+02, 1.92785202e+02, 3.42500793e+02,
    2.10455215e+02, 3.43031494e+02, 2.27565628e+02, 3.24801086e+02,
    2.35835007e+02, 3.34225006e+02, 2.38831848e+02, 3.42770874e+02,
    2.41232285e+02, 3.51076996e+02, 2.39967941e+02, 3.58746216e+02,
    2.39515335e+02, 2.85327576e+02, 1.81200165e+02, 2.95011230e+02,
    1.74132950e+02, 3.06802551e+02, 1.75247818e+02, 3.15475372e+02,
    1.85033981e+02, 3.05558136e+02, 1.88580780e+02, 2.93385376e+02,
    1.88471741e+02, 3.69159454e+02, 1.85470108e+02, 3.79034943e+02,
    1.76184937e+02, 3.89347015e+02, 1.75629318e+02, 3.98788574e+02,
    1.83395905e+02, 3.90553497e+02, 1.90710388e+02, 3.78858612e+02,
    1.91559433e+02, 3.08619507e+02, 2.72526855e+02, 3.18432678e+02,
    2.58083313e+02, 3.31167358e+02, 2.55761688e+02, 3.38251495e+02,
    2.58982910e+02, 3.48100677e+02, 2.59106628e+02, 3.61262604e+02,
    2.65873199e+02, 3.76310760e+02, 2.75928101e+02, 3.60452484e+02,
    2.80365936e+02, 3.47183777e+02, 2.80907440e+02, 3.38411774e+02,
    2.80787781e+02, 3.30843658e+02, 2.81027100e+02, 3.18652618e+02,
    2.79401611e+02, 3.12520081e+02, 2.71557007e+02, 3.30735229e+02,
    2.64943420e+02, 3.38413452e+02, 2.66889221e+02, 3.47369598e+02,
    2.67059601e+02, 3.71083191e+02, 2.76708191e+02, 3.47193176e+02,
    2.73912842e+02, 3.38168945e+02, 2.73565521e+02, 3.30755524e+02,
    2.72486267e+02 ]
noOfLandmarkPoint: 68
