%YAML:1.0
landmark: [ 1.15268440e+02, 1.09920677e+02, 1.14135414e+02,
    1.22114586e+02, 1.14962349e+02, 1.35347809e+02, 1.16801270e+02,
    1.49928787e+02, 1.23967209e+02, 1.62367096e+02, 1.30461624e+02,
    1.73610687e+02, 1.37723618e+02, 1.84427170e+02, 1.48996872e+02,
    1.95915161e+02, 1.60274841e+02, 2.00758072e+02, 1.72471100e+02,
    1.99990479e+02, 1.85706665e+02, 1.92545761e+02, 1.96091324e+02,
    1.83814972e+02, 2.04148224e+02, 1.75726044e+02, 2.10580948e+02,
    1.65064972e+02, 2.14256439e+02, 1.52076157e+02, 2.17381439e+02,
    1.37006363e+02, 2.20906250e+02, 1.22210640e+02, 1.24919868e+02,
    1.02290894e+02, 1.34435715e+02, 1.00340195e+02, 1.42692841e+02,
    1.02147102e+02, 1.51781494e+02, 1.03270248e+02, 1.59553574e+02,
    1.08818794e+02, 1.75596100e+02, 1.11145065e+02, 1.85931259e+02,
    1.07449120e+02, 1.96111084e+02, 1.07799408e+02, 2.04831985e+02,
    1.07589966e+02, 2.12684036e+02, 1.14326454e+02, 1.67857590e+02,
    1.20619827e+02, 1.67222214e+02, 1.30153534e+02, 1.66095367e+02,
    1.39852585e+02, 1.64962341e+02, 1.49625046e+02, 1.57065720e+02,
    1.51105499e+02, 1.60242538e+02, 1.53402557e+02, 1.64930328e+02,
    1.56089783e+02, 1.68852585e+02, 1.54559296e+02, 1.73387039e+02,
    1.53302887e+02, 1.36377136e+02, 1.15694946e+02, 1.42359619e+02,
    1.13069397e+02, 1.49934280e+02, 1.14006516e+02, 1.54790085e+02,
    1.19478394e+02, 1.48068405e+02, 1.20134735e+02, 1.40768509e+02,
    1.19529388e+02, 1.81197556e+02, 1.23034386e+02, 1.86851746e+02,
    1.17894325e+02, 1.94187637e+02, 1.17916252e+02, 1.99245987e+02,
    1.22329323e+02, 1.94117798e+02, 1.25067299e+02, 1.87525543e+02,
    1.25068245e+02, 1.45022247e+02, 1.62045914e+02, 1.53286926e+02,
    1.63657867e+02, 1.60593079e+02, 1.64570892e+02, 1.64120239e+02,
    1.65911072e+02, 1.69271530e+02, 1.65273819e+02, 1.75832886e+02,
    1.65901184e+02, 1.82487961e+02, 1.67518448e+02, 1.75264191e+02,
    1.74947662e+02, 1.69031906e+02, 1.77258423e+02, 1.63972015e+02,
    1.77457230e+02, 1.59174011e+02, 1.76815811e+02, 1.52387390e+02,
    1.73173767e+02, 1.48813217e+02, 1.64933014e+02, 1.59770111e+02,
    1.70094543e+02, 1.63904816e+02, 1.71116425e+02, 1.69148804e+02,
    1.70531616e+02, 1.77923843e+02, 1.69478394e+02, 1.69148804e+02,
    1.70531616e+02, 1.63904816e+02, 1.71116425e+02, 1.59770111e+02,
    1.70094543e+02 ]
noOfLandmarkPoint: 68
