%YAML:1.0
landmark: [ 1.87496307e+02, 2.34072952e+02, 1.87040039e+02,
    2.56587677e+02, 1.87528397e+02, 2.82866486e+02, 1.93336761e+02,
    3.09822205e+02, 2.08156036e+02, 3.38649567e+02, 2.28340164e+02,
    3.60782806e+02, 2.54016006e+02, 3.77023041e+02, 2.82867889e+02,
    3.85555084e+02, 3.09247131e+02, 3.85839203e+02, 3.27506073e+02,
    3.76965424e+02, 3.36868683e+02, 3.58385254e+02, 3.51146332e+02,
    3.38071381e+02, 3.62060486e+02, 3.16472687e+02, 3.70702637e+02,
    2.95350922e+02, 3.78650024e+02, 2.76974457e+02, 3.82628113e+02,
    2.55942596e+02, 3.79849243e+02, 2.33460434e+02, 2.34605179e+02,
    2.08581116e+02, 2.53712967e+02, 2.01800949e+02, 2.72422668e+02,
    2.00209976e+02, 2.91468781e+02, 2.02851379e+02, 3.09926544e+02,
    2.08911865e+02, 3.34188354e+02, 2.09319229e+02, 3.46974335e+02,
    2.05348831e+02, 3.57897888e+02, 2.01979477e+02, 3.66966644e+02,
    2.02285278e+02, 3.73127411e+02, 2.07264618e+02, 3.23570221e+02,
    2.27218491e+02, 3.26526703e+02, 2.40979858e+02, 3.29912628e+02,
    2.54602783e+02, 3.33283722e+02, 2.70038422e+02, 3.04525024e+02,
    2.79474182e+02, 3.13952942e+02, 2.82674377e+02, 3.21760162e+02,
    2.85060303e+02, 3.31992615e+02, 2.82700012e+02, 3.39601410e+02,
    2.78029175e+02, 2.52832962e+02, 2.30875916e+02, 2.65637695e+02,
    2.22192841e+02, 2.81075958e+02, 2.21174698e+02, 2.91005249e+02,
    2.28995239e+02, 2.79893250e+02, 2.33720718e+02, 2.66604950e+02,
    2.35316208e+02, 3.32370300e+02, 2.31181793e+02, 3.41383240e+02,
    2.21545898e+02, 3.53883423e+02, 2.20082413e+02, 3.62949982e+02,
    2.27503586e+02, 3.57168518e+02, 2.33392975e+02, 3.44219238e+02,
    2.33839493e+02, 2.68421844e+02, 3.07373627e+02, 2.89638855e+02,
    3.00461578e+02, 3.11811096e+02, 2.96633728e+02, 3.21699341e+02,
    2.98207550e+02, 3.30268860e+02, 2.96203278e+02, 3.38344971e+02,
    2.97433807e+02, 3.44794312e+02, 3.02041443e+02, 3.35925659e+02,
    3.21740387e+02, 3.27143707e+02, 3.38297394e+02, 3.16414368e+02,
    3.41903809e+02, 3.04028290e+02, 3.39888519e+02, 2.86551453e+02,
    3.32014038e+02, 2.71616913e+02, 3.07664581e+02, 3.11303375e+02,
    3.03491760e+02, 3.21363464e+02, 3.04376190e+02, 3.29219604e+02,
    3.03310089e+02, 3.41589233e+02, 3.03204254e+02, 3.27690552e+02,
    3.25203888e+02, 3.17704376e+02, 3.29114227e+02, 3.06766327e+02,
    3.29260071e+02 ]
noOfLandmarkPoint: 68
