%YAML:1.0
landmark: [ 1.56386429e+02, 1.71127960e+02, 1.59108398e+02,
    1.91500458e+02, 1.62597778e+02, 2.12343674e+02, 1.68637543e+02,
    2.32016068e+02, 1.79320587e+02, 2.54231750e+02, 1.93148682e+02,
    2.65036041e+02, 2.10142609e+02, 2.76174896e+02, 2.33263626e+02,
    2.86695404e+02, 2.57493958e+02, 2.89704193e+02, 2.73819672e+02,
    2.81645874e+02, 2.84113861e+02, 2.64758423e+02, 2.93710266e+02,
    2.48358978e+02, 3.01147278e+02, 2.30876007e+02, 3.04369934e+02,
    2.12933319e+02, 3.04699768e+02, 1.95019836e+02, 3.05024933e+02,
    1.76815598e+02, 3.01326447e+02, 1.60047043e+02, 1.79634781e+02,
    1.56263062e+02, 1.91018768e+02, 1.46327118e+02, 2.04597015e+02,
    1.40712708e+02, 2.20857376e+02, 1.41671082e+02, 2.35896454e+02,
    1.46116943e+02, 2.63998566e+02, 1.41912766e+02, 2.71820160e+02,
    1.36986526e+02, 2.80788940e+02, 1.32968109e+02, 2.90611328e+02,
    1.30911209e+02, 2.98089203e+02, 1.35807007e+02, 2.49375137e+02,
    1.59477310e+02, 2.52579590e+02, 1.73760040e+02, 2.55975189e+02,
    1.88691498e+02, 2.60141449e+02, 2.03719086e+02, 2.40802597e+02,
    2.10511826e+02, 2.49737976e+02, 2.11403076e+02, 2.58432220e+02,
    2.15207657e+02, 2.65006714e+02, 2.10824677e+02, 2.71364471e+02,
    2.07645782e+02, 2.02184525e+02, 1.68654343e+02, 2.12088547e+02,
    1.61907593e+02, 2.22680878e+02, 1.60557693e+02, 2.28134354e+02,
    1.68220261e+02, 2.20843994e+02, 1.70840317e+02, 2.11625046e+02,
    1.70661209e+02, 2.65822479e+02, 1.63819107e+02, 2.72789764e+02,
    1.56304184e+02, 2.82638977e+02, 1.52261917e+02, 2.87101654e+02,
    1.58924561e+02, 2.84331757e+02, 1.63570709e+02, 2.74483185e+02,
    1.64848862e+02, 2.12974136e+02, 2.33548599e+02, 2.33052658e+02,
    2.26518738e+02, 2.47334305e+02, 2.24928558e+02, 2.58353546e+02,
    2.25062744e+02, 2.64822357e+02, 2.21805420e+02, 2.72802246e+02,
    2.20631775e+02, 2.81407806e+02, 2.21951538e+02, 2.75093964e+02,
    2.47386292e+02, 2.67119598e+02, 2.52652832e+02, 2.58308655e+02,
    2.54133957e+02, 2.47623505e+02, 2.54649780e+02, 2.34589920e+02,
    2.53054398e+02, 2.16307144e+02, 2.34736053e+02, 2.47510056e+02,
    2.31123825e+02, 2.58274628e+02, 2.29684998e+02, 2.65310822e+02,
    2.27746353e+02, 2.75733734e+02, 2.25529709e+02, 2.66426788e+02,
    2.42769669e+02, 2.57839386e+02, 2.46458481e+02, 2.47279938e+02,
    2.47297119e+02 ]
noOfLandmarkPoint: 68
