%YAML:1.0
landmark: [ 9.71385956e+01, 2.31418106e+02, 1.01282478e+02,
    2.53449005e+02, 1.07982018e+02, 2.69507202e+02, 1.17651077e+02,
    2.90226624e+02, 1.27320145e+02, 3.13017975e+02, 1.36298553e+02,
    3.33046753e+02, 1.48039566e+02, 3.51694244e+02, 1.58399277e+02,
    3.73794952e+02, 1.80293060e+02, 3.80643677e+02, 2.12361191e+02,
    3.75590149e+02, 2.43175629e+02, 3.57852295e+02, 2.71318878e+02,
    3.38952179e+02, 2.93903290e+02, 3.14998505e+02, 3.07658478e+02,
    2.81859497e+02, 3.09258789e+02, 2.50296661e+02, 3.01144318e+02,
    2.15189163e+02, 2.94030884e+02, 1.85698257e+02, 8.03561172e+01,
    2.00442444e+02, 9.03933563e+01, 1.92361618e+02, 1.01121246e+02,
    1.90761322e+02, 1.10093208e+02, 1.87251007e+02, 1.26882309e+02,
    1.90958206e+02, 1.41808548e+02, 1.91633148e+02, 1.64531723e+02,
    1.84878311e+02, 1.87972076e+02, 1.79020309e+02, 2.11429962e+02,
    1.80298141e+02, 2.34553329e+02, 1.88631607e+02, 1.37576385e+02,
    2.17465515e+02, 1.37046982e+02, 2.35951752e+02, 1.37150436e+02,
    2.52481598e+02, 1.37518616e+02, 2.71071320e+02, 1.32477142e+02,
    2.80131622e+02, 1.40430389e+02, 2.83527069e+02, 1.50202927e+02,
    2.85276550e+02, 1.63370926e+02, 2.79440979e+02, 1.75418900e+02,
    2.75599854e+02, 1.03992714e+02, 2.17256439e+02, 1.08716072e+02,
    2.09850021e+02, 1.19423004e+02, 2.08660263e+02, 1.29164032e+02,
    2.14968506e+02, 1.20489502e+02, 2.19343704e+02, 1.11106003e+02,
    2.20218124e+02, 1.81327972e+02, 2.09318924e+02, 1.84087357e+02,
    1.99379562e+02, 2.00407776e+02, 1.97857620e+02, 2.13866226e+02,
    2.01950058e+02, 2.04175827e+02, 2.07731659e+02, 1.90759338e+02,
    2.10150070e+02, 1.36783325e+02, 3.19646851e+02, 1.43361023e+02,
    3.13952301e+02, 1.52906158e+02, 3.12445862e+02, 1.59536194e+02,
    3.13183014e+02, 1.67033646e+02, 3.10185577e+02, 1.85149780e+02,
    3.09626099e+02, 2.05931870e+02, 3.14686462e+02, 1.88221497e+02,
    3.24732025e+02, 1.71486618e+02, 3.30774200e+02, 1.63827667e+02,
    3.31429016e+02, 1.56784607e+02, 3.31900452e+02, 1.46377975e+02,
    3.26073761e+02, 1.41536850e+02, 3.19527557e+02, 1.54357727e+02,
    3.17909912e+02, 1.61048340e+02, 3.18162079e+02, 1.68540115e+02,
    3.16555725e+02, 2.00338806e+02, 3.14928680e+02, 1.68540115e+02,
    3.16555725e+02, 1.61048340e+02, 3.18162079e+02, 1.54357727e+02,
    3.17909912e+02 ]
noOfLandmarkPoint: 68
