%YAML:1.0
landmark: [ 6.83647461e+01, 1.85016525e+02, 7.12039566e+01,
    2.12552856e+02, 7.69326782e+01, 2.37036102e+02, 8.48886185e+01,
    2.60291931e+02, 9.28445511e+01, 2.79875763e+02, 1.07374901e+02,
    3.02776672e+02, 1.25626999e+02, 3.23249542e+02, 1.42960220e+02,
    3.36446625e+02, 1.62534103e+02, 3.40078522e+02, 1.80349899e+02,
    3.38075043e+02, 1.98650009e+02, 3.26092224e+02, 2.21808029e+02,
    3.04138306e+02, 2.36587753e+02, 2.84242981e+02, 2.45176987e+02,
    2.63235504e+02, 2.49840408e+02, 2.38268387e+02, 2.54547256e+02,
    2.15412827e+02, 2.60130066e+02, 1.91110764e+02, 7.99926529e+01,
    1.75836594e+02, 9.59244385e+01, 1.72164627e+02, 1.11945068e+02,
    1.74435287e+02, 1.25311691e+02, 1.80066895e+02, 1.40089508e+02,
    1.88672852e+02, 1.81248337e+02, 1.85388733e+02, 1.97328217e+02,
    1.81167099e+02, 2.12628098e+02, 1.78127045e+02, 2.28747284e+02,
    1.76685776e+02, 2.44916260e+02, 1.77090454e+02, 1.62131622e+02,
    2.09136887e+02, 1.61667862e+02, 2.27360504e+02, 1.61369431e+02,
    2.48657135e+02, 1.61083038e+02, 2.68982025e+02, 1.44680298e+02,
    2.71146179e+02, 1.52038040e+02, 2.74759918e+02, 1.61223221e+02,
    2.78618134e+02, 1.71686890e+02, 2.74664886e+02, 1.80843796e+02,
    2.72209747e+02, 1.00435638e+02, 2.03396286e+02, 1.09812927e+02,
    1.96841797e+02, 1.23296730e+02, 1.97266388e+02, 1.34314255e+02,
    2.07970856e+02, 1.22022957e+02, 2.11539627e+02, 1.08806206e+02,
    2.10108322e+02, 1.88168213e+02, 2.10730270e+02, 1.97338043e+02,
    2.01067383e+02, 2.09091476e+02, 1.98549911e+02, 2.22468430e+02,
    2.04077713e+02, 2.14009628e+02, 2.12161575e+02, 1.98719711e+02,
    2.14392288e+02, 1.28804688e+02, 2.92540253e+02, 1.43041718e+02,
    2.92435089e+02, 1.53281921e+02, 2.92976105e+02, 1.62287994e+02,
    2.95813019e+02, 1.71607758e+02, 2.92609039e+02, 1.84119995e+02,
    2.92178589e+02, 1.96435455e+02, 2.92097107e+02, 1.84608429e+02,
    3.04822662e+02, 1.72223862e+02, 3.11415771e+02, 1.62220795e+02,
    3.12301422e+02, 1.52688385e+02, 3.11713928e+02, 1.42286957e+02,
    3.06366577e+02, 1.33295959e+02, 2.93784149e+02, 1.53333878e+02,
    2.98721191e+02, 1.62407120e+02, 3.00608154e+02, 1.71645920e+02,
    2.98922943e+02, 1.91306641e+02, 2.93825012e+02, 1.71645920e+02,
    2.98922943e+02, 1.62407120e+02, 3.00608154e+02, 1.53333878e+02,
    2.98721191e+02 ]
noOfLandmarkPoint: 68
