%YAML:1.0
landmark: [ 1.97719009e+02, 1.54076920e+02, 1.96657913e+02,
    1.67344116e+02, 1.95769562e+02, 1.82858902e+02, 2.02775543e+02,
    2.01064743e+02, 2.08224899e+02, 2.18886353e+02, 2.11519547e+02,
    2.43941177e+02, 2.20021408e+02, 2.68467621e+02, 2.25740540e+02,
    2.84496429e+02, 2.38557434e+02, 2.95780457e+02, 2.76800293e+02,
    2.93066284e+02, 3.04110931e+02, 2.88275970e+02, 3.30261627e+02,
    2.73062164e+02, 3.56417450e+02, 2.57881012e+02, 3.71188995e+02,
    2.31053162e+02, 3.75561615e+02, 2.00363495e+02, 3.74574768e+02,
    1.68095001e+02, 3.74750519e+02, 1.38199463e+02, 1.92335861e+02,
    1.20000717e+02, 1.99960770e+02, 1.13343048e+02, 2.10270187e+02,
    1.17070839e+02, 2.19898880e+02, 1.20659599e+02, 2.28491928e+02,
    1.24842087e+02, 2.51767563e+02, 1.19537651e+02, 2.67009155e+02,
    1.12580605e+02, 2.82757019e+02, 1.08569221e+02, 2.98415405e+02,
    1.06742851e+02, 3.15986328e+02, 1.13770592e+02, 2.40204620e+02,
    1.41474518e+02, 2.37923767e+02, 1.57933258e+02, 2.34628265e+02,
    1.74577637e+02, 2.30831177e+02, 1.91963486e+02, 2.25748901e+02,
    2.02037338e+02, 2.32417587e+02, 2.05680740e+02, 2.39801544e+02,
    2.09889435e+02, 2.50407318e+02, 2.05359634e+02, 2.60723846e+02,
    2.02626038e+02, 2.05029694e+02, 1.43371674e+02, 2.09319839e+02,
    1.36667877e+02, 2.21074158e+02, 1.37551010e+02, 2.31106537e+02,
    1.45825699e+02, 2.18273682e+02, 1.48897034e+02, 2.09916565e+02,
    1.49340149e+02, 2.74251343e+02, 1.44725204e+02, 2.82822540e+02,
    1.33840302e+02, 2.96971954e+02, 1.33853241e+02, 3.09397491e+02,
    1.39769775e+02, 2.94790710e+02, 1.46149445e+02, 2.84899933e+02,
    1.46162979e+02, 2.18156281e+02, 2.37850845e+02, 2.21673218e+02,
    2.27539429e+02, 2.31533096e+02, 2.23231628e+02, 2.39414688e+02,
    2.26328064e+02, 2.49570587e+02, 2.22949432e+02, 2.70538971e+02,
    2.28713745e+02, 2.81939667e+02, 2.35517151e+02, 2.71858337e+02,
    2.42959396e+02, 2.53249405e+02, 2.48959259e+02, 2.42577164e+02,
    2.49070007e+02, 2.33242645e+02, 2.47421448e+02, 2.25045837e+02,
    2.44747391e+02, 2.24119675e+02, 2.38273788e+02, 2.32873611e+02,
    2.35481369e+02, 2.41069321e+02, 2.36986145e+02, 2.51451187e+02,
    2.36578659e+02, 2.77489136e+02, 2.36659164e+02, 2.51451187e+02,
    2.36578659e+02, 2.41069321e+02, 2.36986145e+02, 2.32873611e+02,
    2.35481369e+02 ]
noOfLandmarkPoint: 68
