%YAML:1.0
landmark: [ 8.11694717e+01, 2.16106308e+02, 8.35670624e+01,
    2.45564529e+02, 9.06890106e+01, 2.76086060e+02, 9.84473495e+01,
    3.07356384e+02, 1.13402267e+02, 3.32436768e+02, 1.36726974e+02,
    3.54339722e+02, 1.59031097e+02, 3.71338074e+02, 1.87320389e+02,
    3.84462250e+02, 2.11188202e+02, 3.85618866e+02, 2.30704651e+02,
    3.70041229e+02, 2.39339966e+02, 3.50527496e+02, 2.43893509e+02,
    3.29447357e+02, 2.52259262e+02, 3.06736145e+02, 2.59737976e+02,
    2.83480347e+02, 2.66130249e+02, 2.60903931e+02, 2.68103729e+02,
    2.37718216e+02, 2.66130249e+02, 2.12283997e+02, 1.17095261e+02,
    1.97123337e+02, 1.31492889e+02, 1.84286301e+02, 1.50661667e+02,
    1.80984283e+02, 1.70027756e+02, 1.82858353e+02, 1.89147934e+02,
    1.88969284e+02, 2.24458572e+02, 1.91633743e+02, 2.35617035e+02,
    1.80141068e+02, 2.49015610e+02, 1.72041183e+02, 2.60930359e+02,
    1.69270721e+02, 2.70613220e+02, 1.75106903e+02, 2.12680481e+02,
    2.14192368e+02, 2.18467468e+02, 2.30511795e+02, 2.24520020e+02,
    2.45808945e+02, 2.30297562e+02, 2.61375671e+02, 1.98147125e+02,
    2.82753845e+02, 2.07783081e+02, 2.87084930e+02, 2.17162460e+02,
    2.90964508e+02, 2.27162018e+02, 2.85863647e+02, 2.33422195e+02,
    2.79603455e+02, 1.42017517e+02, 2.13406601e+02, 1.53811508e+02,
    2.05000839e+02, 1.65555954e+02, 2.04196960e+02, 1.76139923e+02,
    2.13191986e+02, 1.66061142e+02, 2.19459213e+02, 1.53634613e+02,
    2.20242386e+02, 2.28103699e+02, 2.09376007e+02, 2.40104614e+02,
    1.99026138e+02, 2.50891190e+02, 1.98114716e+02, 2.57559601e+02,
    2.05147690e+02, 2.52326660e+02, 2.13373199e+02, 2.41069534e+02,
    2.14041367e+02, 1.74126068e+02, 3.21491425e+02, 1.89942902e+02,
    3.15276428e+02, 2.03545731e+02, 3.10756012e+02, 2.15270782e+02,
    3.11939087e+02, 2.25167892e+02, 3.08248779e+02, 2.33772018e+02,
    3.08301849e+02, 2.41860275e+02, 3.10750214e+02, 2.35314270e+02,
    3.22678040e+02, 2.26686508e+02, 3.32778534e+02, 2.14369064e+02,
    3.36113068e+02, 1.97512466e+02, 3.32981018e+02, 1.82878525e+02,
    3.26160675e+02, 1.77798035e+02, 3.20879425e+02, 2.02672531e+02,
    3.20510010e+02, 2.14708817e+02, 3.19687805e+02, 2.26408951e+02,
    3.17394318e+02, 2.37392349e+02, 3.12899872e+02, 2.26662170e+02,
    3.17963348e+02, 2.14523575e+02, 3.20538177e+02, 2.02523651e+02,
    3.21674438e+02 ]
noOfLandmarkPoint: 68
