%YAML:1.0
landmark: [ 1.21021141e+02, 1.48161026e+02, 1.24106789e+02,
    1.65578033e+02, 1.27761200e+02, 1.83571472e+02, 1.33791245e+02,
    2.01371490e+02, 1.42668991e+02, 2.17844360e+02, 1.55483627e+02,
    2.29763229e+02, 1.70911835e+02, 2.39020157e+02, 1.89229492e+02,
    2.44692368e+02, 2.07179764e+02, 2.45899902e+02, 2.25107468e+02,
    2.41086624e+02, 2.41754578e+02, 2.29772064e+02, 2.54828125e+02,
    2.17824844e+02, 2.61517181e+02, 2.01335663e+02, 2.63833984e+02,
    1.84392441e+02, 2.64776489e+02, 1.65921875e+02, 2.64082336e+02,
    1.47805466e+02, 2.63067841e+02, 1.30397202e+02, 1.31868515e+02,
    1.35613754e+02, 1.41631088e+02, 1.29239960e+02, 1.53541290e+02,
    1.25491524e+02, 1.66634613e+02, 1.26384705e+02, 1.76390656e+02,
    1.28004791e+02, 2.02427795e+02, 1.24074097e+02, 2.12301849e+02,
    1.18190170e+02, 2.26787888e+02, 1.16423592e+02, 2.36906906e+02,
    1.14322517e+02, 2.44227646e+02, 1.14445000e+02, 1.91162720e+02,
    1.38613708e+02, 1.93406952e+02, 1.50398895e+02, 1.95453201e+02,
    1.61943619e+02, 1.97750519e+02, 1.73418793e+02, 1.86894928e+02,
    1.79776138e+02, 1.92753662e+02, 1.81382935e+02, 1.98128693e+02,
    1.83144196e+02, 2.03332230e+02, 1.79983261e+02, 2.09322647e+02,
    1.77139923e+02, 1.52179855e+02, 1.47177521e+02, 1.58261032e+02,
    1.41052582e+02, 1.67071655e+02, 1.40111343e+02, 1.75704788e+02,
    1.45877975e+02, 1.69055908e+02, 1.47733627e+02, 1.59761536e+02,
    1.49003891e+02, 2.12257248e+02, 1.40451065e+02, 2.17795151e+02,
    1.33600388e+02, 2.26499176e+02, 1.31967712e+02, 2.33934418e+02,
    1.34904541e+02, 2.28320053e+02, 1.37913971e+02, 2.20958893e+02,
    1.39760086e+02, 1.79815475e+02, 2.05133194e+02, 1.87113998e+02,
    1.97649734e+02, 1.95210266e+02, 1.94598022e+02, 2.02260544e+02,
    1.96098740e+02, 2.09128891e+02, 1.93121597e+02, 2.18506622e+02,
    1.95075348e+02, 2.27740387e+02, 2.01039047e+02, 2.20480072e+02,
    2.09824905e+02, 2.12369614e+02, 2.12369873e+02, 2.04866684e+02,
    2.14324051e+02, 1.97199738e+02, 2.14450424e+02, 1.88055283e+02,
    2.13249573e+02, 1.85298004e+02, 2.04263626e+02, 1.95923004e+02,
    2.03180954e+02, 2.03081894e+02, 2.03112915e+02, 2.10890533e+02,
    2.00884995e+02, 2.23325714e+02, 2.00861771e+02, 2.10890533e+02,
    2.00884995e+02, 2.03081894e+02, 2.03112915e+02, 1.95923004e+02,
    2.03180954e+02 ]
noOfLandmarkPoint: 68
