%YAML:1.0
landmark: [ 1.24910599e+02, 2.50848389e+02, 1.28689056e+02,
    2.80652191e+02, 1.36468689e+02, 3.12745331e+02, 1.43981567e+02,
    3.42248688e+02, 1.60733856e+02, 3.68114319e+02, 1.89140900e+02,
    3.83673584e+02, 2.20559830e+02, 3.97021210e+02, 2.49325989e+02,
    4.02196411e+02, 2.77073517e+02, 4.03389404e+02, 3.01703644e+02,
    3.95095917e+02, 3.14734650e+02, 3.73978394e+02, 3.26389404e+02,
    3.50935608e+02, 3.31423889e+02, 3.26277679e+02, 3.34639496e+02,
    3.08084625e+02, 3.40396545e+02, 2.82359711e+02, 3.41337494e+02,
    2.61499207e+02, 3.38921844e+02, 2.40321198e+02, 1.64924362e+02,
    2.28201385e+02, 1.83483185e+02, 2.15271851e+02, 2.05866516e+02,
    2.02116608e+02, 2.30053864e+02, 2.04194702e+02, 2.55013000e+02,
    2.07151566e+02, 2.81252563e+02, 2.11183823e+02, 2.95505585e+02,
    2.05050049e+02, 3.11092285e+02, 2.01018234e+02, 3.25066132e+02,
    1.99889816e+02, 3.36306488e+02, 2.07574753e+02, 2.75223572e+02,
    2.34002640e+02, 2.79333527e+02, 2.44732254e+02, 2.83897522e+02,
    2.55334717e+02, 2.89465515e+02, 2.67004150e+02, 2.59525208e+02,
    2.88393799e+02, 2.72116730e+02, 2.90061646e+02, 2.80977997e+02,
    2.91332336e+02, 2.86812744e+02, 2.89920929e+02, 2.92836517e+02,
    2.87316498e+02, 2.02697174e+02, 2.34759811e+02, 2.14058487e+02,
    2.29188995e+02, 2.25796127e+02, 2.27904327e+02, 2.35575897e+02,
    2.36859955e+02, 2.25117401e+02, 2.40282684e+02, 2.13908005e+02,
    2.40897049e+02, 2.91638489e+02, 2.36128555e+02, 3.03593597e+02,
    2.29208969e+02, 3.13784271e+02, 2.28358231e+02, 3.21076508e+02,
    2.34189301e+02, 3.14600342e+02, 2.38670761e+02, 3.04904602e+02,
    2.38703735e+02, 2.33858871e+02, 3.30266571e+02, 2.48753052e+02,
    3.27025299e+02, 2.70087738e+02, 3.18985870e+02, 2.81160980e+02,
    3.20700470e+02, 2.90736969e+02, 3.16907501e+02, 3.01078552e+02,
    3.20454712e+02, 3.08200226e+02, 3.25621490e+02, 3.01026031e+02,
    3.36882538e+02, 2.91549561e+02, 3.37619446e+02, 2.81882324e+02,
    3.38004089e+02, 2.71141663e+02, 3.38149536e+02, 2.49048782e+02,
    3.34783600e+02, 2.40158386e+02, 3.31265442e+02, 2.70478943e+02,
    3.29653870e+02, 2.80591370e+02, 3.28830444e+02, 2.90843903e+02,
    3.27726196e+02, 3.04179504e+02, 3.26824310e+02, 2.90843903e+02,
    3.27726196e+02, 2.80591370e+02, 3.28830444e+02, 2.70478943e+02,
    3.29653870e+02 ]
noOfLandmarkPoint: 68
