%YAML:1.0
landmark: [ 2.39824890e+02, 6.11269341e+01, 2.40391403e+02,
    7.92572021e+01, 2.42494507e+02, 9.71020355e+01, 2.44614670e+02,
    1.13973106e+02, 2.52689209e+02, 1.28292206e+02, 2.61971466e+02,
    1.42841461e+02, 2.74147430e+02, 1.54213852e+02, 2.89061127e+02,
    1.62919952e+02, 3.04975891e+02, 1.65516098e+02, 3.20695038e+02,
    1.63094315e+02, 3.32536224e+02, 1.53318787e+02, 3.44273163e+02,
    1.40148407e+02, 3.52916107e+02, 1.25936241e+02, 3.59862579e+02,
    1.10463242e+02, 3.65119873e+02, 9.55887527e+01, 3.65976868e+02,
    7.90140839e+01, 3.66351929e+02, 6.29191780e+01, 2.49330887e+02,
    4.66059113e+01, 2.58589996e+02, 3.82784729e+01, 2.72889069e+02,
    3.70999680e+01, 2.85411102e+02, 4.04489136e+01, 2.97343872e+02,
    4.57521782e+01, 3.15779663e+02, 4.65275002e+01, 3.25847626e+02,
    4.21774864e+01, 3.39028442e+02, 4.00886955e+01, 3.51802002e+02,
    4.08626366e+01, 3.60565796e+02, 4.75064430e+01, 3.07196411e+02,
    5.91581535e+01, 3.07336884e+02, 7.11075745e+01, 3.07425995e+02,
    8.30319366e+01, 3.07703400e+02, 9.59774628e+01, 2.94281189e+02,
    1.02953674e+02, 3.00605927e+02, 1.04132172e+02, 3.06862305e+02,
    1.05742912e+02, 3.12981964e+02, 1.04691879e+02, 3.17755096e+02,
    1.04082336e+02, 2.63926117e+02, 6.17395592e+01, 2.70843750e+02,
    5.74272766e+01, 2.79895874e+02, 5.72738304e+01, 2.85664490e+02,
    6.23809204e+01, 2.76970245e+02, 6.28714943e+01, 2.70115143e+02,
    6.27430649e+01, 3.26091614e+02, 6.38576736e+01, 3.31941986e+02,
    5.98874626e+01, 3.38905823e+02, 5.99909363e+01, 3.45504059e+02,
    6.28853683e+01, 3.39594666e+02, 6.46015625e+01, 3.32017731e+02,
    6.45442276e+01, 2.88711975e+02, 1.24020737e+02, 2.88457031e+02,
    1.11940201e+02, 2.95980560e+02, 1.09769760e+02, 3.06577820e+02,
    1.09769760e+02, 3.16094513e+02, 1.09426170e+02, 3.23304016e+02,
    1.11626167e+02, 3.25749664e+02, 1.25258339e+02, 3.22138184e+02,
    1.29637009e+02, 3.15580841e+02, 1.35311920e+02, 3.06854065e+02,
    1.36576065e+02, 2.97402374e+02, 1.34290268e+02, 2.90566498e+02,
    1.27967331e+02, 2.92247467e+02, 1.23244919e+02, 2.97334259e+02,
    1.22103485e+02, 3.06536896e+02, 1.21323395e+02, 3.15533997e+02,
    1.21818245e+02, 3.21841034e+02, 1.23677155e+02, 3.15533997e+02,
    1.21818245e+02, 3.06536896e+02, 1.21323395e+02, 2.97334259e+02,
    1.22103485e+02 ]
noOfLandmarkPoint: 68
