%YAML:1.0
landmark: [ 3.38291382e+02, 3.17052063e+02, 3.50690491e+02,
    3.56332092e+02, 3.66643311e+02, 3.96473755e+02, 3.84160095e+02,
    4.35878021e+02, 4.06058380e+02, 4.73733093e+02, 4.33863556e+02,
    5.02163818e+02, 4.68774414e+02, 5.24502930e+02, 5.09295807e+02,
    5.46701843e+02, 5.56670898e+02, 5.42793091e+02, 5.89337769e+02,
    5.22347473e+02, 6.20507324e+02, 4.97166840e+02, 6.48598572e+02,
    4.62591736e+02, 6.70373657e+02, 4.22941925e+02, 6.80015625e+02,
    3.77311523e+02, 6.81592590e+02, 3.21632324e+02, 6.74362183e+02,
    2.75662231e+02, 6.57661743e+02, 2.35513367e+02, 3.37732117e+02,
    2.89745209e+02, 3.51500000e+02, 2.66252869e+02, 3.77745850e+02,
    2.61600555e+02, 4.03492645e+02, 2.56781464e+02, 4.27607513e+02,
    2.62619324e+02, 4.90381042e+02, 2.43645218e+02, 5.19269775e+02,
    2.23948944e+02, 5.46751709e+02, 2.13177704e+02, 5.76822510e+02,
    2.11339340e+02, 6.06189636e+02, 2.12253632e+02, 4.67915558e+02,
    2.90089478e+02, 4.74141937e+02, 3.22454376e+02, 4.79044708e+02,
    3.52709686e+02, 4.84050934e+02, 3.81628510e+02, 4.72286926e+02,
    4.10654144e+02, 4.85124817e+02, 4.11865997e+02, 4.99099609e+02,
    4.11717804e+02, 5.15494934e+02, 4.04158539e+02, 5.28973267e+02,
    3.95890778e+02, 3.80129913e+02, 3.24530396e+02, 3.94926239e+02,
    3.09402771e+02, 4.16537750e+02, 3.03585724e+02, 4.41642853e+02,
    3.10899994e+02, 4.22107361e+02, 3.26442871e+02, 3.94930420e+02,
    3.33589386e+02, 5.25000305e+02, 2.88701965e+02, 5.37227661e+02,
    2.70918884e+02, 5.59837341e+02, 2.63189392e+02, 5.81448853e+02,
    2.69505524e+02, 5.71966309e+02, 2.80896332e+02, 5.47863586e+02,
    2.90286621e+02, 4.66408264e+02, 4.65330414e+02, 4.85687958e+02,
    4.56023987e+02, 5.01897675e+02, 4.47296326e+02, 5.15532227e+02,
    4.47208282e+02, 5.27342468e+02, 4.40309204e+02, 5.50199585e+02,
    4.37650208e+02, 5.84355286e+02, 4.27429504e+02, 5.59841492e+02,
    4.58838165e+02, 5.40557617e+02, 4.71474609e+02, 5.25920715e+02,
    4.76465424e+02, 5.12529419e+02, 4.79044708e+02, 4.94243683e+02,
    4.79208282e+02, 4.76876434e+02, 4.64915192e+02, 5.04358429e+02,
    4.56219574e+02, 5.18084045e+02, 4.55290955e+02, 5.31686890e+02,
    4.49713470e+02, 5.70229980e+02, 4.37813782e+02, 5.31686890e+02,
    4.49713470e+02, 5.18084045e+02, 4.55290955e+02, 5.04358429e+02,
    4.56219574e+02 ]
noOfLandmarkPoint: 68
