%YAML:1.0
landmark: [ 2.37118015e+01, 3.14174652e+02, 1.49032898e+01,
    3.53845398e+02, 8.62572956e+00, 3.95647675e+02, 1.12398567e+01,
    4.42370148e+02, 2.94976139e+01, 4.88626495e+02, 6.60131226e+01,
    5.35573853e+02, 1.04595337e+02, 5.71216980e+02, 1.47944061e+02,
    5.97781799e+02, 1.91586273e+02, 5.99691650e+02, 2.15530212e+02,
    5.87499878e+02, 2.33096970e+02, 5.58735352e+02, 2.47907913e+02,
    5.39395386e+02, 2.74749329e+02, 5.12012878e+02, 2.98601868e+02,
    4.81641479e+02, 3.20464569e+02, 4.48123077e+02, 3.32894470e+02,
    4.07086761e+02, 3.35042419e+02, 3.63602661e+02, 9.70303879e+01,
    2.80594116e+02, 1.24448204e+02, 2.76191650e+02, 1.56961014e+02,
    2.77629089e+02, 1.82689255e+02, 2.87302582e+02, 2.08660217e+02,
    3.02398926e+02, 2.79398499e+02, 3.07598877e+02, 3.00381287e+02,
    3.02443390e+02, 3.21918091e+02, 3.00921417e+02, 3.42853577e+02,
    3.04260010e+02, 3.52163208e+02, 3.12218079e+02, 2.54943207e+02,
    3.49458069e+02, 2.57399200e+02, 3.79679565e+02, 2.61079102e+02,
    4.10750183e+02, 2.65524933e+02, 4.39289886e+02, 2.09993927e+02,
    4.54866791e+02, 2.24971237e+02, 4.61310699e+02, 2.36027344e+02,
    4.68670471e+02, 2.53818939e+02, 4.66522491e+02, 2.67156464e+02,
    4.59928680e+02, 1.22898369e+02, 3.20957794e+02, 1.48028397e+02,
    3.12487671e+02, 1.73944580e+02, 3.14024750e+02, 1.87302246e+02,
    3.34566437e+02, 1.63632309e+02, 3.37963989e+02, 1.40338715e+02,
    3.33816223e+02, 2.69530487e+02, 3.45275452e+02, 2.98360565e+02,
    3.26920807e+02, 3.20531281e+02, 3.32049438e+02, 3.24235840e+02,
    3.45695007e+02, 3.13735168e+02, 3.53376831e+02, 2.94339600e+02,
    3.52285431e+02, 1.45263214e+02, 4.95836365e+02, 1.80996323e+02,
    4.99816040e+02, 2.10826614e+02, 5.02197113e+02, 2.21741043e+02,
    5.05951935e+02, 2.34712051e+02, 5.02655029e+02, 2.44600876e+02,
    5.03473846e+02, 2.50821838e+02, 5.06193237e+02, 2.41464005e+02,
    5.24900696e+02, 2.23971771e+02, 5.36667053e+02, 2.09008636e+02,
    5.37301208e+02, 1.93091141e+02, 5.34918030e+02, 1.69968964e+02,
    5.21024963e+02, 1.57068832e+02, 4.98675354e+02, 2.07834564e+02,
    5.08507050e+02, 2.18893845e+02, 5.10106201e+02, 2.33436401e+02,
    5.07558289e+02, 2.45218842e+02, 5.06043335e+02, 2.33436401e+02,
    5.07558289e+02, 2.18893845e+02, 5.10106201e+02, 2.07834564e+02,
    5.08507050e+02 ]
noOfLandmarkPoint: 68
