%YAML:1.0
landmark: [ 2.07061447e+02, 1.19150307e+02, 2.09671417e+02,
    1.33697220e+02, 2.12116043e+02, 1.48613007e+02, 2.15046143e+02,
    1.62882050e+02, 2.22117111e+02, 1.76870789e+02, 2.33867264e+02,
    1.87388962e+02, 2.47083633e+02, 1.97051758e+02, 2.63021362e+02,
    2.04721344e+02, 2.81332703e+02, 2.05964355e+02, 2.97462799e+02,
    2.03347595e+02, 3.08604340e+02, 1.91420120e+02, 3.18827454e+02,
    1.80277252e+02, 3.25485077e+02, 1.69547668e+02, 3.28224243e+02,
    1.53510727e+02, 3.29401917e+02, 1.39080765e+02, 3.29857880e+02,
    1.23789948e+02, 3.29985931e+02, 1.09839722e+02, 2.28500641e+02,
    1.01856667e+02, 2.36320679e+02, 9.34064789e+01, 2.47990280e+02,
    9.08954926e+01, 2.60065948e+02, 9.41032715e+01, 2.71611420e+02,
    9.84351654e+01, 2.87325012e+02, 9.54513016e+01, 2.96963989e+02,
    9.07442703e+01, 3.06952118e+02, 8.90159988e+01, 3.16797607e+02,
    8.97852783e+01, 3.22965088e+02, 9.63646545e+01, 2.80213226e+02,
    1.12567169e+02, 2.81129303e+02, 1.23956215e+02, 2.81965149e+02,
    1.34567596e+02, 2.82779633e+02, 1.46011337e+02, 2.70367065e+02,
    1.52240494e+02, 2.76913330e+02, 1.54746277e+02, 2.82623505e+02,
    1.57728867e+02, 2.88945709e+02, 1.54808365e+02, 2.94581604e+02,
    1.51329254e+02, 2.39481598e+02, 1.15764038e+02, 2.47789459e+02,
    1.10836250e+02, 2.56435242e+02, 1.11058289e+02, 2.62392334e+02,
    1.16897621e+02, 2.54470535e+02, 1.18639130e+02, 2.46578842e+02,
    1.18074440e+02, 2.95203491e+02, 1.14845558e+02, 3.01031891e+02,
    1.09358734e+02, 3.08701996e+02, 1.07941299e+02, 3.14232941e+02,
    1.12543694e+02, 3.09726715e+02, 1.15210548e+02, 3.02677368e+02,
    1.16298225e+02, 2.60982849e+02, 1.74240524e+02, 2.70702728e+02,
    1.70645950e+02, 2.76950012e+02, 1.68705246e+02, 2.82934723e+02,
    1.70186646e+02, 2.88598663e+02, 1.67406982e+02, 2.94500122e+02,
    1.68814072e+02, 3.00333496e+02, 1.69989380e+02, 2.94927856e+02,
    1.75937088e+02, 2.89360016e+02, 1.79112076e+02, 2.83309479e+02,
    1.81016602e+02, 2.77417664e+02, 1.80436569e+02, 2.70754181e+02,
    1.78649811e+02, 2.64386047e+02, 1.74712631e+02, 2.77273407e+02,
    1.73496078e+02, 2.83184753e+02, 1.74650848e+02, 2.88746704e+02,
    1.72667191e+02, 2.96926453e+02, 1.70993607e+02, 2.88746704e+02,
    1.72667191e+02, 2.83184753e+02, 1.74650848e+02, 2.77273407e+02,
    1.73496078e+02 ]
noOfLandmarkPoint: 68
