%YAML:1.0
landmark: [ 1.54333527e+02, 1.36837845e+02, 1.58417603e+02,
    1.53348068e+02, 1.64680328e+02, 1.72645737e+02, 1.70614014e+02,
    1.87262344e+02, 1.80995300e+02, 2.00997894e+02, 1.95240341e+02,
    2.12228348e+02, 2.11491608e+02, 2.22312408e+02, 2.28719452e+02,
    2.30305359e+02, 2.42887497e+02, 2.30764206e+02, 2.53385437e+02,
    2.27336365e+02, 2.60701935e+02, 2.16145187e+02, 2.67017700e+02,
    2.00530823e+02, 2.71231781e+02, 1.89279114e+02, 2.77271606e+02,
    1.74577621e+02, 2.78301239e+02, 1.59759369e+02, 2.79957153e+02,
    1.45609818e+02, 2.77972198e+02, 1.33286026e+02, 1.78544357e+02,
    1.39806107e+02, 1.89260391e+02, 1.31902069e+02, 2.02183289e+02,
    1.32296005e+02, 2.15857727e+02, 1.34380753e+02, 2.30912079e+02,
    1.37822205e+02, 2.43760681e+02, 1.34623444e+02, 2.51046234e+02,
    1.27119942e+02, 2.58921295e+02, 1.21669319e+02, 2.67866882e+02,
    1.17236404e+02, 2.74830200e+02, 1.19391190e+02, 2.38315247e+02,
    1.46119324e+02, 2.40820343e+02, 1.58655396e+02, 2.43505890e+02,
    1.72380310e+02, 2.45681946e+02, 1.84194611e+02, 2.28215607e+02,
    1.88440201e+02, 2.37243179e+02, 1.90659058e+02, 2.44493088e+02,
    1.93779785e+02, 2.51445786e+02, 1.89682480e+02, 2.54863754e+02,
    1.83547150e+02, 1.90686600e+02, 1.50895966e+02, 2.00844986e+02,
    1.48666855e+02, 2.10355835e+02, 1.47976883e+02, 2.16241760e+02,
    1.49390518e+02, 2.08906754e+02, 1.52356339e+02, 2.01484589e+02,
    1.52433792e+02, 2.50363083e+02, 1.43815887e+02, 2.54506134e+02,
    1.39781830e+02, 2.60924835e+02, 1.37362061e+02, 2.66571899e+02,
    1.37362061e+02, 2.62867340e+02, 1.40748215e+02, 2.56700134e+02,
    1.42404129e+02, 2.17159943e+02, 2.04755524e+02, 2.26288681e+02,
    2.02929779e+02, 2.34048111e+02, 2.01104034e+02, 2.40408325e+02,
    2.00071335e+02, 2.46371918e+02, 1.99278290e+02, 2.52157639e+02,
    1.96787079e+02, 2.61434326e+02, 1.91518860e+02, 2.54263306e+02,
    2.03365250e+02, 2.48490479e+02, 2.08554138e+02, 2.41158432e+02,
    2.10682373e+02, 2.32177475e+02, 2.10410736e+02, 2.24462936e+02,
    2.09319901e+02, 2.20355011e+02, 2.04755524e+02, 2.32222366e+02,
    2.05211960e+02, 2.40760803e+02, 2.04181870e+02, 2.47204575e+02,
    2.01936142e+02, 2.59608582e+02, 1.93801041e+02, 2.47284790e+02,
    2.01104034e+02, 2.41351105e+02, 2.03842651e+02, 2.32222366e+02,
    2.04755524e+02 ]
noOfLandmarkPoint: 68
