%YAML:1.0
landmark: [ 3.41292358e+02, 8.75901031e+01, 3.43296265e+02,
    1.04155685e+02, 3.46446259e+02, 1.18636528e+02, 3.49636688e+02,
    1.32584732e+02, 3.57000153e+02, 1.45469482e+02, 3.65824524e+02,
    1.54255585e+02, 3.77926300e+02, 1.59912338e+02, 3.91052063e+02,
    1.63821579e+02, 4.05302032e+02, 1.64001770e+02, 4.19755432e+02,
    1.63925720e+02, 4.30784302e+02, 1.57390152e+02, 4.38244476e+02,
    1.49851791e+02, 4.43398376e+02, 1.39420944e+02, 4.46467529e+02,
    1.27068840e+02, 4.48047150e+02, 1.14955605e+02, 4.49752319e+02,
    1.00961632e+02, 4.47328949e+02, 8.80694427e+01, 3.53528564e+02,
    6.49176865e+01, 3.64078888e+02, 5.63712654e+01, 3.74386688e+02,
    5.53904228e+01, 3.84367523e+02, 5.62077904e+01, 3.96350464e+02,
    5.56365242e+01, 4.11699829e+02, 5.68230515e+01, 4.21024994e+02,
    5.53499985e+01, 4.30596252e+02, 5.55134735e+01, 4.40494476e+02,
    5.75577927e+01, 4.46917542e+02, 6.34500008e+01, 4.04512207e+02,
    6.88971786e+01, 4.05395844e+02, 7.35456619e+01, 4.06878815e+02,
    7.87846069e+01, 4.08418213e+02, 8.48590546e+01, 3.93125000e+02,
    9.67500000e+01, 4.00119324e+02, 9.88365250e+01, 4.06951935e+02,
    9.94904175e+01, 4.12852448e+02, 9.83702850e+01, 4.19223206e+02,
    9.68730545e+01, 3.68349731e+02, 7.33232346e+01, 3.74387421e+02,
    6.90732346e+01, 3.80055634e+02, 6.87319336e+01, 3.85169830e+02,
    7.17183151e+01, 3.80637054e+02, 7.33179398e+01, 3.74722931e+02,
    7.37020035e+01, 4.18004852e+02, 7.21687622e+01, 4.22459717e+02,
    6.97663116e+01, 4.27722473e+02, 6.94871216e+01, 4.32445312e+02,
    7.25550232e+01, 4.28559418e+02, 7.33654175e+01, 4.23245209e+02,
    7.34549179e+01, 3.82872498e+02, 1.25979515e+02, 3.92967865e+02,
    1.17371109e+02, 4.02206787e+02, 1.13348717e+02, 4.07984741e+02,
    1.14993858e+02, 4.14869293e+02, 1.13494850e+02, 4.22389252e+02,
    1.16262718e+02, 4.29042358e+02, 1.28617371e+02, 4.22122101e+02,
    1.28283493e+02, 4.14723206e+02, 1.27471268e+02, 4.08177094e+02,
    1.27675163e+02, 4.01956177e+02, 1.26980843e+02, 3.92917542e+02,
    1.26490417e+02, 3.85836823e+02, 1.24885147e+02, 4.02328766e+02,
    1.20115929e+02, 4.08076080e+02, 1.21062981e+02, 4.14534058e+02,
    1.20710228e+02, 4.26759369e+02, 1.26898209e+02, 4.14534058e+02,
    1.20710228e+02, 4.08076080e+02, 1.21062981e+02, 4.02328766e+02,
    1.20115929e+02 ]
noOfLandmarkPoint: 68
