%YAML:1.0
landmark: [ 1.26147484e+02, 1.29729630e+02, 1.25523170e+02,
    1.41885666e+02, 1.27144943e+02, 1.54292892e+02, 1.30384857e+02,
    1.66513535e+02, 1.34500259e+02, 1.78795166e+02, 1.37058517e+02,
    1.90764633e+02, 1.41048340e+02, 2.02734100e+02, 1.44539444e+02,
    2.13641479e+02, 1.52145950e+02, 2.22805161e+02, 1.63397919e+02,
    2.24943542e+02, 1.85710907e+02, 2.20161392e+02, 2.06051285e+02,
    2.11570160e+02, 2.22839691e+02, 1.98744278e+02, 2.32372849e+02,
    1.85777359e+02, 2.37238174e+02, 1.68942551e+02, 2.38608765e+02,
    1.47009476e+02, 2.38802628e+02, 1.25495918e+02, 1.22656395e+02,
    1.08535530e+02, 1.26147484e+02, 1.02862953e+02, 1.31942001e+02,
    9.99961853e+01, 1.39544876e+02, 1.00118134e+02, 1.45655197e+02,
    1.03605576e+02, 1.67296326e+02, 1.02749611e+02, 1.77299896e+02,
    9.79021988e+01, 1.88507156e+02, 9.91923828e+01, 1.99726013e+02,
    1.02692276e+02, 2.09414780e+02, 1.09072739e+02, 1.51757370e+02,
    1.15716362e+02, 1.48387848e+02, 1.25013939e+02, 1.44904694e+02,
    1.34218811e+02, 1.41518524e+02, 1.43421860e+02, 1.42602234e+02,
    1.57807251e+02, 1.46929138e+02, 1.60708557e+02, 1.51448990e+02,
    1.62066010e+02, 1.56002457e+02, 1.59841949e+02, 1.60440826e+02,
    1.58426727e+02, 1.33369919e+02, 1.18757622e+02, 1.35802597e+02,
    1.15578690e+02, 1.41482452e+02, 1.15327507e+02, 1.46530701e+02,
    1.18380844e+02, 1.41981186e+02, 1.20626938e+02, 1.36613480e+02,
    1.20813507e+02, 1.76827499e+02, 1.18502792e+02, 1.78857925e+02,
    1.14479668e+02, 1.87369049e+02, 1.15955467e+02, 1.95292297e+02,
    1.18708801e+02, 1.88897278e+02, 1.20722824e+02, 1.81915100e+02,
    1.20819489e+02, 1.41417831e+02, 1.85400574e+02, 1.43226181e+02,
    1.80162109e+02, 1.47901291e+02, 1.75551620e+02, 1.52328873e+02,
    1.76735641e+02, 1.57570984e+02, 1.75551620e+02, 1.66483459e+02,
    1.78292786e+02, 1.76091660e+02, 1.84100586e+02, 1.67046814e+02,
    1.88206375e+02, 1.58446487e+02, 1.89828156e+02, 1.52332520e+02,
    1.90265900e+02, 1.48274429e+02, 1.89394043e+02, 1.43602951e+02,
    1.88522186e+02, 1.43599319e+02, 1.83969009e+02, 1.48023239e+02,
    1.81787537e+02, 1.52138657e+02, 1.81787537e+02, 1.57875854e+02,
    1.82781342e+02, 1.72252701e+02, 1.83748291e+02, 1.57875854e+02,
    1.82781342e+02, 1.52138657e+02, 1.81787537e+02, 1.48023239e+02,
    1.81787537e+02 ]
noOfLandmarkPoint: 68
