%YAML:1.0
landmark: [ 1.01848976e+02, 1.37748657e+02, 1.02967972e+02,
    1.64395538e+02, 1.08658203e+02, 1.89648087e+02, 1.15984154e+02,
    2.13197113e+02, 1.24803619e+02, 2.36339645e+02, 1.39199768e+02,
    2.55275681e+02, 1.57483276e+02, 2.72032898e+02, 1.82725906e+02,
    2.86526764e+02, 2.06638474e+02, 2.87325073e+02, 2.28545044e+02,
    2.80825256e+02, 2.41715988e+02, 2.63568939e+02, 2.56342010e+02,
    2.41560074e+02, 2.63083344e+02, 2.19883636e+02, 2.70665070e+02,
    2.03208405e+02, 2.78623077e+02, 1.83053299e+02, 2.79165192e+02,
    1.65395325e+02, 2.76922485e+02, 1.48395752e+02, 1.31289520e+02,
    1.37648804e+02, 1.40722153e+02, 1.23675407e+02, 1.57367783e+02,
    1.22921684e+02, 1.76585938e+02, 1.29221603e+02, 1.94734406e+02,
    1.38913544e+02, 2.29833557e+02, 1.37534607e+02, 2.43818329e+02,
    1.29595016e+02, 2.56730591e+02, 1.23829147e+02, 2.67410309e+02,
    1.21484077e+02, 2.77075867e+02, 1.27701668e+02, 2.12706070e+02,
    1.51738724e+02, 2.14136917e+02, 1.68881683e+02, 2.16325485e+02,
    1.85481110e+02, 2.19048126e+02, 2.02229248e+02, 1.97583908e+02,
    2.09736389e+02, 2.05436234e+02, 2.13489441e+02, 2.13350616e+02,
    2.17137192e+02, 2.21120850e+02, 2.13408112e+02, 2.27126587e+02,
    2.10404984e+02, 1.51549759e+02, 1.51095459e+02, 1.63050079e+02,
    1.43922287e+02, 1.75249069e+02, 1.45979126e+02, 1.84553101e+02,
    1.53073105e+02, 1.74769943e+02, 1.56343292e+02, 1.62981720e+02,
    1.56242813e+02, 2.30331207e+02, 1.54671661e+02, 2.41190918e+02,
    1.44878296e+02, 2.52993561e+02, 1.43840012e+02, 2.60799683e+02,
    1.48460129e+02, 2.54492249e+02, 1.54671661e+02, 2.42564255e+02,
    1.55549210e+02, 1.73256012e+02, 2.33350510e+02, 1.89451569e+02,
    2.33898300e+02, 2.03191345e+02, 2.31483368e+02, 2.12522491e+02,
    2.33296997e+02, 2.22313660e+02, 2.30485825e+02, 2.31734756e+02,
    2.28937943e+02, 2.39459930e+02, 2.30266769e+02, 2.33834061e+02,
    2.43643265e+02, 2.23573898e+02, 2.50284973e+02, 2.13053711e+02,
    2.52927063e+02, 2.03198700e+02, 2.52137177e+02, 1.89354324e+02,
    2.47464661e+02, 1.80358109e+02, 2.36550598e+02, 2.02931168e+02,
    2.39419296e+02, 2.13409271e+02, 2.40919159e+02, 2.22999100e+02,
    2.38233047e+02, 2.35510468e+02, 2.33521530e+02, 2.22999100e+02,
    2.38233047e+02, 2.13409271e+02, 2.40919159e+02, 2.02931168e+02,
    2.39419296e+02 ]
noOfLandmarkPoint: 68
