%YAML:1.0
landmark: [ 2.06697189e+02, 1.48221619e+02, 2.05266708e+02,
    1.68637451e+02, 2.10282623e+02, 1.82759689e+02, 2.15109344e+02,
    1.96385315e+02, 2.25126083e+02, 2.14016129e+02, 2.33127243e+02,
    2.24599091e+02, 2.38594376e+02, 2.35122360e+02, 2.44484406e+02,
    2.49313583e+02, 2.54600174e+02, 2.53252716e+02, 2.77048309e+02,
    2.50307693e+02, 2.94818939e+02, 2.39317230e+02, 3.12390045e+02,
    2.26147491e+02, 3.28951599e+02, 2.15344604e+02, 3.38804657e+02,
    2.00854843e+02, 3.43178650e+02, 1.82985199e+02, 3.38557373e+02,
    1.57755737e+02, 3.27450989e+02, 1.33312424e+02, 1.95179825e+02,
    1.36808228e+02, 1.96317230e+02, 1.32737747e+02, 2.00729263e+02,
    1.30809998e+02, 2.05783463e+02, 1.31026031e+02, 2.10889420e+02,
    1.33887115e+02, 2.30076752e+02, 1.30144745e+02, 2.42417572e+02,
    1.23986275e+02, 2.57359100e+02, 1.21324364e+02, 2.71291107e+02,
    1.22461769e+02, 2.83898102e+02, 1.28512024e+02, 2.24834518e+02,
    1.47399658e+02, 2.24822586e+02, 1.59774811e+02, 2.23895615e+02,
    1.73242706e+02, 2.23110504e+02, 1.86296921e+02, 2.26016205e+02,
    1.95339951e+02, 2.29639893e+02, 1.96888336e+02, 2.34696030e+02,
    1.96325607e+02, 2.39237213e+02, 1.92666092e+02, 2.44329178e+02,
    1.89018539e+02, 2.03261093e+02, 1.54894318e+02, 2.09309372e+02,
    1.43936859e+02, 2.15147552e+02, 1.43796310e+02, 2.21605927e+02,
    1.50213776e+02, 2.16398529e+02, 1.51903015e+02, 2.10779617e+02,
    1.52020935e+02, 2.50452332e+02, 1.43446487e+02, 2.53887772e+02,
    1.37694427e+02, 2.62216553e+02, 1.36929916e+02, 2.71050415e+02,
    1.41307129e+02, 2.64072296e+02, 1.44728638e+02, 2.55429794e+02,
    1.46308701e+02, 2.26957581e+02, 2.11857239e+02, 2.28657730e+02,
    2.08560944e+02, 2.33103363e+02, 2.07363831e+02, 2.37620651e+02,
    2.08149963e+02, 2.43710220e+02, 2.06414001e+02, 2.56388885e+02,
    2.07164322e+02, 2.68516754e+02, 2.08948044e+02, 2.59886292e+02,
    2.16487518e+02, 2.48156967e+02, 2.22127594e+02, 2.40703995e+02,
    2.23327911e+02, 2.35432938e+02, 2.22585312e+02, 2.31183121e+02,
    2.17427536e+02, 2.31343521e+02, 2.12431915e+02, 2.34179489e+02,
    2.12652222e+02, 2.38478439e+02, 2.13066299e+02, 2.45117294e+02,
    2.12368637e+02, 2.65044830e+02, 2.09370972e+02, 2.45117294e+02,
    2.12368637e+02, 2.38478439e+02, 2.13066299e+02, 2.34179489e+02,
    2.12652222e+02 ]
noOfLandmarkPoint: 68
