%YAML:1.0
landmark: [ 1.29310303e+02, 1.60735062e+02, 1.30178665e+02,
    1.78622681e+02, 1.31707809e+02, 1.94612808e+02, 1.35065659e+02,
    2.11403824e+02, 1.41688004e+02, 2.26543335e+02, 1.51947052e+02,
    2.39986740e+02, 1.65401581e+02, 2.49990799e+02, 1.81752365e+02,
    2.57939270e+02, 2.00075699e+02, 2.60190125e+02, 2.16684204e+02,
    2.57254211e+02, 2.31362411e+02, 2.48613205e+02, 2.44674515e+02,
    2.38405914e+02, 2.53296326e+02, 2.23759247e+02, 2.57871155e+02,
    2.09109634e+02, 2.60163422e+02, 1.93081726e+02, 2.62237915e+02,
    1.77381210e+02, 2.62877136e+02, 1.60774155e+02, 1.42931122e+02,
    1.51565765e+02, 1.51598190e+02, 1.45147064e+02, 1.62000198e+02,
    1.43314987e+02, 1.72705185e+02, 1.44561020e+02, 1.84782471e+02,
    1.47580521e+02, 2.09882050e+02, 1.48685959e+02, 2.21018112e+02,
    1.44488663e+02, 2.32164291e+02, 1.43166092e+02, 2.44526901e+02,
    1.45140671e+02, 2.53480194e+02, 1.51646957e+02, 1.99855804e+02,
    1.63280762e+02, 2.01149521e+02, 1.73772873e+02, 2.01839691e+02,
    1.83884094e+02, 2.03489853e+02, 1.93511826e+02, 1.87596252e+02,
    1.99552597e+02, 1.94765701e+02, 2.01170395e+02, 2.01092529e+02,
    2.02754486e+02, 2.07356735e+02, 2.01032837e+02, 2.12799805e+02,
    1.99322617e+02, 1.56480774e+02, 1.63702332e+02, 1.63715317e+02,
    1.60238525e+02, 1.71798676e+02, 1.60766556e+02, 1.79923004e+02,
    1.66585800e+02, 1.72240540e+02, 1.68582047e+02, 1.63461777e+02,
    1.68610397e+02, 2.15942627e+02, 1.66989441e+02, 2.22911148e+02,
    1.60671646e+02, 2.31068756e+02, 1.59829559e+02, 2.38222626e+02,
    1.63522614e+02, 2.32733292e+02, 1.68572327e+02, 2.23278076e+02,
    1.68724136e+02, 1.69272186e+02, 2.18272202e+02, 1.80939758e+02,
    2.13387512e+02, 1.93900223e+02, 2.11481720e+02, 2.00556854e+02,
    2.12375793e+02, 2.07278397e+02, 2.11448868e+02, 2.17589874e+02,
    2.12721283e+02, 2.27262878e+02, 2.16772125e+02, 2.18529419e+02,
    2.28044205e+02, 2.07504303e+02, 2.33462601e+02, 2.00186264e+02,
    2.34447968e+02, 1.93520981e+02, 2.33975662e+02, 1.79865463e+02,
    2.29569656e+02, 1.72348495e+02, 2.18893936e+02, 1.93710999e+02,
    2.17110168e+02, 2.00669891e+02, 2.17022919e+02, 2.06974579e+02,
    2.17042114e+02, 2.23768112e+02, 2.17508728e+02, 2.07168213e+02,
    2.24051987e+02, 2.00543015e+02, 2.25248306e+02, 1.93589783e+02,
    2.25415771e+02 ]
noOfLandmarkPoint: 68
