%YAML:1.0
landmark: [ 1.48329758e+02, 2.37517929e+02, 1.50403336e+02,
    2.74366333e+02, 1.56733810e+02, 3.06128448e+02, 1.67583405e+02,
    3.39134705e+02, 1.88229980e+02, 3.65853210e+02, 2.12687103e+02,
    3.88619843e+02, 2.42411026e+02, 4.10357697e+02, 2.70126709e+02,
    4.25471436e+02, 2.97566956e+02, 4.26278900e+02, 3.21755005e+02,
    4.19371826e+02, 3.41885712e+02, 4.00583435e+02, 3.51596649e+02,
    3.76036987e+02, 3.58040558e+02, 3.45965393e+02, 3.63353790e+02,
    3.13331116e+02, 3.69923431e+02, 2.80417236e+02, 3.70162598e+02,
    2.51068588e+02, 3.66895752e+02, 2.23250488e+02, 2.07608185e+02,
    2.18554443e+02, 2.19024979e+02, 2.01824432e+02, 2.38204239e+02,
    1.92367767e+02, 2.59042358e+02, 2.02313538e+02, 2.77951294e+02,
    2.10935242e+02, 3.14986145e+02, 2.14213760e+02, 3.27068848e+02,
    2.05740997e+02, 3.42590057e+02, 1.98882370e+02, 3.54386230e+02,
    1.89163483e+02, 3.66104309e+02, 1.96245285e+02, 3.05695160e+02,
    2.23875061e+02, 3.10104553e+02, 2.45843872e+02, 3.13610107e+02,
    2.69506897e+02, 3.17115662e+02, 2.95466675e+02, 2.85009552e+02,
    3.08733887e+02, 2.96390991e+02, 3.11746643e+02, 3.08038391e+02,
    3.14610596e+02, 3.19791809e+02, 3.13327393e+02, 3.26310120e+02,
    3.08428925e+02, 2.28626068e+02, 2.36753204e+02, 2.39448380e+02,
    2.30088379e+02, 2.53430725e+02, 2.27396652e+02, 2.63565399e+02,
    2.34632477e+02, 2.53069244e+02, 2.39131805e+02, 2.40134659e+02,
    2.39989395e+02, 3.19564911e+02, 2.29446777e+02, 3.29759735e+02,
    2.21785782e+02, 3.41371216e+02, 2.19916931e+02, 3.48771759e+02,
    2.26582825e+02, 3.44782043e+02, 2.32257126e+02, 3.33123413e+02,
    2.32476425e+02, 2.60390106e+02, 3.51014587e+02, 2.71030060e+02,
    3.44983459e+02, 2.89567719e+02, 3.42346405e+02, 2.97599792e+02,
    3.44944427e+02, 3.05968506e+02, 3.43700287e+02, 3.22280090e+02,
    3.43438049e+02, 3.33681885e+02, 3.49148438e+02, 3.22436951e+02,
    3.58848999e+02, 3.07716339e+02, 3.62966705e+02, 2.97927155e+02,
    3.62339203e+02, 2.89592651e+02, 3.61804626e+02, 2.71188873e+02,
    3.59518951e+02, 2.66127869e+02, 3.48715912e+02, 2.89074890e+02,
    3.49279419e+02, 2.97674194e+02, 3.51313934e+02, 3.06305145e+02,
    3.50371063e+02, 3.28082428e+02, 3.47659607e+02, 3.06305145e+02,
    3.50371063e+02, 2.97674194e+02, 3.51313934e+02, 2.89074890e+02,
    3.49279419e+02 ]
noOfLandmarkPoint: 68
