%YAML:1.0
landmark: [ 1.28960342e+02, 1.47382080e+02, 1.29640656e+02,
    1.62618729e+02, 1.30505463e+02, 1.78063171e+02, 1.33160522e+02,
    1.93862198e+02, 1.39086960e+02, 2.09917679e+02, 1.49189835e+02,
    2.24534149e+02, 1.63653351e+02, 2.35624222e+02, 1.78468628e+02,
    2.42763718e+02, 1.94154495e+02, 2.43656372e+02, 2.05222672e+02,
    2.41492630e+02, 2.15084259e+02, 2.33460464e+02, 2.22069321e+02,
    2.23709198e+02, 2.29052704e+02, 2.10054703e+02, 2.34452728e+02,
    1.96308578e+02, 2.39294418e+02, 1.83054596e+02, 2.40433136e+02,
    1.69288086e+02, 2.39852753e+02, 1.58129974e+02, 1.47343033e+02,
    1.50024628e+02, 1.59436172e+02, 1.46371078e+02, 1.69699951e+02,
    1.44229401e+02, 1.81034576e+02, 1.47732117e+02, 1.91008163e+02,
    1.53354462e+02, 2.09107544e+02, 1.51641022e+02, 2.17003616e+02,
    1.46773285e+02, 2.24813461e+02, 1.44407593e+02, 2.32489227e+02,
    1.42668106e+02, 2.38379700e+02, 1.47397797e+02, 1.99674347e+02,
    1.60988663e+02, 2.00759430e+02, 1.71183701e+02, 2.01495941e+02,
    1.82496262e+02, 2.02232468e+02, 1.92938232e+02, 1.89692932e+02,
    1.98316193e+02, 1.94378510e+02, 1.99074768e+02, 1.98551559e+02,
    2.00948318e+02, 2.02946930e+02, 1.99699295e+02, 2.06405518e+02,
    1.98628448e+02, 1.60947617e+02, 1.61272232e+02, 1.67407394e+02,
    1.58265839e+02, 1.73953125e+02, 1.58709274e+02, 1.80295654e+02,
    1.62164276e+02, 1.73115402e+02, 1.64699310e+02, 1.65603989e+02,
    1.64284103e+02, 2.11011932e+02, 1.62433472e+02, 2.17193115e+02,
    1.58260117e+02, 2.24050034e+02, 1.58084991e+02, 2.28846085e+02,
    1.60406372e+02, 2.24573944e+02, 1.63940475e+02, 2.17669327e+02,
    1.64502975e+02, 1.75863556e+02, 2.13795609e+02, 1.87969101e+02,
    2.12481857e+02, 1.93389236e+02, 2.11629425e+02, 1.98240021e+02,
    2.12608963e+02, 2.02965103e+02, 2.11032730e+02, 2.07372955e+02,
    2.11695099e+02, 2.11626389e+02, 2.14108948e+02, 2.07397934e+02,
    2.18646866e+02, 2.03490295e+02, 2.21491104e+02, 1.98707031e+02,
    2.22803360e+02, 1.93920898e+02, 2.22744949e+02, 1.88339783e+02,
    2.21495712e+02, 1.79623810e+02, 2.14839020e+02, 1.93332916e+02,
    2.15752747e+02, 1.98303787e+02, 2.16479752e+02, 2.02815796e+02,
    2.15222092e+02, 2.08993530e+02, 2.14248123e+02, 2.02815796e+02,
    2.15222092e+02, 1.98303787e+02, 2.16479752e+02, 1.93332916e+02,
    2.15752747e+02 ]
noOfLandmarkPoint: 68
