%YAML:1.0
landmark: [ 3.95278839e+02, 2.38824997e+02, 3.96514160e+02,
    2.60942108e+02, 4.02398743e+02, 2.82875336e+02, 4.11917175e+02,
    3.05232300e+02, 4.25143463e+02, 3.25394562e+02, 4.43866577e+02,
    3.40243896e+02, 4.62239838e+02, 3.56108612e+02, 4.79375885e+02,
    3.57675751e+02, 4.97933075e+02, 3.53636108e+02, 5.17516663e+02,
    3.40413116e+02, 5.34976746e+02, 3.28306885e+02, 5.51436768e+02,
    3.19237396e+02, 5.65819458e+02, 3.04913574e+02, 5.74368530e+02,
    2.88612030e+02, 5.76124573e+02, 2.67436340e+02, 5.76224121e+02,
    2.43264587e+02, 5.73526855e+02, 2.18613129e+02, 3.87567413e+02,
    1.92560013e+02, 3.97695435e+02, 1.86879272e+02, 4.10110199e+02,
    1.83393280e+02, 4.22524933e+02, 1.82102036e+02, 4.36304871e+02,
    1.83633133e+02, 4.76995361e+02, 1.77470810e+02, 4.90517426e+02,
    1.74926224e+02, 5.04075531e+02, 1.74428497e+02, 5.16360413e+02,
    1.76513260e+02, 5.30270203e+02, 1.80718826e+02, 4.56115417e+02,
    2.12058624e+02, 4.55949493e+02, 2.25228973e+02, 4.55801605e+02,
    2.38067505e+02, 4.55247955e+02, 2.52475067e+02, 4.46526337e+02,
    2.70119812e+02, 4.52617950e+02, 2.71477539e+02, 4.58863831e+02,
    2.73098999e+02, 4.67810577e+02, 2.69888885e+02, 4.75797943e+02,
    2.66808655e+02, 4.08782898e+02, 2.17095612e+02, 4.14149841e+02,
    2.08130814e+02, 4.27394135e+02, 2.05954086e+02, 4.37484283e+02,
    2.14255234e+02, 4.27560059e+02, 2.18922501e+02, 4.17839661e+02,
    2.20711472e+02, 4.87197327e+02, 2.09016296e+02, 4.94077362e+02,
    1.98280548e+02, 5.09978119e+02, 1.96583527e+02, 5.21581299e+02,
    2.02246262e+02, 5.10771606e+02, 2.10141632e+02, 4.98892517e+02,
    2.11986542e+02, 4.41431976e+02, 3.06763428e+02, 4.47962158e+02,
    2.98112427e+02, 4.55635712e+02, 2.91084503e+02, 4.61852081e+02,
    2.91730133e+02, 4.69045898e+02, 2.89885223e+02, 4.84688782e+02,
    2.95437958e+02, 4.99002502e+02, 3.00860840e+02, 4.87860962e+02,
    3.08756226e+02, 4.75040466e+02, 3.13035736e+02, 4.66537354e+02,
    3.14732727e+02, 4.60192963e+02, 3.14898651e+02, 4.51441223e+02,
    3.13326752e+02, 4.46426758e+02, 3.07054108e+02, 4.57869049e+02,
    3.01223267e+02, 4.63954865e+02, 3.01174622e+02, 4.71222626e+02,
    3.00529022e+02, 4.92860046e+02, 3.01340546e+02, 4.71222626e+02,
    3.00529022e+02, 4.63954865e+02, 3.01174622e+02, 4.57869049e+02,
    3.01223267e+02 ]
noOfLandmarkPoint: 68
