%YAML:1.0
landmark: [ 8.06006241e+01, 1.48831741e+02, 8.53805084e+01,
    1.65238449e+02, 9.25601349e+01, 1.82849289e+02, 9.94748383e+01,
    1.97819839e+02, 1.09891861e+02, 2.12976044e+02, 1.24298416e+02,
    2.26149384e+02, 1.40477203e+02, 2.36688934e+02, 1.57587936e+02,
    2.46632950e+02, 1.77970810e+02, 2.45573898e+02, 1.92623322e+02,
    2.37825775e+02, 2.03569595e+02, 2.24493942e+02, 2.12035645e+02,
    2.08416092e+02, 2.17955124e+02, 1.90789322e+02, 2.21516068e+02,
    1.73942337e+02, 2.18789276e+02, 1.52415680e+02, 2.16271088e+02,
    1.34221375e+02, 2.13015991e+02, 1.18099648e+02, 9.26485291e+01,
    1.48010406e+02, 1.01402512e+02, 1.40208374e+02, 1.11553352e+02,
    1.36392426e+02, 1.23705139e+02, 1.35648499e+02, 1.36104767e+02,
    1.38272507e+02, 1.56521683e+02, 1.31402390e+02, 1.64963898e+02,
    1.21541466e+02, 1.76722748e+02, 1.17174347e+02, 1.87810852e+02,
    1.14357079e+02, 1.99763992e+02, 1.16530960e+02, 1.49068344e+02,
    1.43240967e+02, 1.52172684e+02, 1.54707596e+02, 1.55309540e+02,
    1.67204865e+02, 1.58823212e+02, 1.79996887e+02, 1.45461594e+02,
    1.88426285e+02, 1.52684738e+02, 1.88463470e+02, 1.60802048e+02,
    1.88047470e+02, 1.67038300e+02, 1.83866028e+02, 1.73800095e+02,
    1.80841660e+02, 1.07553505e+02, 1.53275391e+02, 1.13067924e+02,
    1.47417603e+02, 1.21169205e+02, 1.45666687e+02, 1.29515350e+02,
    1.49415359e+02, 1.22353279e+02, 1.52097656e+02, 1.14447891e+02,
    1.53962128e+02, 1.69124176e+02, 1.37054260e+02, 1.72947098e+02,
    1.31361710e+02, 1.79399109e+02, 1.29030075e+02, 1.87317566e+02,
    1.30354309e+02, 1.83147385e+02, 1.34607391e+02, 1.76071487e+02,
    1.36970810e+02, 1.31746964e+02, 2.02577286e+02, 1.46327789e+02,
    2.01963974e+02, 1.57679855e+02, 2.00000061e+02, 1.64784180e+02,
    1.99168365e+02, 1.74064499e+02, 1.94761429e+02, 1.84558563e+02,
    1.90620743e+02, 1.94315918e+02, 1.84475540e+02, 1.89101959e+02,
    1.99944504e+02, 1.82005280e+02, 2.11871964e+02, 1.72134644e+02,
    2.16702209e+02, 1.63912369e+02, 2.18071838e+02, 1.51350922e+02,
    2.16092667e+02, 1.34434937e+02, 2.03884338e+02, 1.58521530e+02,
    2.02168259e+02, 1.65608109e+02, 2.01044815e+02, 1.75186386e+02,
    1.97149368e+02, 1.92005539e+02, 1.87660828e+02, 1.78128296e+02,
    2.03512527e+02, 1.68848206e+02, 2.09240356e+02, 1.61383041e+02,
    2.09947510e+02 ]
noOfLandmarkPoint: 68
