%YAML:1.0
landmark: [ 1.14150673e+02, 1.81139175e+02, 1.13925880e+02,
    1.94679092e+02, 1.15070259e+02, 2.08226761e+02, 1.20114655e+02,
    2.23419769e+02, 1.31975403e+02, 2.33810226e+02, 1.44232925e+02,
    2.44057693e+02, 1.61255310e+02, 2.51755447e+02, 1.71789154e+02,
    2.58124878e+02, 1.83959427e+02, 2.59523438e+02, 1.95365067e+02,
    2.56739532e+02, 2.05520203e+02, 2.43653900e+02, 2.16638718e+02,
    2.33827148e+02, 2.21401535e+02, 2.20356979e+02, 2.23619507e+02,
    2.07299271e+02, 2.23784042e+02, 1.95064270e+02, 2.23454971e+02,
    1.82583572e+02, 2.21234772e+02, 1.70021713e+02, 1.32062149e+02,
    1.67321213e+02, 1.38893951e+02, 1.59523315e+02, 1.48671051e+02,
    1.55270035e+02, 1.60314026e+02, 1.56299500e+02, 1.70785004e+02,
    1.59857056e+02, 1.90339142e+02, 1.60483780e+02, 1.97437714e+02,
    1.54816147e+02, 2.05279816e+02, 1.51622177e+02, 2.14183945e+02,
    1.51388702e+02, 2.20753677e+02, 1.56609360e+02, 1.83220108e+02,
    1.69199005e+02, 1.84779922e+02, 1.77245987e+02, 1.87079056e+02,
    1.86525894e+02, 1.89461563e+02, 1.96380600e+02, 1.74267059e+02,
    2.00649796e+02, 1.80670837e+02, 2.03440323e+02, 1.88720032e+02,
    2.06154144e+02, 1.94467865e+02, 2.02538681e+02, 1.98410187e+02,
    1.98677521e+02, 1.45114075e+02, 1.73907776e+02, 1.49744965e+02,
    1.68891159e+02, 1.56692978e+02, 1.68035233e+02, 1.62582443e+02,
    1.72076477e+02, 1.56958923e+02, 1.74290070e+02, 1.50549469e+02,
    1.75065445e+02, 1.96313156e+02, 1.69995087e+02, 2.01293350e+02,
    1.64921936e+02, 2.07739410e+02, 1.63250931e+02, 2.12130493e+02,
    1.66356628e+02, 2.08668259e+02, 1.69068039e+02, 2.02925629e+02,
    1.70319290e+02, 1.56205276e+02, 2.18713791e+02, 1.67193237e+02,
    2.14224075e+02, 1.75541428e+02, 2.13283615e+02, 1.85153442e+02,
    2.14312836e+02, 1.93063736e+02, 2.11507889e+02, 1.99485031e+02,
    2.11354736e+02, 2.02858551e+02, 2.13315918e+02, 1.99671432e+02,
    2.25028671e+02, 1.94193222e+02, 2.30800003e+02, 1.85434280e+02,
    2.32764252e+02, 1.75385406e+02, 2.32953842e+02, 1.66915039e+02,
    2.29201187e+02, 1.59079193e+02, 2.19453110e+02, 1.75588623e+02,
    2.17306946e+02, 1.85322845e+02, 2.17122726e+02, 1.93436234e+02,
    2.15504639e+02, 2.01118484e+02, 2.14569336e+02, 1.93828278e+02,
    2.23944611e+02, 1.85543411e+02, 2.26597717e+02, 1.75449188e+02,
    2.26185043e+02 ]
noOfLandmarkPoint: 68
