%YAML:1.0
landmark: [ 7.58998489e+01, 1.51250427e+02, 7.71906357e+01,
    1.71025742e+02, 8.32412415e+01, 1.89634064e+02, 8.95884323e+01,
    2.06288528e+02, 9.61186829e+01, 2.22391052e+02, 1.06351067e+02,
    2.38649109e+02, 1.15261391e+02, 2.55323441e+02, 1.25969559e+02,
    2.63333252e+02, 1.41286163e+02, 2.64996185e+02, 1.57619980e+02,
    2.62495819e+02, 1.70241440e+02, 2.54103683e+02, 1.80720886e+02,
    2.40869949e+02, 1.90625412e+02, 2.24167816e+02, 1.99823227e+02,
    2.07661743e+02, 2.03175858e+02, 1.87826416e+02, 2.04325272e+02,
    1.68429276e+02, 2.04005539e+02, 1.49167374e+02, 7.84406052e+01,
    1.30417786e+02, 8.78296661e+01, 1.26746391e+02, 9.78693619e+01,
    1.25012726e+02, 1.07198502e+02, 1.25946381e+02, 1.16460480e+02,
    1.29295181e+02, 1.47875488e+02, 1.28118484e+02, 1.58846115e+02,
    1.23243500e+02, 1.69240433e+02, 1.21137154e+02, 1.79748108e+02,
    1.22579666e+02, 1.90186569e+02, 1.27431137e+02, 1.34685440e+02,
    1.45958710e+02, 1.34917557e+02, 1.59437820e+02, 1.35303955e+02,
    1.71970932e+02, 1.35504013e+02, 1.84391663e+02, 1.23178398e+02,
    1.94550491e+02, 1.29906097e+02, 1.96142899e+02, 1.36102432e+02,
    1.97841934e+02, 1.43388794e+02, 1.95195892e+02, 1.50032578e+02,
    1.93324371e+02, 9.17768860e+01, 1.45827713e+02, 9.82745514e+01,
    1.41568604e+02, 1.07143402e+02, 1.41792786e+02, 1.14981850e+02,
    1.47264389e+02, 1.08084564e+02, 1.50838730e+02, 9.82387390e+01,
    1.50519211e+02, 1.53730911e+02, 1.47739044e+02, 1.60802658e+02,
    1.42298294e+02, 1.70673721e+02, 1.42248413e+02, 1.76720840e+02,
    1.45542999e+02, 1.71155899e+02, 1.49767441e+02, 1.62738586e+02,
    1.50182846e+02, 1.14026855e+02, 2.20969818e+02, 1.24243095e+02,
    2.17834305e+02, 1.31090012e+02, 2.17016678e+02, 1.37919220e+02,
    2.19947876e+02, 1.46115646e+02, 2.16212036e+02, 1.55155365e+02,
    2.18017349e+02, 1.64342636e+02, 2.20896729e+02, 1.54969925e+02,
    2.26074081e+02, 1.46823486e+02, 2.27905334e+02, 1.38488251e+02,
    2.28085449e+02, 1.31266556e+02, 2.27299026e+02, 1.24284843e+02,
    2.26017914e+02, 1.17891693e+02, 2.21393738e+02, 1.31013092e+02,
    2.20984924e+02, 1.38055908e+02, 2.22350830e+02, 1.46428909e+02,
    2.20965485e+02, 1.59258926e+02, 2.21218079e+02, 1.46428909e+02,
    2.20965485e+02, 1.38055908e+02, 2.22350830e+02, 1.31013092e+02,
    2.20984924e+02 ]
noOfLandmarkPoint: 68
