%YAML:1.0
landmark: [ 2.67655487e+02, 2.83491180e+02, 2.71207245e+02,
    3.21592682e+02, 2.82952301e+02, 3.56445221e+02, 2.95895752e+02,
    3.90568909e+02, 3.13347717e+02, 4.18549103e+02, 3.33450348e+02,
    4.49861115e+02, 3.58878967e+02, 4.71759705e+02, 3.87676666e+02,
    4.84703186e+02, 4.20821899e+02, 4.86957428e+02, 4.55924042e+02,
    4.75549835e+02, 4.80634277e+02, 4.54307770e+02, 5.01455292e+02,
    4.26005646e+02, 5.17767822e+02, 3.93876129e+02, 5.32569092e+02,
    3.65239380e+02, 5.38353394e+02, 3.29121552e+02, 5.41165039e+02,
    2.93462006e+02, 5.38375488e+02, 2.59907135e+02, 2.79603027e+02,
    2.55828262e+02, 2.98333557e+02, 2.39304733e+02, 3.25520233e+02,
    2.33674500e+02, 3.50691986e+02, 2.34096725e+02, 3.75758118e+02,
    2.38059708e+02, 4.14871857e+02, 2.36215012e+02, 4.35660431e+02,
    2.22105667e+02, 4.58636566e+02, 2.12692230e+02, 4.83866974e+02,
    2.11218216e+02, 5.04588898e+02, 2.17101608e+02, 4.07312439e+02,
    2.60615723e+02, 4.10202698e+02, 2.84655579e+02, 4.12721344e+02,
    3.08622711e+02, 4.14823395e+02, 3.34964294e+02, 3.86733429e+02,
    3.51398438e+02, 3.99747498e+02, 3.56535095e+02, 4.15145569e+02,
    3.61581360e+02, 4.26201691e+02, 3.56094421e+02, 4.36402252e+02,
    3.49526428e+02, 3.14490112e+02, 2.72890198e+02, 3.29518280e+02,
    2.61660645e+02, 3.47244232e+02, 2.58306671e+02, 3.68467712e+02,
    2.67059418e+02, 3.48035309e+02, 2.73539520e+02, 3.30459717e+02,
    2.76531830e+02, 4.34265839e+02, 2.61541138e+02, 4.50964569e+02,
    2.48667831e+02, 4.69334686e+02, 2.46458115e+02, 4.85405273e+02,
    2.53421005e+02, 4.70897369e+02, 2.62061493e+02, 4.54311096e+02,
    2.63269531e+02, 3.60697968e+02, 4.00530548e+02, 3.84567688e+02,
    3.96055847e+02, 4.05701477e+02, 3.89975647e+02, 4.17599335e+02,
    3.92156342e+02, 4.30366791e+02, 3.86903595e+02, 4.46688507e+02,
    3.84582794e+02, 4.63417572e+02, 3.90785065e+02, 4.52686920e+02,
    4.09778229e+02, 4.38918610e+02, 4.25316040e+02, 4.23520233e+02,
    4.31606262e+02, 4.08931427e+02, 4.31067413e+02, 3.90669128e+02,
    4.27536987e+02, 3.71817810e+02, 4.01456726e+02, 4.06888031e+02,
    3.97471710e+02, 4.17678802e+02, 3.96220520e+02, 4.33189423e+02,
    3.95153412e+02, 4.48333832e+02, 3.93499237e+02, 4.33964447e+02,
    4.05819000e+02, 4.20995300e+02, 4.13275024e+02, 4.06639526e+02,
    4.10702240e+02 ]
noOfLandmarkPoint: 68
