%YAML:1.0
landmark: [ 1.21524193e+02, 1.06563049e+02, 1.21737961e+02,
    1.21566032e+02, 1.23178932e+02, 1.35045090e+02, 1.25691498e+02,
    1.48685272e+02, 1.30815964e+02, 1.62050613e+02, 1.38691605e+02,
    1.73237045e+02, 1.48563690e+02, 1.85742279e+02, 1.61645905e+02,
    1.98405869e+02, 1.74605194e+02, 2.02119019e+02, 1.88435120e+02,
    1.97915329e+02, 2.01425613e+02, 1.87519379e+02, 2.13108780e+02,
    1.76658768e+02, 2.21708527e+02, 1.64757828e+02, 2.28521469e+02,
    1.51058197e+02, 2.29833633e+02, 1.36707108e+02, 2.31414597e+02,
    1.22259590e+02, 2.32866318e+02, 1.07154068e+02, 1.30993393e+02,
    1.02192062e+02, 1.36543381e+02, 9.60106125e+01, 1.44063965e+02,
    9.36744690e+01, 1.52720627e+02, 9.46941681e+01, 1.61709717e+02,
    9.80536118e+01, 1.87240067e+02, 9.52042923e+01, 1.96323135e+02,
    9.15271912e+01, 2.05810669e+02, 9.04705887e+01, 2.15164383e+02,
    9.16614609e+01, 2.22722519e+02, 9.59082947e+01, 1.74706879e+02,
    1.08747932e+02, 1.74589554e+02, 1.20088257e+02, 1.74488541e+02,
    1.31544769e+02, 1.74116943e+02, 1.43277908e+02, 1.64365631e+02,
    1.46549683e+02, 1.69435028e+02, 1.48279251e+02, 1.74376877e+02,
    1.50180801e+02, 1.78936508e+02, 1.48804031e+02, 1.83566544e+02,
    1.47272705e+02, 1.40888184e+02, 1.07533096e+02, 1.46523254e+02,
    1.03367599e+02, 1.54449921e+02, 1.04116966e+02, 1.60023224e+02,
    1.10200272e+02, 1.53592072e+02, 1.11957199e+02, 1.46756027e+02,
    1.11531837e+02, 1.91112274e+02, 1.07900368e+02, 1.95992233e+02,
    1.02664352e+02, 2.03507324e+02, 1.02100380e+02, 2.09481308e+02,
    1.07365479e+02, 2.03692703e+02, 1.10694168e+02, 1.96822983e+02,
    1.10096176e+02, 1.52038681e+02, 1.59955338e+02, 1.60422729e+02,
    1.58689880e+02, 1.68196335e+02, 1.59272461e+02, 1.75651184e+02,
    1.60680862e+02, 1.82794098e+02, 1.59099594e+02, 1.89453918e+02,
    1.59138718e+02, 1.97241684e+02, 1.59502518e+02, 1.90207397e+02,
    1.68743256e+02, 1.83063416e+02, 1.73208267e+02, 1.75680145e+02,
    1.74738892e+02, 1.67622238e+02, 1.73559677e+02, 1.59700180e+02,
    1.69780273e+02, 1.54602478e+02, 1.60777344e+02, 1.68304672e+02,
    1.62478241e+02, 1.75563965e+02, 1.65269943e+02, 1.83077026e+02,
    1.62265869e+02, 1.95120514e+02, 1.60497269e+02, 1.82980377e+02,
    1.67516052e+02, 1.75459702e+02, 1.69214371e+02, 1.67953842e+02,
    1.68088135e+02 ]
noOfLandmarkPoint: 68
