%YAML:1.0
landmark: [ 2.86389160e+02, 3.17051727e+02, 2.89935974e+02,
    3.44243835e+02, 2.94665039e+02, 3.69662567e+02, 3.04714294e+02,
    3.90943359e+02, 3.18040405e+02, 4.06429077e+02, 3.33088684e+02,
    4.16953217e+02, 3.50603943e+02, 4.26899994e+02, 3.69147797e+02,
    4.31577850e+02, 3.92536957e+02, 4.32760101e+02, 4.18393127e+02,
    4.29315765e+02, 4.43476868e+02, 4.25229065e+02, 4.65502472e+02,
    4.13830048e+02, 4.82491638e+02, 3.97869446e+02, 4.93132019e+02,
    3.80070404e+02, 5.02152710e+02, 3.55126556e+02, 5.06379272e+02,
    3.30852692e+02, 5.10787170e+02, 3.06411316e+02, 2.93123444e+02,
    2.48460754e+02, 3.06739502e+02, 2.34793503e+02, 3.24761047e+02,
    2.29966446e+02, 3.41993073e+02, 2.28330551e+02, 3.58251251e+02,
    2.31928574e+02, 4.04352875e+02, 2.27940536e+02, 4.25701660e+02,
    2.26531433e+02, 4.43014740e+02, 2.24970261e+02, 4.62134613e+02,
    2.26593933e+02, 4.81220428e+02, 2.38381470e+02, 3.81777802e+02,
    2.59478821e+02, 3.80867981e+02, 2.70482300e+02, 3.79248260e+02,
    2.81057648e+02, 3.77898499e+02, 2.92661591e+02, 3.63892639e+02,
    3.17977844e+02, 3.72810852e+02, 3.17707916e+02, 3.81240387e+02,
    3.18196594e+02, 3.89758575e+02, 3.16846802e+02, 3.99435425e+02,
    3.15343384e+02, 3.13748779e+02, 2.73847778e+02, 3.25223999e+02,
    2.62011475e+02, 3.42797760e+02, 2.60080811e+02, 3.54336060e+02,
    2.70535431e+02, 3.39707397e+02, 2.76109863e+02, 3.24440399e+02,
    2.78050751e+02, 4.16066010e+02, 2.68373901e+02, 4.29443359e+02,
    2.53158127e+02, 4.46432526e+02, 2.55741394e+02, 4.60131042e+02,
    2.64710846e+02, 4.49234497e+02, 2.70957184e+02, 4.33222687e+02,
    2.71818268e+02, 3.49727173e+02, 3.63933533e+02, 3.59344238e+02,
    3.47938416e+02, 3.72888977e+02, 3.37598755e+02, 3.80032501e+02,
    3.39556122e+02, 3.88803223e+02, 3.36816284e+02, 4.08335144e+02,
    3.44862061e+02, 4.20678802e+02, 3.59562073e+02, 4.10290344e+02,
    3.65936584e+02, 3.94042023e+02, 3.71259613e+02, 3.83215576e+02,
    3.71347748e+02, 3.75040741e+02, 3.71557465e+02, 3.62387207e+02,
    3.70987671e+02, 3.54711365e+02, 3.61043854e+02, 3.73788208e+02,
    3.54228058e+02, 3.81561584e+02, 3.53483246e+02, 3.89809814e+02,
    3.52994568e+02, 4.14869934e+02, 3.57569946e+02, 3.89809814e+02,
    3.52994568e+02, 3.81561584e+02, 3.53483246e+02, 3.73788208e+02,
    3.54228058e+02 ]
noOfLandmarkPoint: 68
