%YAML:1.0
landmark: [ 1.25215622e+02, 1.20948128e+02, 1.26057121e+02,
    1.45272430e+02, 1.31590775e+02, 1.67623901e+02, 1.44392990e+02,
    1.89112137e+02, 1.58595490e+02, 2.08357468e+02, 1.71403061e+02,
    2.30324707e+02, 1.86395630e+02, 2.50409378e+02, 2.04714966e+02,
    2.73888763e+02, 2.20935959e+02, 2.76922455e+02, 2.50013794e+02,
    2.70308838e+02, 2.81023468e+02, 2.51511230e+02, 3.03799042e+02,
    2.30955826e+02, 3.25751495e+02, 2.05377594e+02, 3.40279510e+02,
    1.71485901e+02, 3.46387756e+02, 1.34557999e+02, 3.41146362e+02,
    9.72975845e+01, 3.29982178e+02, 6.12381859e+01, 1.03628204e+02,
    7.05843964e+01, 1.12667763e+02, 6.11798820e+01, 1.26334854e+02,
    5.84826012e+01, 1.39796951e+02, 6.30385399e+01, 1.52588104e+02,
    6.89749527e+01, 1.80825241e+02, 5.69595604e+01, 1.98724915e+02,
    4.56148911e+01, 2.17892838e+02, 3.72922058e+01, 2.38130524e+02,
    3.55850754e+01, 2.60102722e+02, 3.81951714e+01, 1.72862305e+02,
    9.61926651e+01, 1.72656723e+02, 1.16265831e+02, 1.72125931e+02,
    1.35900589e+02, 1.71394958e+02, 1.56209061e+02, 1.71006073e+02,
    1.71892181e+02, 1.78050430e+02, 1.74533005e+02, 1.84228119e+02,
    1.76231277e+02, 1.93672729e+02, 1.70900696e+02, 2.02236877e+02,
    1.66833130e+02, 1.29273849e+02, 1.04082344e+02, 1.33029633e+02,
    9.01822739e+01, 1.46770737e+02, 8.89494095e+01, 1.63443771e+02,
    1.01887993e+02, 1.50518982e+02, 1.07409111e+02, 1.35409180e+02,
    1.10384178e+02, 2.15883774e+02, 8.79293060e+01, 2.19775497e+02,
    7.08783264e+01, 2.35508865e+02, 6.44499054e+01, 2.55525558e+02,
    7.55414124e+01, 2.43264236e+02, 8.31889114e+01, 2.29774490e+02,
    8.69540405e+01, 1.73844330e+02, 2.20936493e+02, 1.71317017e+02,
    2.09675919e+02, 1.81762268e+02, 1.97534332e+02, 1.88126221e+02,
    2.01339828e+02, 1.95403763e+02, 1.95898407e+02, 2.27632843e+02,
    1.99709290e+02, 2.46411743e+02, 2.05407776e+02, 2.33595718e+02,
    2.19014511e+02, 2.11304184e+02, 2.28994431e+02, 2.02165176e+02,
    2.30949860e+02, 1.93253860e+02, 2.31784027e+02, 1.83618011e+02,
    2.26291794e+02, 1.82239426e+02, 2.19744919e+02, 1.87947678e+02,
    2.15403885e+02, 1.93302902e+02, 2.12388748e+02, 2.01822922e+02,
    2.10789825e+02, 2.41073486e+02, 2.07589355e+02, 2.01822922e+02,
    2.10789825e+02, 1.93302902e+02, 2.12388748e+02, 1.87947678e+02,
    2.15403885e+02 ]
noOfLandmarkPoint: 68
