%YAML:1.0
landmark: [ 1.05129745e+02, 1.26357597e+02, 1.01028481e+02,
    1.41737335e+02, 9.89778442e+01, 1.57629745e+02, 1.01028481e+02,
    1.74034805e+02, 1.08718353e+02, 1.91465195e+02, 1.18971519e+02,
    2.05819626e+02, 1.31275314e+02, 2.16072784e+02, 1.46114365e+02,
    2.25785248e+02, 1.61599564e+02, 2.31424484e+02, 1.74472107e+02,
    2.31017288e+02, 1.85884079e+02, 2.21255447e+02, 1.93984421e+02,
    2.09803223e+02, 2.02313583e+02, 1.98824753e+02, 2.10107162e+02,
    1.88691498e+02, 2.18559509e+02, 1.79018448e+02, 2.24576828e+02,
    1.69666245e+02, 2.25964050e+02, 1.60417389e+02, 1.42725677e+02,
    1.30295670e+02, 1.53073227e+02, 1.28105194e+02, 1.62768234e+02,
    1.29164917e+02, 1.72074478e+02, 1.33091904e+02, 1.80689606e+02,
    1.38848099e+02, 1.99332108e+02, 1.38093781e+02, 2.05606461e+02,
    1.35543900e+02, 2.12405716e+02, 1.34259430e+02, 2.17816086e+02,
    1.34215668e+02, 2.23373840e+02, 1.35224915e+02, 1.89929260e+02,
    1.51794205e+02, 1.88960037e+02, 1.64470444e+02, 1.88742401e+02,
    1.75643478e+02, 1.89255066e+02, 1.86303848e+02, 1.72449509e+02,
    1.88684280e+02, 1.77927216e+02, 1.90840363e+02, 1.83327499e+02,
    1.93214066e+02, 1.87484863e+02, 1.93052536e+02, 1.90399277e+02,
    1.92350296e+02, 1.48615387e+02, 1.44446808e+02, 1.55100403e+02,
    1.42101837e+02, 1.63965530e+02, 1.43958450e+02, 1.68053207e+02,
    1.49315048e+02, 1.61692291e+02, 1.50217865e+02, 1.53625656e+02,
    1.48819580e+02, 1.98254562e+02, 1.52354477e+02, 2.02800278e+02,
    1.47608276e+02, 2.08096298e+02, 1.47068298e+02, 2.10816620e+02,
    1.50058197e+02, 2.08183151e+02, 1.52122223e+02, 2.03659592e+02,
    1.51946869e+02, 1.49000732e+02, 1.96023026e+02, 1.65041229e+02,
    1.98502197e+02, 1.76123413e+02, 1.98558273e+02, 1.78568863e+02,
    2.00178207e+02, 1.81988220e+02, 1.99271896e+02, 1.85815262e+02,
    1.99452576e+02, 1.88377151e+02, 2.02935989e+02, 1.82372635e+02,
    2.09915314e+02, 1.77382111e+02, 2.11577332e+02, 1.72452209e+02,
    2.11204712e+02, 1.67600311e+02, 2.10526733e+02, 1.60557526e+02,
    2.07019501e+02, 1.52912415e+02, 1.98396744e+02, 1.72621490e+02,
    2.02915680e+02, 1.76550507e+02, 2.03233276e+02, 1.80288544e+02,
    2.03730957e+02, 1.85862762e+02, 2.03846405e+02, 1.80288544e+02,
    2.03730957e+02, 1.76550507e+02, 2.03233276e+02, 1.72621490e+02,
    2.02915680e+02 ]
noOfLandmarkPoint: 68
