%YAML:1.0
landmark: [ 1.11023506e+02, 1.38915207e+02, 1.07180260e+02,
    1.67044418e+02, 1.04714378e+02, 1.92472610e+02, 1.07695908e+02,
    2.08063614e+02, 1.19203720e+02, 2.22671051e+02, 1.33714294e+02,
    2.38175705e+02, 1.50093628e+02, 2.49658081e+02, 1.68205673e+02,
    2.63408234e+02, 1.91116547e+02, 2.67138733e+02, 2.10772736e+02,
    2.63333374e+02, 2.22309448e+02, 2.46441498e+02, 2.33840775e+02,
    2.30848175e+02, 2.42123978e+02, 2.16126160e+02, 2.46578918e+02,
    2.03488632e+02, 2.49053864e+02, 1.88271011e+02, 2.50875656e+02,
    1.71112244e+02, 2.51048660e+02, 1.56237076e+02, 1.44383759e+02,
    1.26809669e+02, 1.55470703e+02, 1.21325134e+02, 1.69072281e+02,
    1.19936852e+02, 1.83538437e+02, 1.22651505e+02, 1.97463684e+02,
    1.29864670e+02, 2.22531860e+02, 1.33666336e+02, 2.32636063e+02,
    1.28278061e+02, 2.41901154e+02, 1.28306305e+02, 2.50640686e+02,
    1.28241852e+02, 2.54525436e+02, 1.35334793e+02, 2.07435654e+02,
    1.44595627e+02, 2.08139572e+02, 1.58528839e+02, 2.08617126e+02,
    1.73121262e+02, 2.08890564e+02, 1.88003036e+02, 1.87826584e+02,
    1.90332184e+02, 1.95697845e+02, 1.93381622e+02, 2.04089920e+02,
    1.99234818e+02, 2.13220840e+02, 1.96365997e+02, 2.20158051e+02,
    1.93279221e+02, 1.58732681e+02, 1.46113235e+02, 1.67490631e+02,
    1.42787872e+02, 1.75849228e+02, 1.43877838e+02, 1.82726990e+02,
    1.49389313e+02, 1.75446350e+02, 1.50898788e+02, 1.66209076e+02,
    1.50152145e+02, 2.21047058e+02, 1.53318100e+02, 2.29093018e+02,
    1.50103836e+02, 2.38244400e+02, 1.51340439e+02, 2.42328827e+02,
    1.55439957e+02, 2.36911804e+02, 1.58122070e+02, 2.28442596e+02,
    1.56872864e+02, 1.65688004e+02, 2.13096039e+02, 1.80230804e+02,
    2.09293121e+02, 1.94617249e+02, 2.09108978e+02, 2.01825653e+02,
    2.11243958e+02, 2.09363022e+02, 2.10041901e+02, 2.17296890e+02,
    2.11783340e+02, 2.22563919e+02, 2.17832474e+02, 2.15123108e+02,
    2.26541412e+02, 2.07449051e+02, 2.33560608e+02, 1.99911957e+02,
    2.33512375e+02, 1.90836151e+02, 2.32563370e+02, 1.76424576e+02,
    2.24937576e+02, 1.69442123e+02, 2.14383987e+02, 1.93399734e+02,
    2.18992432e+02, 2.01388275e+02, 2.20084610e+02, 2.08340683e+02,
    2.19482101e+02, 2.18580673e+02, 2.18289734e+02, 2.08340683e+02,
    2.19482101e+02, 2.01388275e+02, 2.20084610e+02, 1.93399734e+02,
    2.18992432e+02 ]
noOfLandmarkPoint: 68
