%YAML:1.0
landmark: [ 1.18104858e+02, 1.62056900e+02, 1.20238693e+02,
    1.77632690e+02, 1.22092636e+02, 1.92309738e+02, 1.25224716e+02,
    2.07419800e+02, 1.30014816e+02, 2.21909790e+02, 1.37723312e+02,
    2.33985428e+02, 1.50164703e+02, 2.42794724e+02, 1.67844940e+02,
    2.49190262e+02, 1.87478027e+02, 2.51411697e+02, 2.06072495e+02,
    2.49582169e+02, 2.23647797e+02, 2.45235077e+02, 2.37404846e+02,
    2.35391296e+02, 2.44857224e+02, 2.22364182e+02, 2.48877029e+02,
    2.04800568e+02, 2.50386276e+02, 1.89658783e+02, 2.52096405e+02,
    1.74323685e+02, 2.52824890e+02, 1.59171417e+02, 1.29355408e+02,
    1.44669800e+02, 1.38035873e+02, 1.37975464e+02, 1.49546204e+02,
    1.36254105e+02, 1.60416183e+02, 1.38312546e+02, 1.74589798e+02,
    1.44359360e+02, 1.99339325e+02, 1.45147095e+02, 2.11756577e+02,
    1.39112228e+02, 2.23306976e+02, 1.37405991e+02, 2.35609512e+02,
    1.38692596e+02, 2.43750595e+02, 1.48078827e+02, 1.88731766e+02,
    1.57264450e+02, 1.88576767e+02, 1.66031265e+02, 1.88400208e+02,
    1.74449341e+02, 1.88572998e+02, 1.83736588e+02, 1.75997040e+02,
    1.89393875e+02, 1.81354843e+02, 1.92109299e+02, 1.87835373e+02,
    1.94095917e+02, 1.93514679e+02, 1.91432983e+02, 1.98705582e+02,
    1.89936584e+02, 1.44631027e+02, 1.57669540e+02, 1.52085556e+02,
    1.52112915e+02, 1.59862610e+02, 1.51500153e+02, 1.68743256e+02,
    1.56903244e+02, 1.62294861e+02, 1.59348938e+02, 1.53131332e+02,
    1.60093292e+02, 2.04273224e+02, 1.57466064e+02, 2.10930176e+02,
    1.52346634e+02, 2.18813721e+02, 1.52282074e+02, 2.25492752e+02,
    1.56828827e+02, 2.19311096e+02, 1.59750549e+02, 2.11640289e+02,
    1.60065277e+02, 1.60227158e+02, 2.08476944e+02, 1.69897903e+02,
    2.03075684e+02, 1.81171402e+02, 2.00706100e+02, 1.87568710e+02,
    2.01742584e+02, 1.93135620e+02, 2.01014236e+02, 2.04395950e+02,
    2.03400162e+02, 2.13031326e+02, 2.09032959e+02, 2.04600571e+02,
    2.18622223e+02, 1.93830978e+02, 2.20429123e+02, 1.87664886e+02,
    2.20898788e+02, 1.81388458e+02, 2.20420364e+02, 1.69975494e+02,
    2.17884399e+02, 1.63282211e+02, 2.08809067e+02, 1.81191223e+02,
    2.05812012e+02, 1.87589203e+02, 2.05972031e+02, 1.93121429e+02,
    2.05350189e+02, 2.11213394e+02, 2.09046707e+02, 1.93839188e+02,
    2.13202057e+02, 1.87676437e+02, 2.13207214e+02, 1.81191223e+02,
    2.12852219e+02 ]
noOfLandmarkPoint: 68
