%YAML:1.0
landmark: [ 1.17219521e+02, 3.55370117e+02, 1.21942810e+02,
    4.01173737e+02, 1.31377701e+02, 4.46952545e+02, 1.36582092e+02,
    4.95544128e+02, 1.46510559e+02, 5.45149658e+02, 1.72542862e+02,
    5.84550964e+02, 2.12477173e+02, 6.14902405e+02, 2.39707382e+02,
    6.31613220e+02, 2.86413147e+02, 6.29252930e+02, 3.40312012e+02,
    6.28265808e+02, 3.89149231e+02, 5.98489868e+02, 4.29101959e+02,
    5.69840271e+02, 4.60280518e+02, 5.27358582e+02, 4.72124420e+02,
    4.76057739e+02, 4.74311951e+02, 4.25141632e+02, 4.77495880e+02,
    3.81865204e+02, 4.79043823e+02, 3.36236298e+02, 1.27626266e+02,
    3.23712158e+02, 1.45560349e+02, 3.00337952e+02, 1.74882156e+02,
    2.94121582e+02, 2.02094376e+02, 2.99779724e+02, 2.27570114e+02,
    3.05090576e+02, 2.79733215e+02, 3.01414185e+02, 3.13849091e+02,
    2.86236145e+02, 3.48867920e+02, 2.80484253e+02, 3.82597900e+02,
    2.84615784e+02, 4.10817139e+02, 3.01575531e+02, 2.58351929e+02,
    3.34422394e+02, 2.58599915e+02, 3.68291840e+02, 2.60053680e+02,
    4.02923920e+02, 2.62204041e+02, 4.38178925e+02, 2.33217804e+02,
    4.54141510e+02, 2.49242172e+02, 4.60099823e+02, 2.66298920e+02,
    4.66861511e+02, 2.86645142e+02, 4.55237366e+02, 3.03801575e+02,
    4.49061737e+02, 1.62350952e+02, 3.45956665e+02, 1.75887222e+02,
    3.34372345e+02, 1.98213211e+02, 3.32805695e+02, 2.19326141e+02,
    3.48036133e+02, 2.03447281e+02, 3.50593262e+02, 1.82349930e+02,
    3.52767670e+02, 3.14070740e+02, 3.41118164e+02, 3.33045319e+02,
    3.23676208e+02, 3.56602448e+02, 3.22350372e+02, 3.74706848e+02,
    3.33231537e+02, 3.58980469e+02, 3.41823761e+02, 3.36079285e+02,
    3.42811707e+02, 1.93117599e+02, 4.89509277e+02, 2.20122391e+02,
    4.86330292e+02, 2.47335617e+02, 4.87773438e+02, 2.64601501e+02,
    4.94048126e+02, 2.96488373e+02, 4.83221741e+02, 3.37264618e+02,
    4.77049988e+02, 3.67194916e+02, 4.81198029e+02, 3.45893982e+02,
    5.12513428e+02, 3.04241333e+02, 5.39761536e+02, 2.70278229e+02,
    5.44673645e+02, 2.50503296e+02, 5.42976868e+02, 2.20022522e+02,
    5.35744019e+02, 2.01243896e+02, 4.97437195e+02, 2.47883789e+02,
    5.03025269e+02, 2.65612000e+02, 5.03461243e+02, 2.98011627e+02,
    4.97123688e+02, 3.59676117e+02, 4.84432770e+02, 3.00250275e+02,
    5.15263367e+02, 2.68454010e+02, 5.22356567e+02, 2.48881073e+02,
    5.21024414e+02 ]
noOfLandmarkPoint: 68
