%YAML:1.0
landmark: [ 1.76644897e+02, 3.96009888e+02, 1.78134415e+02,
    4.54695770e+02, 1.78960007e+02, 5.12373169e+02, 1.93368759e+02,
    5.56829224e+02, 2.30671432e+02, 5.87199829e+02, 2.70352814e+02,
    6.10919373e+02, 3.04532043e+02, 6.34115417e+02, 3.47277252e+02,
    6.48162415e+02, 3.98865723e+02, 6.46194702e+02, 4.21601654e+02,
    6.27545166e+02, 4.34640167e+02, 5.89838318e+02, 4.47236053e+02,
    5.61786743e+02, 4.57070282e+02, 5.35105408e+02, 4.67972595e+02,
    5.01147522e+02, 4.82704681e+02, 4.67491760e+02, 4.91713287e+02,
    4.37142334e+02, 4.93490570e+02, 4.00348358e+02, 2.51246277e+02,
    3.60541260e+02, 2.89592468e+02, 3.44615570e+02, 3.26669434e+02,
    3.40113434e+02, 3.61783264e+02, 3.46170685e+02, 4.00222748e+02,
    3.53484955e+02, 4.34699799e+02, 3.58847656e+02, 4.58380890e+02,
    3.51290131e+02, 4.82747070e+02, 3.48549652e+02, 5.01589905e+02,
    3.52158112e+02, 5.02453949e+02, 3.74107178e+02, 4.13149689e+02,
    3.89096558e+02, 4.17027100e+02, 4.19367615e+02, 4.22367615e+02,
    4.47521210e+02, 4.27788940e+02, 4.76742889e+02, 3.83128845e+02,
    4.87543152e+02, 3.96005676e+02, 4.93045349e+02, 4.06746307e+02,
    4.98849640e+02, 4.20167816e+02, 4.96875122e+02, 4.32482758e+02,
    4.91836761e+02, 2.96310577e+02, 3.84784210e+02, 3.14629944e+02,
    3.74950012e+02, 3.34238739e+02, 3.76481934e+02, 3.49030457e+02,
    3.87686371e+02, 3.31800385e+02, 3.92039612e+02, 3.10578857e+02,
    3.91494965e+02, 4.31744751e+02, 3.88485291e+02, 4.44453186e+02,
    3.76784058e+02, 4.63619354e+02, 3.75332977e+02, 4.76274872e+02,
    3.81660767e+02, 4.67670441e+02, 3.90971527e+02, 4.49976562e+02,
    3.90971527e+02, 3.38349457e+02, 5.41492859e+02, 3.72537231e+02,
    5.32134521e+02, 3.94047180e+02, 5.29020203e+02, 4.05370697e+02,
    5.33016235e+02, 4.17242188e+02, 5.30353943e+02, 4.27535675e+02,
    5.33249390e+02, 4.35701691e+02, 5.41211914e+02, 4.26140076e+02,
    5.55289062e+02, 4.17608124e+02, 5.62581482e+02, 4.04343842e+02,
    5.64462219e+02, 3.92430115e+02, 5.64074646e+02, 3.71703186e+02,
    5.60437439e+02, 3.51247498e+02, 5.42641785e+02, 3.93711761e+02,
    5.41875793e+02, 4.04609100e+02, 5.41751892e+02, 4.17712219e+02,
    5.40726868e+02, 4.27397552e+02, 5.42181335e+02, 4.17712219e+02,
    5.40726868e+02, 4.04609100e+02, 5.41751892e+02, 3.93711761e+02,
    5.41875793e+02 ]
noOfLandmarkPoint: 68
