%YAML:1.0
landmark: [ 8.75926971e+01, 1.58185776e+02, 9.12993164e+01,
    1.70944092e+02, 9.71326218e+01, 1.80796188e+02, 1.03453728e+02,
    1.89938065e+02, 1.11016602e+02, 2.00702682e+02, 1.19685646e+02,
    2.08256714e+02, 1.30230423e+02, 2.13934998e+02, 1.42296646e+02,
    2.18700958e+02, 1.52891968e+02, 2.17737015e+02, 1.62016891e+02,
    2.12261948e+02, 1.71750946e+02, 2.01006973e+02, 1.79202820e+02,
    1.90767029e+02, 1.84379333e+02, 1.79371613e+02, 1.85371429e+02,
    1.64799927e+02, 1.83082443e+02, 1.52257935e+02, 1.79260834e+02,
    1.40135025e+02, 1.75039993e+02, 1.27163048e+02, 8.82289810e+01,
    1.51278778e+02, 9.01622696e+01, 1.43935425e+02, 9.82765274e+01,
    1.42753311e+02, 1.05773193e+02, 1.42840439e+02, 1.12990891e+02,
    1.42943588e+02, 1.28619476e+02, 1.37249161e+02, 1.35059067e+02,
    1.31194931e+02, 1.43275162e+02, 1.26897133e+02, 1.51973495e+02,
    1.22714531e+02, 1.60741364e+02, 1.23524544e+02, 1.22971779e+02,
    1.47685791e+02, 1.25482849e+02, 1.56289642e+02, 1.28123688e+02,
    1.65124146e+02, 1.31091919e+02, 1.74366150e+02, 1.27406120e+02,
    1.80799683e+02, 1.32017258e+02, 1.80598312e+02, 1.36165985e+02,
    1.80050415e+02, 1.39659653e+02, 1.77396103e+02, 1.43195160e+02,
    1.74249420e+02, 9.79247131e+01, 1.57934982e+02, 1.01952446e+02,
    1.52669861e+02, 1.08198006e+02, 1.51249298e+02, 1.15234024e+02,
    1.53821259e+02, 1.10322670e+02, 1.57703110e+02, 1.03626816e+02,
    1.59316681e+02, 1.39974365e+02, 1.44738831e+02, 1.43974136e+02,
    1.38505020e+02, 1.49937363e+02, 1.36227295e+02, 1.55919724e+02,
    1.37319382e+02, 1.52921860e+02, 1.41840347e+02, 1.47109421e+02,
    1.44307938e+02, 1.27762550e+02, 1.99124039e+02, 1.31454407e+02,
    1.92868530e+02, 1.35210968e+02, 1.89413879e+02, 1.39212677e+02,
    1.88782761e+02, 1.43478348e+02, 1.86002747e+02, 1.50244492e+02,
    1.86037323e+02, 1.59352921e+02, 1.86655441e+02, 1.55410660e+02,
    1.93229065e+02, 1.49564865e+02, 1.97788223e+02, 1.45446259e+02,
    2.00255096e+02, 1.41208420e+02, 2.01532562e+02, 1.35692490e+02,
    2.01925903e+02, 1.31077606e+02, 1.97110703e+02, 1.36806839e+02,
    1.93519653e+02, 1.40583618e+02, 1.92112823e+02, 1.45026520e+02,
    1.89815323e+02, 1.54862778e+02, 1.88075867e+02, 1.46835938e+02,
    1.93279205e+02, 1.41744278e+02, 1.94617310e+02, 1.38390656e+02,
    1.96153931e+02 ]
noOfLandmarkPoint: 68
