%YAML:1.0
landmark: [ 7.07241392e+00, 3.37914246e+02, 2.70804095e+00,
    3.50148804e+02, 1.91451895e+00, 3.68252716e+02, 2.31128001e+00,
    3.85480408e+02, 1.25121717e+01, 3.92474396e+02, 2.47801952e+01,
    3.99980652e+02, 3.80731049e+01, 4.06147644e+02, 5.18618889e+01,
    4.09322052e+02, 6.27575073e+01, 4.08875732e+02, 6.77840881e+01,
    4.04345642e+02, 6.93218918e+01, 3.94689575e+02, 7.28930588e+01,
    3.80222778e+02, 7.63651047e+01, 3.69757080e+02, 7.95726547e+01,
    3.61672241e+02, 8.10937271e+01, 3.53289764e+02, 8.09614716e+01,
    3.45254486e+02, 8.02834778e+01, 3.37698669e+02, 2.89965286e+01,
    3.18255157e+02, 3.73294525e+01, 3.14088715e+02, 4.60095863e+01,
    3.13741516e+02, 5.38463249e+01, 3.14138275e+02, 6.19639854e+01,
    3.15890717e+02, 7.27443848e+01, 3.16883392e+02, 7.62824097e+01,
    3.15279297e+02, 7.93081436e+01, 3.14353210e+02, 8.26975021e+01,
    3.14435913e+02, 8.46153336e+01, 3.16816803e+02, 6.51222839e+01,
    3.33366821e+02, 6.80817413e+01, 3.40674530e+02, 7.13388367e+01,
    3.47354126e+02, 7.46454926e+01, 3.54612305e+02, 5.76160240e+01,
    3.61308624e+02, 6.24604836e+01, 3.62879242e+02, 6.65609818e+01,
    3.65193848e+02, 7.01321411e+01, 3.63970428e+02, 7.35874634e+01,
    3.63143768e+02, 3.34770546e+01, 3.31234009e+02, 3.85528793e+01,
    3.27910645e+02, 4.40586052e+01, 3.27480743e+02, 4.69852295e+01,
    3.30175690e+02, 4.50506668e+01, 3.32920502e+02, 3.92141457e+01,
    3.33052734e+02, 6.86274796e+01, 3.31234009e+02, 7.12728653e+01,
    3.27166656e+02, 7.60510483e+01, 3.27612976e+02, 7.75225677e+01,
    3.31051910e+02, 7.45631104e+01, 3.31845734e+02, 7.13555679e+01,
    3.31796173e+02, 4.31161041e+01, 3.82636810e+02, 5.12173500e+01,
    3.77015564e+02, 6.26085243e+01, 3.74882782e+02, 6.55850143e+01,
    3.76304413e+02, 6.80817413e+01, 3.74981873e+02, 7.13388367e+01,
    3.76982422e+02, 7.05289001e+01, 3.81264709e+02, 7.00658569e+01,
    3.87018219e+02, 6.71228180e+01, 3.88407043e+02, 6.42290268e+01,
    3.88638397e+02, 6.05417061e+01, 3.88439880e+02, 5.03575439e+01,
    3.85910309e+02, 4.65054588e+01, 3.82025085e+02, 6.12859879e+01,
    3.81727448e+02, 6.46425171e+01, 3.81991943e+02, 6.70401230e+01,
    3.81462952e+02, 6.90573883e+01, 3.81099335e+02, 6.70401230e+01,
    3.81462952e+02, 6.46425171e+01, 3.81991943e+02, 6.12859879e+01,
    3.81727448e+02 ]
noOfLandmarkPoint: 68
