%YAML:1.0
landmark: [ 5.36610794e+01, 2.51513931e+02, 5.45477486e+01,
    2.77489044e+02, 5.52188988e+01, 2.99716766e+02, 6.12784081e+01,
    3.22142456e+02, 7.29553757e+01, 3.41889618e+02, 9.01070786e+01,
    3.57071014e+02, 1.09962357e+02, 3.69037170e+02, 1.31602203e+02,
    3.77468903e+02, 1.54739182e+02, 3.79985626e+02, 1.74862183e+02,
    3.75442841e+02, 1.91676559e+02, 3.62572144e+02, 2.05430801e+02,
    3.48466797e+02, 2.13905975e+02, 3.28252350e+02, 2.20432800e+02,
    3.08554291e+02, 2.25084518e+02, 2.87987854e+02, 2.26221817e+02,
    2.67463684e+02, 2.25875565e+02, 2.47100708e+02, 8.30652695e+01,
    2.45528488e+02, 9.59811783e+01, 2.36702118e+02, 1.11697006e+02,
    2.32609299e+02, 1.27987228e+02, 2.31936813e+02, 1.42587494e+02,
    2.36634628e+02, 1.78834427e+02, 2.34330429e+02, 1.89766968e+02,
    2.27197983e+02, 2.01390396e+02, 2.25240143e+02, 2.13170456e+02,
    2.25919388e+02, 2.20758133e+02, 2.33707886e+02, 1.61275116e+02,
    2.54772537e+02, 1.63994766e+02, 2.70067383e+02, 1.66577286e+02,
    2.85992401e+02, 1.69589691e+02, 3.01490845e+02, 1.46876129e+02,
    3.07148010e+02, 1.58612320e+02, 3.10304077e+02, 1.67323654e+02,
    3.12828247e+02, 1.75212189e+02, 3.09227386e+02, 1.80669434e+02,
    3.02348999e+02, 1.04387924e+02, 2.56768097e+02, 1.12878891e+02,
    2.50685959e+02, 1.23385902e+02, 2.48756027e+02, 1.32317307e+02,
    2.55604355e+02, 1.23477882e+02, 2.58598450e+02, 1.13146553e+02,
    2.59862091e+02, 1.78990280e+02, 2.53187866e+02, 1.88626862e+02,
    2.46587936e+02, 1.99297531e+02, 2.45344849e+02, 2.04367874e+02,
    2.51674713e+02, 1.98151474e+02, 2.54935791e+02, 1.88941025e+02,
    2.55502579e+02, 1.27827934e+02, 3.25792633e+02, 1.43414825e+02,
    3.22886505e+02, 1.55436493e+02, 3.20327911e+02, 1.60891037e+02,
    3.22911407e+02, 1.69007034e+02, 3.19313965e+02, 1.76203552e+02,
    3.19751434e+02, 1.84857574e+02, 3.20197723e+02, 1.76835938e+02,
    3.30844604e+02, 1.69646271e+02, 3.35601166e+02, 1.62011490e+02,
    3.37445770e+02, 1.55842072e+02, 3.36608368e+02, 1.43566101e+02,
    3.32952240e+02, 1.32136520e+02, 3.26439911e+02, 1.55327988e+02,
    3.26484650e+02, 1.61138367e+02, 3.27043152e+02, 1.69147354e+02,
    3.24863037e+02, 1.81629425e+02, 3.21704742e+02, 1.69147354e+02,
    3.24863037e+02, 1.61138367e+02, 3.27043152e+02, 1.55327988e+02,
    3.26484650e+02 ]
noOfLandmarkPoint: 68
