%YAML:1.0
landmark: [ 9.13075790e+01, 1.84259552e+02, 9.24283371e+01,
    2.05922211e+02, 9.93159943e+01, 2.27518143e+02, 1.03570534e+02,
    2.49531769e+02, 1.06209030e+02, 2.70341431e+02, 1.18149055e+02,
    2.89228180e+02, 1.34028168e+02, 3.05966766e+02, 1.51441010e+02,
    3.22426208e+02, 1.76426559e+02, 3.28614380e+02, 1.97940094e+02,
    3.26001678e+02, 2.18087830e+02, 3.11364349e+02, 2.35951202e+02,
    2.93320831e+02, 2.50112442e+02, 2.71870178e+02, 2.54964691e+02,
    2.52239777e+02, 2.57839722e+02, 2.31273819e+02, 2.63491760e+02,
    2.08613037e+02, 2.62494141e+02, 1.87383881e+02, 1.01355553e+02,
    1.89423935e+02, 1.13308182e+02, 1.77161316e+02, 1.32097214e+02,
    1.75305649e+02, 1.48963654e+02, 1.79138290e+02, 1.66821259e+02,
    1.85624115e+02, 1.86779495e+02, 1.85028168e+02, 2.05279266e+02,
    1.79508163e+02, 2.22146133e+02, 1.76161194e+02, 2.41394165e+02,
    1.78113205e+02, 2.55417816e+02, 1.88856827e+02, 1.76572037e+02,
    1.99506760e+02, 1.77465408e+02, 2.15015594e+02, 1.78355148e+02,
    2.32466187e+02, 1.79453674e+02, 2.49753723e+02, 1.61439346e+02,
    2.50597260e+02, 1.69824905e+02, 2.54054428e+02, 1.79187210e+02,
    2.57146820e+02, 1.88387405e+02, 2.53012817e+02, 1.96590576e+02,
    2.48481628e+02, 1.24739700e+02, 1.95951508e+02, 1.33569611e+02,
    1.90667755e+02, 1.45710144e+02, 1.91532196e+02, 1.55608322e+02,
    1.99647552e+02, 1.45535904e+02, 2.00427841e+02, 1.34504730e+02,
    2.00087494e+02, 2.00379623e+02, 1.99913345e+02, 2.08676651e+02,
    1.92325287e+02, 2.21662399e+02, 1.91834534e+02, 2.29847488e+02,
    1.98186096e+02, 2.22040756e+02, 2.00630325e+02, 2.11459412e+02,
    2.01376205e+02, 1.41328629e+02, 2.63813934e+02, 1.56218704e+02,
    2.65763245e+02, 1.67648224e+02, 2.66206726e+02, 1.77368149e+02,
    2.68375610e+02, 1.89891937e+02, 2.66004242e+02, 2.01708542e+02,
    2.64502319e+02, 2.15711304e+02, 2.63421326e+02, 2.02587921e+02,
    2.83318146e+02, 1.90276184e+02, 2.91396698e+02, 1.77810715e+02,
    2.91879395e+02, 1.67732468e+02, 2.90905457e+02, 1.54768539e+02,
    2.82978058e+02, 1.44785797e+02, 2.65617493e+02, 1.67558792e+02,
    2.71399048e+02, 1.77499390e+02, 2.72786774e+02, 1.89922394e+02,
    2.71015167e+02, 2.11605148e+02, 2.66197052e+02, 1.90164474e+02,
    2.79103149e+02, 1.77650452e+02, 2.80824493e+02, 1.67438675e+02,
    2.79789307e+02 ]
noOfLandmarkPoint: 68
