%YAML:1.0
landmark: [ 1.05721153e+02, 1.67725311e+02, 1.07884422e+02,
    1.89486206e+02, 1.09657158e+02, 2.08712479e+02, 1.12039307e+02,
    2.26682068e+02, 1.14599350e+02, 2.47718948e+02, 1.22261856e+02,
    2.62921539e+02, 1.32738022e+02, 2.76820801e+02, 1.45296036e+02,
    2.90804565e+02, 1.65714691e+02, 2.95822510e+02, 1.86028564e+02,
    2.95653412e+02, 2.05794144e+02, 2.88889587e+02, 2.25833969e+02,
    2.77622833e+02, 2.41377609e+02, 2.66095947e+02, 2.53227051e+02,
    2.49042221e+02, 2.59423859e+02, 2.26949005e+02, 2.64176178e+02,
    2.02523270e+02, 2.67543152e+02, 1.80651154e+02, 1.13733139e+02,
    1.46831894e+02, 1.27575104e+02, 1.40584793e+02, 1.40443481e+02,
    1.37796661e+02, 1.55692276e+02, 1.42271835e+02, 1.67101440e+02,
    1.51806641e+02, 1.92743286e+02, 1.52068420e+02, 2.06254089e+02,
    1.47245590e+02, 2.19188995e+02, 1.45411972e+02, 2.33676865e+02,
    1.49103607e+02, 2.45355331e+02, 1.56402023e+02, 1.76957901e+02,
    1.69851654e+02, 1.74271393e+02, 1.83951416e+02, 1.71729630e+02,
    1.97869949e+02, 1.68995468e+02, 2.12133224e+02, 1.59319839e+02,
    2.20096939e+02, 1.64167847e+02, 2.22973877e+02, 1.68477295e+02,
    2.25943405e+02, 1.76161407e+02, 2.24732040e+02, 1.83167603e+02,
    2.23073807e+02, 1.30170639e+02, 1.66857147e+02, 1.40613678e+02,
    1.60688690e+02, 1.50400940e+02, 1.62147934e+02, 1.59760468e+02,
    1.73430481e+02, 1.50713577e+02, 1.75180237e+02, 1.37966888e+02,
    1.73404175e+02, 2.02140945e+02, 1.77372009e+02, 2.11791351e+02,
    1.68020905e+02, 2.23650101e+02, 1.69364456e+02, 2.31726349e+02,
    1.76348969e+02, 2.22329254e+02, 1.81825027e+02, 2.10583664e+02,
    1.81505524e+02, 1.40569611e+02, 2.47258392e+02, 1.49370377e+02,
    2.43834961e+02, 1.60417480e+02, 2.40605469e+02, 1.65838776e+02,
    2.42929825e+02, 1.72085220e+02, 2.42070038e+02, 1.84734955e+02,
    2.48070663e+02, 1.98616287e+02, 2.55564941e+02, 1.82387482e+02,
    2.63681915e+02, 1.70348053e+02, 2.64516205e+02, 1.62935837e+02,
    2.63692535e+02, 1.55332336e+02, 2.62354736e+02, 1.47285751e+02,
    2.55795013e+02, 1.44161758e+02, 2.49415955e+02, 1.58355469e+02,
    2.51022202e+02, 1.65373810e+02, 2.51786438e+02, 1.71706757e+02,
    2.52191360e+02, 1.92696823e+02, 2.56168762e+02, 1.71706757e+02,
    2.52191360e+02, 1.65373810e+02, 2.51786438e+02, 1.58355469e+02,
    2.51022202e+02 ]
noOfLandmarkPoint: 68
