%YAML:1.0
landmark: [ 1.47955902e+02, 1.41846939e+02, 1.48204193e+02,
    1.60863480e+02, 1.50233032e+02, 1.77854309e+02, 1.50396667e+02,
    1.95588333e+02, 1.57934052e+02, 2.12447159e+02, 1.67897919e+02,
    2.25366959e+02, 1.82795624e+02, 2.35421204e+02, 2.04177979e+02,
    2.43773010e+02, 2.17202728e+02, 2.45243683e+02, 2.30234756e+02,
    2.44198608e+02, 2.43020462e+02, 2.37346634e+02, 2.55328079e+02,
    2.28591080e+02, 2.65672363e+02, 2.14133560e+02, 2.70434204e+02,
    1.97250656e+02, 2.74330261e+02, 1.79069077e+02, 2.76061829e+02,
    1.60021713e+02, 2.76061829e+02, 1.42273026e+02, 1.61652847e+02,
    1.36181946e+02, 1.72438461e+02, 1.30374832e+02, 1.86004318e+02,
    1.27813980e+02, 1.98563568e+02, 1.31779343e+02, 2.08969208e+02,
    1.37993149e+02, 2.20922409e+02, 1.38533035e+02, 2.32745316e+02,
    1.32022522e+02, 2.43381439e+02, 1.29104828e+02, 2.56568329e+02,
    1.28449371e+02, 2.65797241e+02, 1.34271057e+02, 2.14965317e+02,
    1.45950897e+02, 2.15230652e+02, 1.58338165e+02, 2.15337494e+02,
    1.71807785e+02, 2.15639435e+02, 1.85386688e+02, 2.02608231e+02,
    1.85974472e+02, 2.08232971e+02, 1.88930222e+02, 2.16551361e+02,
    1.90556198e+02, 2.21996887e+02, 1.89256226e+02, 2.27794113e+02,
    1.86364548e+02, 1.74680878e+02, 1.43472488e+02, 1.82008469e+02,
    1.40001038e+02, 1.89045303e+02, 1.40068039e+02, 1.96225494e+02,
    1.46541702e+02, 1.87844330e+02, 1.48973648e+02, 1.81903076e+02,
    1.48887207e+02, 2.33127808e+02, 1.46514160e+02, 2.39320328e+02,
    1.40343628e+02, 2.45910080e+02, 1.40093643e+02, 2.53496674e+02,
    1.43434555e+02, 2.47161255e+02, 1.48559875e+02, 2.40947006e+02,
    1.49213715e+02, 1.95755905e+02, 2.12486496e+02, 2.03176270e+02,
    2.05449707e+02, 2.10985962e+02, 2.03395035e+02, 2.16819992e+02,
    2.04693283e+02, 2.22882080e+02, 2.03555099e+02, 2.30358841e+02,
    2.06981400e+02, 2.36747208e+02, 2.11653702e+02, 2.30713699e+02,
    2.16515015e+02, 2.24475342e+02, 2.18934525e+02, 2.18430267e+02,
    2.19143219e+02, 2.11504089e+02, 2.18805038e+02, 2.04116013e+02,
    2.16070862e+02, 1.98342667e+02, 2.12166656e+02, 2.11113052e+02,
    2.10089966e+02, 2.17203720e+02, 2.10670059e+02, 2.23332626e+02,
    2.10388443e+02, 2.34114380e+02, 2.11288651e+02, 2.23332626e+02,
    2.10388443e+02, 2.17203720e+02, 2.10670059e+02, 2.11113052e+02,
    2.10089966e+02 ]
noOfLandmarkPoint: 68
