%YAML:1.0
landmark: [ 1.20041832e+02, 1.85229492e+02, 1.20687149e+02,
    2.13545181e+02, 1.22836914e+02, 2.41892624e+02, 1.26673622e+02,
    2.69426544e+02, 1.36466461e+02, 2.94512604e+02, 1.55377457e+02,
    3.15668030e+02, 1.78497284e+02, 3.30227081e+02, 2.05393112e+02,
    3.44520203e+02, 2.29108307e+02, 3.47696136e+02, 2.48177200e+02,
    3.44463684e+02, 2.59699890e+02, 3.37271271e+02, 2.71488708e+02,
    3.22719849e+02, 2.89518677e+02, 2.96528961e+02, 2.95549316e+02,
    2.76044739e+02, 3.02923157e+02, 2.52559891e+02, 3.10791870e+02,
    2.29046921e+02, 3.11090820e+02, 2.01641312e+02, 1.59105331e+02,
    1.67989243e+02, 1.77219925e+02, 1.58189865e+02, 1.96226883e+02,
    1.57548813e+02, 2.14752106e+02, 1.61820419e+02, 2.32532837e+02,
    1.69508560e+02, 2.67140839e+02, 1.74987808e+02, 2.82131653e+02,
    1.68912033e+02, 2.96504761e+02, 1.66543503e+02, 3.05343292e+02,
    1.68785721e+02, 3.08665192e+02, 1.78023331e+02, 2.51783905e+02,
    1.94337311e+02, 2.53870087e+02, 2.10795944e+02, 2.57430328e+02,
    2.27552490e+02, 2.59828674e+02, 2.43853195e+02, 2.31302917e+02,
    2.50783035e+02, 2.41512955e+02, 2.53857666e+02, 2.49442841e+02,
    2.58197510e+02, 2.58284393e+02, 2.57256042e+02, 2.65448608e+02,
    2.53548813e+02, 1.78060959e+02, 1.88934875e+02, 1.89354126e+02,
    1.81576797e+02, 2.04361908e+02, 1.82588043e+02, 2.14726151e+02,
    1.94398529e+02, 2.02423630e+02, 1.98100174e+02, 1.87391022e+02,
    1.97714325e+02, 2.66023346e+02, 1.97459213e+02, 2.76136749e+02,
    1.86643921e+02, 2.89561646e+02, 1.88030945e+02, 2.98138397e+02,
    1.95658157e+02, 2.90914612e+02, 2.02057678e+02, 2.78358307e+02,
    2.00953568e+02, 1.99672745e+02, 2.81692200e+02, 2.10977783e+02,
    2.75658325e+02, 2.24640213e+02, 2.73381836e+02, 2.38015457e+02,
    2.76558929e+02, 2.48773605e+02, 2.75169312e+02, 2.58463013e+02,
    2.78799530e+02, 2.68680939e+02, 2.87902283e+02, 2.59045258e+02,
    2.96048462e+02, 2.47174805e+02, 2.97786407e+02, 2.35365448e+02,
    2.98192688e+02, 2.20889923e+02, 2.95960327e+02, 2.07770355e+02,
    2.89994629e+02, 2.03854233e+02, 2.83424011e+02, 2.25399826e+02,
    2.85943939e+02, 2.38354950e+02, 2.87143524e+02, 2.50023132e+02,
    2.87203552e+02, 2.65158356e+02, 2.87906036e+02, 2.49459625e+02,
    2.86843506e+02, 2.38814728e+02, 2.87432648e+02, 2.25150818e+02,
    2.86292023e+02 ]
noOfLandmarkPoint: 68
