%YAML:1.0
landmark: [ 2.11306366e+02, 2.99387878e+02, 2.13875610e+02,
    3.20438446e+02, 2.17880157e+02, 3.44353485e+02, 2.21354401e+02,
    3.70515594e+02, 2.33643936e+02, 3.95686676e+02, 2.45716217e+02,
    4.16223938e+02, 2.60138641e+02, 4.34537415e+02, 2.80119385e+02,
    4.54034851e+02, 3.03798340e+02, 4.57841675e+02, 3.26365601e+02,
    4.55329895e+02, 3.44161530e+02, 4.40112061e+02, 3.56950439e+02,
    4.20577972e+02, 3.68981964e+02, 3.97174744e+02, 3.79928131e+02,
    3.77388824e+02, 3.85796875e+02, 3.55529327e+02, 3.86354797e+02,
    3.28505035e+02, 3.87861755e+02, 2.99063568e+02, 2.25686661e+02,
    2.88849854e+02, 2.42350601e+02, 2.80167572e+02, 2.59540009e+02,
    2.79001373e+02, 2.75937866e+02, 2.83659546e+02, 2.93477570e+02,
    2.88517273e+02, 3.17309540e+02, 2.90299835e+02, 3.33749542e+02,
    2.84958801e+02, 3.49730591e+02, 2.82276062e+02, 3.63295013e+02,
    2.81551056e+02, 3.75451508e+02, 2.87067261e+02, 3.04661194e+02,
    3.03268188e+02, 3.04614258e+02, 3.19459534e+02, 3.04197418e+02,
    3.35815308e+02, 3.04263947e+02, 3.53204254e+02, 2.88542267e+02,
    3.60660461e+02, 2.96215759e+02, 3.62618195e+02, 3.04197418e+02,
    3.65476074e+02, 3.11695770e+02, 3.63959534e+02, 3.18094391e+02,
    3.61101654e+02, 2.44833786e+02, 2.96680756e+02, 2.54881821e+02,
    2.90040466e+02, 2.68820923e+02, 2.91556976e+02, 2.78935455e+02,
    2.98789246e+02, 2.65679230e+02, 3.02946350e+02, 2.52598175e+02,
    3.03188019e+02, 3.27217865e+02, 2.99580750e+02, 3.37223785e+02,
    2.92831818e+02, 3.50329254e+02, 2.91073639e+02, 3.61102264e+02,
    2.97647430e+02, 3.53295746e+02, 3.02748138e+02, 3.40190308e+02,
    3.02388184e+02, 2.71314911e+02, 3.96292084e+02, 2.86696960e+02,
    3.94565186e+02, 2.94594269e+02, 3.93940491e+02, 3.02732056e+02,
    3.96337982e+02, 3.13338257e+02, 3.93017242e+02, 3.23197296e+02,
    3.93069489e+02, 3.36156708e+02, 3.95545288e+02, 3.23983521e+02,
    4.02670929e+02, 3.13555176e+02, 4.05027863e+02, 3.02831512e+02,
    4.05431000e+02, 2.94506592e+02, 4.05046417e+02, 2.86167542e+02,
    4.02665405e+02, 2.77401459e+02, 3.97512543e+02, 2.94937531e+02,
    3.98029785e+02, 3.02793671e+02, 3.99821960e+02, 3.13551300e+02,
    3.97957611e+02, 3.30166656e+02, 3.96402008e+02, 3.13551300e+02,
    3.97957611e+02, 3.02793671e+02, 3.99821960e+02, 2.94937531e+02,
    3.98029785e+02 ]
noOfLandmarkPoint: 68
