%YAML:1.0
landmark: [ 3.50621155e+02, 1.62156387e+02, 3.52084015e+02,
    1.78484238e+02, 3.54625000e+02, 1.92738403e+02, 3.58434692e+02,
    2.10505005e+02, 3.62958496e+02, 2.28994705e+02, 3.78009033e+02,
    2.42228516e+02, 3.94812805e+02, 2.53079178e+02, 4.12844238e+02,
    2.60335297e+02, 4.32913727e+02, 2.62171631e+02, 4.47454926e+02,
    2.58061462e+02, 4.58675842e+02, 2.44403778e+02, 4.69378845e+02,
    2.29900055e+02, 4.76442444e+02, 2.15949158e+02, 4.79158508e+02,
    1.99807983e+02, 4.79887604e+02, 1.83669830e+02, 4.80434418e+02,
    1.66805573e+02, 4.79337769e+02, 1.51390488e+02, 3.72027069e+02,
    1.52496140e+02, 3.82763092e+02, 1.45958359e+02, 3.92931335e+02,
    1.45247269e+02, 4.03819611e+02, 1.44706467e+02, 4.14290588e+02,
    1.48567520e+02, 4.28298248e+02, 1.44948837e+02, 4.38867859e+02,
    1.40119125e+02, 4.49057434e+02, 1.39453598e+02, 4.58305267e+02,
    1.37627869e+02, 4.66659790e+02, 1.42537216e+02, 4.22688629e+02,
    1.60202240e+02, 4.24065979e+02, 1.70994827e+02, 4.25153625e+02,
    1.82420944e+02, 4.26055969e+02, 1.94026321e+02, 4.11219452e+02,
    1.99766907e+02, 4.19085968e+02, 2.01589981e+02, 4.26596771e+02,
    2.04355789e+02, 4.33848633e+02, 2.00898621e+02, 4.40565704e+02,
    1.97456467e+02, 3.80740112e+02, 1.64460052e+02, 3.87809692e+02,
    1.61017899e+02, 3.95240814e+02, 1.59930267e+02, 4.03398041e+02,
    1.62655334e+02, 3.95605377e+02, 1.64463058e+02, 3.87806671e+02,
    1.64642319e+02, 4.38332489e+02, 1.58773224e+02, 4.45933075e+02,
    1.54403641e+02, 4.54435181e+02, 1.54298340e+02, 4.61756439e+02,
    1.56846649e+02, 4.54510590e+02, 1.58478088e+02, 4.45972198e+02,
    1.59306198e+02, 4.01779358e+02, 2.24309341e+02, 4.11247040e+02,
    2.18112854e+02, 4.20423676e+02, 2.14665756e+02, 4.27878754e+02,
    2.15503632e+02, 4.34496674e+02, 2.12730560e+02, 4.41958771e+02,
    2.14206055e+02, 4.51426971e+02, 2.17942139e+02, 4.44070923e+02,
    2.27333405e+02, 4.37132904e+02, 2.31384735e+02, 4.30263794e+02,
    2.33079712e+02, 4.22318146e+02, 2.32745270e+02, 4.12385376e+02,
    2.31021469e+02, 4.05759491e+02, 2.24250946e+02, 4.21041870e+02,
    2.19364395e+02, 4.28193237e+02, 2.18861801e+02, 4.35422119e+02,
    2.17376801e+02, 4.47252716e+02, 2.18121414e+02, 4.35530731e+02,
    2.24998627e+02, 4.28638428e+02, 2.26235016e+02, 4.21733154e+02,
    2.26479858e+02 ]
noOfLandmarkPoint: 68
