%YAML:1.0
landmark: [ 3.02432312e+02, 1.74837219e+02, 3.02116180e+02,
    1.89508972e+02, 3.02130066e+02, 2.04528641e+02, 3.04483368e+02,
    2.19897949e+02, 3.08734619e+02, 2.34191711e+02, 3.14023010e+02,
    2.48113159e+02, 3.24300110e+02, 2.61883972e+02, 3.32384094e+02,
    2.75832947e+02, 3.45030823e+02, 2.83068207e+02, 3.61856445e+02,
    2.79820679e+02, 3.84232788e+02, 2.69503113e+02, 4.03730927e+02,
    2.59007355e+02, 4.18488129e+02, 2.45826111e+02, 4.25776855e+02,
    2.28862839e+02, 4.29298126e+02, 2.10378647e+02, 4.30257019e+02,
    1.93593536e+02, 4.30585815e+02, 1.76191330e+02, 3.03240570e+02,
    1.65149704e+02, 3.11612854e+02, 1.62587326e+02, 3.18559814e+02,
    1.65300339e+02, 3.26315002e+02, 1.69589340e+02, 3.34369446e+02,
    1.73896408e+02, 3.54025238e+02, 1.76019135e+02, 3.64133270e+02,
    1.70201584e+02, 3.75915466e+02, 1.66655823e+02, 3.89317474e+02,
    1.66813522e+02, 4.02186890e+02, 1.70614273e+02, 3.43078400e+02,
    1.88187515e+02, 3.40736389e+02, 1.97530121e+02, 3.37790833e+02,
    2.06653961e+02, 3.35191956e+02, 2.16105865e+02, 3.33947113e+02,
    2.24013397e+02, 3.38619995e+02, 2.25863113e+02, 3.42387451e+02,
    2.26821991e+02, 3.47826447e+02, 2.25780502e+02, 3.52607849e+02,
    2.24108963e+02, 3.12942627e+02, 1.79906937e+02, 3.15703491e+02,
    1.75356155e+02, 3.25138611e+02, 1.77155869e+02, 3.32327271e+02,
    1.83844833e+02, 3.23742645e+02, 1.85206787e+02, 3.15596680e+02,
    1.84774429e+02, 3.66778595e+02, 1.84971176e+02, 3.69707306e+02,
    1.79817368e+02, 3.79640747e+02, 1.80069901e+02, 3.88972717e+02,
    1.84240723e+02, 3.80799927e+02, 1.88654373e+02, 3.72295258e+02,
    1.88852600e+02, 3.27400909e+02, 2.42462845e+02, 3.32096741e+02,
    2.39487656e+02, 3.37642517e+02, 2.39417511e+02, 3.43096405e+02,
    2.40357605e+02, 3.50083466e+02, 2.40486267e+02, 3.60141357e+02,
    2.42029556e+02, 3.71667023e+02, 2.43790741e+02, 3.61093719e+02,
    2.51457123e+02, 3.54486420e+02, 2.54029404e+02, 3.44488098e+02,
    2.55551575e+02, 3.36690155e+02, 2.53342392e+02, 3.31858521e+02,
    2.50413101e+02, 3.31028381e+02, 2.43524490e+02, 3.37892731e+02,
    2.45319138e+02, 3.43039551e+02, 2.46445541e+02, 3.50414764e+02,
    2.46971725e+02, 3.68306061e+02, 2.44667236e+02, 3.50414764e+02,
    2.46971725e+02, 3.43039551e+02, 2.46445541e+02, 3.37892731e+02,
    2.45319138e+02 ]
noOfLandmarkPoint: 68
