%YAML:1.0
landmark: [ 1.91060333e+02, 1.66814133e+02, 1.90105911e+02,
    1.89148056e+02, 1.91071640e+02, 2.09346359e+02, 1.93992264e+02,
    2.30293655e+02, 2.05838028e+02, 2.49528564e+02, 2.19874069e+02,
    2.64978638e+02, 2.38788559e+02, 2.78420746e+02, 2.57101105e+02,
    2.90645233e+02, 2.83149841e+02, 2.96905701e+02, 3.02944885e+02,
    2.92525146e+02, 3.17455627e+02, 2.79757538e+02, 3.29679749e+02,
    2.66845886e+02, 3.42161011e+02, 2.52239624e+02, 3.50994141e+02,
    2.32723785e+02, 3.54451874e+02, 2.13318329e+02, 3.55910065e+02,
    1.93508911e+02, 3.55079407e+02, 1.74398605e+02, 2.25299744e+02,
    1.50397934e+02, 2.36003677e+02, 1.46858292e+02, 2.45761597e+02,
    1.45518967e+02, 2.55657684e+02, 1.46390594e+02, 2.65341217e+02,
    1.50599884e+02, 3.06339447e+02, 1.54968582e+02, 3.14683655e+02,
    1.52162384e+02, 3.23899506e+02, 1.51758469e+02, 3.32466888e+02,
    1.54373322e+02, 3.39354828e+02, 1.58986542e+02, 2.88607361e+02,
    1.67809845e+02, 2.88418579e+02, 1.80493652e+02, 2.88310211e+02,
    1.93380157e+02, 2.88149292e+02, 2.06569046e+02, 2.72375061e+02,
    2.11169785e+02, 2.79152161e+02, 2.14430252e+02, 2.86136719e+02,
    2.16948578e+02, 2.93665497e+02, 2.15567520e+02, 3.00316681e+02,
    2.13186401e+02, 2.37516556e+02, 1.68098450e+02, 2.46694275e+02,
    1.62126022e+02, 2.55269470e+02, 1.62199615e+02, 2.62846954e+02,
    1.68962143e+02, 2.54882446e+02, 1.69515228e+02, 2.46329300e+02,
    1.69538651e+02, 3.05545593e+02, 1.71007263e+02, 3.14411926e+02,
    1.65804764e+02, 3.23352905e+02, 1.66371246e+02, 3.30433044e+02,
    1.71516525e+02, 3.24098999e+02, 1.74522293e+02, 3.14704224e+02,
    1.74019028e+02, 2.47715088e+02, 2.30402405e+02, 2.59531128e+02,
    2.28045471e+02, 2.74217865e+02, 2.27543228e+02, 2.83626190e+02,
    2.29028244e+02, 2.92817596e+02, 2.27965240e+02, 3.05857605e+02,
    2.30336151e+02, 3.14446442e+02, 2.33900726e+02, 3.07151245e+02,
    2.47955460e+02, 2.92112244e+02, 2.54231506e+02, 2.82145325e+02,
    2.55361862e+02, 2.71556671e+02, 2.53422562e+02, 2.56975098e+02,
    2.44314941e+02, 2.51960526e+02, 2.32912949e+02, 2.74085236e+02,
    2.33047150e+02, 2.83409058e+02, 2.33671234e+02, 2.92910675e+02,
    2.32780670e+02, 3.07275391e+02, 2.35883957e+02, 2.92312042e+02,
    2.45616745e+02, 2.82402649e+02, 2.46537903e+02, 2.72724304e+02,
    2.44679398e+02 ]
noOfLandmarkPoint: 68
