%YAML:1.0
landmark: [ 1.37857422e+02, 1.98844269e+02, 1.39529984e+02,
    2.22296844e+02, 1.41770630e+02, 2.48888687e+02, 1.46270660e+02,
    2.77442413e+02, 1.55993973e+02, 3.02102631e+02, 1.70134766e+02,
    3.16446106e+02, 1.96750900e+02, 3.30174622e+02, 2.25050507e+02,
    3.40222443e+02, 2.42202927e+02, 3.38936188e+02, 2.61715057e+02,
    3.33694366e+02, 2.83089966e+02, 3.21955902e+02, 3.03575867e+02,
    3.09288086e+02, 3.16649261e+02, 2.90998108e+02, 3.23507385e+02,
    2.65179199e+02, 3.26812836e+02, 2.39529694e+02, 3.28269531e+02,
    2.12232285e+02, 3.29095428e+02, 1.87971191e+02, 1.50805252e+02,
    1.78954926e+02, 1.63497787e+02, 1.68901321e+02, 1.81940643e+02,
    1.66861206e+02, 1.98733856e+02, 1.68092331e+02, 2.13197998e+02,
    1.71494034e+02, 2.52876450e+02, 1.70754379e+02, 2.70491882e+02,
    1.64276749e+02, 2.87491150e+02, 1.60738312e+02, 3.02460571e+02,
    1.63025406e+02, 3.14588074e+02, 1.72527512e+02, 2.35561279e+02,
    1.88229218e+02, 2.36324219e+02, 2.04565338e+02, 2.36810745e+02,
    2.20833527e+02, 2.37101135e+02, 2.37054855e+02, 2.16686111e+02,
    2.48454910e+02, 2.26631927e+02, 2.50401764e+02, 2.36921326e+02,
    2.54412415e+02, 2.47612000e+02, 2.49474625e+02, 2.56885895e+02,
    2.46583740e+02, 1.71841873e+02, 1.96130859e+02, 1.83619431e+02,
    1.88756134e+02, 1.95330627e+02, 1.89079773e+02, 2.05793976e+02,
    1.96136520e+02, 1.94653122e+02, 1.96922211e+02, 1.82689117e+02,
    1.96619415e+02, 2.62123901e+02, 1.94394852e+02, 2.70756744e+02,
    1.86363998e+02, 2.83274109e+02, 1.85412598e+02, 2.96219086e+02,
    1.92282883e+02, 2.85492798e+02, 1.94119339e+02, 2.74597534e+02,
    1.95373642e+02, 1.86514633e+02, 2.70152344e+02, 2.06619736e+02,
    2.65050140e+02, 2.25079117e+02, 2.62170441e+02, 2.38480148e+02,
    2.65003632e+02, 2.50889709e+02, 2.62395416e+02, 2.69512817e+02,
    2.63908142e+02, 2.84869385e+02, 2.67817810e+02, 2.70268677e+02,
    2.86183655e+02, 2.53199753e+02, 2.94999786e+02, 2.39404175e+02,
    2.96760132e+02, 2.25125198e+02, 2.96627869e+02, 2.05916321e+02,
    2.91118225e+02, 1.91593002e+02, 2.72737610e+02, 2.24788025e+02,
    2.69920929e+02, 2.38608566e+02, 2.70644714e+02, 2.50722107e+02,
    2.68132416e+02, 2.77507751e+02, 2.69150909e+02, 2.52280441e+02,
    2.84496765e+02, 2.39121811e+02, 2.85825439e+02, 2.24097610e+02,
    2.85908600e+02 ]
noOfLandmarkPoint: 68
