%YAML:1.0
landmark: [ 1.99877991e+02, 2.84198975e+02, 2.00968353e+02,
    3.11774506e+02, 2.04149673e+02, 3.41491272e+02, 2.13236603e+02,
    3.67559326e+02, 2.21422668e+02, 3.92193329e+02, 2.32508545e+02,
    4.20727753e+02, 2.53111847e+02, 4.54847687e+02, 2.76540466e+02,
    4.89703735e+02, 3.09813965e+02, 4.99112122e+02, 3.39662079e+02,
    4.96414001e+02, 3.68688110e+02, 4.79313446e+02, 3.99894623e+02,
    4.53018036e+02, 4.34578186e+02, 4.15808777e+02, 4.46069824e+02,
    3.78408691e+02, 4.51177704e+02, 3.40057251e+02, 4.54312378e+02,
    3.05474701e+02, 4.55429291e+02, 2.71501160e+02, 2.02735504e+02,
    2.68755066e+02, 2.13001694e+02, 2.67380310e+02, 2.31254639e+02,
    2.68730896e+02, 2.48555206e+02, 2.76265961e+02, 2.68341156e+02,
    2.83382690e+02, 3.09640533e+02, 2.88294373e+02, 3.35449921e+02,
    2.79121948e+02, 3.60248016e+02, 2.72384216e+02, 3.84344696e+02,
    2.67218933e+02, 4.09335297e+02, 2.70639984e+02, 2.93586243e+02,
    3.04812866e+02, 2.91878967e+02, 3.29864197e+02, 2.89838715e+02,
    3.55346893e+02, 2.88169250e+02, 3.81840698e+02, 2.69741516e+02,
    3.87435150e+02, 2.79527100e+02, 3.96026062e+02, 2.93556854e+02,
    4.00909912e+02, 3.07796204e+02, 3.93714447e+02, 3.21185242e+02,
    3.89145721e+02, 2.29390030e+02, 2.94589386e+02, 2.39783356e+02,
    2.89131714e+02, 2.59100647e+02, 2.91210083e+02, 2.71258026e+02,
    3.05392212e+02, 2.53022522e+02, 3.07723541e+02, 2.36292664e+02,
    3.04710449e+02, 3.34670532e+02, 3.08131927e+02, 3.48205383e+02,
    2.92325073e+02, 3.66309448e+02, 2.92201508e+02, 3.81297028e+02,
    3.00263916e+02, 3.69159027e+02, 3.09052307e+02, 3.50708313e+02,
    3.11384613e+02, 2.60555939e+02, 4.19884430e+02, 2.75741028e+02,
    4.17758453e+02, 2.88100220e+02, 4.17831543e+02, 2.97405579e+02,
    4.21466583e+02, 3.10229279e+02, 4.17724518e+02, 3.31251404e+02,
    4.20145233e+02, 3.55737549e+02, 4.19265350e+02, 3.33145966e+02,
    4.41567261e+02, 3.11148621e+02, 4.47875092e+02, 2.97914825e+02,
    4.49340698e+02, 2.87639496e+02, 4.47708832e+02, 2.74492249e+02,
    4.39664825e+02, 2.67850586e+02, 4.23988892e+02, 2.88558563e+02,
    4.25459961e+02, 2.97800354e+02, 4.25749664e+02, 3.10261383e+02,
    4.25663239e+02, 3.43419861e+02, 4.24261444e+02, 3.10261383e+02,
    4.30364746e+02, 2.97800354e+02, 4.30745026e+02, 2.88539795e+02,
    4.27778992e+02 ]
noOfLandmarkPoint: 68
