%YAML:1.0
landmark: [ 1.69877975e+02, 1.42048218e+02, 1.73815521e+02,
    1.63692276e+02, 1.77927536e+02, 1.82269882e+02, 1.84572998e+02,
    2.01288483e+02, 1.96771667e+02, 2.15662033e+02, 2.13807755e+02,
    2.30357071e+02, 2.30444214e+02, 2.42830399e+02, 2.50376129e+02,
    2.51122101e+02, 2.71109589e+02, 2.51276230e+02, 2.87330658e+02,
    2.44818207e+02, 2.97529572e+02, 2.31579926e+02, 3.03823029e+02,
    2.15854416e+02, 3.05805542e+02, 1.97331757e+02, 3.06264404e+02,
    1.79965897e+02, 3.05768463e+02, 1.63784302e+02, 3.05942932e+02,
    1.49126343e+02, 3.05740997e+02, 1.34238937e+02, 1.94749924e+02,
    1.32370148e+02, 2.02401459e+02, 1.23364235e+02, 2.14831314e+02,
    1.20345978e+02, 2.25547852e+02, 1.19645988e+02, 2.36719254e+02,
    1.22826126e+02, 2.63938751e+02, 1.22584023e+02, 2.74361359e+02,
    1.14865555e+02, 2.86033203e+02, 1.10950356e+02, 2.98127930e+02,
    1.16002579e+02, 3.03783813e+02, 1.25181114e+02, 2.54753525e+02,
    1.34035706e+02, 2.57718353e+02, 1.49199203e+02, 2.60304230e+02,
    1.63005783e+02, 2.63412994e+02, 1.76580734e+02, 2.48888428e+02,
    1.83169754e+02, 2.55359406e+02, 1.86281570e+02, 2.62316742e+02,
    1.87869751e+02, 2.68328827e+02, 1.84097092e+02, 2.73097473e+02,
    1.79788773e+02, 2.12794815e+02, 1.41537811e+02, 2.18328369e+02,
    1.36388519e+02, 2.25371582e+02, 1.34833862e+02, 2.31985626e+02,
    1.39247467e+02, 2.26889679e+02, 1.43106842e+02, 2.19632080e+02,
    1.44438553e+02, 2.69328156e+02, 1.33609146e+02, 2.76015411e+02,
    1.27805069e+02, 2.82339966e+02, 1.26721474e+02, 2.88515778e+02,
    1.29940872e+02, 2.85093384e+02, 1.33729630e+02, 2.77747131e+02,
    1.35310776e+02, 2.36378189e+02, 2.09185242e+02, 2.51514114e+02,
    2.01439011e+02, 2.61153564e+02, 1.99531357e+02, 2.67026611e+02,
    2.00907883e+02, 2.72128967e+02, 1.98874573e+02, 2.76745880e+02,
    1.99067810e+02, 2.80017487e+02, 2.00571106e+02, 2.77183594e+02,
    2.08955505e+02, 2.71648865e+02, 2.12524673e+02, 2.65420410e+02,
    2.14401627e+02, 2.58411469e+02, 2.15094238e+02, 2.48327805e+02,
    2.13619736e+02, 2.39468033e+02, 2.08420609e+02, 2.60084137e+02,
    2.07716095e+02, 2.66705475e+02, 2.07405304e+02, 2.71954498e+02,
    2.05510437e+02, 2.77259094e+02, 2.02784637e+02, 2.71954498e+02,
    2.05510437e+02, 2.66705475e+02, 2.07405304e+02, 2.60084137e+02,
    2.07716095e+02 ]
noOfLandmarkPoint: 68
