%YAML:1.0
landmark: [ 7.29097290e+02, 1.72768445e+03, 7.31100220e+02,
    1.78337207e+03, 7.37320312e+02, 1.82710852e+03, 7.47448547e+02,
    1.88367615e+03, 7.59677429e+02, 1.93371472e+03, 7.80438477e+02,
    1.98476257e+03, 8.02193176e+02, 2.03670630e+03, 8.36583618e+02,
    2.07643677e+03, 8.98280090e+02, 2.08415503e+03, 9.59765198e+02,
    2.08869702e+03, 1.02999377e+03, 2.04626343e+03, 1.09299292e+03,
    1.99910791e+03, 1.14765552e+03, 1.95226160e+03, 1.18225732e+03,
    1.89649182e+03, 1.18937329e+03, 1.82758167e+03, 1.19087146e+03,
    1.75836243e+03, 1.19448621e+03, 1.69436963e+03, 7.31409302e+02,
    1.65356348e+03, 7.69039062e+02, 1.64162793e+03, 8.04959290e+02,
    1.63721521e+03, 8.45194458e+02, 1.62948108e+03, 8.82005554e+02,
    1.63425952e+03, 9.19935852e+02, 1.63872119e+03, 9.60649292e+02,
    1.62990063e+03, 1.00047052e+03, 1.62611865e+03, 1.03676196e+03,
    1.63135596e+03, 1.07082227e+03, 1.64703076e+03, 8.81272766e+02,
    1.69653516e+03, 8.73470703e+02, 1.72691541e+03, 8.64581116e+02,
    1.75695251e+03, 8.56856934e+02, 1.79203625e+03, 8.34695984e+02,
    1.83647449e+03, 8.52540527e+02, 1.84418347e+03, 8.72203186e+02,
    1.84984436e+03, 8.96304321e+02, 1.84572632e+03, 9.16538879e+02,
    1.83731689e+03, 7.76582214e+02, 1.69480640e+03, 7.97035400e+02,
    1.68177209e+03, 8.20164795e+02, 1.68502869e+03, 8.38698547e+02,
    1.69976794e+03, 8.17236816e+02, 1.70465137e+03, 7.93813416e+02,
    1.70417810e+03, 9.58614929e+02, 1.70618896e+03, 9.83994995e+02,
    1.69150085e+03, 1.00991425e+03, 1.69431946e+03, 1.03749780e+03,
    1.70759851e+03, 1.01321729e+03, 1.71708789e+03, 9.84954834e+02,
    1.71390405e+03, 8.24088196e+02, 1.92634924e+03, 8.42351318e+02,
    1.91673120e+03, 8.59977966e+02, 1.90644934e+03, 8.75591187e+02,
    1.91249292e+03, 8.95256409e+02, 1.90211975e+03, 9.37552917e+02,
    1.92126648e+03, 9.80290588e+02, 1.93123486e+03, 9.38228271e+02,
    1.96306677e+03, 9.00791931e+02, 1.97043958e+03, 8.79635437e+02,
    1.96911450e+03, 8.62195740e+02, 1.96882117e+03, 8.43339844e+02,
    1.95628320e+03, 8.38847412e+02, 1.92982239e+03, 8.61870911e+02,
    1.92101855e+03, 8.77061523e+02, 1.92618494e+03, 8.97504883e+02,
    1.92457178e+03, 9.66067139e+02, 1.93280322e+03, 8.98559387e+02,
    1.94171692e+03, 8.79439880e+02, 1.94164441e+03, 8.63060120e+02,
    1.94064014e+03 ]
noOfLandmarkPoint: 68
