%YAML:1.0
landmark: [ 2.92057404e+02, 1.18884674e+02, 2.93466248e+02,
    1.33854202e+02, 2.96719696e+02, 1.48536209e+02, 3.01428955e+02,
    1.63271606e+02, 3.08051331e+02, 1.76832535e+02, 3.18237885e+02,
    1.88177963e+02, 3.30523865e+02, 1.99311539e+02, 3.43627350e+02,
    2.08243042e+02, 3.57387054e+02, 2.10532684e+02, 3.70295166e+02,
    2.07277924e+02, 3.81342651e+02, 1.97980972e+02, 3.91126526e+02,
    1.85384781e+02, 3.99900787e+02, 1.70176086e+02, 4.04301453e+02,
    1.56458130e+02, 4.05168793e+02, 1.41338547e+02, 4.05940338e+02,
    1.27025238e+02, 4.05993317e+02, 1.12681931e+02, 3.05718079e+02,
    1.08136078e+02, 3.11618622e+02, 9.91840210e+01, 3.21007324e+02,
    9.43116379e+01, 3.30202301e+02, 9.43706818e+01, 3.42779205e+02,
    9.67133865e+01, 3.59179535e+02, 9.61428223e+01, 3.69637756e+02,
    9.42701263e+01, 3.78380524e+02, 9.34831619e+01, 3.86701904e+02,
    9.66329117e+01, 3.93787262e+02, 1.03040276e+02, 3.51994232e+02,
    1.06888199e+02, 3.52537079e+02, 1.17477844e+02, 3.53416840e+02,
    1.27201027e+02, 3.54967377e+02, 1.37847672e+02, 3.43821167e+02,
    1.45100769e+02, 3.48969391e+02, 1.46557663e+02, 3.53536438e+02,
    1.48783234e+02, 3.58292816e+02, 1.46556656e+02, 3.62375977e+02,
    1.43983551e+02, 3.19463898e+02, 1.11439445e+02, 3.24919342e+02,
    1.07428413e+02, 3.30881104e+02, 1.06796654e+02, 3.37465118e+02,
    1.10549934e+02, 3.31533386e+02, 1.11896301e+02, 3.25641205e+02,
    1.12018974e+02, 3.64791656e+02, 1.10946838e+02, 3.70151215e+02,
    1.07165115e+02, 3.77275818e+02, 1.07495811e+02, 3.82762146e+02,
    1.11598312e+02, 3.77177429e+02, 1.11200424e+02, 3.71114807e+02,
    1.11019928e+02, 3.32934753e+02, 1.65523758e+02, 3.40975616e+02,
    1.63064499e+02, 3.48533936e+02, 1.62001785e+02, 3.53517212e+02,
    1.63056152e+02, 3.59496552e+02, 1.61977753e+02, 3.67242371e+02,
    1.62675827e+02, 3.72271271e+02, 1.63568634e+02, 3.67578766e+02,
    1.69148666e+02, 3.60281708e+02, 1.72025497e+02, 3.53836517e+02,
    1.72433517e+02, 3.48371185e+02, 1.72155731e+02, 3.41250458e+02,
    1.70533508e+02, 3.36277557e+02, 1.66122604e+02, 3.48603149e+02,
    1.66099060e+02, 3.53682220e+02, 1.66598022e+02, 3.60014923e+02,
    1.65974869e+02, 3.69749756e+02, 1.64326050e+02, 3.60014923e+02,
    1.65974869e+02, 3.53682220e+02, 1.66598022e+02, 3.48603149e+02,
    1.66099060e+02 ]
noOfLandmarkPoint: 68
