%YAML:1.0
landmark: [ 2.66858276e+02, 6.40214722e+02, 2.75778137e+02,
    6.87795349e+02, 2.89117767e+02, 7.32820557e+02, 3.04321686e+02,
    7.73506348e+02, 3.25038269e+02, 8.11901917e+02, 3.55365784e+02,
    8.42149109e+02, 3.95730194e+02, 8.59723633e+02, 4.37958893e+02,
    8.77933044e+02, 4.82051941e+02, 8.79025940e+02, 5.24521729e+02,
    8.66618469e+02, 5.60281494e+02, 8.41297302e+02, 5.87386658e+02,
    8.10624207e+02, 6.03442383e+02, 7.69673218e+02, 6.10923828e+02,
    7.25419495e+02, 6.11510437e+02, 6.79301392e+02, 6.11856018e+02,
    6.30708252e+02, 6.05652283e+02, 5.86293762e+02, 2.98504608e+02,
    5.92683289e+02, 3.22177948e+02, 5.70203186e+02, 3.50925385e+02,
    5.58359314e+02, 3.85200531e+02, 5.60459290e+02, 4.16270325e+02,
    5.67157593e+02, 4.77739929e+02, 5.57314636e+02, 5.04774200e+02,
    5.42257629e+02, 5.33936646e+02, 5.32693787e+02, 5.63785217e+02,
    5.33318970e+02, 5.87096497e+02, 5.48786926e+02, 4.54477631e+02,
    6.01410278e+02, 4.58209930e+02, 6.24534302e+02, 4.62042145e+02,
    6.46787598e+02, 4.67456055e+02, 6.70915710e+02, 4.34575806e+02,
    7.04276978e+02, 4.49940430e+02, 7.06993164e+02, 4.65610626e+02,
    7.08910828e+02, 4.79576874e+02, 7.04276978e+02, 4.91799469e+02,
    7.00202820e+02, 3.47614594e+02, 6.09672546e+02, 3.65805023e+02,
    5.97890869e+02, 3.96278442e+02, 5.93341003e+02, 4.09815552e+02,
    6.10817200e+02, 3.88641815e+02, 6.19822998e+02, 3.64645996e+02,
    6.20689209e+02, 4.92808868e+02, 5.98294495e+02, 5.12131653e+02,
    5.79261658e+02, 5.36660522e+02, 5.73643250e+02, 5.49153625e+02,
    5.84513855e+02, 5.39880371e+02, 5.97990295e+02, 5.16838318e+02,
    6.00876953e+02, 4.03412384e+02, 7.73706604e+02, 4.32949646e+02,
    7.58574463e+02, 4.55047180e+02, 7.48227722e+02, 4.74081970e+02,
    7.50780884e+02, 4.91499481e+02, 7.43422668e+02, 5.09467682e+02,
    7.49546509e+02, 5.29786499e+02, 7.57399231e+02, 5.14985046e+02,
    7.72956360e+02, 5.00433990e+02, 7.78613708e+02, 4.80115082e+02,
    7.85500000e+02, 4.59878510e+02, 7.89056396e+02, 4.36073059e+02,
    7.88306458e+02, 4.16631592e+02, 7.75129639e+02, 4.57540100e+02,
    7.66647034e+02, 4.76733276e+02, 7.65400940e+02, 4.94939850e+02,
    7.60620544e+02, 5.20768921e+02, 7.60086426e+02, 4.94939850e+02,
    7.60620544e+02, 4.76733276e+02, 7.65400940e+02, 4.57540100e+02,
    7.66647034e+02 ]
noOfLandmarkPoint: 68
