%YAML:1.0
landmark: [ 1.91706299e+02, 3.05545288e+02, 1.88168823e+02,
    3.42188202e+02, 1.78132538e+02, 3.72758209e+02, 1.71803741e+02,
    4.06546143e+02, 1.68306335e+02, 4.54740143e+02, 1.71618912e+02,
    5.00543915e+02, 1.85200485e+02, 5.42184326e+02, 1.99811890e+02,
    5.79973206e+02, 2.30009140e+02, 6.03560852e+02, 2.80278229e+02,
    6.11730835e+02, 3.24912354e+02, 6.01870850e+02, 3.68106262e+02,
    5.85029175e+02, 4.14063782e+02, 5.56346680e+02, 4.51451050e+02,
    5.27271362e+02, 4.76951691e+02, 4.87356049e+02, 4.89175812e+02,
    4.46834045e+02, 4.99948761e+02, 4.04176086e+02, 2.07747864e+02,
    3.03739990e+02, 2.19042969e+02, 2.77741608e+02, 2.43179184e+02,
    2.78611328e+02, 2.63366272e+02, 2.97052612e+02, 2.81726593e+02,
    3.16090424e+02, 3.31197662e+02, 3.33942627e+02, 3.63305145e+02,
    3.33472778e+02, 3.95471558e+02, 3.39212982e+02, 4.18525208e+02,
    3.55279358e+02, 4.31994904e+02, 3.78788971e+02, 3.00366943e+02,
    3.52272766e+02, 2.87751465e+02, 3.83166016e+02, 2.75135132e+02,
    4.15936981e+02, 2.62020813e+02, 4.47125153e+02, 2.40217224e+02,
    4.33312805e+02, 2.46191772e+02, 4.47327881e+02, 2.60640747e+02,
    4.61046112e+02, 2.83853210e+02, 4.58554901e+02, 3.03256927e+02,
    4.57237335e+02, 2.32720612e+02, 3.23598969e+02, 2.42389755e+02,
    3.21808105e+02, 2.53626541e+02, 3.27399506e+02, 2.65612946e+02,
    3.38295013e+02, 2.52452637e+02, 3.36948761e+02, 2.37935532e+02,
    3.33283478e+02, 3.52990448e+02, 3.66731018e+02, 3.67532990e+02,
    3.68244415e+02, 3.85005249e+02, 3.75002380e+02, 3.94891083e+02,
    3.83691193e+02, 3.80421906e+02, 3.83477905e+02, 3.64659027e+02,
    3.77396576e+02, 2.14415314e+02, 4.89345123e+02, 2.26318146e+02,
    4.82691620e+02, 2.42764725e+02, 4.80595337e+02, 2.53057892e+02,
    4.90657104e+02, 2.74316345e+02, 4.91076355e+02, 2.95746002e+02,
    5.07453064e+02, 3.13749664e+02, 5.23102417e+02, 2.86550629e+02,
    5.36879700e+02, 2.59898102e+02, 5.37547546e+02, 2.41113419e+02,
    5.30362793e+02, 2.26505188e+02, 5.21045837e+02, 2.18270920e+02,
    5.01897980e+02, 2.19697495e+02, 4.91193604e+02, 2.37085007e+02,
    4.98048798e+02, 2.49972839e+02, 5.03662292e+02, 2.69105225e+02,
    5.08688965e+02, 3.09385315e+02, 5.21432922e+02, 2.69105225e+02,
    5.08688965e+02, 2.49972839e+02, 5.03662292e+02, 2.37085007e+02,
    4.98048798e+02 ]
noOfLandmarkPoint: 68
