%YAML:1.0
landmark: [ 1.55988998e+02, 2.03352524e+02, 1.50912415e+02,
    2.39929504e+02, 1.51874710e+02, 2.74473877e+02, 1.55586411e+02,
    3.09067352e+02, 1.68410446e+02, 3.42354889e+02, 1.90798508e+02,
    3.69623138e+02, 2.22853622e+02, 3.92120972e+02, 2.57407288e+02,
    4.14906342e+02, 2.90033142e+02, 4.17401672e+02, 3.18384308e+02,
    4.13465332e+02, 3.32817383e+02, 3.95388153e+02, 3.56575287e+02,
    3.77280579e+02, 3.76620361e+02, 3.56251862e+02, 3.95153442e+02,
    3.27984680e+02, 4.03297729e+02, 2.94032532e+02, 4.08814667e+02,
    2.57515320e+02, 4.11254974e+02, 2.20757782e+02, 1.87992477e+02,
    1.89093964e+02, 2.05254379e+02, 1.76953232e+02, 2.24603928e+02,
    1.75012863e+02, 2.44479233e+02, 1.78160141e+02, 2.63533264e+02,
    1.85458344e+02, 3.21208954e+02, 1.88839554e+02, 3.41603668e+02,
    1.81916931e+02, 3.61301239e+02, 1.79825409e+02, 3.79554047e+02,
    1.82697571e+02, 3.92830505e+02, 1.93421524e+02, 2.98801239e+02,
    2.17276306e+02, 2.97632751e+02, 2.38240570e+02, 2.95757263e+02,
    2.60078766e+02, 2.93724670e+02, 2.82977417e+02, 2.65222778e+02,
    2.93690552e+02, 2.76882019e+02, 2.99608276e+02, 2.89512177e+02,
    3.05807343e+02, 3.01265900e+02, 3.01840332e+02, 3.10937958e+02,
    2.97460907e+02, 2.02346024e+02, 2.13515518e+02, 2.16397491e+02,
    2.05218185e+02, 2.35682648e+02, 2.05119995e+02, 2.51953720e+02,
    2.18650391e+02, 2.36232513e+02, 2.23737427e+02, 2.15680679e+02,
    2.21753922e+02, 3.32049500e+02, 2.20379211e+02, 3.46601746e+02,
    2.11021408e+02, 3.64865662e+02, 2.11787308e+02, 3.77738800e+02,
    2.21302246e+02, 3.64659454e+02, 2.26437744e+02, 3.49439514e+02,
    2.25878036e+02, 2.24510376e+02, 3.23723145e+02, 2.51846603e+02,
    3.19279266e+02, 2.75720856e+02, 3.17787872e+02, 2.89118103e+02,
    3.20303497e+02, 3.03687836e+02, 3.19536102e+02, 3.24580048e+02,
    3.23271484e+02, 3.48457550e+02, 3.30080719e+02, 3.23700562e+02,
    3.52499512e+02, 3.03858215e+02, 3.59538666e+02, 2.89443420e+02,
    3.60510803e+02, 2.73999481e+02, 3.60579590e+02, 2.49033356e+02,
    3.50114471e+02, 2.32806015e+02, 3.24655945e+02, 2.75265320e+02,
    3.29970856e+02, 2.89600372e+02, 3.30974670e+02, 3.03375427e+02,
    3.30488861e+02, 3.34739990e+02, 3.30335999e+02, 3.02954834e+02,
    3.45339935e+02, 2.89394318e+02, 3.46518250e+02, 2.74557312e+02,
    3.46145111e+02 ]
noOfLandmarkPoint: 68
