%YAML:1.0
landmark: [ 3.93831100e+01, 1.83740524e+02, 4.24125710e+01,
    2.04201965e+02, 4.97870255e+01, 2.24796204e+02, 5.61313171e+01,
    2.40708084e+02, 6.26694374e+01, 2.54620651e+02, 7.22065048e+01,
    2.67013123e+02, 8.37565994e+01, 2.79381683e+02, 9.75822525e+01,
    2.90460785e+02, 1.16163620e+02, 2.89692963e+02, 1.34155884e+02,
    2.86611572e+02, 1.46798615e+02, 2.73184204e+02, 1.57719345e+02,
    2.58704498e+02, 1.67521759e+02, 2.42580185e+02, 1.71848618e+02,
    2.25303680e+02, 1.71905579e+02, 2.07485703e+02, 1.71849747e+02,
    1.88070908e+02, 1.71323334e+02, 1.67604126e+02, 4.58094254e+01,
    1.79182571e+02, 4.98415718e+01, 1.68774078e+02, 6.05291023e+01,
    1.63747009e+02, 7.40513611e+01, 1.64701630e+02, 8.58420563e+01,
    1.69695358e+02, 1.09962677e+02, 1.64208939e+02, 1.21521065e+02,
    1.58920166e+02, 1.33837616e+02, 1.54538696e+02, 1.46143417e+02,
    1.58176651e+02, 1.54710388e+02, 1.64937073e+02, 9.87111282e+01,
    1.79547318e+02, 1.00583794e+02, 1.93718613e+02, 1.02065796e+02,
    2.07052277e+02, 1.03416077e+02, 2.21080154e+02, 9.38977890e+01,
    2.25358139e+02, 9.90738297e+01, 2.27704681e+02, 1.05578354e+02,
    2.29888092e+02, 1.10902718e+02, 2.26086700e+02, 1.16295982e+02,
    2.22972824e+02, 5.98338127e+01, 1.84557419e+02, 6.52984085e+01,
    1.78571381e+02, 7.39317169e+01, 1.77517181e+02, 8.37845688e+01,
    1.82557404e+02, 7.54617767e+01, 1.86114441e+02, 6.72505569e+01,
    1.88815125e+02, 1.17579727e+02, 1.78667313e+02, 1.23521339e+02,
    1.71425888e+02, 1.31947357e+02, 1.70979752e+02, 1.40715454e+02,
    1.74682098e+02, 1.33318542e+02, 1.78306808e+02, 1.25084251e+02,
    1.79470795e+02, 8.60688019e+01, 2.50272278e+02, 9.28787842e+01,
    2.45559937e+02, 1.00903908e+02, 2.41397995e+02, 1.07441238e+02,
    2.42816406e+02, 1.14718178e+02, 2.40283829e+02, 1.25876976e+02,
    2.40715485e+02, 1.33229538e+02, 2.44987793e+02, 1.27993744e+02,
    2.53897415e+02, 1.17709938e+02, 2.58748901e+02, 1.10009674e+02,
    2.59843414e+02, 1.02549133e+02, 2.60152283e+02, 9.42146530e+01,
    2.58674561e+02, 8.87729874e+01, 2.50699509e+02, 1.01502197e+02,
    2.48021301e+02, 1.08300873e+02, 2.48251999e+02, 1.15664268e+02,
    2.47252274e+02, 1.30012375e+02, 2.46108154e+02, 1.15664268e+02,
    2.47252274e+02, 1.08300873e+02, 2.48251999e+02, 1.01502197e+02,
    2.48021301e+02 ]
noOfLandmarkPoint: 68
