%YAML:1.0
landmark: [ 6.71790466e+01, 2.25046478e+02, 6.84014206e+01,
    2.69198578e+02, 6.81747818e+01, 3.09581268e+02, 7.31362762e+01,
    3.46698700e+02, 8.90813828e+01, 3.77658691e+02, 1.08591858e+02,
    4.01045532e+02, 1.27043465e+02, 4.27895935e+02, 1.49803619e+02,
    4.47896210e+02, 1.81956558e+02, 4.53916321e+02, 2.10858856e+02,
    4.52291229e+02, 2.35994461e+02, 4.33294891e+02, 2.60933502e+02,
    4.14947876e+02, 2.85025513e+02, 3.90426849e+02, 3.03438934e+02,
    3.63767212e+02, 3.13403748e+02, 3.31681244e+02, 3.16895752e+02,
    3.03007599e+02, 3.23068176e+02, 2.70603180e+02, 1.07350647e+02,
    1.77535416e+02, 1.24821129e+02, 1.64560516e+02, 1.46113876e+02,
    1.66003067e+02, 1.66999283e+02, 1.70796173e+02, 1.83698975e+02,
    1.80570969e+02, 2.27993149e+02, 1.86058533e+02, 2.51817535e+02,
    1.83209869e+02, 2.69827087e+02, 1.88161926e+02, 2.87501465e+02,
    1.88845169e+02, 2.98010864e+02, 2.03259979e+02, 2.01966782e+02,
    2.13493286e+02, 2.00349106e+02, 2.34968658e+02, 1.99099243e+02,
    2.56350647e+02, 1.97524826e+02, 2.80525116e+02, 1.67529770e+02,
    2.97681610e+02, 1.79441498e+02, 3.03555420e+02, 1.92755371e+02,
    3.08274017e+02, 2.05745743e+02, 3.06598541e+02, 2.15317673e+02,
    3.04363281e+02, 1.21590820e+02, 2.11336975e+02, 1.30453339e+02,
    1.98750824e+02, 1.47484161e+02, 2.00404846e+02, 1.62008484e+02,
    2.12551346e+02, 1.49449173e+02, 2.18778702e+02, 1.34951691e+02,
    2.19864410e+02, 2.30981476e+02, 2.23791687e+02, 2.46693329e+02,
    2.14023026e+02, 2.62844849e+02, 2.16607269e+02, 2.71186737e+02,
    2.30129913e+02, 2.60260620e+02, 2.34050903e+02, 2.44109085e+02,
    2.32758789e+02, 1.43353531e+02, 3.51419495e+02, 1.60530182e+02,
    3.43758636e+02, 1.78093170e+02, 3.41318176e+02, 1.85654007e+02,
    3.45646484e+02, 1.98294739e+02, 3.45539062e+02, 2.17198914e+02,
    3.53388916e+02, 2.28480331e+02, 3.64331726e+02, 2.14482605e+02,
    3.77166809e+02, 1.94200165e+02, 3.77634705e+02, 1.84740616e+02,
    3.76765076e+02, 1.73741852e+02, 3.72922638e+02, 1.57910034e+02,
    3.65699280e+02, 1.47828094e+02, 3.51219177e+02, 1.76489243e+02,
    3.51635376e+02, 1.85162247e+02, 3.54525848e+02, 1.97767761e+02,
    3.53180237e+02, 2.22866837e+02, 3.63624939e+02, 1.96181839e+02,
    3.64163391e+02, 1.85229782e+02, 3.63148773e+02, 1.75499939e+02,
    3.60616791e+02 ]
noOfLandmarkPoint: 68
