%YAML:1.0
landmark: [ 9.44326248e+01, 7.09879379e+01, 9.91672058e+01,
    8.47834473e+01, 1.03167664e+02, 9.52625427e+01, 1.07803383e+02,
    1.06648926e+02, 1.14516678e+02, 1.15587830e+02, 1.25957382e+02,
    1.23131874e+02, 1.41233154e+02, 1.27960686e+02, 1.55759247e+02,
    1.32116241e+02, 1.67776138e+02, 1.31856064e+02, 1.75634537e+02,
    1.27513809e+02, 1.81360016e+02, 1.19426117e+02, 1.85362717e+02,
    1.11604477e+02, 1.89178726e+02, 1.01799858e+02, 1.91987808e+02,
    9.00460892e+01, 1.90265030e+02, 7.99077835e+01, 1.89218414e+02,
    6.95798569e+01, 1.84123566e+02, 5.72263489e+01, 1.08656006e+02,
    5.60835304e+01, 1.15003021e+02, 4.86246758e+01, 1.24038574e+02,
    4.41259193e+01, 1.34705139e+02, 4.34667931e+01, 1.43639542e+02,
    4.66576462e+01, 1.57532150e+02, 4.25182838e+01, 1.63742722e+02,
    3.81268234e+01, 1.69823166e+02, 3.62871895e+01, 1.75283447e+02,
    3.69682732e+01, 1.79898788e+02, 4.02067566e+01, 1.53960037e+02,
    5.64737473e+01, 1.57592300e+02, 6.45981903e+01, 1.60848251e+02,
    7.24962616e+01, 1.64593689e+02, 8.07677078e+01, 1.54856720e+02,
    9.02386322e+01, 1.60361694e+02, 9.19614182e+01, 1.66989716e+02,
    9.35739517e+01, 1.70205994e+02, 9.09912415e+01, 1.73764740e+02,
    8.88583298e+01, 1.23391884e+02, 6.20507240e+01, 1.27727676e+02,
    5.84992409e+01, 1.33488831e+02, 5.78552094e+01, 1.38733810e+02,
    6.13516426e+01, 1.34200424e+02, 6.37645073e+01, 1.28324020e+02,
    6.39300652e+01, 1.63505493e+02, 5.68142738e+01, 1.67532349e+02,
    5.24606705e+01, 1.73110931e+02, 5.19048653e+01, 1.76949310e+02,
    5.52570686e+01, 1.73589905e+02, 5.80093040e+01, 1.68870178e+02,
    5.80667725e+01, 1.47944885e+02, 1.09063744e+02, 1.56745743e+02,
    1.05505768e+02, 1.63209824e+02, 1.03443054e+02, 1.66967819e+02,
    1.03130424e+02, 1.71005966e+02, 1.01996864e+02, 1.75490738e+02,
    1.01622101e+02, 1.81280136e+02, 1.02215393e+02, 1.75792236e+02,
    1.07868217e+02, 1.71995728e+02, 1.10459709e+02, 1.68375259e+02,
    1.12068222e+02, 1.64540710e+02, 1.11870522e+02, 1.56654480e+02,
    1.10228416e+02, 1.51462540e+02, 1.09253990e+02, 1.64229233e+02,
    1.08011917e+02, 1.67452988e+02, 1.07672424e+02, 1.71453491e+02,
    1.06581902e+02, 1.79529907e+02, 1.03565254e+02, 1.71453491e+02,
    1.06581902e+02, 1.67452988e+02, 1.07672424e+02, 1.64229233e+02,
    1.08011917e+02 ]
noOfLandmarkPoint: 68
