%YAML:1.0
landmark: [ 1.53715530e+02, 1.29357468e+02, 1.55292038e+02,
    1.48060059e+02, 1.60715912e+02, 1.64133163e+02, 1.65494781e+02,
    1.81545685e+02, 1.73081711e+02, 1.98617508e+02, 1.85201675e+02,
    2.13211105e+02, 1.99176865e+02, 2.25263840e+02, 2.16894745e+02,
    2.37134827e+02, 2.32874008e+02, 2.38655991e+02, 2.42194672e+02,
    2.36517471e+02, 2.50600647e+02, 2.27246185e+02, 2.56520386e+02,
    2.17308182e+02, 2.66370514e+02, 2.04465103e+02, 2.74825867e+02,
    1.91059982e+02, 2.82129517e+02, 1.76734253e+02, 2.84979248e+02,
    1.64470016e+02, 2.83479797e+02, 1.51703979e+02, 1.74539841e+02,
    1.32213150e+02, 1.85266098e+02, 1.25973358e+02, 2.00121292e+02,
    1.25328339e+02, 2.12347015e+02, 1.29412796e+02, 2.23243820e+02,
    1.37124130e+02, 2.55864517e+02, 1.39395279e+02, 2.63824036e+02,
    1.32224014e+02, 2.71222687e+02, 1.27668304e+02, 2.80171844e+02,
    1.24170296e+02, 2.88435486e+02, 1.26750748e+02, 2.40953049e+02,
    1.48018127e+02, 2.41696411e+02, 1.60885422e+02, 2.42225479e+02,
    1.73891510e+02, 2.42707260e+02, 1.87173492e+02, 2.27924271e+02,
    1.91291107e+02, 2.33215790e+02, 1.93077011e+02, 2.38413452e+02,
    1.95441742e+02, 2.44928848e+02, 1.93352600e+02, 2.49564484e+02,
    1.88386047e+02, 1.89397125e+02, 1.48615417e+02, 1.98395187e+02,
    1.42326401e+02, 2.08786423e+02, 1.42503815e+02, 2.16106873e+02,
    1.50774948e+02, 2.07226379e+02, 1.53759521e+02, 1.97403915e+02,
    1.53864227e+02, 2.54210602e+02, 1.48406021e+02, 2.60946625e+02,
    1.40155869e+02, 2.70624817e+02, 1.39718826e+02, 2.77872131e+02,
    1.45177780e+02, 2.71270874e+02, 1.49845947e+02, 2.62616974e+02,
    1.51146851e+02, 2.09249344e+02, 2.09673630e+02, 2.22688065e+02,
    2.06509781e+02, 2.32328781e+02, 2.05749207e+02, 2.38312683e+02,
    2.06175934e+02, 2.43647461e+02, 2.04512314e+02, 2.49283539e+02,
    2.05184418e+02, 2.52281845e+02, 2.08047760e+02, 2.49774002e+02,
    2.13067764e+02, 2.44327911e+02, 2.16131790e+02, 2.38687714e+02,
    2.17368576e+02, 2.32182266e+02, 2.17295776e+02, 2.23023743e+02,
    2.14876801e+02, 2.12848816e+02, 2.09844513e+02, 2.32394958e+02,
    2.09844513e+02, 2.38287048e+02, 2.09464218e+02, 2.43617081e+02,
    2.08609787e+02, 2.49812408e+02, 2.08428055e+02, 2.43617081e+02,
    2.08609787e+02, 2.38287048e+02, 2.09464218e+02, 2.32394958e+02,
    2.09844513e+02 ]
noOfLandmarkPoint: 68
