%YAML:1.0
landmark: [ 1.28684540e+02, 1.07174576e+02, 1.28453079e+02,
    1.20553070e+02, 1.29627213e+02, 1.33104797e+02, 1.32124329e+02,
    1.45425049e+02, 1.35250000e+02, 1.57117096e+02, 1.42079849e+02,
    1.68015274e+02, 1.49620895e+02, 1.78648727e+02, 1.60535538e+02,
    1.87148911e+02, 1.73434631e+02, 1.91994308e+02, 1.86399918e+02,
    1.89067184e+02, 1.96438065e+02, 1.81145844e+02, 2.04905334e+02,
    1.69999725e+02, 2.12099014e+02, 1.58655060e+02, 2.15671158e+02,
    1.45325943e+02, 2.18366821e+02, 1.32641861e+02, 2.21799591e+02,
    1.20285179e+02, 2.22402344e+02, 1.07015450e+02, 1.35926819e+02,
    1.01763199e+02, 1.43889984e+02, 9.94604645e+01, 1.51186569e+02,
    9.95292969e+01, 1.57856308e+02, 1.02275940e+02, 1.65000763e+02,
    1.04961487e+02, 1.88754745e+02, 1.07679878e+02, 1.96419342e+02,
    1.04769165e+02, 2.03051102e+02, 1.02761444e+02, 2.10444443e+02,
    1.02700462e+02, 2.16570511e+02, 1.05867821e+02, 1.78131653e+02,
    1.18326675e+02, 1.77698273e+02, 1.26206512e+02, 1.77127731e+02,
    1.35191345e+02, 1.76416214e+02, 1.44078537e+02, 1.67707703e+02,
    1.48358383e+02, 1.71804260e+02, 1.50358673e+02, 1.75952835e+02,
    1.51330109e+02, 1.79569687e+02, 1.49994446e+02, 1.83419510e+02,
    1.48612045e+02, 1.43075531e+02, 1.12328827e+02, 1.49263748e+02,
    1.09860641e+02, 1.56006836e+02, 1.10769707e+02, 1.62149277e+02,
    1.16706726e+02, 1.54815033e+02, 1.17981308e+02, 1.47941208e+02,
    1.16398499e+02, 1.92807358e+02, 1.18462578e+02, 1.96395950e+02,
    1.13198357e+02, 2.02819336e+02, 1.12261452e+02, 2.08130295e+02,
    1.15258095e+02, 2.05233963e+02, 1.19364960e+02, 1.99657608e+02,
    1.20374115e+02, 1.59908005e+02, 1.63245499e+02, 1.65120392e+02,
    1.60724136e+02, 1.70428177e+02, 1.58921722e+02, 1.75055130e+02,
    1.60929749e+02, 1.79338501e+02, 1.59371460e+02, 1.85465744e+02,
    1.61828171e+02, 1.90394821e+02, 1.65121017e+02, 1.86452240e+02,
    1.71223053e+02, 1.80715073e+02, 1.73831406e+02, 1.74951416e+02,
    1.73946899e+02, 1.69847076e+02, 1.73729965e+02, 1.64151657e+02,
    1.70433426e+02, 1.62358932e+02, 1.64664963e+02, 1.70045258e+02,
    1.64691132e+02, 1.75087814e+02, 1.66361832e+02, 1.80237701e+02,
    1.65161163e+02, 1.88081604e+02, 1.65496246e+02, 1.80237701e+02,
    1.65161163e+02, 1.75087814e+02, 1.66361832e+02, 1.70045258e+02,
    1.64691132e+02 ]
noOfLandmarkPoint: 68
