%YAML:1.0
landmark: [ 1.52167099e+02, 1.03938385e+02, 1.47417480e+02,
    1.14330719e+02, 1.44758728e+02, 1.28534805e+02, 1.46259354e+02,
    1.44189560e+02, 1.50181213e+02, 1.60164429e+02, 1.54770782e+02,
    1.77237228e+02, 1.56326462e+02, 1.94304901e+02, 1.61941650e+02,
    2.02203674e+02, 1.70738007e+02, 2.08049530e+02, 1.89339584e+02,
    2.09904617e+02, 2.09468689e+02, 2.05822708e+02, 2.28952454e+02,
    1.95755600e+02, 2.48733932e+02, 1.85043152e+02, 2.62987946e+02,
    1.72097061e+02, 2.69535889e+02, 1.53743881e+02, 2.73727905e+02,
    1.34795303e+02, 2.77407135e+02, 1.15123947e+02, 1.53807602e+02,
    8.21448822e+01, 1.60597229e+02, 7.76867294e+01, 1.68609055e+02,
    7.91909866e+01, 1.75802933e+02, 8.28390045e+01, 1.82028671e+02,
    8.81510696e+01, 2.01449173e+02, 9.07604294e+01, 2.09754410e+02,
    8.64053802e+01, 2.20602631e+02, 8.44478226e+01, 2.32003555e+02,
    8.58685150e+01, 2.41910049e+02, 9.36859589e+01, 1.90808716e+02,
    9.93080444e+01, 1.87502411e+02, 1.06699203e+02, 1.83746933e+02,
    1.15450912e+02, 1.80266388e+02, 1.23909714e+02, 1.70525421e+02,
    1.32804276e+02, 1.76030487e+02, 1.35032806e+02, 1.82633484e+02,
    1.37101288e+02, 1.90742233e+02, 1.35975830e+02, 1.98503357e+02,
    1.35197983e+02, 1.60005692e+02, 9.89288483e+01, 1.65615738e+02,
    9.51446381e+01, 1.73294281e+02, 9.55473175e+01, 1.80112381e+02,
    1.00699631e+02, 1.72943893e+02, 1.00799438e+02, 1.65510651e+02,
    1.00289330e+02, 2.11205978e+02, 1.04674629e+02, 2.19457047e+02,
    1.01560059e+02, 2.27264069e+02, 1.03149307e+02, 2.33289490e+02,
    1.07884552e+02, 2.25727097e+02, 1.08420677e+02, 2.18112122e+02,
    1.07404228e+02, 1.59763046e+02, 1.54984589e+02, 1.67632370e+02,
    1.49845261e+02, 1.74833679e+02, 1.49726715e+02, 1.80866852e+02,
    1.53116364e+02, 1.91600342e+02, 1.52146484e+02, 2.03481613e+02,
    1.56943665e+02, 2.18632462e+02, 1.63573486e+02, 1.99963715e+02,
    1.75696457e+02, 1.86396469e+02, 1.76912827e+02, 1.75144272e+02,
    1.75821396e+02, 1.67997086e+02, 1.73897263e+02, 1.60227661e+02,
    1.68347153e+02, 1.62449326e+02, 1.57345642e+02, 1.73647568e+02,
    1.54957489e+02, 1.79548462e+02, 1.57256180e+02, 1.90474838e+02,
    1.57475769e+02, 2.14252853e+02, 1.64136215e+02, 1.88714890e+02,
    1.66536880e+02, 1.77850662e+02, 1.65330902e+02, 1.71182877e+02,
    1.63489090e+02 ]
noOfLandmarkPoint: 68
