%YAML:1.0
landmark: [ 1.50125015e+02, 1.58167419e+02, 1.47547897e+02,
    1.71702530e+02, 1.48075180e+02, 1.87637024e+02, 1.50341766e+02,
    2.03983032e+02, 1.56210007e+02, 2.19253464e+02, 1.62557083e+02,
    2.33819489e+02, 1.69645020e+02, 2.49143921e+02, 1.79413742e+02,
    2.63003571e+02, 1.96637039e+02, 2.74333740e+02, 2.18078232e+02,
    2.72574982e+02, 2.42602386e+02, 2.64381592e+02, 2.63157440e+02,
    2.55109283e+02, 2.83300385e+02, 2.40916046e+02, 2.98705841e+02,
    2.24593536e+02, 3.06875275e+02, 2.04802444e+02, 3.08284698e+02,
    1.77551041e+02, 3.08723511e+02, 1.50472488e+02, 1.48559158e+02,
    1.32960846e+02, 1.56031845e+02, 1.27994568e+02, 1.66030899e+02,
    1.29995712e+02, 1.75378418e+02, 1.34875565e+02, 1.82664963e+02,
    1.41138275e+02, 1.99390396e+02, 1.36112000e+02, 2.12103668e+02,
    1.29583511e+02, 2.26803070e+02, 1.26345787e+02, 2.41416046e+02,
    1.31963608e+02, 2.52325912e+02, 1.40666245e+02, 1.87323059e+02,
    1.45803345e+02, 1.84921143e+02, 1.57589813e+02, 1.82493790e+02,
    1.69270142e+02, 1.80236206e+02, 1.80913712e+02, 1.77571548e+02,
    1.95349258e+02, 1.83533188e+02, 1.96590378e+02, 1.89224411e+02,
    1.97818207e+02, 1.93980377e+02, 1.94211700e+02, 1.99531723e+02,
    1.92330231e+02, 1.64667114e+02, 1.50197830e+02, 1.65911240e+02,
    1.45599274e+02, 1.71934601e+02, 1.45393188e+02, 1.79671143e+02,
    1.50967300e+02, 1.73011246e+02, 1.51576477e+02, 1.68530670e+02,
    1.51888580e+02, 2.15817749e+02, 1.51135223e+02, 2.18152466e+02,
    1.43711105e+02, 2.29017517e+02, 1.43981308e+02, 2.37805969e+02,
    1.47977509e+02, 2.29223145e+02, 1.50509323e+02, 2.22223724e+02,
    1.51679504e+02, 1.80588364e+02, 2.18556747e+02, 1.80207626e+02,
    2.13355682e+02, 1.86316452e+02, 2.11855301e+02, 1.90432953e+02,
    2.13456696e+02, 1.96698334e+02, 2.11722977e+02, 2.13707840e+02,
    2.12813339e+02, 2.31314133e+02, 2.15890106e+02, 2.17400467e+02,
    2.25260696e+02, 2.02854034e+02, 2.27664322e+02, 1.95818665e+02,
    2.27652374e+02, 1.89010483e+02, 2.26729599e+02, 1.82868866e+02,
    2.23238708e+02, 1.82158356e+02, 2.17891312e+02, 1.86891113e+02,
    2.18380997e+02, 1.91951019e+02, 2.18615677e+02, 1.99026184e+02,
    2.18457855e+02, 2.26886429e+02, 2.16448563e+02, 1.99026184e+02,
    2.18457855e+02, 1.91951019e+02, 2.18615677e+02, 1.86891113e+02,
    2.18380997e+02 ]
noOfLandmarkPoint: 68
