%YAML:1.0
landmark: [ 5.48804565e+02, 2.86962708e+02, 5.48373657e+02,
    3.19901428e+02, 5.51812622e+02, 3.50261322e+02, 5.52956360e+02,
    3.81623932e+02, 5.57640930e+02, 4.06628632e+02, 5.72877930e+02,
    4.29949860e+02, 5.97634460e+02, 4.45345490e+02, 6.23411682e+02,
    4.55082642e+02, 6.49901733e+02, 4.59236023e+02, 6.80833496e+02,
    4.56945496e+02, 7.08755554e+02, 4.48496185e+02, 7.34882141e+02,
    4.36393646e+02, 7.54693909e+02, 4.14025543e+02, 7.65716064e+02,
    3.84723053e+02, 7.72085144e+02, 3.54198212e+02, 7.77801270e+02,
    3.24433380e+02, 7.81377014e+02, 2.96838654e+02, 5.68487610e+02,
    2.57584747e+02, 5.83364624e+02, 2.39296906e+02, 6.03791443e+02,
    2.34908600e+02, 6.24902954e+02, 2.35606110e+02, 6.49093506e+02,
    2.42657455e+02, 6.73822388e+02, 2.42703583e+02, 6.99264465e+02,
    2.38779724e+02, 7.21652161e+02, 2.39966171e+02, 7.39962769e+02,
    2.46680984e+02, 7.56655090e+02, 2.60100372e+02, 6.60332458e+02,
    2.68406433e+02, 6.58931824e+02, 2.86384796e+02, 6.57440002e+02,
    3.03864929e+02, 6.55621582e+02, 3.21816467e+02, 6.37590515e+02,
    3.39521484e+02, 6.45751526e+02, 3.41813599e+02, 6.53907349e+02,
    3.45121002e+02, 6.63793884e+02, 3.44105713e+02, 6.71378296e+02,
    3.42529602e+02, 5.90653748e+02, 2.74521515e+02, 5.99982483e+02,
    2.64007996e+02, 6.13632568e+02, 2.65995087e+02, 6.28318909e+02,
    2.77891327e+02, 6.12926697e+02, 2.78248627e+02, 6.01278137e+02,
    2.78233612e+02, 6.91671997e+02, 2.81116821e+02, 7.04607178e+02,
    2.69241119e+02, 7.20393738e+02, 2.69863892e+02, 7.34091431e+02,
    2.80770844e+02, 7.21008362e+02, 2.82919708e+02, 7.06791748e+02,
    2.82997864e+02, 6.10771667e+02, 3.80791412e+02, 6.29180054e+02,
    3.71914886e+02, 6.43690369e+02, 3.67411652e+02, 6.52819519e+02,
    3.71589020e+02, 6.65173096e+02, 3.69678040e+02, 6.79551147e+02,
    3.75841492e+02, 6.95726746e+02, 3.86776855e+02, 6.79545227e+02,
    3.96179688e+02, 6.65599670e+02, 3.99018341e+02, 6.52486389e+02,
    3.98258179e+02, 6.40802490e+02, 3.96567871e+02, 6.27852356e+02,
    3.93861755e+02, 6.17397034e+02, 3.80763794e+02, 6.42607239e+02,
    3.80762207e+02, 6.52338013e+02, 3.82336761e+02, 6.64218384e+02,
    3.82625061e+02, 6.89998779e+02, 3.86060852e+02, 6.64218384e+02,
    3.82625061e+02, 6.52338013e+02, 3.82336761e+02, 6.42607239e+02,
    3.80762207e+02 ]
noOfLandmarkPoint: 68
