%YAML:1.0
landmark: [ 1.22731461e+02, 1.41036072e+02, 1.24106239e+02,
    1.56488937e+02, 1.26302536e+02, 1.71215012e+02, 1.31627289e+02,
    1.86351852e+02, 1.37994873e+02, 2.01172653e+02, 1.44046417e+02,
    2.18568649e+02, 1.54442780e+02, 2.38934692e+02, 1.69930725e+02,
    2.57738251e+02, 1.84988525e+02, 2.61038269e+02, 2.01949326e+02,
    2.57938995e+02, 2.17509018e+02, 2.46375778e+02, 2.34629456e+02,
    2.33003906e+02, 2.45902969e+02, 2.13739609e+02, 2.54408997e+02,
    1.98185638e+02, 2.55488998e+02, 1.78001129e+02, 2.56083008e+02,
    1.56768280e+02, 2.54877640e+02, 1.35960114e+02, 1.24295692e+02,
    1.32487289e+02, 1.24548851e+02, 1.20431984e+02, 1.35886292e+02,
    1.18258858e+02, 1.48517807e+02, 1.22138718e+02, 1.60273026e+02,
    1.30038681e+02, 1.83996689e+02, 1.27252251e+02, 1.98760178e+02,
    1.19248024e+02, 2.13460815e+02, 1.15240913e+02, 2.28198074e+02,
    1.17414169e+02, 2.35261169e+02, 1.28448715e+02, 1.71059586e+02,
    1.42287018e+02, 1.70466980e+02, 1.56098068e+02, 1.69410034e+02,
    1.69023544e+02, 1.68727722e+02, 1.81520889e+02, 1.58645920e+02,
    1.84407883e+02, 1.65092300e+02, 1.89274109e+02, 1.74224533e+02,
    1.90632950e+02, 1.83388611e+02, 1.87741730e+02, 1.90309464e+02,
    1.83459793e+02, 1.34234344e+02, 1.39108032e+02, 1.38899063e+02,
    1.32021957e+02, 1.48801987e+02, 1.31429382e+02, 1.58129471e+02,
    1.41469208e+02, 1.49145309e+02, 1.44549622e+02, 1.39948380e+02,
    1.44353806e+02, 1.92222153e+02, 1.39443130e+02, 1.99297913e+02,
    1.31424728e+02, 2.09571732e+02, 1.30803131e+02, 2.19882141e+02,
    1.37682098e+02, 2.10783890e+02, 1.43691360e+02, 2.01239471e+02,
    1.44064270e+02, 1.57098145e+02, 2.09081863e+02, 1.59056671e+02,
    1.99418137e+02, 1.66694351e+02, 1.99919266e+02, 1.77258774e+02,
    2.01174469e+02, 1.87771957e+02, 1.99459030e+02, 2.00571716e+02,
    2.00526093e+02, 2.08069275e+02, 2.09514389e+02, 2.04498199e+02,
    2.25851639e+02, 1.92941986e+02, 2.34829437e+02, 1.77353104e+02,
    2.33947586e+02, 1.64991882e+02, 2.29815704e+02, 1.59904114e+02,
    2.20024414e+02, 1.60310547e+02, 2.08786880e+02, 1.66503784e+02,
    2.03787048e+02, 1.77505722e+02, 2.05997559e+02, 1.88458618e+02,
    2.03730194e+02, 2.06062424e+02, 2.09925140e+02, 1.90483810e+02,
    2.24655640e+02, 1.78670670e+02, 2.24140015e+02, 1.66068588e+02,
    2.18520920e+02 ]
noOfLandmarkPoint: 68
