%YAML:1.0
landmark: [ 7.77395706e+01, 1.47929855e+02, 7.90722733e+01,
    1.68386047e+02, 8.24809875e+01, 1.90488647e+02, 8.71444702e+01,
    2.13686234e+02, 9.79999542e+01, 2.31870605e+02, 1.10545181e+02,
    2.44582291e+02, 1.25715240e+02, 2.56577759e+02, 1.43463852e+02,
    2.66441010e+02, 1.62003830e+02, 2.67068420e+02, 1.79992386e+02,
    2.60836456e+02, 1.93904907e+02, 2.46532318e+02, 2.05152023e+02,
    2.32539902e+02, 2.15577896e+02, 2.16980988e+02, 2.20473206e+02,
    2.02977386e+02, 2.22870987e+02, 1.80504227e+02, 2.23151367e+02,
    1.62454605e+02, 2.24441406e+02, 1.42245071e+02, 1.01821922e+02,
    1.41891083e+02, 1.11191429e+02, 1.33425217e+02, 1.21764008e+02,
    1.28905426e+02, 1.33687012e+02, 1.28357529e+02, 1.45605270e+02,
    1.31979736e+02, 1.74725983e+02, 1.33789505e+02, 1.84616379e+02,
    1.28075150e+02, 1.95807022e+02, 1.28118546e+02, 2.05745712e+02,
    1.29592224e+02, 2.12794266e+02, 1.36507385e+02, 1.60470932e+02,
    1.49094330e+02, 1.61005936e+02, 1.62755066e+02, 1.61301331e+02,
    1.76794067e+02, 1.61955902e+02, 1.91921967e+02, 1.44057831e+02,
    1.94187241e+02, 1.53047379e+02, 1.97473984e+02, 1.61481247e+02,
    1.99820160e+02, 1.68923904e+02, 1.97284256e+02, 1.75421112e+02,
    1.94362961e+02, 1.17197128e+02, 1.52260757e+02, 1.23882744e+02,
    1.48619370e+02, 1.33447403e+02, 1.49276764e+02, 1.40377975e+02,
    1.54317383e+02, 1.32388916e+02, 1.55786591e+02, 1.23623695e+02,
    1.55916214e+02, 1.76439743e+02, 1.52608871e+02, 1.84897141e+02,
    1.46859329e+02, 1.93813583e+02, 1.47211685e+02, 2.00084534e+02,
    1.50942749e+02, 1.93774460e+02, 1.53019852e+02, 1.85651459e+02,
    1.53179962e+02, 1.28963898e+02, 2.14492447e+02, 1.42831070e+02,
    2.11143417e+02, 1.52059509e+02, 2.10178253e+02, 1.60038773e+02,
    2.11284561e+02, 1.68479324e+02, 2.09348740e+02, 1.77008072e+02,
    2.11259720e+02, 1.86756546e+02, 2.13533936e+02, 1.77544876e+02,
    2.22800827e+02, 1.69227676e+02, 2.26885330e+02, 1.60886154e+02,
    2.28307861e+02, 1.51921936e+02, 2.27521347e+02, 1.42091599e+02,
    2.25225998e+02, 1.32585114e+02, 2.15059082e+02, 1.51899292e+02,
    2.17542068e+02, 1.60121674e+02, 2.17568420e+02, 1.69214844e+02,
    2.15648285e+02, 1.82293457e+02, 2.14763626e+02, 1.69214844e+02,
    2.15648285e+02, 1.60121674e+02, 2.17568420e+02, 1.51899292e+02,
    2.17542068e+02 ]
noOfLandmarkPoint: 68
