%YAML:1.0
landmark: [ 2.01640656e+02, 1.04068100e+02, 2.03540848e+02,
    1.21041893e+02, 2.05337128e+02, 1.37094559e+02, 2.09529129e+02,
    1.54551880e+02, 2.17301697e+02, 1.72296936e+02, 2.28586929e+02,
    1.88279678e+02, 2.41290985e+02, 2.02802246e+02, 2.59283020e+02,
    2.13258240e+02, 2.78121399e+02, 2.16281143e+02, 2.95640900e+02,
    2.13637466e+02, 3.09977203e+02, 2.02594009e+02, 3.20029602e+02,
    1.86783112e+02, 3.22980743e+02, 1.65829758e+02, 3.24013794e+02,
    1.45558472e+02, 3.24543304e+02, 1.27905334e+02, 3.24831024e+02,
    1.11760750e+02, 3.25222656e+02, 9.55122681e+01, 2.16313904e+02,
    9.42807922e+01, 2.24025345e+02, 8.81305542e+01, 2.35619492e+02,
    8.77285690e+01, 2.48725693e+02, 9.04078064e+01, 2.61775391e+02,
    9.47639923e+01, 2.82663849e+02, 9.38776474e+01, 2.92121002e+02,
    8.68228149e+01, 3.01834991e+02, 8.10500793e+01, 3.11507751e+02,
    7.79750137e+01, 3.19350250e+02, 8.40671921e+01, 2.71438019e+02,
    1.03693550e+02, 2.72449432e+02, 1.16575249e+02, 2.73382843e+02,
    1.28212173e+02, 2.74940582e+02, 1.41561142e+02, 2.61751251e+02,
    1.48058090e+02, 2.68165131e+02, 1.49658554e+02, 2.74290161e+02,
    1.51247635e+02, 2.80703339e+02, 1.48227158e+02, 2.85656433e+02,
    1.44199768e+02, 2.30695450e+02, 1.08900085e+02, 2.36536270e+02,
    1.04527321e+02, 2.45343658e+02, 1.03204414e+02, 2.51117157e+02,
    1.08707474e+02, 2.45418137e+02, 1.12817818e+02, 2.38068924e+02,
    1.13138062e+02, 2.89593109e+02, 1.05534378e+02, 2.95147919e+02,
    9.98490219e+01, 3.03665466e+02, 9.97102432e+01, 3.09331970e+02,
    1.04516365e+02, 3.05776886e+02, 1.08755440e+02, 2.96592865e+02,
    1.09598915e+02, 2.50190796e+02, 1.73076355e+02, 2.57793610e+02,
    1.67451111e+02, 2.69709564e+02, 1.64447937e+02, 2.76143494e+02,
    1.65347961e+02, 2.81020050e+02, 1.64475281e+02, 2.89663177e+02,
    1.66037979e+02, 2.99290436e+02, 1.70909851e+02, 2.90827881e+02,
    1.78984207e+02, 2.81303802e+02, 1.80639359e+02, 2.74838104e+02,
    1.81866714e+02, 2.69182770e+02, 1.82133301e+02, 2.58746704e+02,
    1.80207932e+02, 2.54646042e+02, 1.72492752e+02, 2.70193176e+02,
    1.71813400e+02, 2.74279297e+02, 1.71329865e+02, 2.81099823e+02,
    1.70667404e+02, 2.94753754e+02, 1.70029099e+02, 2.81099823e+02,
    1.70667404e+02, 2.74279297e+02, 1.71329865e+02, 2.70193176e+02,
    1.71813400e+02 ]
noOfLandmarkPoint: 68
