%YAML:1.0
landmark: [ 3.42929916e+01, 1.67676086e+02, 3.85093346e+01,
    1.92738449e+02, 4.41825256e+01, 2.17479095e+02, 5.48698616e+01,
    2.40733505e+02, 6.70616455e+01, 2.61237854e+02, 8.03617706e+01,
    2.80079712e+02, 9.47702408e+01, 2.98921539e+02, 1.12913544e+02,
    3.09988556e+02, 1.35481064e+02, 3.11332764e+02, 1.60814346e+02,
    3.02997375e+02, 1.82776230e+02, 2.87116364e+02, 2.01459366e+02,
    2.67179230e+02, 2.15505493e+02, 2.43549225e+02, 2.18904739e+02,
    2.17458282e+02, 2.20567245e+02, 1.94183060e+02, 2.20013077e+02,
    1.68691162e+02, 2.20018723e+02, 1.44365723e+02, 3.52117500e+01,
    1.42555176e+02, 4.32592888e+01, 1.32527542e+02, 5.55540657e+01,
    1.27208397e+02, 6.91296082e+01, 1.25938126e+02, 8.28588943e+01,
    1.27465767e+02, 1.21072983e+02, 1.23608765e+02, 1.35983307e+02,
    1.17811073e+02, 1.51805084e+02, 1.14801552e+02, 1.67588196e+02,
    1.16225365e+02, 1.80971649e+02, 1.23569504e+02, 1.07254753e+02,
    1.49647079e+02, 1.07888031e+02, 1.68396759e+02, 1.06924385e+02,
    1.89082520e+02, 1.07392647e+02, 2.06889893e+02, 9.43013916e+01,
    2.08745331e+02, 1.03943558e+02, 2.15424362e+02, 1.16810371e+02,
    2.17887177e+02, 1.24814453e+02, 2.12483200e+02, 1.33589798e+02,
    2.07982559e+02, 5.48698616e+01, 1.49849319e+02, 6.15199242e+01,
    1.42645081e+02, 7.31575317e+01, 1.41536743e+02, 8.09159393e+01,
    1.47078461e+02, 7.23759460e+01, 1.53751114e+02, 6.26282692e+01,
    1.53728516e+02, 1.36887299e+02, 1.39874222e+02, 1.46257233e+02,
    1.34831970e+02, 1.57287262e+02, 1.33496506e+02, 1.67125244e+02,
    1.38686996e+02, 1.58167099e+02, 1.42390701e+02, 1.48191849e+02,
    1.43295135e+02, 9.36350632e+01, 2.46977310e+02, 9.81155548e+01,
    2.37286285e+02, 1.08189560e+02, 2.31935257e+02, 1.19917305e+02,
    2.32226959e+02, 1.33583084e+02, 2.28031403e+02, 1.47360443e+02,
    2.29652786e+02, 1.58040558e+02, 2.36012283e+02, 1.51214386e+02,
    2.45495590e+02, 1.39416290e+02, 2.52645187e+02, 1.25601913e+02,
    2.56461060e+02, 1.13032074e+02, 2.56812897e+02, 1.01175842e+02,
    2.53321915e+02, 9.75410995e+01, 2.46275223e+02, 1.12503738e+02,
    2.44612701e+02, 1.23587173e+02, 2.42950180e+02, 1.36887299e+02,
    2.40179321e+02, 1.56394104e+02, 2.36854156e+02, 1.37400970e+02,
    2.40927094e+02, 1.23854950e+02, 2.45336548e+02, 1.12135437e+02,
    2.44839310e+02 ]
noOfLandmarkPoint: 68
