%YAML:1.0
landmark: [ 7.15135498e+01, 2.77520111e+02, 7.43535843e+01,
    3.06769653e+02, 8.37666092e+01, 3.34290649e+02, 9.67897720e+01,
    3.68021423e+02, 1.17011208e+02, 4.01331696e+02, 1.39907043e+02,
    4.29402924e+02, 1.51602631e+02, 4.47450378e+02, 1.68167389e+02,
    4.59423950e+02, 2.00878708e+02, 4.57259277e+02, 2.38127625e+02,
    4.51078674e+02, 2.64283203e+02, 4.31373260e+02, 2.92740814e+02,
    4.09466797e+02, 3.17014862e+02, 3.81074738e+02, 3.26558990e+02,
    3.43326935e+02, 3.23718964e+02, 3.00458923e+02, 3.20944489e+02,
    2.67170441e+02, 3.16354034e+02, 2.30599655e+02, 6.88046341e+01,
    2.53565552e+02, 7.38020096e+01, 2.32516602e+02, 9.13500900e+01,
    2.16828232e+02, 1.11992134e+02, 2.13988205e+02, 1.36345276e+02,
    2.17554626e+02, 1.69068619e+02, 2.11292831e+02, 1.95500000e+02,
    1.99424820e+02, 2.23375870e+02, 1.95967651e+02, 2.47903839e+02,
    1.99446671e+02, 2.69381561e+02, 2.09266602e+02, 1.53303864e+02,
    2.43553436e+02, 1.54671768e+02, 2.66080841e+02, 1.55056824e+02,
    2.89265289e+02, 1.55783218e+02, 3.13110565e+02, 1.43784088e+02,
    3.24238647e+02, 1.52921326e+02, 3.28785400e+02, 1.65239944e+02,
    3.32605774e+02, 1.76193176e+02, 3.23534088e+02, 1.90284088e+02,
    3.17897736e+02, 9.80278625e+01, 2.59210815e+02, 1.08310936e+02,
    2.50398727e+02, 1.20465103e+02, 2.48011642e+02, 1.35990387e+02,
    2.55105774e+02, 1.22372169e+02, 2.60036530e+02, 1.09545296e+02,
    2.62384918e+02, 1.99505737e+02, 2.43613113e+02, 2.13831726e+02,
    2.30577805e+02, 2.29716782e+02, 2.28442307e+02, 2.42398605e+02,
    2.32669586e+02, 2.30421326e+02, 2.40310318e+02, 2.15625870e+02,
    2.43150345e+02, 1.34944489e+02, 3.63351837e+02, 1.47381577e+02,
    3.56419495e+02, 1.61190216e+02, 3.54004578e+02, 1.73396851e+02,
    3.56502106e+02, 1.90396454e+02, 3.51088501e+02, 2.17212845e+02,
    3.49142670e+02, 2.45194931e+02, 3.46013977e+02, 2.25669540e+02,
    3.73401764e+02, 2.01784592e+02, 3.87201019e+02, 1.82919144e+02,
    3.90872803e+02, 1.67185638e+02, 3.92401978e+02, 1.52057068e+02,
    3.86956635e+02, 1.46893677e+02, 3.63974182e+02, 1.62274521e+02,
    3.63326263e+02, 1.75174606e+02, 3.63160126e+02, 1.92425522e+02,
    3.58828247e+02, 2.40547211e+02, 3.47770660e+02, 1.97696045e+02,
    3.75440430e+02, 1.79328278e+02, 3.78999298e+02, 1.65294373e+02,
    3.78900421e+02 ]
noOfLandmarkPoint: 68
