%YAML:1.0
landmark: [ 4.47347870e+02, 3.26062805e+02, 4.53478821e+02,
    3.60886261e+02, 4.57330353e+02, 3.93978607e+02, 4.66505951e+02,
    4.30502106e+02, 5.08557281e+02, 4.57168396e+02, 5.50862549e+02,
    4.74067108e+02, 5.88736572e+02, 4.79347198e+02, 6.22601501e+02,
    4.82105011e+02, 6.61555908e+02, 4.80923676e+02, 6.89542419e+02,
    4.64222076e+02, 6.96495850e+02, 4.36014709e+02, 7.00942566e+02,
    4.10025879e+02, 6.98608765e+02, 3.76785889e+02, 6.95208862e+02,
    3.48309570e+02, 6.92779053e+02, 3.25173157e+02, 6.86277039e+02,
    2.97032990e+02, 6.80091919e+02, 2.74367188e+02, 5.05161072e+02,
    2.99089935e+02, 5.28698303e+02, 2.77652985e+02, 5.52427673e+02,
    2.65916718e+02, 5.76416931e+02, 2.62901337e+02, 5.99517395e+02,
    2.67028900e+02, 6.33396912e+02, 2.59382904e+02, 6.44406799e+02,
    2.46620972e+02, 6.57904785e+02, 2.36488953e+02, 6.69873108e+02,
    2.32233780e+02, 6.80428101e+02, 2.37410416e+02, 6.21391052e+02,
    2.74376953e+02, 6.33949524e+02, 2.95906799e+02, 6.47441345e+02,
    3.17747406e+02, 6.60155579e+02, 3.37746002e+02, 6.21781189e+02,
    3.68463013e+02, 6.39447815e+02, 3.67377075e+02, 6.53082825e+02,
    3.67127991e+02, 6.61197449e+02, 3.60939667e+02, 6.67830200e+02,
    3.53679138e+02, 5.40185730e+02, 3.05602814e+02, 5.52631104e+02,
    2.98591949e+02, 5.67415588e+02, 2.92196045e+02, 5.77397156e+02,
    2.99577728e+02, 5.69167847e+02, 3.05967072e+02, 5.56560974e+02,
    3.08778778e+02, 6.39761658e+02, 2.81730774e+02, 6.48984131e+02,
    2.72648041e+02, 6.60605103e+02, 2.69209747e+02, 6.68211609e+02,
    2.72964966e+02, 6.61988098e+02, 2.77767059e+02, 6.51029968e+02,
    2.81774750e+02, 5.95331116e+02, 4.18703979e+02, 6.18364380e+02,
    4.07608765e+02, 6.38981873e+02, 4.00070984e+02, 6.53347351e+02,
    3.99842712e+02, 6.62428833e+02, 3.93721344e+02, 6.71017578e+02,
    3.90908478e+02, 6.81007751e+02, 3.91225433e+02, 6.75501404e+02,
    4.05815948e+02, 6.67789795e+02, 4.11097015e+02, 6.57799622e+02,
    4.16761505e+02, 6.43112427e+02, 4.17923187e+02, 6.22035828e+02,
    4.18679474e+02, 6.02721802e+02, 4.17667999e+02, 6.40474792e+02,
    4.06635559e+02, 6.54600159e+02, 4.04901917e+02, 6.64419861e+02,
    3.98627655e+02, 6.75962158e+02, 3.93237762e+02, 6.64419861e+02,
    3.98627655e+02, 6.54600159e+02, 4.04901917e+02, 6.40474792e+02,
    4.06635559e+02 ]
noOfLandmarkPoint: 68
