%YAML:1.0
landmark: [ 8.90833206e+01, 1.28555603e+02, 8.90932159e+01,
    1.42566513e+02, 9.17594681e+01, 1.54141693e+02, 9.63727188e+01,
    1.65198471e+02, 1.01357964e+02, 1.78006363e+02, 1.07233604e+02,
    1.91528549e+02, 1.15036461e+02, 2.05207047e+02, 1.22330803e+02,
    2.20802856e+02, 1.36557388e+02, 2.23488892e+02, 1.51550140e+02,
    2.22044678e+02, 1.64156921e+02, 2.15457260e+02, 1.79517319e+02,
    2.03906052e+02, 1.92399063e+02, 1.89889404e+02, 2.01423920e+02,
    1.73866470e+02, 2.04823242e+02, 1.56733719e+02, 2.06760345e+02,
    1.35624374e+02, 2.05512802e+02, 1.15566666e+02, 8.69453735e+01,
    1.12920212e+02, 9.36916275e+01, 1.11139412e+02, 1.02052467e+02,
    1.13267464e+02, 1.10056160e+02, 1.15752663e+02, 1.16983459e+02,
    1.19852455e+02, 1.30770813e+02, 1.17650192e+02, 1.41597061e+02,
    1.10058067e+02, 1.54385162e+02, 1.06164062e+02, 1.68562271e+02,
    1.06345116e+02, 1.82739380e+02, 1.12724319e+02, 1.24461090e+02,
    1.27913376e+02, 1.23698158e+02, 1.38783020e+02, 1.22359169e+02,
    1.51598175e+02, 1.21022774e+02, 1.64498047e+02, 1.19262871e+02,
    1.69596039e+02, 1.23886017e+02, 1.73137848e+02, 1.29590515e+02,
    1.72800491e+02, 1.36185394e+02, 1.70491394e+02, 1.41165695e+02,
    1.67487778e+02, 9.57664337e+01, 1.28457687e+02, 9.88579254e+01,
    1.24214638e+02, 1.05793045e+02, 1.24574829e+02, 1.11616791e+02,
    1.28565765e+02, 1.06427307e+02, 1.30977341e+02, 9.91911697e+01,
    1.31228195e+02, 1.46503143e+02, 1.24822861e+02, 1.54228912e+02,
    1.20463707e+02, 1.61272934e+02, 1.19780502e+02, 1.67711563e+02,
    1.23518456e+02, 1.61714035e+02, 1.25725319e+02, 1.54144730e+02,
    1.25894302e+02, 1.16127716e+02, 1.85714066e+02, 1.21772812e+02,
    1.85764679e+02, 1.26234703e+02, 1.86126785e+02, 1.30173233e+02,
    1.87027069e+02, 1.38000824e+02, 1.86312775e+02, 1.47589432e+02,
    1.86836136e+02, 1.58896576e+02, 1.85523102e+02, 1.48079910e+02,
    1.92499008e+02, 1.38498169e+02, 1.96567688e+02, 1.30864365e+02,
    1.97890427e+02, 1.26282776e+02, 1.96753387e+02, 1.21660492e+02,
    1.94588608e+02, 1.18744469e+02, 1.86674881e+02, 1.26229752e+02,
    1.89165024e+02, 1.30432617e+02, 1.89584244e+02, 1.38005783e+02,
    1.89346069e+02, 1.56629929e+02, 1.86156464e+02, 1.38005783e+02,
    1.89346069e+02, 1.30432617e+02, 1.89584244e+02, 1.26229752e+02,
    1.89165024e+02 ]
noOfLandmarkPoint: 68
