%YAML:1.0
landmark: [ 7.10637283e+01, 1.72369370e+02, 7.72284393e+01,
    1.90682251e+02, 8.54103928e+01, 2.07771133e+02, 9.61533203e+01,
    2.23953781e+02, 1.11111969e+02, 2.35242676e+02, 1.30535843e+02,
    2.43335098e+02, 1.53857681e+02, 2.48005051e+02, 1.70865067e+02,
    2.46812286e+02, 1.82121094e+02, 2.42030487e+02, 1.90032364e+02,
    2.32487595e+02, 1.92488907e+02, 2.18580963e+02, 1.93349747e+02,
    2.06709335e+02, 1.95253983e+02, 1.92520447e+02, 1.96183716e+02,
    1.79532059e+02, 1.96639191e+02, 1.65044388e+02, 1.93077194e+02,
    1.52636734e+02, 1.86278793e+02, 1.41247131e+02, 9.04299011e+01,
    1.60979477e+02, 9.76114197e+01, 1.52868713e+02, 1.06678925e+02,
    1.48047882e+02, 1.17252861e+02, 1.46980072e+02, 1.28782410e+02,
    1.47433685e+02, 1.55587296e+02, 1.37711655e+02, 1.60037292e+02,
    1.30491882e+02, 1.65917877e+02, 1.24479652e+02, 1.71555222e+02,
    1.20587067e+02, 1.77369629e+02, 1.21585785e+02, 1.46716248e+02,
    1.52622498e+02, 1.53591339e+02, 1.61918472e+02, 1.59099289e+02,
    1.70486404e+02, 1.66261993e+02, 1.79485077e+02, 1.53118774e+02,
    1.92596527e+02, 1.60348495e+02, 1.92258255e+02, 1.67509460e+02,
    1.90682251e+02, 1.70025681e+02, 1.87622269e+02, 1.72179413e+02,
    1.84698792e+02, 1.06378197e+02, 1.68537415e+02, 1.11455406e+02,
    1.62779968e+02, 1.19185333e+02, 1.59719986e+02, 1.27934517e+02,
    1.61442963e+02, 1.22789062e+02, 1.65976425e+02, 1.14470627e+02,
    1.69217651e+02, 1.59600006e+02, 1.49136841e+02, 1.62636993e+02,
    1.41690384e+02, 1.68893433e+02, 1.38662659e+02, 1.75467606e+02,
    1.38980408e+02, 1.73222153e+02, 1.43582108e+02, 1.66870300e+02,
    1.47447830e+02, 1.35615021e+02, 2.14784897e+02, 1.48898087e+02,
    2.08122849e+02, 1.61566010e+02, 2.02741119e+02, 1.67234451e+02,
    2.01762161e+02, 1.71164108e+02, 1.98263641e+02, 1.77438004e+02,
    1.96717102e+02, 1.84071472e+02, 1.93839340e+02, 1.82519333e+02,
    2.06751221e+02, 1.79752960e+02, 2.13377319e+02, 1.75431473e+02,
    2.16672104e+02, 1.68872162e+02, 2.19540527e+02, 1.53943878e+02,
    2.20697678e+02, 1.39221695e+02, 2.13965714e+02, 1.62815903e+02,
    2.05922028e+02, 1.68659485e+02, 2.04517609e+02, 1.73338852e+02,
    2.02337646e+02, 1.82173126e+02, 1.96510880e+02, 1.76222000e+02,
    2.06555511e+02, 1.71428482e+02, 2.10424042e+02, 1.65589203e+02,
    2.13425873e+02 ]
noOfLandmarkPoint: 68
