%YAML:1.0
landmark: [ 1.22392014e+02, 9.82565002e+01, 1.24765167e+02,
    1.18819016e+02, 1.27768738e+02, 1.40553940e+02, 1.32756302e+02,
    1.59217178e+02, 1.44298920e+02, 1.75445602e+02, 1.58158081e+02,
    1.85476135e+02, 1.72926758e+02, 1.90384094e+02, 1.85985229e+02,
    1.93054016e+02, 1.99998734e+02, 1.93427887e+02, 2.13233032e+02,
    1.89321976e+02, 2.24281647e+02, 1.81955627e+02, 2.32873138e+02,
    1.72935944e+02, 2.40533295e+02, 1.62189011e+02, 2.45024384e+02,
    1.50833679e+02, 2.46781860e+02, 1.35806107e+02, 2.48726837e+02,
    1.14763374e+02, 2.48253891e+02, 9.69344635e+01, 1.47010162e+02,
    8.38507309e+01, 1.55030762e+02, 7.79178391e+01, 1.62435684e+02,
    7.50790024e+01, 1.72427994e+02, 7.68336716e+01, 1.81704681e+02,
    7.87774277e+01, 2.03379410e+02, 7.97451248e+01, 2.11987671e+02,
    7.70989838e+01, 2.20579178e+02, 7.47560501e+01, 2.29245682e+02,
    7.74896545e+01, 2.34457672e+02, 8.18755188e+01, 1.93587524e+02,
    9.21083298e+01, 1.95522629e+02, 1.02927681e+02, 1.98563446e+02,
    1.13876816e+02, 2.01071136e+02, 1.25143997e+02, 1.84740494e+02,
    1.30839722e+02, 1.90671127e+02, 1.33394318e+02, 1.96236984e+02,
    1.35918991e+02, 2.01776840e+02, 1.33786407e+02, 2.07075378e+02,
    1.32024948e+02, 1.57043472e+02, 9.29756317e+01, 1.62608643e+02,
    8.98513489e+01, 1.70231293e+02, 8.93481750e+01, 1.75691238e+02,
    9.23297348e+01, 1.70809464e+02, 9.64301453e+01, 1.63149323e+02,
    9.64301453e+01, 2.06167282e+02, 9.34485855e+01, 2.11266769e+02,
    8.93481750e+01, 2.18603973e+02, 8.98513489e+01, 2.24138916e+02,
    9.22922363e+01, 2.20406219e+02, 9.62124176e+01, 2.13429474e+02,
    9.63926468e+01, 1.74107666e+02, 1.55669464e+02, 1.82796173e+02,
    1.48585739e+02, 1.90120407e+02, 1.44993118e+02, 1.96173325e+02,
    1.44900620e+02, 2.01551620e+02, 1.44265991e+02, 2.08876678e+02,
    1.46785812e+02, 2.12626312e+02, 1.51058670e+02, 2.09835388e+02,
    1.56347870e+02, 2.03216385e+02, 1.60290833e+02, 1.96926300e+02,
    1.61126144e+02, 1.90807205e+02, 1.61241287e+02, 1.83843552e+02,
    1.61006149e+02, 1.77641632e+02, 1.55756378e+02, 1.90106354e+02,
    1.52401611e+02, 1.95895416e+02, 1.53194351e+02, 2.02134903e+02,
    1.50867508e+02, 2.09502029e+02, 1.51959793e+02, 2.02134903e+02,
    1.50867508e+02, 1.95895416e+02, 1.53194351e+02, 1.90106354e+02,
    1.52401611e+02 ]
noOfLandmarkPoint: 68
