%YAML:1.0
landmark: [ 2.36873199e+02, 1.55129440e+02, 2.38995956e+02,
    1.70328644e+02, 2.42288406e+02, 1.85829880e+02, 2.45449051e+02,
    2.00842972e+02, 2.51569016e+02, 2.16522369e+02, 2.65513092e+02,
    2.31365234e+02, 2.86824310e+02, 2.41869827e+02, 3.07787140e+02,
    2.49035614e+02, 3.31321808e+02, 2.50724548e+02, 3.44080933e+02,
    2.47997711e+02, 3.51146057e+02, 2.35533279e+02, 3.60349152e+02,
    2.22813171e+02, 3.68003052e+02, 2.08272339e+02, 3.74146210e+02,
    1.89432281e+02, 3.75192017e+02, 1.75379578e+02, 3.71930695e+02,
    1.61660034e+02, 3.70427856e+02, 1.50388458e+02, 2.63661865e+02,
    1.44361252e+02, 2.75111603e+02, 1.37071625e+02, 2.89133179e+02,
    1.30928482e+02, 3.02674561e+02, 1.30037643e+02, 3.19345490e+02,
    1.31617966e+02, 3.41152771e+02, 1.34499771e+02, 3.49945251e+02,
    1.29681305e+02, 3.58536346e+02, 1.27845322e+02, 3.66314117e+02,
    1.28658676e+02, 3.71698212e+02, 1.33066498e+02, 3.31074066e+02,
    1.49915588e+02, 3.34846710e+02, 1.60373810e+02, 3.38394836e+02,
    1.69228516e+02, 3.41687256e+02, 1.78896576e+02, 3.23939423e+02,
    1.88688492e+02, 3.31082001e+02, 1.90090652e+02, 3.36744934e+02,
    1.92329346e+02, 3.42074738e+02, 1.90113846e+02, 3.45870544e+02,
    1.87921524e+02, 2.83570923e+02, 1.51302490e+02, 2.90690308e+02,
    1.46406525e+02, 3.00536560e+02, 1.45360703e+02, 3.05688171e+02,
    1.51991974e+02, 3.00660400e+02, 1.54951279e+02, 2.90736694e+02,
    1.54517441e+02, 3.40308289e+02, 1.50411652e+02, 3.47528381e+02,
    1.44159897e+02, 3.57297119e+02, 1.42502090e+02, 3.62805054e+02,
    1.47708008e+02, 3.59133087e+02, 1.51991974e+02, 3.49317993e+02,
    1.52146957e+02, 2.98591949e+02, 2.08551178e+02, 3.11265686e+02,
    2.06382050e+02, 3.30043488e+02, 2.03577728e+02, 3.36760193e+02,
    2.03856583e+02, 3.42477448e+02, 2.02376923e+02, 3.47706543e+02,
    2.03600922e+02, 3.51889832e+02, 2.05770050e+02, 3.48194672e+02,
    2.13671692e+02, 3.43577545e+02, 2.16863449e+02, 3.37348999e+02,
    2.18854416e+02, 3.30299164e+02, 2.18722626e+02, 3.11777008e+02,
    2.14136627e+02, 3.03332947e+02, 2.09085693e+02, 3.29997131e+02,
    2.09674500e+02, 3.36682709e+02, 2.09852661e+02, 3.42756287e+02,
    2.08450500e+02, 3.49798187e+02, 2.06815872e+02, 3.42756287e+02,
    2.08450500e+02, 3.36682709e+02, 2.09852661e+02, 3.29997131e+02,
    2.09674500e+02 ]
noOfLandmarkPoint: 68
