%YAML:1.0
landmark: [ 1.03322357e+02, 1.84962662e+02, 1.02104851e+02,
    2.04822327e+02, 1.06112991e+02, 2.25125900e+02, 1.15790695e+02,
    2.41044250e+02, 1.26201096e+02, 2.58845978e+02, 1.35932663e+02,
    2.75262115e+02, 1.44332520e+02, 2.93568085e+02, 1.52415634e+02,
    3.08867981e+02, 1.69450256e+02, 3.16703217e+02, 1.92759933e+02,
    3.16300201e+02, 2.18006851e+02, 3.03784485e+02, 2.36948044e+02,
    2.85730194e+02, 2.53383041e+02, 2.62851318e+02, 2.64955902e+02,
    2.40654205e+02, 2.72461456e+02, 2.15616272e+02, 2.72461456e+02,
    1.89300491e+02, 2.69401459e+02, 1.65432678e+02, 9.93271790e+01,
    1.63038574e+02, 1.08729065e+02, 1.60704803e+02, 1.20296616e+02,
    1.62816620e+02, 1.31588348e+02, 1.65876587e+02, 1.41770309e+02,
    1.71552628e+02, 1.60418961e+02, 1.68815857e+02, 1.76888962e+02,
    1.61196091e+02, 1.93580917e+02, 1.56414352e+02, 2.10034821e+02,
    1.54997055e+02, 2.26469467e+02, 1.58404800e+02, 1.51676453e+02,
    1.83503738e+02, 1.50896378e+02, 2.00693466e+02, 1.50062424e+02,
    2.17997421e+02, 1.49174606e+02, 2.34629028e+02, 1.35986542e+02,
    2.31528152e+02, 1.39658508e+02, 2.38872086e+02, 1.50674423e+02,
    2.44380051e+02, 1.64138306e+02, 2.38872086e+02, 1.76990204e+02,
    2.33364136e+02, 1.13710754e+02, 1.82816101e+02, 1.20608131e+02,
    1.79940353e+02, 1.28499741e+02, 1.80030655e+02, 1.38566650e+02,
    1.82608795e+02, 1.29534332e+02, 1.85261871e+02, 1.21104752e+02,
    1.86092545e+02, 1.80547958e+02, 1.81620377e+02, 1.89230103e+02,
    1.76892502e+02, 1.98853943e+02, 1.76502457e+02, 2.05868195e+02,
    1.77894531e+02, 1.99795624e+02, 1.82898239e+02, 1.90729919e+02,
    1.83510223e+02, 1.36880844e+02, 2.48448547e+02, 1.48903198e+02,
    2.57878510e+02, 1.56848236e+02, 2.60225098e+02, 1.64090927e+02,
    2.60837067e+02, 1.79270096e+02, 2.58940735e+02, 1.94893188e+02,
    2.52443726e+02, 2.09089767e+02, 2.48442062e+02, 1.98793594e+02,
    2.65571442e+02, 1.81052399e+02, 2.77255402e+02, 1.66373535e+02,
    2.78120300e+02, 1.58034744e+02, 2.77056641e+02, 1.50407639e+02,
    2.68921051e+02, 1.42382309e+02, 2.54340057e+02, 1.57057571e+02,
    2.61221161e+02, 1.64259018e+02, 2.62625671e+02, 1.79438187e+02,
    2.60675476e+02, 2.05303589e+02, 2.50392258e+02, 1.80020279e+02,
    2.66955933e+02, 1.65200699e+02, 2.67521637e+02, 1.56980942e+02,
    2.64449493e+02 ]
noOfLandmarkPoint: 68
