%YAML:1.0
landmark: [ 1.48273514e+02, 1.33924713e+02, 1.48174591e+02,
    1.58013962e+02, 1.49767899e+02, 1.81904205e+02, 1.53451462e+02,
    2.01914185e+02, 1.58429230e+02, 2.20563232e+02, 1.70740768e+02,
    2.34102249e+02, 1.89787857e+02, 2.45219681e+02, 2.04760300e+02,
    2.56368622e+02, 2.26797836e+02, 2.58621002e+02, 2.44285034e+02,
    2.55166443e+02, 2.56999420e+02, 2.41286438e+02, 2.63491425e+02,
    2.25905670e+02, 2.74308594e+02, 2.08816559e+02, 2.78978943e+02,
    1.91220093e+02, 2.82935333e+02, 1.73550858e+02, 2.83630920e+02,
    1.56930359e+02, 2.82170319e+02, 1.41095642e+02, 1.68492233e+02,
    1.32158722e+02, 1.77315323e+02, 1.22379829e+02, 1.90398956e+02,
    1.21307388e+02, 2.03653748e+02, 1.21558838e+02, 2.16242294e+02,
    1.27591156e+02, 2.43215698e+02, 1.25886803e+02, 2.51735809e+02,
    1.20194458e+02, 2.61310516e+02, 1.17897568e+02, 2.70180664e+02,
    1.15770844e+02, 2.77707916e+02, 1.24302818e+02, 2.28499893e+02,
    1.41526215e+02, 2.29859161e+02, 1.54248810e+02, 2.30878784e+02,
    1.68323746e+02, 2.31674530e+02, 1.81718246e+02, 2.13714951e+02,
    1.86880798e+02, 2.22807678e+02, 1.89004425e+02, 2.30506134e+02,
    1.92852478e+02, 2.38612320e+02, 1.88398132e+02, 2.45749313e+02,
    1.85745941e+02, 1.82781494e+02, 1.48508545e+02, 1.89794174e+02,
    1.44341400e+02, 1.99651413e+02, 1.43273453e+02, 2.06721100e+02,
    1.48584793e+02, 1.99694458e+02, 1.51648132e+02, 1.90881866e+02,
    1.52036453e+02, 2.43513641e+02, 1.47755829e+02, 2.49938660e+02,
    1.43382904e+02, 2.58019775e+02, 1.40915314e+02, 2.63769379e+02,
    1.43547852e+02, 2.61038727e+02, 1.49696487e+02, 2.52941071e+02,
    1.51292023e+02, 1.98474365e+02, 2.11545410e+02, 2.08801315e+02,
    2.05032806e+02, 2.20352142e+02, 2.01668671e+02, 2.27213409e+02,
    2.03775970e+02, 2.36396240e+02, 2.01734253e+02, 2.46011688e+02,
    2.03457367e+02, 2.54017624e+02, 2.09971008e+02, 2.46159378e+02,
    2.22166763e+02, 2.37397812e+02, 2.27488983e+02, 2.28002625e+02,
    2.29689041e+02, 2.19338638e+02, 2.28742126e+02, 2.08176559e+02,
    2.22794754e+02, 2.02959656e+02, 2.12274307e+02, 2.19770752e+02,
    2.10931625e+02, 2.27918854e+02, 2.11350006e+02, 2.36780136e+02,
    2.10093765e+02, 2.49874069e+02, 2.11365631e+02, 2.37161316e+02,
    2.14477417e+02, 2.28103912e+02, 2.16994720e+02, 2.19989105e+02,
    2.16797562e+02 ]
noOfLandmarkPoint: 68
