%YAML:1.0
landmark: [ 2.63872528e+02, 1.62518814e+02, 2.69230133e+02,
    1.76296768e+02, 2.75562317e+02, 1.90655029e+02, 2.81811646e+02,
    2.03129929e+02, 2.90313171e+02, 2.13920593e+02, 3.01513611e+02,
    2.25018158e+02, 3.16318665e+02, 2.31489075e+02, 3.32119293e+02,
    2.34269974e+02, 3.48317596e+02, 2.31662079e+02, 3.59870575e+02,
    2.23558533e+02, 3.68910095e+02, 2.12092133e+02, 3.76576477e+02,
    2.00150314e+02, 3.78757874e+02, 1.84763351e+02, 3.78285248e+02,
    1.69583847e+02, 3.77724884e+02, 1.54386948e+02, 3.75195770e+02,
    1.39639191e+02, 3.73688019e+02, 1.25187309e+02, 2.72729309e+02,
    1.42148346e+02, 2.73919983e+02, 1.34304886e+02, 2.82834412e+02,
    1.31967484e+02, 2.90659729e+02, 1.30947266e+02, 2.98133728e+02,
    1.30158905e+02, 3.20803741e+02, 1.25365089e+02, 3.28097107e+02,
    1.20140968e+02, 3.36042786e+02, 1.16263145e+02, 3.43452271e+02,
    1.14794060e+02, 3.50459961e+02, 1.18267662e+02, 3.14917847e+02,
    1.40166550e+02, 3.18451355e+02, 1.48648636e+02, 3.21256744e+02,
    1.56241653e+02, 3.24759857e+02, 1.65149567e+02, 3.16394318e+02,
    1.74661072e+02, 3.22399414e+02, 1.75711456e+02, 3.28492249e+02,
    1.77111954e+02, 3.31976501e+02, 1.72892654e+02, 3.35022919e+02,
    1.69688568e+02, 2.84850800e+02, 1.51219604e+02, 2.88049591e+02,
    1.45487183e+02, 2.95647766e+02, 1.42957077e+02, 3.02703278e+02,
    1.46866119e+02, 2.97678619e+02, 1.50099030e+02, 2.91393127e+02,
    1.52132233e+02, 3.29929047e+02, 1.38151688e+02, 3.32673584e+02,
    1.31280701e+02, 3.39176178e+02, 1.29824371e+02, 3.46226624e+02,
    1.31411469e+02, 3.42994415e+02, 1.34753555e+02, 3.36514069e+02,
    1.37159775e+02, 3.14765167e+02, 2.01693970e+02, 3.17182159e+02,
    1.95971558e+02, 3.25122345e+02, 1.88715088e+02, 3.30567383e+02,
    1.89694153e+02, 3.35061829e+02, 1.86281738e+02, 3.43295746e+02,
    1.86018494e+02, 3.53028290e+02, 1.88084442e+02, 3.48493622e+02,
    1.95877975e+02, 3.42896454e+02, 2.01300186e+02, 3.37745697e+02,
    2.03806168e+02, 3.31687347e+02, 2.06216751e+02, 3.23685669e+02,
    2.09006790e+02, 3.16974030e+02, 2.00939667e+02, 3.26660614e+02,
    1.93555786e+02, 3.31888489e+02, 1.93117889e+02, 3.36919952e+02,
    1.89985229e+02, 3.49433319e+02, 1.89062943e+02, 3.38744720e+02,
    1.93854691e+02, 3.33249298e+02, 1.95497421e+02, 3.28705048e+02,
    1.98154037e+02 ]
noOfLandmarkPoint: 68
