%YAML:1.0
landmark: [ 6.91915359e+01, 1.48830551e+02, 7.05287704e+01,
    1.68191010e+02, 7.50474472e+01, 1.84419037e+02, 8.23752594e+01,
    2.01800613e+02, 8.58824768e+01, 2.19412415e+02, 9.65288620e+01,
    2.43374710e+02, 1.10307678e+02, 2.64802155e+02, 1.24735558e+02,
    2.82168854e+02, 1.46532822e+02, 2.85115112e+02, 1.71144180e+02,
    2.82026733e+02, 1.93678635e+02, 2.67371124e+02, 2.11929581e+02,
    2.51745636e+02, 2.27829346e+02, 2.31741074e+02, 2.36952347e+02,
    2.08373871e+02, 2.36908295e+02, 1.79204742e+02, 2.36494400e+02,
    1.53121490e+02, 2.35203705e+02, 1.29386948e+02, 6.73498077e+01,
    1.28058014e+02, 7.74999390e+01, 1.22018509e+02, 9.03221283e+01,
    1.24157700e+02, 1.01354057e+02, 1.25446213e+02, 1.13889076e+02,
    1.29662735e+02, 1.47120804e+02, 1.24454376e+02, 1.60445175e+02,
    1.18238297e+02, 1.74265808e+02, 1.14325668e+02, 1.88835541e+02,
    1.11967377e+02, 2.03085571e+02, 1.14083542e+02, 1.33159943e+02,
    1.46441711e+02, 1.35007233e+02, 1.64311417e+02, 1.36539963e+02,
    1.82920578e+02, 1.37598053e+02, 2.00708694e+02, 1.19666801e+02,
    2.07057190e+02, 1.28142166e+02, 2.08941940e+02, 1.38272842e+02,
    2.12035950e+02, 1.47859177e+02, 2.07421021e+02, 1.57680115e+02,
    2.05428085e+02, 8.41097641e+01, 1.47520233e+02, 9.11121216e+01,
    1.42691071e+02, 1.04444588e+02, 1.41679367e+02, 1.11908722e+02,
    1.47250809e+02, 1.02509926e+02, 1.53028458e+02, 9.16143646e+01,
    1.54299957e+02, 1.60641113e+02, 1.44497543e+02, 1.68389389e+02,
    1.36620697e+02, 1.80213638e+02, 1.35864044e+02, 1.90277267e+02,
    1.39367630e+02, 1.83675705e+02, 1.45547043e+02, 1.72513657e+02,
    1.46454681e+02, 1.08866570e+02, 2.36086945e+02, 1.13793144e+02,
    2.31116241e+02, 1.29806213e+02, 2.28118546e+02, 1.38414017e+02,
    2.32174316e+02, 1.51452118e+02, 2.27148743e+02, 1.71575806e+02,
    2.29319763e+02, 1.79819763e+02, 2.32439163e+02, 1.73633942e+02,
    2.37540894e+02, 1.55153015e+02, 2.45142685e+02, 1.41728073e+02,
    2.47006607e+02, 1.31555573e+02, 2.47173706e+02, 1.15782936e+02,
    2.40171860e+02, 1.14123550e+02, 2.35943817e+02, 1.30170059e+02,
    2.38203110e+02, 1.40254623e+02, 2.38798370e+02, 1.52785767e+02,
    2.36086945e+02, 1.75620865e+02, 2.33177551e+02, 1.52785767e+02,
    2.36086945e+02, 1.40254623e+02, 2.38798370e+02, 1.30170059e+02,
    2.38203110e+02 ]
noOfLandmarkPoint: 68
