%YAML:1.0
landmark: [ 6.84289734e+02, 9.42119263e+02, 6.75248047e+02,
    1.02282568e+03, 6.83839783e+02, 1.10285144e+03, 7.17683350e+02,
    1.18188879e+03, 7.53400391e+02, 1.26004114e+03, 7.88180725e+02,
    1.33574524e+03, 8.15357788e+02, 1.41977637e+03, 8.53988342e+02,
    1.49969250e+03, 9.43071106e+02, 1.52155945e+03, 1.04423389e+03,
    1.51010596e+03, 1.15180261e+03, 1.45702832e+03, 1.26675940e+03,
    1.38926855e+03, 1.36782690e+03, 1.30468750e+03, 1.41546252e+03,
    1.19196118e+03, 1.44253943e+03, 1.07640723e+03, 1.45115576e+03,
    9.65372131e+02, 1.44539661e+03, 8.56358398e+02, 6.41197693e+02,
    8.11546509e+02, 6.74050659e+02, 7.99242188e+02, 7.05059082e+02,
    8.06319275e+02, 7.39503784e+02, 8.18948181e+02, 7.75715942e+02,
    8.37003540e+02, 8.63380920e+02, 8.14599854e+02, 9.44601868e+02,
    7.86824097e+02, 1.02312878e+03, 7.70310791e+02, 1.10366016e+03,
    7.69444763e+02, 1.17888513e+03, 7.78958069e+02, 8.27074097e+02,
    8.95834290e+02, 8.18646362e+02, 9.60210693e+02, 8.08803589e+02,
    1.02670349e+03, 7.91329102e+02, 1.09452087e+03, 7.74687805e+02,
    1.14715100e+03, 8.03988525e+02, 1.16810242e+03, 8.39753479e+02,
    1.17898621e+03, 8.74548279e+02, 1.16017688e+03, 9.10258301e+02,
    1.14012134e+03, 7.10013977e+02, 9.09009583e+02, 7.34005127e+02,
    8.75054443e+02, 7.88792725e+02, 8.77367188e+02, 8.16482483e+02,
    9.18346069e+02, 7.75907166e+02, 9.28119263e+02, 7.31959900e+02,
    9.32069580e+02, 9.73749390e+02, 8.99931458e+02, 1.00400415e+03,
    8.58382446e+02, 1.06376929e+03, 8.51752563e+02, 1.11462781e+03,
    8.80708801e+02, 1.07384106e+03, 9.04856873e+02, 1.02498169e+03,
    9.11651306e+02, 8.09880981e+02, 1.28028711e+03, 7.88642456e+02,
    1.25748560e+03, 8.35887329e+02, 1.24200769e+03, 8.56053040e+02,
    1.24706799e+03, 8.86484802e+02, 1.23783508e+03, 9.66186584e+02,
    1.24341272e+03, 1.05621887e+03, 1.25150757e+03, 9.75279236e+02,
    1.31440564e+03, 9.08112732e+02, 1.33850806e+03, 8.70210266e+02,
    1.34481665e+03, 8.42520508e+02, 1.34087805e+03, 8.06674561e+02,
    1.31168762e+03, 8.27754395e+02, 1.27284497e+03, 8.39901855e+02,
    1.26763550e+03, 8.58550537e+02, 1.26330054e+03, 8.92522827e+02,
    1.26622437e+03, 9.85711426e+02, 1.26816345e+03, 8.96904663e+02,
    1.28983240e+03, 8.64014099e+02, 1.28884229e+03, 8.42592468e+02,
    1.28467603e+03 ]
noOfLandmarkPoint: 68
