%YAML:1.0
landmark: [ 1.39162292e+02, 1.29454147e+02, 1.41154999e+02,
    1.47779282e+02, 1.44739929e+02, 1.66891281e+02, 1.50703949e+02,
    1.84075699e+02, 1.58465302e+02, 1.98252594e+02, 1.74201859e+02,
    2.07028778e+02, 1.92205719e+02, 2.14454758e+02, 2.10256241e+02,
    2.23715012e+02, 2.28562912e+02, 2.24743942e+02, 2.40888885e+02,
    2.19554062e+02, 2.49392502e+02, 2.07034607e+02, 2.55036530e+02,
    1.92466843e+02, 2.60104492e+02, 1.79175140e+02, 2.61841736e+02,
    1.65021149e+02, 2.64811981e+02, 1.53567474e+02, 2.66032379e+02,
    1.41475708e+02, 2.65439423e+02, 1.28923431e+02, 1.69755890e+02,
    1.19824234e+02, 1.79738602e+02, 1.12746101e+02, 1.91864273e+02,
    1.11481232e+02, 2.04698120e+02, 1.11846214e+02, 2.15792130e+02,
    1.15608231e+02, 2.35020065e+02, 1.13732819e+02, 2.41150909e+02,
    1.08554787e+02, 2.48258957e+02, 1.05137032e+02, 2.54217880e+02,
    1.03206398e+02, 2.60335144e+02, 1.06133492e+02, 2.26735321e+02,
    1.26888733e+02, 2.29038406e+02, 1.38221954e+02, 2.31978973e+02,
    1.50155502e+02, 2.33863846e+02, 1.62741913e+02, 2.18660950e+02,
    1.70224670e+02, 2.25929626e+02, 1.71575378e+02, 2.33073380e+02,
    1.73507980e+02, 2.38300308e+02, 1.70781036e+02, 2.42486084e+02,
    1.66865021e+02, 1.85239334e+02, 1.33083435e+02, 1.93081375e+02,
    1.29046570e+02, 2.00393875e+02, 1.29064346e+02, 2.06545670e+02,
    1.33049286e+02, 2.00464371e+02, 1.36310577e+02, 1.91884201e+02,
    1.35702164e+02, 2.37461807e+02, 1.29580780e+02, 2.44060959e+02,
    1.24681641e+02, 2.50680801e+02, 1.23362450e+02, 2.55383469e+02,
    1.26048347e+02, 2.51879181e+02, 1.29665283e+02, 2.44979431e+02,
    1.29992004e+02, 2.07476654e+02, 1.93592087e+02, 2.19724930e+02,
    1.89417557e+02, 2.27219528e+02, 1.85940277e+02, 2.33100235e+02,
    1.86475662e+02, 2.37363602e+02, 1.84347580e+02, 2.41603119e+02,
    1.85771317e+02, 2.47296890e+02, 1.86773941e+02, 2.42702850e+02,
    1.92017807e+02, 2.38465683e+02, 1.96050415e+02, 2.34014664e+02,
    1.97898773e+02, 2.28311142e+02, 1.97610077e+02, 2.20820023e+02,
    1.96292450e+02, 2.12942505e+02, 1.93592087e+02, 2.27589676e+02,
    1.91937195e+02, 2.33268860e+02, 1.90963516e+02, 2.37861725e+02,
    1.89401291e+02, 2.44831253e+02, 1.87815811e+02, 2.37861725e+02,
    1.89401291e+02, 2.33268860e+02, 1.90963516e+02, 2.27589676e+02,
    1.91937195e+02 ]
noOfLandmarkPoint: 68
