%YAML:1.0
landmark: [ 1.85460312e+02, 1.32688477e+02, 1.88226028e+02,
    1.52990753e+02, 1.91840439e+02, 1.73012939e+02, 1.96696609e+02,
    1.91929550e+02, 2.04255020e+02, 2.13412979e+02, 2.15586578e+02,
    2.32934677e+02, 2.32564270e+02, 2.48351334e+02, 2.50938721e+02,
    2.59463013e+02, 2.71494110e+02, 2.59636566e+02, 2.93127747e+02,
    2.55847870e+02, 3.11627350e+02, 2.40096115e+02, 3.25995087e+02,
    2.18294724e+02, 3.35302643e+02, 1.96128860e+02, 3.38273956e+02,
    1.75591263e+02, 3.38104126e+02, 1.55748566e+02, 3.38186584e+02,
    1.37865051e+02, 3.38283203e+02, 1.18275803e+02, 1.94936264e+02,
    1.16030602e+02, 2.02861404e+02, 1.04709312e+02, 2.18848190e+02,
    1.01103416e+02, 2.32466705e+02, 1.04380455e+02, 2.45408813e+02,
    1.08253510e+02, 2.72809723e+02, 1.06850327e+02, 2.84717865e+02,
    9.91198044e+01, 2.96388824e+02, 9.45105515e+01, 3.12693878e+02,
    9.51917267e+01, 3.24020416e+02, 1.04807411e+02, 2.61958801e+02,
    1.22464783e+02, 2.62506836e+02, 1.36978851e+02, 2.62623352e+02,
    1.50311356e+02, 2.62568573e+02, 1.63806320e+02, 2.48774536e+02,
    1.69665009e+02, 2.56809357e+02, 1.73712799e+02, 2.64879364e+02,
    1.74968674e+02, 2.72928680e+02, 1.70619507e+02, 2.81127655e+02,
    1.67329315e+02, 2.12814606e+02, 1.26087807e+02, 2.21229279e+02,
    1.21201874e+02, 2.31410385e+02, 1.20823540e+02, 2.41646545e+02,
    1.26693291e+02, 2.31650421e+02, 1.29450928e+02, 2.21369293e+02,
    1.30317566e+02, 2.82504852e+02, 1.23354431e+02, 2.90803436e+02,
    1.16508240e+02, 3.00324127e+02, 1.16556969e+02, 3.07732361e+02,
    1.20845360e+02, 3.00757080e+02, 1.24354744e+02, 2.91375031e+02,
    1.24369179e+02, 2.34405396e+02, 1.96945251e+02, 2.47273605e+02,
    1.90323410e+02, 2.59132141e+02, 1.86094604e+02, 2.69170166e+02,
    1.87018265e+02, 2.78564240e+02, 1.84194473e+02, 2.91243561e+02,
    1.84969604e+02, 3.05946716e+02, 1.87546982e+02, 2.94019958e+02,
    2.03744751e+02, 2.82913727e+02, 2.11825058e+02, 2.71840454e+02,
    2.14829132e+02, 2.61591370e+02, 2.14571823e+02, 2.47454071e+02,
    2.09423370e+02, 2.38386734e+02, 1.97572037e+02, 2.59745697e+02,
    1.92926682e+02, 2.69854889e+02, 1.92410080e+02, 2.80135101e+02,
    1.90368286e+02, 2.99860931e+02, 1.88800537e+02, 2.81824036e+02,
    2.03306213e+02, 2.70722565e+02, 2.07206345e+02, 2.60798065e+02,
    2.07334763e+02 ]
noOfLandmarkPoint: 68
