%YAML:1.0
landmark: [ 9.84048462e+01, 2.00662918e+02, 1.02604645e+02,
    2.25227203e+02, 1.10488991e+02, 2.47666901e+02, 1.15255783e+02,
    2.76631104e+02, 1.26253212e+02, 3.03407440e+02, 1.44422882e+02,
    3.20620819e+02, 1.66901077e+02, 3.35217316e+02, 1.89848404e+02,
    3.42664185e+02, 2.13754501e+02, 3.40224945e+02, 2.36744431e+02,
    3.36148132e+02, 2.55762375e+02, 3.20005402e+02, 2.71174805e+02,
    3.01137512e+02, 2.79955048e+02, 2.77185364e+02, 2.79764008e+02,
    2.52017426e+02, 2.79263123e+02, 2.27391785e+02, 2.80072693e+02,
    2.03028793e+02, 2.80762756e+02, 1.81250641e+02, 1.16917770e+02,
    1.85593430e+02, 1.29209991e+02, 1.75814804e+02, 1.46016953e+02,
    1.72268600e+02, 1.60549545e+02, 1.74156235e+02, 1.77053299e+02,
    1.76895401e+02, 2.07352341e+02, 1.70656723e+02, 2.23042526e+02,
    1.63831268e+02, 2.37471268e+02, 1.61712082e+02, 2.51912979e+02,
    1.61184219e+02, 2.64589050e+02, 1.66767395e+02, 1.96535950e+02,
    1.90805939e+02, 2.00371506e+02, 2.05392075e+02, 2.04916519e+02,
    2.21643951e+02, 2.08505234e+02, 2.36960281e+02, 1.89144043e+02,
    2.50760696e+02, 1.98453735e+02, 2.52986053e+02, 2.07024124e+02,
    2.56112183e+02, 2.14453583e+02, 2.51325485e+02, 2.21378967e+02,
    2.47006592e+02, 1.38566055e+02, 1.96786392e+02, 1.46524216e+02,
    1.89815308e+02, 1.59699661e+02, 1.88370819e+02, 1.70755417e+02,
    1.97170181e+02, 1.59971893e+02, 2.00591446e+02, 1.48322800e+02,
    2.02473068e+02, 2.16383408e+02, 1.90410660e+02, 2.25721390e+02,
    1.79261414e+02, 2.38623444e+02, 1.77412582e+02, 2.48659378e+02,
    1.82435730e+02, 2.41029739e+02, 1.89623520e+02, 2.28605377e+02,
    1.91224731e+02, 1.73896545e+02, 2.83642334e+02, 1.83957779e+02,
    2.76176483e+02, 1.94858627e+02, 2.71814850e+02, 2.05654175e+02,
    2.75193390e+02, 2.16094437e+02, 2.70693787e+02, 2.27578110e+02,
    2.71403351e+02, 2.36913681e+02, 2.74995911e+02, 2.29534973e+02,
    2.84527344e+02, 2.19319214e+02, 2.89291290e+02, 2.08520050e+02,
    2.93157684e+02, 1.96630234e+02, 2.93019440e+02, 1.84784912e+02,
    2.90889740e+02, 1.77936295e+02, 2.85194885e+02, 1.94249207e+02,
    2.81599548e+02, 2.06454208e+02, 2.82557587e+02, 2.17373276e+02,
    2.80442291e+02, 2.32402313e+02, 2.77618500e+02, 2.17373276e+02,
    2.80442291e+02, 2.06454208e+02, 2.82557587e+02, 1.94249207e+02,
    2.81599548e+02 ]
noOfLandmarkPoint: 68
