%YAML:1.0
landmark: [ 1.31190521e+02, 1.09389465e+02, 1.31909149e+02,
    1.24956703e+02, 1.35345047e+02, 1.38901291e+02, 1.39978653e+02,
    1.55993286e+02, 1.43703049e+02, 1.71511581e+02, 1.49289627e+02,
    1.85167679e+02, 1.54876221e+02, 2.00065247e+02, 1.65668198e+02,
    2.12474670e+02, 1.81709320e+02, 2.15534592e+02, 2.00903061e+02,
    2.13481796e+02, 2.20047852e+02, 2.05025894e+02, 2.36807602e+02,
    1.95573273e+02, 2.52614380e+02, 1.84067871e+02, 2.64403076e+02,
    1.69698334e+02, 2.66177795e+02, 1.50553558e+02, 2.66324646e+02,
    1.29737167e+02, 2.65654968e+02, 1.08822884e+02, 1.32364822e+02,
    8.33391113e+01, 1.38751114e+02, 8.21937485e+01, 1.45770447e+02,
    8.39957123e+01, 1.52583893e+02, 8.59922562e+01, 1.59314041e+02,
    8.99072342e+01, 1.89065414e+02, 9.42523575e+01, 2.02574661e+02,
    8.92865067e+01, 2.15800613e+02, 8.69941711e+01, 2.30796082e+02,
    8.89980164e+01, 2.41201675e+02, 9.46335449e+01, 1.71641174e+02,
    1.06427452e+02, 1.69539444e+02, 1.19844009e+02, 1.67628296e+02,
    1.32972061e+02, 1.65956696e+02, 1.47194748e+02, 1.60408646e+02,
    1.52268906e+02, 1.65134964e+02, 1.55606903e+02, 1.69534241e+02,
    1.58710556e+02, 1.75790497e+02, 1.58329376e+02, 1.82237366e+02,
    1.57229553e+02, 1.40696396e+02, 1.01293770e+02, 1.48172424e+02,
    9.70817642e+01, 1.57272614e+02, 9.81186142e+01, 1.62935532e+02,
    1.04846344e+02, 1.54587952e+02, 1.07146622e+02, 1.46163773e+02,
    1.05517281e+02, 1.97374466e+02, 1.08480240e+02, 2.06494858e+02,
    1.02561417e+02, 2.16633896e+02, 1.03178162e+02, 2.23608521e+02,
    1.08083000e+02, 2.15918427e+02, 1.12204903e+02, 2.06445908e+02,
    1.11406853e+02, 1.55883087e+02, 1.74682693e+02, 1.60492615e+02,
    1.71906067e+02, 1.66688751e+02, 1.69664001e+02, 1.70518768e+02,
    1.72170578e+02, 1.75761902e+02, 1.70540176e+02, 1.85840683e+02,
    1.74849960e+02, 1.99496719e+02, 1.79875000e+02, 1.85936615e+02,
    1.87119446e+02, 1.75975861e+02, 1.87746384e+02, 1.70099960e+02,
    1.87174057e+02, 1.65255478e+02, 1.85800995e+02, 1.59817032e+02,
    1.81868622e+02, 1.58262711e+02, 1.75213196e+02, 1.65747055e+02,
    1.76182587e+02, 1.70290985e+02, 1.77479233e+02, 1.75923203e+02,
    1.78080353e+02, 1.96988083e+02, 1.79990936e+02, 1.75923203e+02,
    1.78080353e+02, 1.70290985e+02, 1.77479233e+02, 1.65747055e+02,
    1.76182587e+02 ]
noOfLandmarkPoint: 68
