%YAML:1.0
landmark: [ 3.25074799e+02, 1.11342522e+02, 3.24951447e+02,
    1.23782150e+02, 3.25914703e+02, 1.36265091e+02, 3.27458008e+02,
    1.49309708e+02, 3.33051178e+02, 1.59644363e+02, 3.38669281e+02,
    1.72417328e+02, 3.46145660e+02, 1.83585297e+02, 3.57795288e+02,
    1.92351700e+02, 3.71123688e+02, 1.99312210e+02, 3.84845520e+02,
    2.00713959e+02, 3.96574493e+02, 1.99038086e+02, 4.08804840e+02,
    1.89868439e+02, 4.17976471e+02, 1.78814804e+02, 4.23345703e+02,
    1.65849838e+02, 4.27687897e+02, 1.47738037e+02, 4.32385315e+02,
    1.33375732e+02, 4.32969818e+02, 1.19769028e+02, 3.41686890e+02,
    9.88986816e+01, 3.50088440e+02, 9.27260513e+01, 3.59931824e+02,
    9.02986069e+01, 3.69795990e+02, 9.10306473e+01, 3.79089325e+02,
    9.48305817e+01, 3.99081024e+02, 9.69796295e+01, 4.07127289e+02,
    9.46863556e+01, 4.14868774e+02, 9.48530197e+01, 4.22738678e+02,
    9.72772675e+01, 4.29090179e+02, 1.02157280e+02, 3.90742767e+02,
    1.07904198e+02, 3.91181091e+02, 1.15917320e+02, 3.91514435e+02,
    1.24158791e+02, 3.91681091e+02, 1.33110229e+02, 3.78892426e+02,
    1.39126953e+02, 3.84316376e+02, 1.42100250e+02, 3.88832001e+02,
    1.45490921e+02, 3.93026306e+02, 1.43502197e+02, 3.96252167e+02,
    1.42327759e+02, 3.53283966e+02, 1.05573364e+02, 3.58969330e+02,
    1.02140121e+02, 3.66129089e+02, 1.02412933e+02, 3.71562836e+02,
    1.06641106e+02, 3.65890289e+02, 1.07862724e+02, 3.59196533e+02,
    1.07992149e+02, 4.02157471e+02, 1.09940948e+02, 4.07688965e+02,
    1.05934380e+02, 4.13473755e+02, 1.05434380e+02, 4.18566925e+02,
    1.09150917e+02, 4.14202087e+02, 1.11675850e+02, 4.07522308e+02,
    1.11404198e+02, 3.64104156e+02, 1.61905533e+02, 3.72197845e+02,
    1.58480682e+02, 3.78700500e+02, 1.57900131e+02, 3.84761322e+02,
    1.59617340e+02, 3.90870117e+02, 1.58740692e+02, 3.96301270e+02,
    1.60597748e+02, 4.01546936e+02, 1.64706100e+02, 3.96133209e+02,
    1.68781998e+02, 3.91087006e+02, 1.69477310e+02, 3.84529419e+02,
    1.69692123e+02, 3.78430481e+02, 1.68790344e+02, 3.71647308e+02,
    1.66561554e+02, 3.68054626e+02, 1.62616669e+02, 3.78497742e+02,
    1.61110596e+02, 3.84786926e+02, 1.61926727e+02, 3.90732361e+02,
    1.62025436e+02, 3.98429810e+02, 1.64617172e+02, 3.90841705e+02,
    1.65115997e+02, 3.84811371e+02, 1.64343185e+02, 3.78404388e+02,
    1.64059891e+02 ]
noOfLandmarkPoint: 68
