%YAML:1.0
landmark: [ 3.63474579e+02, 1.58788391e+02, 3.57906860e+02,
    1.75031570e+02, 3.61444092e+02, 1.89891327e+02, 3.70361633e+02,
    2.01964920e+02, 3.77818237e+02, 2.17601395e+02, 3.85275177e+02,
    2.29760727e+02, 3.87908997e+02, 2.42166718e+02, 3.94615143e+02,
    2.48293823e+02, 4.06916168e+02, 2.48514542e+02, 4.26648834e+02,
    2.40903717e+02, 4.43282623e+02, 2.32612198e+02, 4.61627991e+02,
    2.23299149e+02, 4.75614685e+02, 2.12334610e+02, 4.86417572e+02,
    1.96585602e+02, 4.87719910e+02, 1.76461349e+02, 4.86698364e+02,
    1.56541183e+02, 4.83633728e+02, 1.37642593e+02, 3.52722473e+02,
    1.29980988e+02, 3.58017700e+02, 1.27112160e+02, 3.63159607e+02,
    1.26320610e+02, 3.70932068e+02, 1.26712234e+02, 3.77257172e+02,
    1.31377563e+02, 3.90757965e+02, 1.22506905e+02, 3.99848419e+02,
    1.14752068e+02, 4.10720612e+02, 1.09311768e+02, 4.23992401e+02,
    1.09507584e+02, 4.34091309e+02, 1.16843521e+02, 3.85376892e+02,
    1.47170700e+02, 3.83118835e+02, 1.54941559e+02, 3.80957306e+02,
    1.62231155e+02, 3.78153717e+02, 1.70393875e+02, 3.78976715e+02,
    1.81311615e+02, 3.83905518e+02, 1.84037979e+02, 3.89243225e+02,
    1.85017044e+02, 3.93797699e+02, 1.83527206e+02, 3.97117249e+02,
    1.80896667e+02, 3.66505035e+02, 1.49662842e+02, 3.68590607e+02,
    1.45772476e+02, 3.73817505e+02, 1.44282639e+02, 3.80142578e+02,
    1.47934708e+02, 3.75545624e+02, 1.48879593e+02, 3.70514557e+02,
    1.49901138e+02, 4.04333771e+02, 1.40084610e+02, 4.07937653e+02,
    1.32711960e+02, 4.13866089e+02, 1.30838989e+02, 4.21830170e+02,
    1.32534851e+02, 4.16722443e+02, 1.35795303e+02, 4.09767426e+02,
    1.38425842e+02, 3.85450256e+02, 2.06559357e+02, 3.80875641e+02,
    2.02232742e+02, 3.83349304e+02, 1.94748688e+02, 3.88739166e+02,
    1.93688583e+02, 3.93882843e+02, 1.91316757e+02, 4.12704620e+02,
    1.91784531e+02, 4.25993011e+02, 1.93785141e+02, 4.17540131e+02,
    2.03896561e+02, 4.04867828e+02, 2.12259308e+02, 3.99421814e+02,
    2.15097504e+02, 3.93268768e+02, 2.16551575e+02, 3.86815063e+02,
    2.16743729e+02, 3.87613861e+02, 2.05452927e+02, 3.87729431e+02,
    2.02100067e+02, 3.91444336e+02, 1.99423599e+02, 3.96777710e+02,
    1.96755539e+02, 4.23788300e+02, 1.94415070e+02, 4.01904724e+02,
    2.07382858e+02, 3.95674805e+02, 2.09194824e+02, 3.90664703e+02,
    2.09968262e+02 ]
noOfLandmarkPoint: 68
