%YAML:1.0
landmark: [ 2.94345689e+00, 1.69297638e+02, 7.62484217e+00,
    1.89094086e+02, 1.35128717e+01, 2.08518768e+02, 2.33770485e+01,
    2.27480438e+02, 3.57168541e+01, 2.47600372e+02, 5.62373009e+01,
    2.60675812e+02, 7.88071289e+01, 2.69117310e+02, 1.04884163e+02,
    2.71379944e+02, 1.30247650e+02, 2.70205048e+02, 1.42840210e+02,
    2.59074463e+02, 1.47883179e+02, 2.41229813e+02, 1.50537430e+02,
    2.30556396e+02, 1.51642609e+02, 2.15840637e+02, 1.53548462e+02,
    1.99789032e+02, 1.55845932e+02, 1.76296539e+02, 1.53531509e+02,
    1.59262482e+02, 1.45732269e+02, 1.46986206e+02, 4.16476402e+01,
    1.45620438e+02, 5.20862503e+01, 1.35895370e+02, 6.44655609e+01,
    1.33615326e+02, 7.72016525e+01, 1.33471786e+02, 8.94843063e+01,
    1.36231125e+02, 1.14849319e+02, 1.29042145e+02, 1.20222221e+02,
    1.22463165e+02, 1.25139091e+02, 1.17315628e+02, 1.31248276e+02,
    1.14234901e+02, 1.37018097e+02, 1.15588165e+02, 1.08718407e+02,
    1.53387741e+02, 1.14772224e+02, 1.63891464e+02, 1.21178528e+02,
    1.73008942e+02, 1.27810654e+02, 1.82449997e+02, 1.11937553e+02,
    2.01411942e+02, 1.18529610e+02, 2.01268402e+02, 1.25404610e+02,
    2.01481644e+02, 1.29947281e+02, 2.00163239e+02, 1.33741562e+02,
    1.98631577e+02, 5.89048996e+01, 1.64397339e+02, 6.63539886e+01,
    1.58874252e+02, 7.45125504e+01, 1.57377457e+02, 8.25101471e+01,
    1.59853317e+02, 7.64176788e+01, 1.63024765e+02, 6.70096207e+01,
    1.64769180e+02, 1.20623566e+02, 1.49023285e+02, 1.25615509e+02,
    1.42473663e+02, 1.32156082e+02, 1.41715729e+02, 1.37736847e+02,
    1.44363678e+02, 1.34010254e+02, 1.47897263e+02, 1.27442703e+02,
    1.49770798e+02, 9.98586121e+01, 2.31087433e+02, 1.10562737e+02,
    2.19991684e+02, 1.20535889e+02, 2.13721558e+02, 1.27858917e+02,
    2.13654083e+02, 1.32680283e+02, 2.09876556e+02, 1.39476547e+02,
    2.10710953e+02, 1.44106339e+02, 2.19652344e+02, 1.42592422e+02,
    2.30391571e+02, 1.37184296e+02, 2.33414749e+02, 1.32187012e+02,
    2.36426315e+02, 1.26274101e+02, 2.38129639e+02, 1.13592514e+02,
    2.38253632e+02, 1.04044510e+02, 2.29964844e+02, 1.22815941e+02,
    2.23572723e+02, 1.29033798e+02, 2.21719147e+02, 1.34842606e+02,
    2.21005600e+02, 1.41843719e+02, 2.20026535e+02, 1.35430038e+02,
    2.24068909e+02, 1.29669586e+02, 2.24751938e+02, 1.23403381e+02,
    2.26279251e+02 ]
noOfLandmarkPoint: 68
