%YAML:1.0
landmark: [ 7.79647522e+01, 2.72456116e+02, 8.19568558e+01,
    3.00720978e+02, 8.68245392e+01, 3.27648773e+02, 9.30858612e+01,
    3.55443024e+02, 1.02472832e+02, 3.82512177e+02, 1.11069031e+02,
    4.08479553e+02, 1.29287521e+02, 4.28383545e+02, 1.51460709e+02,
    4.41960541e+02, 1.76759552e+02, 4.45331512e+02, 2.06514450e+02,
    4.43187958e+02, 2.33175735e+02, 4.27252411e+02, 2.54840088e+02,
    4.05464661e+02, 2.73175171e+02, 3.79516174e+02, 2.87499298e+02,
    3.50095551e+02, 2.91732330e+02, 3.17801483e+02, 2.92858093e+02,
    2.80879181e+02, 2.90863434e+02, 2.47267181e+02, 8.23289566e+01,
    2.49137222e+02, 9.54476242e+01, 2.36866730e+02, 1.17483063e+02,
    2.32299805e+02, 1.35537125e+02, 2.34659958e+02, 1.54441086e+02,
    2.41508209e+02, 1.93599258e+02, 2.35939865e+02, 2.12040833e+02,
    2.31088516e+02, 2.30400452e+02, 2.27873810e+02, 2.51176880e+02,
    2.28726608e+02, 2.70006531e+02, 2.46506943e+02, 1.71444839e+02,
    2.54968781e+02, 1.72195496e+02, 2.82215393e+02, 1.72077286e+02,
    3.10240601e+02, 1.72270706e+02, 3.36085358e+02, 1.52425507e+02,
    3.37629425e+02, 1.63242493e+02, 3.42596191e+02, 1.73360168e+02,
    3.45383545e+02, 1.84705856e+02, 3.43689026e+02, 1.95680725e+02,
    3.36758850e+02, 1.11549286e+02, 2.51696152e+02, 1.21444679e+02,
    2.48136841e+02, 1.32545410e+02, 2.48955872e+02, 1.44088074e+02,
    2.58316193e+02, 1.31679398e+02, 2.61653961e+02, 1.20643471e+02,
    2.61261414e+02, 2.07707718e+02, 2.56591675e+02, 2.18168182e+02,
    2.48343887e+02, 2.30398956e+02, 2.47496567e+02, 2.42318726e+02,
    2.54492111e+02, 2.32357162e+02, 2.62127899e+02, 2.19735596e+02,
    2.62387909e+02, 1.39526306e+02, 3.76662231e+02, 1.52726120e+02,
    3.68729736e+02, 1.63192429e+02, 3.64688904e+02, 1.71845810e+02,
    3.66585693e+02, 1.80658356e+02, 3.65535492e+02, 1.95325577e+02,
    3.69738129e+02, 2.13385315e+02, 3.77154724e+02, 1.96212051e+02,
    3.86805267e+02, 1.81866898e+02, 3.91170319e+02, 1.71924805e+02,
    3.91509796e+02, 1.62417206e+02, 3.89547119e+02, 1.51359436e+02,
    3.85332092e+02, 1.45658936e+02, 3.77943939e+02, 1.62487686e+02,
    3.77193298e+02, 1.72594803e+02, 3.79835724e+02, 1.80979797e+02,
    3.77900421e+02, 2.07086594e+02, 3.77794983e+02, 1.80979797e+02,
    3.77900421e+02, 1.72594803e+02, 3.79835724e+02, 1.62487686e+02,
    3.77193298e+02 ]
noOfLandmarkPoint: 68
