%YAML:1.0
landmark: [ 1.51442993e+02, 1.71698334e+02, 1.54556763e+02,
    1.88156998e+02, 1.58105270e+02, 2.04473434e+02, 1.62706146e+02,
    2.18913986e+02, 1.72070465e+02, 2.33024078e+02, 1.81788223e+02,
    2.43194229e+02, 1.94474854e+02, 2.53323746e+02, 2.08729507e+02,
    2.63655457e+02, 2.28737000e+02, 2.64011078e+02, 2.46266312e+02,
    2.61221649e+02, 2.56535248e+02, 2.47856354e+02, 2.66547729e+02,
    2.34470535e+02, 2.73624451e+02, 2.18278702e+02, 2.79915619e+02,
    2.04168610e+02, 2.83932648e+02, 1.89648010e+02, 2.81507446e+02,
    1.74987396e+02, 2.76965454e+02, 1.63821579e+02, 1.66127899e+02,
    1.54354736e+02, 1.76981476e+02, 1.48633011e+02, 1.89378281e+02,
    1.49169357e+02, 2.01053192e+02, 1.51685822e+02, 2.10356537e+02,
    1.58388763e+02, 2.42870117e+02, 1.51169800e+02, 2.52109833e+02,
    1.45104828e+02, 2.61763977e+02, 1.41309799e+02, 2.70757172e+02,
    1.37535095e+02, 2.78245636e+02, 1.43432175e+02, 2.26535507e+02,
    1.69903122e+02, 2.27468750e+02, 1.85706940e+02, 2.28860687e+02,
    2.02353470e+02, 2.29659714e+02, 2.17060410e+02, 2.13185684e+02,
    2.17105515e+02, 2.21560532e+02, 2.20192307e+02, 2.29605408e+02,
    2.24045197e+02, 2.36382950e+02, 2.20385101e+02, 2.42743698e+02,
    2.16285095e+02, 1.82095703e+02, 1.74562927e+02, 1.88203995e+02,
    1.74583252e+02, 1.96434662e+02, 1.74046906e+02, 2.03748566e+02,
    1.73035202e+02, 1.95527206e+02, 1.78482544e+02, 1.87151627e+02,
    1.77946213e+02, 2.44898758e+02, 1.70106049e+02, 2.53678223e+02,
    1.69550308e+02, 2.61537781e+02, 1.69364746e+02, 2.67747681e+02,
    1.69385071e+02, 2.61598755e+02, 1.74728165e+02, 2.53698532e+02,
    1.75139908e+02, 1.98043686e+02, 2.28280960e+02, 2.11429214e+02,
    2.32342834e+02, 2.20877472e+02, 2.33085052e+02, 2.27603394e+02,
    2.33827271e+02, 2.34700409e+02, 2.33064728e+02, 2.46085495e+02,
    2.30733810e+02, 2.54832184e+02, 2.24485931e+02, 2.46687134e+02,
    2.38533676e+02, 2.35681595e+02, 2.44327576e+02, 2.27739944e+02,
    2.44797897e+02, 2.20384903e+02, 2.44617020e+02, 2.11165604e+02,
    2.41319275e+02, 2.02786804e+02, 2.31415054e+02, 2.20689270e+02,
    2.37355453e+02, 2.27438156e+02, 2.37294479e+02, 2.34969910e+02,
    2.36839432e+02, 2.50645721e+02, 2.28527481e+02, 2.34969910e+02,
    2.36839432e+02, 2.27438156e+02, 2.37294479e+02, 2.20689270e+02,
    2.37355453e+02 ]
noOfLandmarkPoint: 68
