%YAML:1.0
landmark: [ 4.78531876e+01, 1.72578903e+02, 4.89627075e+01,
    1.86623703e+02, 5.02870979e+01, 2.02380417e+02, 5.10955849e+01,
    2.19293640e+02, 5.65354538e+01, 2.35120163e+02, 6.26126595e+01,
    2.49153305e+02, 6.97705383e+01, 2.64607574e+02, 7.66537781e+01,
    2.79599609e+02, 9.13339157e+01, 2.87933685e+02, 1.10913094e+02,
    2.85354156e+02, 1.29228912e+02, 2.77048035e+02, 1.45466339e+02,
    2.62739899e+02, 1.57706238e+02, 2.48664017e+02, 1.70263748e+02,
    2.29836975e+02, 1.76499573e+02, 2.13164642e+02, 1.80976776e+02,
    1.99396103e+02, 1.83410034e+02, 1.81956543e+02, 5.51411476e+01,
    1.59125717e+02, 6.33012047e+01, 1.55226730e+02, 7.21296997e+01,
    1.53923294e+02, 8.18366547e+01, 1.56656570e+02, 9.02102737e+01,
    1.61425171e+02, 1.12380257e+02, 1.63942490e+02, 1.24596008e+02,
    1.59984726e+02, 1.37447281e+02, 1.58367569e+02, 1.49888687e+02,
    1.60652771e+02, 1.59263443e+02, 1.67892395e+02, 1.00282372e+02,
    1.76152481e+02, 9.77101974e+01, 1.87559967e+02, 9.49697647e+01,
    1.99051712e+02, 9.20187302e+01, 2.09729919e+02, 8.22392502e+01,
    2.11635544e+02, 8.68622971e+01, 2.17269867e+02, 9.43218307e+01,
    2.20981064e+02, 1.03322563e+02, 2.18071472e+02, 1.09970627e+02,
    2.16228271e+02, 6.56200333e+01, 1.74267761e+02, 7.13934250e+01,
    1.68113403e+02, 8.07456436e+01, 1.69943405e+02, 8.54993515e+01,
    1.76274643e+02, 7.82523575e+01, 1.77417389e+02, 7.13754196e+01,
    1.77700531e+02, 1.20893684e+02, 1.81287521e+02, 1.29304260e+02,
    1.75331238e+02, 1.39691101e+02, 1.75638672e+02, 1.46069717e+02,
    1.80874298e+02, 1.39671402e+02, 1.85956924e+02, 1.29601730e+02,
    1.84581131e+02, 7.52040787e+01, 2.37078857e+02, 7.83012619e+01,
    2.29654953e+02, 8.68463135e+01, 2.29278534e+02, 9.23055115e+01,
    2.31657974e+02, 9.80806198e+01, 2.31890320e+02, 1.08189461e+02,
    2.36131729e+02, 1.21369728e+02, 2.47668839e+02, 1.08543961e+02,
    2.61143799e+02, 9.82572174e+01, 2.62857086e+02, 9.09987793e+01,
    2.61515900e+02, 8.41179810e+01, 2.56737122e+02, 7.80352478e+01,
    2.47551666e+02, 7.81468811e+01, 2.34316574e+02, 8.61873245e+01,
    2.33505203e+02, 9.22130585e+01, 2.35126190e+02, 9.80589676e+01,
    2.35813416e+02, 1.18272537e+02, 2.47019623e+02, 9.83688507e+01,
    2.53654129e+02, 9.19745178e+01, 2.50957306e+02, 8.51519928e+01,
    2.46554932e+02 ]
noOfLandmarkPoint: 68
