%YAML:1.0
landmark: [ 1.36043701e+02, 1.80208252e+02, 1.36069519e+02,
    2.06220444e+02, 1.36329453e+02, 2.29177887e+02, 1.36589401e+02,
    2.53252548e+02, 1.43635361e+02, 2.76104950e+02, 1.48990829e+02,
    2.96994049e+02, 1.58921936e+02, 3.17805664e+02, 1.76405975e+02,
    3.35276794e+02, 1.99155121e+02, 3.47171234e+02, 2.24308273e+02,
    3.44219788e+02, 2.44587097e+02, 3.33079346e+02, 2.63579132e+02,
    3.20639191e+02, 2.79061127e+02, 3.05208832e+02, 2.96259399e+02,
    2.85398254e+02, 3.05384888e+02, 2.62597473e+02, 3.10740356e+02,
    2.39003967e+02, 3.17240601e+02, 2.12315247e+02, 1.50355072e+02,
    1.65961441e+02, 1.63536316e+02, 1.58395599e+02, 1.79434891e+02,
    1.62893799e+02, 1.91563461e+02, 1.66715439e+02, 2.03107620e+02,
    1.72279205e+02, 2.38709991e+02, 1.79492981e+02, 2.54855606e+02,
    1.77972076e+02, 2.69220367e+02, 1.77192245e+02, 2.84117920e+02,
    1.78687347e+02, 2.93984497e+02, 1.85772034e+02, 2.24733627e+02,
    1.89342484e+02, 2.23255600e+02, 2.05582611e+02, 2.21728012e+02,
    2.22767990e+02, 2.20194199e+02, 2.40011230e+02, 1.96569168e+02,
    2.43039124e+02, 2.05537430e+02, 2.48116531e+02, 2.14688736e+02,
    2.54694244e+02, 2.24776505e+02, 2.52159393e+02, 2.33927795e+02,
    2.49416229e+02, 1.66700241e+02, 1.81976196e+02, 1.76077332e+02,
    1.77387650e+02, 1.85236938e+02, 1.79146835e+02, 1.95125168e+02,
    1.87761185e+02, 1.85505630e+02, 1.88541000e+02, 1.73585358e+02,
    1.87292938e+02, 2.48961914e+02, 1.96772583e+02, 2.57469971e+02,
    1.91452927e+02, 2.69704681e+02, 1.93481781e+02, 2.78554138e+02,
    2.00708298e+02, 2.67241730e+02, 2.02664917e+02, 2.57209869e+02,
    2.01409500e+02, 1.78955841e+02, 2.68729248e+02, 1.89143768e+02,
    2.65135406e+02, 1.99682220e+02, 2.66195709e+02, 2.10127487e+02,
    2.70643738e+02, 2.21761963e+02, 2.70771942e+02, 2.37649231e+02,
    2.76133209e+02, 2.45996857e+02, 2.83303406e+02, 2.30019058e+02,
    3.06490295e+02, 2.15529800e+02, 3.07651245e+02, 2.00830933e+02,
    3.06353638e+02, 1.87065277e+02, 2.99541809e+02, 1.79935196e+02,
    2.88289337e+02, 1.81918106e+02, 2.69707977e+02, 1.98426285e+02,
    2.69318268e+02, 2.09364029e+02, 2.72794464e+02, 2.21240250e+02,
    2.73927673e+02, 2.41199768e+02, 2.81996063e+02, 2.17180130e+02,
    2.94378876e+02, 2.04132706e+02, 2.91975952e+02, 1.93123108e+02,
    2.84891296e+02 ]
noOfLandmarkPoint: 68
