%YAML:1.0
landmark: [ 1.64696350e+02, 1.91411850e+02, 1.63586899e+02,
    2.27978195e+02, 1.65866028e+02, 2.58069885e+02, 1.71160339e+02,
    2.87445557e+02, 1.80010986e+02, 3.19148315e+02, 1.95638916e+02,
    3.44990540e+02, 2.13645966e+02, 3.63434692e+02, 2.40728607e+02,
    3.83949188e+02, 2.73937622e+02, 3.87411987e+02, 3.07192352e+02,
    3.82077087e+02, 3.27628937e+02, 3.61242126e+02, 3.45111206e+02,
    3.39039917e+02, 3.60798492e+02, 3.12868866e+02, 3.69535675e+02,
    2.88601196e+02, 3.70641541e+02, 2.59111115e+02, 3.73000702e+02,
    2.30736740e+02, 3.73018768e+02, 1.98477814e+02, 1.81625153e+02,
    1.82467148e+02, 1.96597717e+02, 1.70985107e+02, 2.14966446e+02,
    1.64808289e+02, 2.32925934e+02, 1.64625412e+02, 2.48810638e+02,
    1.69990814e+02, 2.96365173e+02, 1.72395874e+02, 3.12253265e+02,
    1.67682587e+02, 3.28244019e+02, 1.67794403e+02, 3.46022125e+02,
    1.70344986e+02, 3.57762451e+02, 1.77940887e+02, 2.75067230e+02,
    1.94029083e+02, 2.75586426e+02, 2.12697983e+02, 2.76084930e+02,
    2.29888519e+02, 2.77490967e+02, 2.48417084e+02, 2.52047180e+02,
    2.58896942e+02, 2.62918182e+02, 2.61892059e+02, 2.76131836e+02,
    2.64784271e+02, 2.89016388e+02, 2.60611298e+02, 2.99776306e+02,
    2.56900208e+02, 2.07603683e+02, 1.97888016e+02, 2.18680176e+02,
    1.91902512e+02, 2.31986359e+02, 1.91829941e+02, 2.43257401e+02,
    1.99477386e+02, 2.30230286e+02, 2.01696045e+02, 2.17068100e+02,
    2.01665588e+02, 3.03405823e+02, 1.99021057e+02, 3.13904480e+02,
    1.92127396e+02, 3.26612732e+02, 1.91775177e+02, 3.38020752e+02,
    1.98462509e+02, 3.28117889e+02, 2.01976730e+02, 3.15446014e+02,
    2.02020935e+02, 2.24778381e+02, 3.03641266e+02, 2.47806030e+02,
    2.97291168e+02, 2.66716797e+02, 2.94784454e+02, 2.79668365e+02,
    2.98528748e+02, 2.91749207e+02, 2.94968903e+02, 3.07477417e+02,
    2.97372681e+02, 3.23074188e+02, 3.03392120e+02, 3.07162567e+02,
    3.23416199e+02, 2.92932373e+02, 3.29294891e+02, 2.78069397e+02,
    3.31359283e+02, 2.64260040e+02, 3.29899689e+02, 2.45911301e+02,
    3.25435028e+02, 2.33997742e+02, 3.05304962e+02, 2.66377655e+02,
    3.05334900e+02, 2.78899078e+02, 3.05790100e+02, 2.91729126e+02,
    3.03137115e+02, 3.14179230e+02, 3.04475800e+02, 2.91751556e+02,
    3.11152618e+02, 2.78528809e+02, 3.15648224e+02, 2.65085114e+02,
    3.14819641e+02 ]
noOfLandmarkPoint: 68
