%YAML:1.0
landmark: [ 2.24309826e+01, 9.86192627e+01, 2.18768101e+01,
    1.15490662e+02, 2.18768101e+01, 1.33827530e+02, 2.59160957e+01,
    1.51166946e+02, 3.25783997e+01, 1.66806870e+02, 4.45602188e+01,
    1.80111526e+02, 6.09058495e+01, 1.94090637e+02, 7.84885025e+01,
    2.00931519e+02, 9.37588272e+01, 2.00956009e+02, 1.11283043e+02,
    2.01239456e+02, 1.23179375e+02, 1.90500900e+02, 1.30777695e+02,
    1.79060349e+02, 1.36676544e+02, 1.66277420e+02, 1.40235580e+02,
    1.53334427e+02, 1.43074539e+02, 1.39415268e+02, 1.47375717e+02,
    1.26188728e+02, 1.46440094e+02, 1.11808884e+02, 5.24424248e+01,
    8.57132263e+01, 6.47081223e+01, 7.44449844e+01, 8.18752136e+01,
    7.11199493e+01, 9.59265594e+01, 7.27824631e+01, 1.07637993e+02,
    8.08208847e+01, 1.29010895e+02, 8.62730331e+01, 1.35106796e+02,
    8.36322250e+01, 1.41863480e+02, 8.18396606e+01, 1.47762543e+02,
    8.13285675e+01, 1.51570862e+02, 8.62656097e+01, 1.17169334e+02,
    9.68113098e+01, 1.18906082e+02, 1.10466148e+02, 1.21085808e+02,
    1.23520035e+02, 1.23856667e+02, 1.36721756e+02, 1.02564133e+02,
    1.39874222e+02, 1.10322540e+02, 1.42645081e+02, 1.17132683e+02,
    1.47386383e+02, 1.23622665e+02, 1.46241074e+02, 1.29620163e+02,
    1.42608124e+02, 7.40388870e+01, 9.85581894e+01, 8.17563934e+01,
    9.47398376e+01, 8.92290039e+01, 9.56833420e+01, 9.56806412e+01,
    9.98713379e+01, 8.81631622e+01, 1.02431686e+02, 7.97320786e+01,
    1.01948280e+02, 1.24410843e+02, 1.02301422e+02, 1.28930374e+02,
    9.83113327e+01, 1.35960403e+02, 9.95274277e+01, 1.39496613e+02,
    1.03335838e+02, 1.36442535e+02, 1.05957108e+02, 1.30346649e+02,
    1.05429405e+02, 8.38717270e+01, 1.64458038e+02, 1.00318405e+02,
    1.61805313e+02, 1.09749397e+02, 1.61930893e+02, 1.12805565e+02,
    1.63200546e+02, 1.16559471e+02, 1.63204178e+02, 1.20706230e+02,
    1.64249146e+02, 1.22636551e+02, 1.67969070e+02, 1.19938507e+02,
    1.71042694e+02, 1.14709297e+02, 1.70251068e+02, 1.11024673e+02,
    1.69758881e+02, 1.07415703e+02, 1.69416580e+02, 9.97586899e+01,
    1.67218582e+02, 8.84139023e+01, 1.63935806e+02, 1.08860352e+02,
    1.65341125e+02, 1.12478271e+02, 1.66079407e+02, 1.15327049e+02,
    1.66622665e+02, 1.20484306e+02, 1.67259308e+02, 1.15327049e+02,
    1.66622665e+02, 1.12478271e+02, 1.66079407e+02, 1.08860352e+02,
    1.65341125e+02 ]
noOfLandmarkPoint: 68
