%YAML:1.0
landmark: [ 2.24929993e+02, 2.11443375e+02, 2.27038391e+02,
    2.41147369e+02, 2.35816193e+02, 2.68259766e+02, 2.42916901e+02,
    2.90777191e+02, 2.52667847e+02, 3.15188507e+02, 2.67831543e+02,
    3.34169586e+02, 2.92267395e+02, 3.46914429e+02, 3.15951843e+02,
    3.56240479e+02, 3.40378784e+02, 3.56659241e+02, 3.65227905e+02,
    3.53966675e+02, 3.85167328e+02, 3.43793976e+02, 4.03554199e+02,
    3.30215729e+02, 4.15844543e+02, 3.05043915e+02, 4.22408722e+02,
    2.78769348e+02, 4.25426117e+02, 2.51435959e+02, 4.28787750e+02,
    2.24023041e+02, 4.29237610e+02, 1.97889740e+02, 2.39496521e+02,
    1.87211746e+02, 2.49307419e+02, 1.74011963e+02, 2.67831940e+02,
    1.69345932e+02, 2.84449615e+02, 1.73312149e+02, 2.98508209e+02,
    1.80383514e+02, 3.38015228e+02, 1.71362061e+02, 3.56419037e+02,
    1.63211594e+02, 3.73432343e+02, 1.58419250e+02, 3.92031036e+02,
    1.60224136e+02, 4.07759491e+02, 1.72889191e+02, 3.20689941e+02,
    1.93204575e+02, 3.20222260e+02, 2.10223999e+02, 3.19366425e+02,
    2.25734711e+02, 3.18510590e+02, 2.41977829e+02, 3.08946686e+02,
    2.60938141e+02, 3.16369690e+02, 2.63449371e+02, 3.23579712e+02,
    2.65911621e+02, 3.31580444e+02, 2.62084076e+02, 3.39094910e+02,
    2.58140137e+02, 2.62254272e+02, 2.08879410e+02, 2.73040527e+02,
    2.00916565e+02, 2.87245178e+02, 2.00787903e+02, 2.96142609e+02,
    2.09436249e+02, 2.86310730e+02, 2.15068741e+02, 2.72259583e+02,
    2.16061157e+02, 3.54243256e+02, 2.01251373e+02, 3.63763123e+02,
    1.92649094e+02, 3.75364960e+02, 1.91872787e+02, 3.85740662e+02,
    1.97660675e+02, 3.79053040e+02, 2.03554184e+02, 3.66048096e+02,
    2.06183426e+02, 3.00418915e+02, 3.02259430e+02, 3.10429199e+02,
    2.91552277e+02, 3.20518372e+02, 2.85531799e+02, 3.28510468e+02,
    2.89044617e+02, 3.38071381e+02, 2.84517120e+02, 3.52097382e+02,
    2.89527588e+02, 3.63877960e+02, 2.97999664e+02, 3.52789764e+02,
    3.08215454e+02, 3.40810028e+02, 3.11055756e+02, 3.31123657e+02,
    3.12837067e+02, 3.23652100e+02, 3.13532379e+02, 3.11962097e+02,
    3.12376801e+02, 3.05461761e+02, 3.01682251e+02, 3.20805481e+02,
    2.98658630e+02, 3.28975555e+02, 2.98456970e+02, 3.39638580e+02,
    2.96134674e+02, 3.58643768e+02, 2.97878082e+02, 3.39638580e+02,
    2.96134674e+02, 3.28975555e+02, 2.98456970e+02, 3.20805481e+02,
    2.98658630e+02 ]
noOfLandmarkPoint: 68
