%YAML:1.0
landmark: [ 2.64178986e+02, 1.54256012e+02, 2.64219391e+02,
    1.72673660e+02, 2.64675964e+02, 1.89044678e+02, 2.68913971e+02,
    1.96580994e+02, 2.70264008e+02, 2.13498978e+02, 2.74319763e+02,
    2.25677658e+02, 2.81747772e+02, 2.38374680e+02, 2.91038452e+02,
    2.48337524e+02, 3.05934235e+02, 2.51014832e+02, 3.23188293e+02,
    2.50519226e+02, 3.37372101e+02, 2.45620407e+02, 3.50194519e+02,
    2.36489243e+02, 3.62008667e+02, 2.26207382e+02, 3.70627167e+02,
    2.13544479e+02, 3.73663300e+02, 1.97822693e+02, 3.75531677e+02,
    1.80221161e+02, 3.77234863e+02, 1.63832901e+02, 2.68770905e+02,
    1.43454163e+02, 2.74210114e+02, 1.39236816e+02, 2.81182251e+02,
    1.40202606e+02, 2.88494965e+02, 1.40725067e+02, 2.95660736e+02,
    1.43189026e+02, 3.18777985e+02, 1.45940384e+02, 3.28155151e+02,
    1.41043198e+02, 3.37222168e+02, 1.40275452e+02, 3.46251221e+02,
    1.41982513e+02, 3.54694397e+02, 1.46555542e+02, 3.05502380e+02,
    1.53625565e+02, 3.04053802e+02, 1.65680206e+02, 3.02107208e+02,
    1.77232224e+02, 2.99677032e+02, 1.89565674e+02, 2.93716431e+02,
    1.93754730e+02, 2.97433502e+02, 1.95097519e+02, 3.01152008e+02,
    1.97046921e+02, 3.08127319e+02, 1.96108154e+02, 3.14188202e+02,
    1.94923325e+02, 2.77589783e+02, 1.55949341e+02, 2.82084381e+02,
    1.50858597e+02, 2.89401917e+02, 1.51315903e+02, 2.94277252e+02,
    1.56890686e+02, 2.88177917e+02, 1.58609482e+02, 2.81844330e+02,
    1.59024094e+02, 3.24863953e+02, 1.58187195e+02, 3.31605347e+02,
    1.53095581e+02, 3.39742157e+02, 1.52977631e+02, 3.45415466e+02,
    1.58009140e+02, 3.39263641e+02, 1.60335358e+02, 3.32850098e+02,
    1.60376663e+02, 2.84128784e+02, 2.14877441e+02, 2.92092194e+02,
    2.12860931e+02, 2.96472656e+02, 2.12872314e+02, 3.00836090e+02,
    2.14569794e+02, 3.07409637e+02, 2.12860931e+02, 3.17298676e+02,
    2.13843903e+02, 3.30958069e+02, 2.16050903e+02, 3.17152466e+02,
    2.21015366e+02, 3.07507111e+02, 2.22679794e+02, 3.00912994e+02,
    2.22947968e+02, 2.96601379e+02, 2.21868210e+02, 2.91908997e+02,
    2.19061371e+02, 2.88019379e+02, 2.15560989e+02, 2.96472656e+02,
    2.15726181e+02, 3.00670898e+02, 2.16911011e+02, 3.07392578e+02,
    2.16574936e+02, 3.26896606e+02, 2.16221786e+02, 3.07392578e+02,
    2.16574936e+02, 3.00670898e+02, 2.16911011e+02, 2.96472656e+02,
    2.15726181e+02 ]
noOfLandmarkPoint: 68
