%YAML:1.0
landmark: [ 9.96386719e+01, 1.44372955e+02, 9.93287354e+01,
    1.62961929e+02, 1.00959702e+02, 1.81638107e+02, 1.01687668e+02,
    1.99440842e+02, 1.06643745e+02, 2.17027588e+02, 1.16714363e+02,
    2.32907654e+02, 1.27690498e+02, 2.46035324e+02, 1.42712631e+02,
    2.56618591e+02, 1.61275116e+02, 2.60683380e+02, 1.80762650e+02,
    2.58282776e+02, 1.98301758e+02, 2.49732193e+02, 2.13529953e+02,
    2.37662781e+02, 2.25319107e+02, 2.22468079e+02, 2.32621170e+02,
    2.04828140e+02, 2.37104538e+02, 1.86286118e+02, 2.40217896e+02,
    1.67504761e+02, 2.42516830e+02, 1.48715088e+02, 1.10401428e+02,
    1.18640755e+02, 1.18039093e+02, 1.11807877e+02, 1.30818161e+02,
    1.11381538e+02, 1.43744034e+02, 1.13044975e+02, 1.58157150e+02,
    1.16092133e+02, 1.81690796e+02, 1.18093185e+02, 1.94675369e+02,
    1.15174248e+02, 2.07568588e+02, 1.14765785e+02, 2.19876450e+02,
    1.18982712e+02, 2.29393356e+02, 1.26870750e+02, 1.68392365e+02,
    1.34297058e+02, 1.67755615e+02, 1.44874374e+02, 1.66932755e+02,
    1.55400909e+02, 1.66381744e+02, 1.65879730e+02, 1.52698944e+02,
    1.73159531e+02, 1.59547394e+02, 1.76256485e+02, 1.66142014e+02,
    1.79019669e+02, 1.73318726e+02, 1.76887390e+02, 1.79949692e+02,
    1.74634277e+02, 1.26443260e+02, 1.35450729e+02, 1.33377335e+02,
    1.30892349e+02, 1.41069611e+02, 1.30993866e+02, 1.48969818e+02,
    1.37510818e+02, 1.40723511e+02, 1.39008575e+02, 1.31593765e+02,
    1.38346146e+02, 1.90840668e+02, 1.39463501e+02, 1.97654449e+02,
    1.34140976e+02, 2.06130737e+02, 1.34114502e+02, 2.11731094e+02,
    1.38953613e+02, 2.06425049e+02, 1.41402603e+02, 1.98854095e+02,
    1.41819443e+02, 1.37890167e+02, 1.99171616e+02, 1.46959457e+02,
    1.96579865e+02, 1.58476227e+02, 1.95955917e+02, 1.65592636e+02,
    1.97531113e+02, 1.76073532e+02, 1.96783722e+02, 1.86089005e+02,
    1.98858948e+02, 1.96247253e+02, 2.02016174e+02, 1.86448471e+02,
    2.13913864e+02, 1.76526459e+02, 2.18019897e+02, 1.65404617e+02,
    2.18856262e+02, 1.57463409e+02, 2.17187775e+02, 1.46771301e+02,
    2.12032761e+02, 1.40943619e+02, 2.00128647e+02, 1.58436157e+02,
    1.98671753e+02, 1.65883804e+02, 1.99594574e+02, 1.75935989e+02,
    1.99362228e+02, 1.92355759e+02, 2.02030899e+02, 1.76462662e+02,
    2.09643860e+02, 1.65597641e+02, 2.10147919e+02, 1.57810547e+02,
    2.10558350e+02 ]
noOfLandmarkPoint: 68
