%YAML:1.0
landmark: [ 4.15336342e+01, 1.40820602e+02, 4.08974037e+01,
    1.53459686e+02, 4.20974731e+01, 1.67369812e+02, 4.41912842e+01,
    1.82400497e+02, 5.00641251e+01, 1.95994110e+02, 6.00446281e+01,
    2.06991837e+02, 7.36410675e+01, 2.15255295e+02, 8.73489075e+01,
    2.22425888e+02, 1.01216362e+02, 2.25490677e+02, 1.13093864e+02,
    2.23087494e+02, 1.23722511e+02, 2.16410767e+02, 1.34356842e+02,
    2.06130066e+02, 1.42684982e+02, 1.93496078e+02, 1.47418900e+02,
    1.78762299e+02, 1.50165695e+02, 1.65342667e+02, 1.51066376e+02,
    1.51293610e+02, 1.51004852e+02, 1.37204605e+02, 5.31645164e+01,
    1.22714180e+02, 6.38097572e+01, 1.21344063e+02, 7.21060257e+01,
    1.22668091e+02, 8.07761383e+01, 1.24632149e+02, 9.01892929e+01,
    1.28403336e+02, 1.10519394e+02, 1.29961517e+02, 1.18765343e+02,
    1.25706741e+02, 1.26555023e+02, 1.24545746e+02, 1.34293442e+02,
    1.23890892e+02, 1.41986130e+02, 1.24514900e+02, 1.00793861e+02,
    1.39903534e+02, 1.00870956e+02, 1.47349167e+02, 1.01452621e+02,
    1.54520050e+02, 1.01543785e+02, 1.63144211e+02, 9.17290497e+01,
    1.70561401e+02, 9.62484894e+01, 1.72206177e+02, 1.01098724e+02,
    1.73949677e+02, 1.05073471e+02, 1.72269821e+02, 1.09663544e+02,
    1.71350769e+02, 6.24631233e+01, 1.38668625e+02, 6.85378723e+01,
    1.34256271e+02, 7.60763092e+01, 1.34752792e+02, 8.26568298e+01,
    1.40174149e+02, 7.53636856e+01, 1.42125992e+02, 6.79971848e+01,
    1.41901108e+02, 1.15568932e+02, 1.41472504e+02, 1.20236115e+02,
    1.36845673e+02, 1.28666748e+02, 1.35968262e+02, 1.34520218e+02,
    1.38868973e+02, 1.29754166e+02, 1.43043930e+02, 1.22862953e+02,
    1.43370880e+02, 7.72431107e+01, 1.88906311e+02, 8.54920883e+01,
    1.83855240e+02, 9.48510742e+01, 1.81075577e+02, 1.00049347e+02,
    1.82286804e+02, 1.05673431e+02, 1.81422684e+02, 1.13415405e+02,
    1.84561340e+02, 1.19812073e+02, 1.88816208e+02, 1.14228233e+02,
    1.97308228e+02, 1.05495697e+02, 2.01481750e+02, 9.99176712e+01,
    2.01931000e+02, 9.44617996e+01, 2.01245682e+02, 8.48026505e+01,
    1.97813156e+02, 8.20911636e+01, 1.90483780e+02, 9.48957138e+01,
    1.85727676e+02, 1.00054230e+02, 1.85654083e+02, 1.05529076e+02,
    1.85624329e+02, 1.15685257e+02, 1.89675888e+02, 1.05079132e+02,
    1.94871017e+02, 9.95705643e+01, 1.94831573e+02, 9.47354584e+01,
    1.94862289e+02 ]
noOfLandmarkPoint: 68
