%YAML:1.0
landmark: [ 7.49331818e+01, 2.19066910e+02, 7.60834656e+01,
    2.46656586e+02, 8.34932022e+01, 2.72544647e+02, 9.24692841e+01,
    2.95346008e+02, 1.02261147e+02, 3.20086304e+02, 1.10962791e+02,
    3.38090851e+02, 1.22387169e+02, 3.55893372e+02, 1.37297958e+02,
    3.70681854e+02, 1.60916214e+02, 3.74128296e+02, 1.82481674e+02,
    3.68246124e+02, 2.04155579e+02, 3.54708618e+02, 2.26181320e+02,
    3.37509521e+02, 2.44267715e+02, 3.16764130e+02, 2.52391846e+02,
    2.92416687e+02, 2.53717636e+02, 2.68588013e+02, 2.57010925e+02,
    2.42381561e+02, 2.57617432e+02, 2.16572601e+02, 8.01284332e+01,
    2.07439423e+02, 8.59128723e+01, 1.93322556e+02, 1.00729820e+02,
    1.87599365e+02, 1.18155998e+02, 1.86703918e+02, 1.32981339e+02,
    1.94541367e+02, 1.72925339e+02, 1.94538086e+02, 1.87201797e+02,
    1.83080994e+02, 2.04489655e+02, 1.82043015e+02, 2.22449081e+02,
    1.85271011e+02, 2.36005875e+02, 1.96834274e+02, 1.54573288e+02,
    2.08628021e+02, 1.54850983e+02, 2.30493805e+02, 1.53254532e+02,
    2.51118546e+02, 1.52474304e+02, 2.77140228e+02, 1.39035843e+02,
    2.83585449e+02, 1.46607162e+02, 2.87819092e+02, 1.55631790e+02,
    2.91139618e+02, 1.65426758e+02, 2.86035858e+02, 1.73932037e+02,
    2.81664093e+02, 9.84027710e+01, 2.15845398e+02, 1.07376961e+02,
    2.08848038e+02, 1.19136971e+02, 2.08986374e+02, 1.29578094e+02,
    2.17094940e+02, 1.17767929e+02, 2.20099136e+02, 1.07377060e+02,
    2.20715347e+02, 1.86273636e+02, 2.11904984e+02, 1.96853088e+02,
    2.03991776e+02, 2.08079849e+02, 2.03934753e+02, 2.17792389e+02,
    2.10895508e+02, 2.09011246e+02, 2.16084091e+02, 1.97774109e+02,
    2.15985046e+02, 1.27725983e+02, 3.22035309e+02, 1.38333954e+02,
    3.14907715e+02, 1.52279755e+02, 3.12660675e+02, 1.60339752e+02,
    3.16250854e+02, 1.69799911e+02, 3.13250946e+02, 1.88093018e+02,
    3.21917053e+02, 1.96600723e+02, 3.22820923e+02, 1.88964172e+02,
    3.27229462e+02, 1.71082535e+02, 3.36663513e+02, 1.60705688e+02,
    3.37631073e+02, 1.51122803e+02, 3.37456116e+02, 1.38614838e+02,
    3.34100464e+02, 1.31487244e+02, 3.23044769e+02, 1.51270279e+02,
    3.22906464e+02, 1.60730438e+02, 3.24868378e+02, 1.69771408e+02,
    3.22344696e+02, 1.90791992e+02, 3.23887421e+02, 1.69771408e+02,
    3.22344696e+02, 1.60730438e+02, 3.24868378e+02, 1.51270279e+02,
    3.22906464e+02 ]
noOfLandmarkPoint: 68
