%YAML:1.0
landmark: [ 1.13345680e+02, 1.49539719e+02, 1.13641991e+02,
    1.62961594e+02, 1.17548927e+02, 1.74210510e+02, 1.20958534e+02,
    1.85371231e+02, 1.22739883e+02, 2.02656509e+02, 1.25571312e+02,
    2.13159134e+02, 1.28164398e+02, 2.23826782e+02, 1.32517258e+02,
    2.32823380e+02, 1.44713974e+02, 2.34511826e+02, 1.59312531e+02,
    2.33507324e+02, 1.73054703e+02, 2.28328995e+02, 1.86393478e+02,
    2.21613617e+02, 1.95793625e+02, 2.11048019e+02, 2.00001266e+02,
    1.96258698e+02, 2.00860352e+02, 1.80213470e+02, 2.01243256e+02,
    1.63174469e+02, 2.01273026e+02, 1.48502518e+02, 1.11765358e+02,
    1.34285110e+02, 1.17537956e+02, 1.30202591e+02, 1.24537270e+02,
    1.30283249e+02, 1.31210342e+02, 1.32377792e+02, 1.37289703e+02,
    1.34389313e+02, 1.49901901e+02, 1.34043671e+02, 1.58703476e+02,
    1.29686783e+02, 1.68075729e+02, 1.28984406e+02, 1.79028320e+02,
    1.29785553e+02, 1.86412308e+02, 1.34584534e+02, 1.40299164e+02,
    1.44634109e+02, 1.37981796e+02, 1.54374680e+02, 1.36302704e+02,
    1.64314545e+02, 1.34612625e+02, 1.74715317e+02, 1.31245163e+02,
    1.80465973e+02, 1.33483963e+02, 1.84702133e+02, 1.37917694e+02,
    1.86095901e+02, 1.45215759e+02, 1.81717072e+02, 1.52447983e+02,
    1.79642883e+02, 1.20753502e+02, 1.42263611e+02, 1.23519089e+02,
    1.39179764e+02, 1.27963783e+02, 1.39179764e+02, 1.31760971e+02,
    1.42702576e+02, 1.27426025e+02, 1.43931732e+02, 1.23804428e+02,
    1.44074402e+02, 1.60733749e+02, 1.41846573e+02, 1.64487045e+02,
    1.38620056e+02, 1.69787750e+02, 1.38477386e+02, 1.74561676e+02,
    1.42274582e+02, 1.70226730e+02, 1.43832962e+02, 1.65189423e+02,
    1.43668350e+02, 1.34824875e+02, 2.02159653e+02, 1.37884735e+02,
    1.98694672e+02, 1.42077011e+02, 1.98705643e+02, 1.44667023e+02,
    1.99440933e+02, 1.49364136e+02, 1.98420319e+02, 1.55257462e+02,
    1.98552002e+02, 1.63126205e+02, 2.01021286e+02, 1.55531830e+02,
    2.04116104e+02, 1.49517776e+02, 2.06212250e+02, 1.44771408e+02,
    2.07055038e+02, 1.42205017e+02, 2.06969162e+02, 1.38005463e+02,
    2.06245163e+02, 1.36642578e+02, 2.01735580e+02, 1.41912399e+02,
    2.01591965e+02, 1.44783829e+02, 2.01724747e+02, 1.49342194e+02,
    2.01866333e+02, 1.61030060e+02, 2.00735947e+02, 1.49342194e+02,
    2.01866333e+02, 1.44783829e+02, 2.01724747e+02, 1.41912399e+02,
    2.01591965e+02 ]
noOfLandmarkPoint: 68
