%YAML:1.0
landmark: [ 1.04929527e+02, 1.11203903e+02, 1.05018890e+02,
    1.27264648e+02, 1.05364532e+02, 1.42076355e+02, 1.06140961e+02,
    1.57519409e+02, 1.13076775e+02, 1.69338470e+02, 1.27650795e+02,
    1.82282013e+02, 1.45181534e+02, 1.93303604e+02, 1.57093552e+02,
    1.98869293e+02, 1.69284454e+02, 2.01010925e+02, 1.77705658e+02,
    1.99237534e+02, 1.85546509e+02, 1.89556503e+02, 1.91770096e+02,
    1.81280640e+02, 1.98707565e+02, 1.69145721e+02, 2.06169128e+02,
    1.55478409e+02, 2.08201981e+02, 1.43861877e+02, 2.09630096e+02,
    1.31589462e+02, 2.07362183e+02, 1.20429382e+02, 1.28175446e+02,
    1.06318924e+02, 1.36239212e+02, 1.00278664e+02, 1.46983353e+02,
    9.89985657e+01, 1.57286560e+02, 1.02247314e+02, 1.65778839e+02,
    1.07533424e+02, 1.80325455e+02, 1.06520500e+02, 1.87539703e+02,
    1.02325882e+02, 1.95214493e+02, 1.01029755e+02, 2.02257721e+02,
    1.01680183e+02, 2.07135742e+02, 1.07386169e+02, 1.73488770e+02,
    1.17434662e+02, 1.73899490e+02, 1.26434311e+02, 1.74400620e+02,
    1.36398254e+02, 1.75030457e+02, 1.46439163e+02, 1.60496033e+02,
    1.48734940e+02, 1.67188004e+02, 1.52192383e+02, 1.73411591e+02,
    1.54746429e+02, 1.78631638e+02, 1.52315125e+02, 1.82992462e+02,
    1.49761078e+02, 1.38358078e+02, 1.17211494e+02, 1.44165451e+02,
    1.14451454e+02, 1.51051056e+02, 1.15422592e+02, 1.56347015e+02,
    1.19129486e+02, 1.50312012e+02, 1.19670319e+02, 1.43715363e+02,
    1.19188751e+02, 1.83398270e+02, 1.19794029e+02, 1.89067642e+02,
    1.16826317e+02, 1.94738159e+02, 1.16875435e+02, 1.98882278e+02,
    1.20247894e+02, 1.95305038e+02, 1.20963547e+02, 1.89287949e+02,
    1.21417999e+02, 1.46257126e+02, 1.64589554e+02, 1.54297806e+02,
    1.61886551e+02, 1.65145920e+02, 1.61202225e+02, 1.70371719e+02,
    1.62138672e+02, 1.75481369e+02, 1.61587555e+02, 1.81651810e+02,
    1.61971390e+02, 1.87412735e+02, 1.63874863e+02, 1.82292084e+02,
    1.75155151e+02, 1.76081055e+02, 1.77958923e+02, 1.70583862e+02,
    1.78559830e+02, 1.65045059e+02, 1.77707993e+02, 1.53863144e+02,
    1.72379837e+02, 1.47935135e+02, 1.65218140e+02, 1.65278885e+02,
    1.63694778e+02, 1.70450180e+02, 1.64512680e+02, 1.75476608e+02,
    1.63572784e+02, 1.85384613e+02, 1.64539413e+02, 1.75793198e+02,
    1.71804459e+02, 1.70416138e+02, 1.72301712e+02, 1.64870911e+02,
    1.72053452e+02 ]
noOfLandmarkPoint: 68
