%YAML:1.0
landmark: [ 8.32157745e+01, 1.19315384e+02, 8.31472168e+01,
    1.35062180e+02, 8.44233704e+01, 1.49688873e+02, 8.57562256e+01,
    1.63671219e+02, 9.04341888e+01, 1.77660355e+02, 9.65763855e+01,
    1.90110184e+02, 1.06002129e+02, 2.03646652e+02, 1.16962669e+02,
    2.14834381e+02, 1.29374161e+02, 2.19674088e+02, 1.42419083e+02,
    2.18898575e+02, 1.57595367e+02, 2.12967072e+02, 1.74122192e+02,
    2.02694641e+02, 1.86433136e+02, 1.92165375e+02, 1.96527390e+02,
    1.77420242e+02, 2.02742447e+02, 1.59923904e+02, 2.05374481e+02,
    1.42447250e+02, 2.08165009e+02, 1.25465752e+02, 8.82193527e+01,
    1.05342987e+02, 9.31332550e+01, 9.79789810e+01, 1.04914116e+02,
    9.57295685e+01, 1.17103867e+02, 1.00527039e+02, 1.26460587e+02,
    1.07942299e+02, 1.47944504e+02, 1.04918747e+02, 1.60864243e+02,
    9.98219757e+01, 1.73035370e+02, 9.81001892e+01, 1.84924606e+02,
    1.03186081e+02, 1.91755676e+02, 1.12227188e+02, 1.34767090e+02,
    1.20305161e+02, 1.32943130e+02, 1.28990829e+02, 1.30869385e+02,
    1.37636627e+02, 1.29089172e+02, 1.46102844e+02, 1.19861572e+02,
    1.53447601e+02, 1.25421616e+02, 1.55371002e+02, 1.31020386e+02,
    1.56626984e+02, 1.35928589e+02, 1.55679138e+02, 1.42688583e+02,
    1.54161270e+02, 9.76082993e+01, 1.18974190e+02, 1.03646805e+02,
    1.15487534e+02, 1.12475204e+02, 1.16082115e+02, 1.19507286e+02,
    1.21301651e+02, 1.11338120e+02, 1.23100342e+02, 1.03637642e+02,
    1.22813637e+02, 1.53460495e+02, 1.22830643e+02, 1.60554123e+02,
    1.18315094e+02, 1.69856461e+02, 1.18544807e+02, 1.77289459e+02,
    1.22541283e+02, 1.71476547e+02, 1.24624023e+02, 1.62265579e+02,
    1.25183510e+02, 1.07438835e+02, 1.70949341e+02, 1.14954033e+02,
    1.68065674e+02, 1.21761154e+02, 1.67182190e+02, 1.29198776e+02,
    1.69175735e+02, 1.38806747e+02, 1.68805954e+02, 1.49349106e+02,
    1.69503387e+02, 1.61975372e+02, 1.73107101e+02, 1.51925812e+02,
    1.84544998e+02, 1.40018478e+02, 1.90869781e+02, 1.30118805e+02,
    1.91823685e+02, 1.21082695e+02, 1.90269913e+02, 1.13852989e+02,
    1.84191299e+02, 1.10221680e+02, 1.72813965e+02, 1.21693535e+02,
    1.72113144e+02, 1.29808762e+02, 1.72546585e+02, 1.39077118e+02,
    1.72426208e+02, 1.59189728e+02, 1.73366592e+02, 1.39571091e+02,
    1.82100540e+02, 1.30646591e+02, 1.83381104e+02, 1.21706894e+02,
    1.80295975e+02 ]
noOfLandmarkPoint: 68
