%YAML:1.0
landmark: [ 1.25671669e+02, 2.05114944e+02, 1.29969330e+02,
    2.25640015e+02, 1.39311935e+02, 2.44759018e+02, 1.45258163e+02,
    2.66684174e+02, 1.55385223e+02, 2.89681702e+02, 1.67890213e+02,
    3.10924561e+02, 1.82364319e+02, 3.28813019e+02, 2.03994781e+02,
    3.41295105e+02, 2.29458542e+02, 3.44461121e+02, 2.54263489e+02,
    3.39227783e+02, 2.72676819e+02, 3.22187653e+02, 2.88385559e+02,
    2.95684357e+02, 2.97335114e+02, 2.68833405e+02, 2.99919342e+02,
    2.43599426e+02, 2.99815826e+02, 2.20670029e+02, 3.00715271e+02,
    1.98100006e+02, 2.95257660e+02, 1.74142624e+02, 1.33640793e+02,
    2.02398056e+02, 1.43086853e+02, 1.88752045e+02, 1.57927170e+02,
    1.84802002e+02, 1.73449387e+02, 1.85314011e+02, 1.88680115e+02,
    1.88442123e+02, 2.22211090e+02, 1.83066406e+02, 2.39315201e+02,
    1.74986267e+02, 2.55738892e+02, 1.71191864e+02, 2.74493256e+02,
    1.67837555e+02, 2.83489838e+02, 1.79812042e+02, 2.09877151e+02,
    2.00925842e+02, 2.11856827e+02, 2.17520477e+02, 2.14278259e+02,
    2.33638412e+02, 2.16731155e+02, 2.51372391e+02, 1.99989883e+02,
    2.58900909e+02, 2.10354279e+02, 2.62719269e+02, 2.21439117e+02,
    2.63235016e+02, 2.30553375e+02, 2.58082733e+02, 2.38707504e+02,
    2.53167892e+02, 1.51720764e+02, 2.06986893e+02, 1.63562958e+02,
    2.00960403e+02, 1.76526031e+02, 1.98700790e+02, 1.83984665e+02,
    2.02971191e+02, 1.74368500e+02, 2.07303192e+02, 1.62082397e+02,
    2.09038834e+02, 2.35735764e+02, 1.95097855e+02, 2.44195480e+02,
    1.87772781e+02, 2.56592072e+02, 1.87968201e+02, 2.64200134e+02,
    1.89838547e+02, 2.57784058e+02, 1.94315567e+02, 2.46283890e+02,
    1.96542862e+02, 1.93502747e+02, 2.90394501e+02, 2.03514786e+02,
    2.85798889e+02, 2.15980713e+02, 2.81619080e+02, 2.24195740e+02,
    2.81180908e+02, 2.32991455e+02, 2.78114990e+02, 2.45043976e+02,
    2.76686737e+02, 2.56269257e+02, 2.77843750e+02, 2.49861282e+02,
    2.90269531e+02, 2.40262787e+02, 2.97958282e+02, 2.31023087e+02,
    3.01319611e+02, 2.21497086e+02, 3.00727448e+02, 2.05919724e+02,
    2.96953217e+02, 1.98650543e+02, 2.90153534e+02, 2.16831284e+02,
    2.85401550e+02, 2.25962921e+02, 2.85999329e+02, 2.34204269e+02,
    2.82326538e+02, 2.49929535e+02, 2.79764771e+02, 2.36750946e+02,
    2.88505829e+02, 2.26993835e+02, 2.89730927e+02, 2.17827438e+02,
    2.89793488e+02 ]
noOfLandmarkPoint: 68
