%YAML:1.0
landmark: [ 2.12334091e+02, 1.38499481e+02, 2.13497360e+02,
    1.61324738e+02, 2.18869431e+02, 1.85066879e+02, 2.25437088e+02,
    2.04458832e+02, 2.32469238e+02, 2.20542725e+02, 2.45216797e+02,
    2.36566040e+02, 2.59935455e+02, 2.49608459e+02, 2.80128937e+02,
    2.62397095e+02, 2.98719910e+02, 2.63830109e+02, 3.14620483e+02,
    2.59550385e+02, 3.29463318e+02, 2.49625458e+02, 3.40964905e+02,
    2.35396515e+02, 3.48554382e+02, 2.18337341e+02, 3.52528900e+02,
    2.00670105e+02, 3.53009552e+02, 1.81589172e+02, 3.56889587e+02,
    1.60851089e+02, 3.56519531e+02, 1.41076218e+02, 2.32768860e+02,
    1.24312035e+02, 2.41407791e+02, 1.16103897e+02, 2.54273956e+02,
    1.11367744e+02, 2.69165955e+02, 1.11515945e+02, 2.83133240e+02,
    1.15831955e+02, 3.04364899e+02, 1.13798088e+02, 3.15752625e+02,
    1.11224777e+02, 3.27007538e+02, 1.11071503e+02, 3.38233307e+02,
    1.12861359e+02, 3.47587097e+02, 1.18076759e+02, 2.94796143e+02,
    1.24766876e+02, 2.94769440e+02, 1.41547348e+02, 2.94629150e+02,
    1.56833618e+02, 2.95045349e+02, 1.73248215e+02, 2.82510254e+02,
    1.80534973e+02, 2.88657837e+02, 1.82708023e+02, 2.95041687e+02,
    1.85109680e+02, 3.02552521e+02, 1.82211212e+02, 3.07985168e+02,
    1.78951614e+02, 2.47236389e+02, 1.31023071e+02, 2.56179047e+02,
    1.24269615e+02, 2.65586212e+02, 1.23865700e+02, 2.73535278e+02,
    1.31754166e+02, 2.64685486e+02, 1.32420624e+02, 2.55169266e+02,
    1.32513519e+02, 3.11975830e+02, 1.28648056e+02, 3.20437866e+02,
    1.22795334e+02, 3.30175659e+02, 1.24142113e+02, 3.36718658e+02,
    1.29556641e+02, 3.29111755e+02, 1.31694595e+02, 3.19876434e+02,
    1.31467361e+02, 2.69999207e+02, 2.12739502e+02, 2.80119080e+02,
    2.06462265e+02, 2.91315643e+02, 2.00266190e+02, 2.97468079e+02,
    2.02177444e+02, 3.04428864e+02, 1.99841003e+02, 3.13250977e+02,
    2.05974625e+02, 3.20203583e+02, 2.09225037e+02, 3.13660583e+02,
    2.17355057e+02, 3.06063904e+02, 2.21480270e+02, 2.97989105e+02,
    2.22824738e+02, 2.91116943e+02, 2.22203949e+02, 2.81056702e+02,
    2.19254501e+02, 2.73147522e+02, 2.12682877e+02, 2.90839417e+02,
    2.10903503e+02, 2.97491455e+02, 2.11449051e+02, 3.04818481e+02,
    2.10994171e+02, 3.17020721e+02, 2.09721848e+02, 3.04818481e+02,
    2.10994171e+02, 2.97491455e+02, 2.11449051e+02, 2.90839417e+02,
    2.10903503e+02 ]
noOfLandmarkPoint: 68
