%YAML:1.0
landmark: [ 1.64459732e+02, 1.48764175e+02, 1.65020065e+02,
    1.67327072e+02, 1.68222687e+02, 1.86832428e+02, 1.79821716e+02,
    2.09656937e+02, 1.93463303e+02, 2.32844711e+02, 2.06643936e+02,
    2.53263382e+02, 2.19745758e+02, 2.69626099e+02, 2.39574966e+02,
    2.86891846e+02, 2.56821869e+02, 2.90408051e+02, 2.80874969e+02,
    2.81843719e+02, 3.03749176e+02, 2.66444031e+02, 3.24036438e+02,
    2.49988815e+02, 3.45352478e+02, 2.25901398e+02, 3.61507843e+02,
    2.00708771e+02, 3.59770325e+02, 1.69859695e+02, 3.54663940e+02,
    1.38794724e+02, 3.50539398e+02, 1.09988220e+02, 1.59911972e+02,
    1.20711624e+02, 1.68172943e+02, 1.13193405e+02, 1.77688354e+02,
    1.15319077e+02, 1.88708191e+02, 1.18059044e+02, 1.98814728e+02,
    1.23254532e+02, 2.23477859e+02, 1.15711479e+02, 2.41627808e+02,
    1.03307083e+02, 2.59022064e+02, 9.66876373e+01, 2.78608612e+02,
    9.26007843e+01, 2.95571320e+02, 9.86585846e+01, 2.16640640e+02,
    1.39366486e+02, 2.18198166e+02, 1.59334412e+02, 2.19191208e+02,
    1.78222137e+02, 2.20064194e+02, 1.98078049e+02, 2.11318512e+02,
    2.04754456e+02, 2.20677917e+02, 2.09763168e+02, 2.31687485e+02,
    2.11442459e+02, 2.39348785e+02, 2.04754456e+02, 2.46931778e+02,
    1.99718628e+02, 1.76667068e+02, 1.46904968e+02, 1.79347229e+02,
    1.40226120e+02, 1.94265457e+02, 1.40063828e+02, 2.02527985e+02,
    1.46394333e+02, 1.93668549e+02, 1.49958710e+02, 1.81738800e+02,
    1.51497375e+02, 2.50152725e+02, 1.36690491e+02, 2.58029541e+02,
    1.26451454e+02, 2.70365784e+02, 1.21909393e+02, 2.82514862e+02,
    1.27252251e+02, 2.75010834e+02, 1.33006927e+02, 2.63376587e+02,
    1.37111847e+02, 2.18060379e+02, 2.42124924e+02, 2.21359833e+02,
    2.32116486e+02, 2.28096832e+02, 2.27637543e+02, 2.34868164e+02,
    2.29785721e+02, 2.43109116e+02, 2.24919006e+02, 2.56017059e+02,
    2.26562515e+02, 2.72998749e+02, 2.28754044e+02, 2.62461548e+02,
    2.39041870e+02, 2.54408829e+02, 2.45952438e+02, 2.45670639e+02,
    2.50923309e+02, 2.35665405e+02, 2.51767868e+02, 2.24657410e+02,
    2.48282516e+02, 2.23536499e+02, 2.39835449e+02, 2.31197418e+02,
    2.38461731e+02, 2.39977646e+02, 2.38824997e+02, 2.48218124e+02,
    2.35132294e+02, 2.63053101e+02, 2.30751328e+02, 2.46498474e+02,
    2.31926544e+02, 2.37731812e+02, 2.35198608e+02, 2.29541489e+02,
    2.34415894e+02 ]
noOfLandmarkPoint: 68
