%YAML:1.0
landmark: [ 8.48161545e+01, 1.76224777e+02, 8.06734848e+01,
    1.90029114e+02, 8.29535294e+01, 2.05419449e+02, 8.92236710e+01,
    2.16249695e+02, 9.54938049e+01, 2.26509918e+02, 1.03473976e+02,
    2.42470261e+02, 1.08632988e+02, 2.63481506e+02, 1.13027168e+02,
    2.77356628e+02, 1.27414497e+02, 2.81801117e+02, 1.47302902e+02,
    2.81598297e+02, 1.65989273e+02, 2.73618134e+02, 1.82858276e+02,
    2.60863251e+02, 1.99851349e+02, 2.46443604e+02, 2.15117630e+02,
    2.28665909e+02, 2.22234421e+02, 2.07282074e+02, 2.23775131e+02,
    1.85406998e+02, 2.24345139e+02, 1.61466476e+02, 7.93926620e+01,
    1.51804794e+02, 8.24466629e+01, 1.47425064e+02, 8.76173706e+01,
    1.48236465e+02, 9.49141388e+01, 1.50945755e+02, 1.02976387e+02,
    1.56945068e+02, 1.15466759e+02, 1.54594315e+02, 1.29467041e+02,
    1.48585251e+02, 1.41784744e+02, 1.45628632e+02, 1.55039383e+02,
    1.45201691e+02, 1.69731995e+02, 1.47753052e+02, 1.09744118e+02,
    1.65518585e+02, 1.07464066e+02, 1.77488846e+02, 1.04448082e+02,
    1.88708725e+02, 1.01193932e+02, 2.00859360e+02, 9.62875366e+01,
    2.09438446e+02, 9.97220688e+01, 2.13248154e+02, 1.05407738e+02,
    2.15542664e+02, 1.15740219e+02, 2.11119583e+02, 1.25589523e+02,
    2.07810211e+02, 8.90288467e+01, 1.65533035e+02, 9.48012238e+01,
    1.61153305e+02, 1.02225838e+02, 1.62697433e+02, 1.06527603e+02,
    1.69677200e+02, 9.92890701e+01, 1.70663147e+02, 9.22540970e+01,
    1.70107590e+02, 1.35645248e+02, 1.68925903e+02, 1.41331482e+02,
    1.61429947e+02, 1.49690262e+02, 1.61974457e+02, 1.57882751e+02,
    1.66857437e+02, 1.52201675e+02, 1.70150284e+02, 1.42873047e+02,
    1.70830734e+02, 1.04339973e+02, 2.30254868e+02, 1.01165024e+02,
    2.21603531e+02, 1.08632988e+02, 2.21213882e+02, 1.13900124e+02,
    2.22382812e+02, 1.21378082e+02, 2.19940689e+02, 1.46125534e+02,
    2.20694489e+02, 1.60309296e+02, 2.23883575e+02, 1.49103867e+02,
    2.43502167e+02, 1.30524139e+02, 2.53610931e+02, 1.21591812e+02,
    2.55039429e+02, 1.14657997e+02, 2.54404663e+02, 1.06937408e+02,
    2.41222122e+02, 1.05436638e+02, 2.27303650e+02, 1.09389618e+02,
    2.26384064e+02, 1.14574837e+02, 2.26764359e+02, 1.22427856e+02,
    2.25131470e+02, 1.58657059e+02, 2.25203964e+02, 1.27731209e+02,
    2.45759766e+02, 1.19835007e+02, 2.46246490e+02, 1.12575500e+02,
    2.42604172e+02 ]
noOfLandmarkPoint: 68
