%YAML:1.0
landmark: [ 1.19072624e+02, 3.52608673e+02, 1.19298714e+02,
    3.87200684e+02, 1.23179802e+02, 4.23167114e+02, 1.39050201e+02,
    4.53594788e+02, 1.62731216e+02, 4.80814453e+02, 1.87552338e+02,
    5.01271820e+02, 2.14874588e+02, 5.14063965e+02, 2.45773209e+02,
    5.23899109e+02, 2.74382355e+02, 5.25711792e+02, 3.00180511e+02,
    5.20718079e+02, 3.21474579e+02, 5.02088013e+02, 3.36839081e+02,
    4.78147949e+02, 3.45316162e+02, 4.51944214e+02, 3.52385956e+02,
    4.23819214e+02, 3.54596405e+02, 3.93527008e+02, 3.55223480e+02,
    3.64447144e+02, 3.54645294e+02, 3.34488342e+02, 1.57307037e+02,
    3.11110474e+02, 1.73840256e+02, 2.93401886e+02, 1.97367798e+02,
    2.86654510e+02, 2.24236969e+02, 2.89874268e+02, 2.45288773e+02,
    2.99159912e+02, 2.85293335e+02, 2.98417511e+02, 2.99905640e+02,
    2.90244690e+02, 3.15136902e+02, 2.84053711e+02, 3.31235596e+02,
    2.81824921e+02, 3.45191711e+02, 2.88152924e+02, 2.73958557e+02,
    3.24177002e+02, 2.77426819e+02, 3.39222260e+02, 2.81823486e+02,
    3.55939911e+02, 2.87458038e+02, 3.74328369e+02, 2.60957703e+02,
    3.99345490e+02, 2.72226807e+02, 4.01944702e+02, 2.82630005e+02,
    4.05348846e+02, 2.90802826e+02, 4.01882172e+02, 2.97242310e+02,
    3.97487091e+02, 1.83188431e+02, 3.36993469e+02, 1.96253403e+02,
    3.24919434e+02, 2.16747192e+02, 3.23000092e+02, 2.31037369e+02,
    3.35522552e+02, 2.15473312e+02, 3.42399078e+02, 1.98791672e+02,
    3.44423859e+02, 2.93319397e+02, 3.31314880e+02, 3.07087524e+02,
    3.19284882e+02, 3.25352539e+02, 3.19470886e+02, 3.33340942e+02,
    3.32720245e+02, 3.24982117e+02, 3.39222260e+02, 3.08815552e+02,
    3.38006104e+02, 2.28574280e+02, 4.56370819e+02, 2.49845871e+02,
    4.32612000e+02, 2.71602631e+02, 4.21203857e+02, 2.80943787e+02,
    4.25348755e+02, 2.90691345e+02, 4.21362915e+02, 3.05848083e+02,
    4.30737946e+02, 3.16745178e+02, 4.48941986e+02, 3.05112274e+02,
    4.67830536e+02, 2.90322266e+02, 4.72649078e+02, 2.78595276e+02,
    4.72739624e+02, 2.67596405e+02, 4.72602356e+02, 2.49713013e+02,
    4.69519836e+02, 2.37428574e+02, 4.55009491e+02, 2.70700623e+02,
    4.39603241e+02, 2.80554840e+02, 4.39505890e+02, 2.90566376e+02,
    4.39137207e+02, 3.05043152e+02, 4.50798828e+02, 2.89657166e+02,
    4.52413757e+02, 2.79260925e+02, 4.52526337e+02, 2.69942871e+02,
    4.53944580e+02 ]
noOfLandmarkPoint: 68
