%YAML:1.0
landmark: [ 1.48671646e+02, 1.46989365e+02, 1.52964890e+02,
    1.68774811e+02, 1.60165588e+02, 1.92700027e+02, 1.67665146e+02,
    2.14308838e+02, 1.79695709e+02, 2.33560471e+02, 1.94755966e+02,
    2.49863892e+02, 2.10943726e+02, 2.63330444e+02, 2.31476868e+02,
    2.74028320e+02, 2.58459991e+02, 2.72343689e+02, 2.79119690e+02,
    2.64189514e+02, 2.96892090e+02, 2.49934586e+02, 3.11324860e+02,
    2.30736816e+02, 3.21718689e+02, 2.09873001e+02, 3.29496735e+02,
    1.85078232e+02, 3.27479187e+02, 1.55630264e+02, 3.23559601e+02,
    1.32499786e+02, 3.16134827e+02, 1.08357178e+02, 1.52468750e+02,
    1.13885963e+02, 1.59521896e+02, 1.04618401e+02, 1.71422318e+02,
    1.00328278e+02, 1.84846420e+02, 1.00593193e+02, 1.99157761e+02,
    1.02698524e+02, 2.34366501e+02, 9.34802704e+01, 2.45617691e+02,
    8.69968567e+01, 2.56356506e+02, 8.02021637e+01, 2.69966125e+02,
    7.87175293e+01, 2.85471619e+02, 8.19864883e+01, 2.23191803e+02,
    1.14966843e+02, 2.26656265e+02, 1.27017776e+02, 2.29387085e+02,
    1.38613571e+02, 2.32335281e+02, 1.50705246e+02, 2.15343521e+02,
    1.68419708e+02, 2.25922623e+02, 1.67029053e+02, 2.36866272e+02,
    1.66098404e+02, 2.47748810e+02, 1.60874512e+02, 2.58060669e+02,
    1.56737549e+02, 1.72060242e+02, 1.36833771e+02, 1.79974213e+02,
    1.29157562e+02, 1.90659729e+02, 1.26644119e+02, 2.04531204e+02,
    1.28165802e+02, 1.93152802e+02, 1.31351761e+02, 1.82073257e+02,
    1.34537704e+02, 2.50934769e+02, 1.14790199e+02, 2.58495453e+02,
    1.07032509e+02, 2.69853485e+02, 1.06359985e+02, 2.81449280e+02,
    1.07684654e+02, 2.71375183e+02, 1.11325745e+02, 2.60513000e+02,
    1.12691154e+02, 2.03111389e+02, 2.06748154e+02, 2.16057648e+02,
    1.96599838e+02, 2.29904572e+02, 1.89310410e+02, 2.44112137e+02,
    1.87725372e+02, 2.58090912e+02, 1.82454117e+02, 2.75396606e+02,
    1.80649094e+02, 2.96332886e+02, 1.83631348e+02, 2.83426086e+02,
    2.08887939e+02, 2.66803436e+02, 2.19254227e+02, 2.50540741e+02,
    2.22854568e+02, 2.36118973e+02, 2.24872131e+02, 2.21221695e+02,
    2.25374710e+02, 2.07289108e+02, 2.06748154e+02, 2.31932602e+02,
    1.96238953e+02, 2.44767944e+02, 1.94777634e+02, 2.59678284e+02,
    1.90129272e+02, 2.93011047e+02, 1.86144775e+02, 2.62989532e+02,
    2.04733871e+02, 2.47596649e+02, 2.09519562e+02, 2.33791962e+02,
    2.10212891e+02 ]
noOfLandmarkPoint: 68
