%YAML:1.0
landmark: [ 1.69486420e+02, 2.67895966e+02, 1.75282288e+02,
    3.04126190e+02, 1.83241013e+02, 3.38416046e+02, 1.90520203e+02,
    3.70220367e+02, 2.03033218e+02, 3.99931244e+02, 2.23562225e+02,
    4.25268036e+02, 2.40981598e+02, 4.51155640e+02, 2.59605469e+02,
    4.69551788e+02, 2.91838287e+02, 4.79794006e+02, 3.18489899e+02,
    4.71916809e+02, 3.45290009e+02, 4.53048920e+02, 3.68766479e+02,
    4.31150146e+02, 3.95387512e+02, 4.04998138e+02, 4.15266022e+02,
    3.72048462e+02, 4.27498749e+02, 3.34560577e+02, 4.37302704e+02,
    2.95666412e+02, 4.38868683e+02, 2.59079071e+02, 1.86467926e+02,
    2.44386398e+02, 2.08060196e+02, 2.38443405e+02, 2.29118164e+02,
    2.37968277e+02, 2.48259186e+02, 2.41150879e+02, 2.65958038e+02,
    2.47952255e+02, 3.09563141e+02, 2.46297028e+02, 3.30887299e+02,
    2.37639755e+02, 3.52199890e+02, 2.32818192e+02, 3.75724579e+02,
    2.31936325e+02, 4.02392242e+02, 2.36858261e+02, 2.89727875e+02,
    2.79807007e+02, 2.89119202e+02, 3.04517975e+02, 2.87812622e+02,
    3.30969177e+02, 2.86380096e+02, 3.55160828e+02, 2.63526672e+02,
    3.58298523e+02, 2.73576813e+02, 3.65241150e+02, 2.87042816e+02,
    3.70901703e+02, 3.03197144e+02, 3.64600128e+02, 3.16022125e+02,
    3.61998322e+02, 2.10982407e+02, 2.73753937e+02, 2.28678299e+02,
    2.65997284e+02, 2.45892868e+02, 2.69388733e+02, 2.57518066e+02,
    2.81220306e+02, 2.41662979e+02, 2.82348999e+02, 2.21389664e+02,
    2.82238098e+02, 3.28467712e+02, 2.81076721e+02, 3.40401123e+02,
    2.69277832e+02, 3.57418304e+02, 2.64850525e+02, 3.76014740e+02,
    2.75912140e+02, 3.63279602e+02, 2.83294556e+02, 3.44759125e+02,
    2.82871979e+02, 2.49133636e+02, 4.07725952e+02, 2.62843781e+02,
    3.95392761e+02, 2.76510834e+02, 3.94798462e+02, 2.86845428e+02,
    3.98845184e+02, 3.02369293e+02, 3.94653107e+02, 3.19356415e+02,
    3.98632324e+02, 3.36849976e+02, 4.08808807e+02, 3.21842407e+02,
    4.23643402e+02, 3.03221558e+02, 4.35235107e+02, 2.87745972e+02,
    4.35851746e+02, 2.76799500e+02, 4.32718231e+02, 2.61478912e+02,
    4.22209229e+02, 2.56944458e+02, 4.08579926e+02, 2.77106537e+02,
    4.04034973e+02, 2.86602692e+02, 4.04793579e+02, 3.02494019e+02,
    4.07242859e+02, 3.27329956e+02, 4.09425446e+02, 3.02802338e+02,
    4.11718964e+02, 2.86727417e+02, 4.10821747e+02, 2.77456421e+02,
    4.09141541e+02 ]
noOfLandmarkPoint: 68
