%YAML:1.0
landmark: [ 1.38687210e+02, 1.31305695e+02, 1.39919479e+02,
    1.48224960e+02, 1.39129395e+02, 1.63896240e+02, 1.44295288e+02,
    1.80246887e+02, 1.48418579e+02, 1.97829788e+02, 1.51309601e+02,
    2.15254837e+02, 1.54974625e+02, 2.32048035e+02, 1.62288956e+02,
    2.47466797e+02, 1.80314423e+02, 2.54623276e+02, 1.99477158e+02,
    2.52143005e+02, 2.20622528e+02, 2.45120010e+02, 2.38830124e+02,
    2.35440292e+02, 2.55782196e+02, 2.22223526e+02, 2.67360352e+02,
    2.04196548e+02, 2.76175568e+02, 1.85175980e+02, 2.81704712e+02,
    1.64623108e+02, 2.84490875e+02, 1.45164322e+02, 1.41731018e+02,
    1.11374908e+02, 1.47360794e+02, 1.04470528e+02, 1.56212952e+02,
    1.05740028e+02, 1.64978851e+02, 1.08777008e+02, 1.71816422e+02,
    1.14605270e+02, 1.96806717e+02, 1.15345520e+02, 2.12831467e+02,
    1.09600395e+02, 2.27636047e+02, 1.08008575e+02, 2.42371750e+02,
    1.10808304e+02, 2.53929993e+02, 1.18760956e+02, 1.82575043e+02,
    1.26264008e+02, 1.78464432e+02, 1.38019485e+02, 1.74232864e+02,
    1.49722382e+02, 1.69060104e+02, 1.61558319e+02, 1.63940491e+02,
    1.68863663e+02, 1.68308167e+02, 1.72032455e+02, 1.73000092e+02,
    1.74307343e+02, 1.81336823e+02, 1.73063797e+02, 1.89064163e+02,
    1.71544952e+02, 1.50287384e+02, 1.28493469e+02, 1.56895859e+02,
    1.23302162e+02, 1.66552795e+02, 1.23451675e+02, 1.73692520e+02,
    1.30241287e+02, 1.64836105e+02, 1.33889084e+02, 1.56406448e+02,
    1.33491394e+02, 2.04030045e+02, 1.35840881e+02, 2.13458771e+02,
    1.26196602e+02, 2.24331406e+02, 1.25891319e+02, 2.33370377e+02,
    1.33179016e+02, 2.26022263e+02, 1.37736221e+02, 2.14185486e+02,
    1.37288376e+02, 1.57235260e+02, 1.98849365e+02, 1.59759872e+02,
    1.88014023e+02, 1.67206345e+02, 1.86776398e+02, 1.71309555e+02,
    1.87688034e+02, 1.77683487e+02, 1.88200211e+02, 1.93493683e+02,
    1.93014862e+02, 2.02344666e+02, 2.00795670e+02, 1.94766785e+02,
    2.10566452e+02, 1.77248901e+02, 2.20064346e+02, 1.70648560e+02,
    2.20046463e+02, 1.66267807e+02, 2.18532669e+02, 1.60283615e+02,
    2.12900070e+02, 1.60183228e+02, 1.99894730e+02, 1.67353149e+02,
    1.90879822e+02, 1.71246323e+02, 1.90736923e+02, 1.77899139e+02,
    1.91129471e+02, 1.96254318e+02, 2.00515808e+02, 1.77042130e+02,
    2.12531784e+02, 1.71324127e+02, 2.12477081e+02, 1.66994293e+02,
    2.09467712e+02 ]
noOfLandmarkPoint: 68
