%YAML:1.0
landmark: [ 1.34283234e+02, 3.23737000e+02, 1.36132950e+02,
    3.51482666e+02, 1.39149673e+02, 3.81722076e+02, 1.46306351e+02,
    4.15239716e+02, 1.60077438e+02, 4.40128387e+02, 1.82530930e+02,
    4.55610352e+02, 2.06208847e+02, 4.68925446e+02, 2.28089432e+02,
    4.76654907e+02, 2.57289032e+02, 4.76338135e+02, 2.85959534e+02,
    4.67089600e+02, 3.05100708e+02, 4.52272583e+02, 3.23051392e+02,
    4.32885132e+02, 3.35944519e+02, 4.09712708e+02, 3.40135529e+02,
    3.84429749e+02, 3.42879364e+02, 3.57975983e+02, 3.46961365e+02,
    3.33852448e+02, 3.46980682e+02, 3.14512909e+02, 1.56233307e+02,
    3.06178558e+02, 1.69581207e+02, 2.95093109e+02, 1.88197693e+02,
    2.89557343e+02, 2.08175385e+02, 2.91484528e+02, 2.24649216e+02,
    2.97581757e+02, 2.70727386e+02, 2.92186768e+02, 2.88411224e+02,
    2.84641266e+02, 3.05108032e+02, 2.80652985e+02, 3.21672058e+02,
    2.81590668e+02, 3.34890137e+02, 2.92482880e+02, 2.49704773e+02,
    3.15463318e+02, 2.52122452e+02, 3.31799225e+02, 2.54635529e+02,
    3.49250397e+02, 2.57269684e+02, 3.67486023e+02, 2.37185974e+02,
    3.79926849e+02, 2.44069489e+02, 3.82439117e+02, 2.54342300e+02,
    3.85970215e+02, 2.63093964e+02, 3.81622986e+02, 2.70803802e+02,
    3.76640228e+02, 1.78676300e+02, 3.18730164e+02, 1.90680099e+02,
    3.09341187e+02, 2.07308182e+02, 3.09200775e+02, 2.18917358e+02,
    3.19813171e+02, 2.05273071e+02, 3.23968719e+02, 1.90418610e+02,
    3.24904022e+02, 2.74589081e+02, 3.14585968e+02, 2.81252838e+02,
    3.04416779e+02, 2.95004578e+02, 3.00736694e+02, 3.13061157e+02,
    3.09985229e+02, 3.03449402e+02, 3.15086212e+02, 2.90016235e+02,
    3.17055481e+02, 2.13668015e+02, 4.17117157e+02, 2.29110947e+02,
    4.06772858e+02, 2.45993500e+02, 4.00726410e+02, 2.55770294e+02,
    4.04030334e+02, 2.64582031e+02, 3.99687653e+02, 2.78103821e+02,
    4.02282471e+02, 2.89257080e+02, 4.08683289e+02, 2.79746796e+02,
    4.21352692e+02, 2.68630341e+02, 4.28903687e+02, 2.58194458e+02,
    4.31518188e+02, 2.47095673e+02, 4.32241150e+02, 2.28825943e+02,
    4.27125031e+02, 2.21774017e+02, 4.18360657e+02, 2.46999985e+02,
    4.14709747e+02, 2.56511230e+02, 4.14024719e+02, 2.66477051e+02,
    4.12903748e+02, 2.85834656e+02, 4.10197021e+02, 2.66477051e+02,
    4.12903748e+02, 2.56511230e+02, 4.14024719e+02, 2.46999985e+02,
    4.14709747e+02 ]
noOfLandmarkPoint: 68
