%YAML:1.0
landmark: [ 8.88524551e+01, 1.91255783e+02, 8.75663300e+01,
    2.26965500e+02, 8.92419052e+01, 2.60263458e+02, 9.48229752e+01,
    2.90989166e+02, 1.02768692e+02, 3.18590454e+02, 1.16867401e+02,
    3.41268005e+02, 1.35055008e+02, 3.54568451e+02, 1.57727005e+02,
    3.67279449e+02, 1.83772949e+02, 3.81609741e+02, 2.13678482e+02,
    3.84014099e+02, 2.40798767e+02, 3.73656128e+02, 2.62707855e+02,
    3.56065582e+02, 2.81195099e+02, 3.31126343e+02, 2.91276520e+02,
    2.99503967e+02, 3.01678894e+02, 2.68273224e+02, 3.09348541e+02,
    2.34446686e+02, 3.08612366e+02, 2.07510895e+02, 1.24127617e+02,
    1.50854034e+02, 1.43481567e+02, 1.28567566e+02, 1.66122421e+02,
    1.20185287e+02, 1.95035614e+02, 1.21471413e+02, 2.12555817e+02,
    1.38304062e+02, 2.51750229e+02, 1.46556458e+02, 2.72679138e+02,
    1.45590408e+02, 2.91670135e+02, 1.50774323e+02, 3.03307343e+02,
    1.60808350e+02, 3.06889648e+02, 1.84508575e+02, 2.33279724e+02,
    1.67441849e+02, 2.31566620e+02, 1.86393784e+02, 2.30591812e+02,
    2.04802155e+02, 2.29837845e+02, 2.25909149e+02, 1.98410324e+02,
    2.37828003e+02, 2.11545456e+02, 2.43201477e+02, 2.24083542e+02,
    2.47977890e+02, 2.34730865e+02, 2.46310135e+02, 2.44383286e+02,
    2.41410324e+02, 1.52430725e+02, 1.63994507e+02, 1.63804886e+02,
    1.54309250e+02, 1.79993744e+02, 1.55090347e+02, 1.92439804e+02,
    1.70361176e+02, 1.77513519e+02, 1.71555283e+02, 1.62587219e+02,
    1.69167068e+02, 2.53499680e+02, 1.81363464e+02, 2.67748230e+02,
    1.73667526e+02, 2.83706635e+02, 1.78512589e+02, 2.88078674e+02,
    1.91314270e+02, 2.77058075e+02, 1.93137405e+02, 2.64145477e+02,
    1.88054962e+02, 1.69499329e+02, 2.98177338e+02, 1.89272919e+02,
    2.77993988e+02, 2.06766632e+02, 2.73594330e+02, 2.19238663e+02,
    2.74845215e+02, 2.29962036e+02, 2.77898926e+02, 2.43019028e+02,
    2.87935364e+02, 2.50377365e+02, 3.09658264e+02, 2.35816971e+02,
    3.20520752e+02, 2.20494644e+02, 3.18753082e+02, 2.07865555e+02,
    3.17171722e+02, 1.96330994e+02, 3.13937561e+02, 1.82239166e+02,
    3.09929749e+02, 1.75837936e+02, 2.96454651e+02, 2.05416656e+02,
    2.79437561e+02, 2.18136581e+02, 2.81160248e+02, 2.28423386e+02,
    2.83548462e+02, 2.44038757e+02, 3.09405731e+02, 2.21648209e+02,
    3.13493073e+02, 2.09478226e+02, 3.10852356e+02, 1.98020874e+02,
    3.07017517e+02 ]
noOfLandmarkPoint: 68
