%YAML:1.0
landmark: [ 1.21778885e+02, 1.03413033e+02, 1.22399818e+02,
    1.18485924e+02, 1.26532677e+02, 1.32625427e+02, 1.28706223e+02,
    1.48279968e+02, 1.31921448e+02, 1.63372131e+02, 1.37160797e+02,
    1.74725082e+02, 1.49725800e+02, 1.85056808e+02, 1.62197983e+02,
    1.91835388e+02, 1.80536407e+02, 1.93862778e+02, 1.98517593e+02,
    1.93189545e+02, 2.14494049e+02, 1.86980225e+02, 2.27405243e+02,
    1.78546646e+02, 2.36901138e+02, 1.65995911e+02, 2.43775452e+02,
    1.50662903e+02, 2.45765778e+02, 1.33722641e+02, 2.47115128e+02,
    1.16801216e+02, 2.47769623e+02, 1.02025246e+02, 1.33290298e+02,
    8.50194244e+01, 1.40148880e+02, 7.79806061e+01, 1.50005234e+02,
    7.74018784e+01, 1.58400757e+02, 7.79806061e+01, 1.65174255e+02,
    8.07981415e+01, 1.91157822e+02, 8.03806076e+01, 2.00795898e+02,
    7.46414185e+01, 2.09030212e+02, 7.13212662e+01, 2.18706345e+02,
    7.13212662e+01, 2.26361938e+02, 7.68992538e+01, 1.78622879e+02,
    9.49004211e+01, 1.78676086e+02, 1.04451859e+02, 1.78574753e+02,
    1.12555534e+02, 1.78132080e+02, 1.21687958e+02, 1.68389359e+02,
    1.34152786e+02, 1.72953186e+02, 1.34711365e+02, 1.78248978e+02,
    1.35086838e+02, 1.83220795e+02, 1.34539688e+02, 1.88701019e+02,
    1.33115417e+02, 1.44057037e+02, 1.00436058e+02, 1.50111115e+02,
    9.63119736e+01, 1.58436447e+02, 9.62322845e+01, 1.64931290e+02,
    1.00932236e+02, 1.57515121e+02, 1.03703728e+02, 1.50009583e+02,
    1.04303596e+02, 1.96726746e+02, 1.00587791e+02, 2.02842697e+02,
    9.57160416e+01, 2.10228546e+02, 9.51289902e+01, 2.17432404e+02,
    9.84455338e+01, 2.12320831e+02, 1.02373718e+02, 2.04954254e+02,
    1.02678780e+02, 1.58706223e+02, 1.58105499e+02, 1.65689682e+02,
    1.49392609e+02, 1.73081131e+02, 1.44518173e+02, 1.78296860e+02,
    1.45727676e+02, 1.83906616e+02, 1.44128479e+02, 1.94764099e+02,
    1.48274445e+02, 2.03999512e+02, 1.58909576e+02, 1.96339447e+02,
    1.66140076e+02, 1.87191910e+02, 1.68298157e+02, 1.80348129e+02,
    1.68293884e+02, 1.74547989e+02, 1.67868454e+02, 1.67028870e+02,
    1.65779388e+02, 1.65011337e+02, 1.57507065e+02, 1.73549194e+02,
    1.51067566e+02, 1.78832367e+02, 1.51303787e+02, 1.84727768e+02,
    1.51181854e+02, 1.97710175e+02, 1.57677734e+02, 1.85172699e+02,
    1.57923447e+02, 1.79802933e+02, 1.58724152e+02, 1.74234222e+02,
    1.58219589e+02 ]
noOfLandmarkPoint: 68
