%YAML:1.0
landmark: [ 1.01539948e+02, 1.79751129e+02, 1.03479706e+02,
    1.98013962e+02, 1.09498604e+02, 2.19073608e+02, 1.15504494e+02,
    2.41409073e+02, 1.22386955e+02, 2.62900513e+02, 1.33342056e+02,
    2.82020386e+02, 1.45379852e+02, 3.04342834e+02, 1.59576569e+02,
    3.16148499e+02, 1.80178391e+02, 3.15942352e+02, 2.03390442e+02,
    3.14195709e+02, 2.23567001e+02, 2.97479889e+02, 2.42673874e+02,
    2.80505890e+02, 2.57934479e+02, 2.57598572e+02, 2.68012299e+02,
    2.34507080e+02, 2.68250946e+02, 2.06417419e+02, 2.67393890e+02,
    1.82599991e+02, 2.68432739e+02, 1.64194489e+02, 1.04458366e+02,
    1.68581955e+02, 1.15814011e+02, 1.66503708e+02, 1.28124802e+02,
    1.67164551e+02, 1.39189743e+02, 1.71226181e+02, 1.49640320e+02,
    1.77730316e+02, 1.82011444e+02, 1.72113159e+02, 1.94272064e+02,
    1.66248917e+02, 2.07939667e+02, 1.62497681e+02, 2.21784897e+02,
    1.61873932e+02, 2.33894302e+02, 1.65878464e+02, 1.64325287e+02,
    1.87442139e+02, 1.64652679e+02, 2.05253174e+02, 1.65156845e+02,
    2.23007980e+02, 1.66078278e+02, 2.42553406e+02, 1.52236282e+02,
    2.46325745e+02, 1.59962784e+02, 2.51036285e+02, 1.68147110e+02,
    2.52989059e+02, 1.77613739e+02, 2.49979614e+02, 1.85160141e+02,
    2.46751022e+02, 1.15736649e+02, 1.82547943e+02, 1.25105087e+02,
    1.80236313e+02, 1.36887146e+02, 1.80518005e+02, 1.46833832e+02,
    1.86717010e+02, 1.38291260e+02, 1.88992111e+02, 1.26047333e+02,
    1.88347687e+02, 1.91696106e+02, 1.87059067e+02, 2.00636887e+02,
    1.79146149e+02, 2.12709808e+02, 1.77459259e+02, 2.22317444e+02,
    1.82175858e+02, 2.14249451e+02, 1.87985489e+02, 2.02273895e+02,
    1.88690811e+02, 1.41134781e+02, 2.69127136e+02, 1.49343567e+02,
    2.66462006e+02, 1.60631210e+02, 2.64428864e+02, 1.69730164e+02,
    2.69834686e+02, 1.80812531e+02, 2.65835663e+02, 1.95966980e+02,
    2.67619354e+02, 2.08599884e+02, 2.68969147e+02, 1.95954422e+02,
    2.80967529e+02, 1.82097763e+02, 2.85402954e+02, 1.69615189e+02,
    2.85811737e+02, 1.60544022e+02, 2.84846069e+02, 1.48249832e+02,
    2.78498657e+02, 1.45631699e+02, 2.71613159e+02, 1.60626724e+02,
    2.73410797e+02, 1.69674606e+02, 2.75769318e+02, 1.81300140e+02,
    2.73616943e+02, 2.04484772e+02, 2.71414276e+02, 1.81300140e+02,
    2.73616943e+02, 1.69674606e+02, 2.75769318e+02, 1.60626724e+02,
    2.73410797e+02 ]
noOfLandmarkPoint: 68
