%YAML:1.0
landmark: [ 1.57810867e+02, 2.05437805e+02, 1.57606308e+02,
    2.27935974e+02, 1.59011673e+02, 2.53418854e+02, 1.62689362e+02,
    2.76231293e+02, 1.74020203e+02, 2.96949158e+02, 1.90065979e+02,
    3.13752899e+02, 2.10066681e+02, 3.27387878e+02, 2.31060135e+02,
    3.37005859e+02, 2.54737930e+02, 3.38793457e+02, 2.75364227e+02,
    3.34616425e+02, 2.91313965e+02, 3.20995972e+02, 3.06389496e+02,
    3.08391235e+02, 3.18738556e+02, 2.90487213e+02, 3.22741028e+02,
    2.69024292e+02, 3.23054596e+02, 2.47561081e+02, 3.24159943e+02,
    2.26729782e+02, 3.27264008e+02, 2.05116776e+02, 1.83229691e+02,
    1.82694641e+02, 1.94511353e+02, 1.72519318e+02, 2.09786591e+02,
    1.69882996e+02, 2.27277695e+02, 1.73396194e+02, 2.43265350e+02,
    1.78743286e+02, 2.67431641e+02, 1.78417206e+02, 2.82933105e+02,
    1.71330093e+02, 2.97064880e+02, 1.69667831e+02, 3.09584839e+02,
    1.74766479e+02, 3.17149506e+02, 1.84947861e+02, 2.57662842e+02,
    1.90548767e+02, 2.59153076e+02, 2.02770706e+02, 2.60111053e+02,
    2.16935577e+02, 2.60972198e+02, 2.31231033e+02, 2.40983215e+02,
    2.40090759e+02, 2.49231812e+02, 2.42303024e+02, 2.57298340e+02,
    2.44432144e+02, 2.63523621e+02, 2.42993866e+02, 2.69253754e+02,
    2.41413300e+02, 2.02392380e+02, 1.97784271e+02, 2.10873657e+02,
    1.92163239e+02, 2.19454697e+02, 1.89967422e+02, 2.27475250e+02,
    1.95147003e+02, 2.20290833e+02, 1.98974609e+02, 2.10593887e+02,
    2.00323853e+02, 2.77584137e+02, 1.98422318e+02, 2.85532867e+02,
    1.93540451e+02, 2.94792023e+02, 1.91984848e+02, 3.02473206e+02,
    1.98600189e+02, 2.96673096e+02, 2.01171509e+02, 2.87057892e+02,
    2.00781952e+02, 2.25793259e+02, 2.75262421e+02, 2.37118561e+02,
    2.65629120e+02, 2.50363251e+02, 2.59187775e+02, 2.57678558e+02,
    2.60147675e+02, 2.64907013e+02, 2.58987885e+02, 2.75188599e+02,
    2.64342621e+02, 2.85168304e+02, 2.74793518e+02, 2.76301270e+02,
    2.87007812e+02, 2.65562469e+02, 2.91166840e+02, 2.57790863e+02,
    2.92441437e+02, 2.49221756e+02, 2.91800354e+02, 2.36520279e+02,
    2.86324097e+02, 2.29968582e+02, 2.75262512e+02, 2.50208878e+02,
    2.64155304e+02, 2.57175201e+02, 2.64901917e+02, 2.64776886e+02,
    2.64613159e+02, 2.80603882e+02, 2.74272980e+02, 2.65585846e+02,
    2.84037933e+02, 2.57403564e+02, 2.86596649e+02, 2.49155136e+02,
    2.86652130e+02 ]
noOfLandmarkPoint: 68
