%YAML:1.0
landmark: [ 2.58498962e+02, 2.44746094e+02, 2.52443665e+02,
    2.87529938e+02, 2.48949966e+02, 3.23501343e+02, 2.50302231e+02,
    3.63243652e+02, 2.61572510e+02, 3.84487396e+02, 2.83942474e+02,
    4.07969086e+02, 3.07259644e+02, 4.23424988e+02, 3.30014801e+02,
    4.42968536e+02, 3.58263062e+02, 4.49898010e+02, 3.88790314e+02,
    4.50541168e+02, 4.11357086e+02, 4.35298248e+02, 4.38028046e+02,
    4.19578033e+02, 4.55033936e+02, 4.01890778e+02, 4.65133270e+02,
    3.77795349e+02, 4.72797699e+02, 3.49207642e+02, 4.79764648e+02,
    3.16971893e+02, 4.84457672e+02, 2.82704132e+02, 2.94585510e+02,
    2.39378418e+02, 3.12119751e+02, 2.31420120e+02, 3.31370819e+02,
    2.34025055e+02, 3.49182495e+02, 2.40194168e+02, 3.64205627e+02,
    2.51313095e+02, 4.11457886e+02, 2.60849457e+02, 4.31709778e+02,
    2.53921799e+02, 4.50046326e+02, 2.51752625e+02, 4.67590210e+02,
    2.52866394e+02, 4.77499054e+02, 2.68142731e+02, 3.89330200e+02,
    2.70760742e+02, 3.88441742e+02, 2.90091553e+02, 3.87034027e+02,
    3.11104889e+02, 3.85372498e+02, 3.31892151e+02, 3.57928284e+02,
    3.34294647e+02, 3.69081299e+02, 3.41765320e+02, 3.80691284e+02,
    3.48020142e+02, 3.91709381e+02, 3.44000244e+02, 4.01058136e+02,
    3.39187225e+02, 3.12077454e+02, 2.56852417e+02, 3.22895538e+02,
    2.53104889e+02, 3.38472137e+02, 2.53894073e+02, 3.48550476e+02,
    2.64425110e+02, 3.34111725e+02, 2.66188385e+02, 3.19600220e+02,
    2.64006165e+02, 4.19359985e+02, 2.75132935e+02, 4.29438690e+02,
    2.68667358e+02, 4.44113190e+02, 2.69030701e+02, 4.55626007e+02,
    2.74879700e+02, 4.44458984e+02, 2.79477203e+02, 4.30896545e+02,
    2.77502502e+02, 3.24767517e+02, 3.62242950e+02, 3.38688080e+02,
    3.61889435e+02, 3.65329773e+02, 3.63638580e+02, 3.76877960e+02,
    3.67654175e+02, 3.90535461e+02, 3.66196228e+02, 4.05955444e+02,
    3.69704010e+02, 4.14298431e+02, 3.74595856e+02, 4.04055817e+02,
    3.88794220e+02, 3.88775970e+02, 3.93445038e+02, 3.73597076e+02,
    3.92865112e+02, 3.60588318e+02, 3.90182220e+02, 3.35700745e+02,
    3.77977722e+02, 3.29373474e+02, 3.63970428e+02, 3.64387848e+02,
    3.70122498e+02, 3.76479248e+02, 3.71846558e+02, 3.89954407e+02,
    3.71667664e+02, 4.09875946e+02, 3.75117676e+02, 3.89218323e+02,
    3.81475525e+02, 3.75071533e+02, 3.81700531e+02, 3.62473785e+02,
    3.79502472e+02 ]
noOfLandmarkPoint: 68
