%YAML:1.0
landmark: [ 5.18375435e+01, 1.88859879e+02, 5.10865250e+01,
    2.19127121e+02, 5.30955315e+01, 2.49676178e+02, 5.66820793e+01,
    2.74837280e+02, 6.65104218e+01, 3.00329529e+02, 8.14826584e+01,
    3.20436371e+02, 9.89368668e+01, 3.35720764e+02, 1.16375809e+02,
    3.52184540e+02, 1.42114304e+02, 3.57118561e+02, 1.68113190e+02,
    3.56214722e+02, 1.89772415e+02, 3.41937622e+02, 2.08643631e+02,
    3.26117889e+02, 2.26404770e+02, 3.07511993e+02, 2.39078339e+02,
    2.86272461e+02, 2.47246490e+02, 2.61130219e+02, 2.52785416e+02,
    2.35011765e+02, 2.56146790e+02, 2.07954895e+02, 7.48030701e+01,
    1.74476288e+02, 9.36947403e+01, 1.60263519e+02, 1.09815048e+02,
    1.63676895e+02, 1.26499039e+02, 1.66162292e+02, 1.41320953e+02,
    1.71292969e+02, 1.80202271e+02, 1.72105667e+02, 1.96278687e+02,
    1.70292343e+02, 2.12073044e+02, 1.70049591e+02, 2.26601959e+02,
    1.73984558e+02, 2.41570847e+02, 1.84828094e+02, 1.59835785e+02,
    1.91699326e+02, 1.57524384e+02, 2.09838760e+02, 1.55204895e+02,
    2.29614487e+02, 1.52470322e+02, 2.48106567e+02, 1.27319572e+02,
    2.47911209e+02, 1.38435181e+02, 2.51985855e+02, 1.52485214e+02,
    2.57057526e+02, 1.64273148e+02, 2.55008804e+02, 1.75464264e+02,
    2.54482956e+02, 9.53102875e+01, 1.95257339e+02, 1.05590027e+02,
    1.90513794e+02, 1.17576836e+02, 1.91292923e+02, 1.29494614e+02,
    1.96198029e+02, 1.17912704e+02, 1.99218079e+02, 1.04827011e+02,
    1.98911301e+02, 1.83176285e+02, 2.00978912e+02, 1.96887833e+02,
    1.98979080e+02, 2.10801224e+02, 2.00443375e+02, 2.19870071e+02,
    2.05550827e+02, 2.10950882e+02, 2.07803894e+02, 1.97037506e+02,
    2.06282974e+02, 1.07254700e+02, 2.88119232e+02, 1.19660828e+02,
    2.80048523e+02, 1.37981064e+02, 2.75427277e+02, 1.49198044e+02,
    2.80442963e+02, 1.61657120e+02, 2.77723938e+02, 1.75057434e+02,
    2.82899414e+02, 1.85959641e+02, 2.95735016e+02, 1.73952637e+02,
    3.07198090e+02, 1.60911774e+02, 3.09648407e+02, 1.47711655e+02,
    3.10042114e+02, 1.34810883e+02, 3.09253357e+02, 1.18250725e+02,
    2.97781769e+02, 1.11603477e+02, 2.87820496e+02, 1.36566666e+02,
    2.89552887e+02, 1.48143127e+02, 2.93064484e+02, 1.61301086e+02,
    2.92648071e+02, 1.82166809e+02, 2.93763763e+02, 1.61301086e+02,
    2.92648071e+02, 1.48143127e+02, 2.93064484e+02, 1.36566666e+02,
    2.89552887e+02 ]
noOfLandmarkPoint: 68
