%YAML:1.0
landmark: [ 1.69632019e+02, 1.03358803e+02, 1.69455368e+02,
    1.22589333e+02, 1.70855820e+02, 1.42016022e+02, 1.74371353e+02,
    1.60685425e+02, 1.81231384e+02, 1.76522766e+02, 1.90882050e+02,
    1.90464340e+02, 2.08741989e+02, 1.98091034e+02, 2.29342545e+02,
    2.02979523e+02, 2.49652267e+02, 2.05025421e+02, 2.67369202e+02,
    2.00782013e+02, 2.80517120e+02, 1.93347946e+02, 2.91432678e+02,
    1.83605743e+02, 2.97187500e+02, 1.68155914e+02, 3.00273773e+02,
    1.53461807e+02, 3.03464417e+02, 1.39564392e+02, 3.06771912e+02,
    1.24946075e+02, 3.06044800e+02, 1.07798416e+02, 1.93791840e+02,
    9.40874252e+01, 2.06730896e+02, 8.89018936e+01, 2.18705414e+02,
    8.81113815e+01, 2.32510788e+02, 8.79311523e+01, 2.44735153e+02,
    8.81523819e+01, 2.58712189e+02, 8.41178131e+01, 2.69931000e+02,
    8.59896774e+01, 2.79527802e+02, 8.82219925e+01, 2.89845459e+02,
    8.99484406e+01, 2.98367096e+02, 9.46567154e+01, 2.53812027e+02,
    9.82893066e+01, 2.54063507e+02, 1.09268837e+02, 2.54493576e+02,
    1.22173088e+02, 2.54888824e+02, 1.35333374e+02, 2.38014496e+02,
    1.40761368e+02, 2.46227341e+02, 1.43124329e+02, 2.53301605e+02,
    1.46109726e+02, 2.60485840e+02, 1.43121704e+02, 2.67031189e+02, 141.,
    2.08899796e+02, 1.02985725e+02, 2.16292877e+02, 9.79928055e+01,
    2.25959259e+02, 9.91089630e+01, 2.33864410e+02, 1.06979294e+02,
    2.24682159e+02, 1.09369949e+02, 2.15196869e+02, 1.08795334e+02,
    2.68722809e+02, 1.06868675e+02, 2.75331573e+02, 1.00044891e+02,
    2.83091278e+02, 1.00440147e+02, 2.88112823e+02, 1.06508232e+02,
    2.84242249e+02, 1.09698898e+02, 2.76128265e+02, 1.10710632e+02,
    2.16959686e+02, 1.67400436e+02, 2.32932709e+02, 1.60503510e+02,
    2.42983597e+02, 1.57566040e+02, 2.51035370e+02, 1.57208496e+02,
    2.58109528e+02, 1.57182709e+02, 2.66115295e+02, 1.59087265e+02,
    2.73064453e+02, 1.69679718e+02, 2.66004883e+02, 1.71166687e+02,
    2.58815521e+02, 1.70900375e+02, 2.51407608e+02, 1.72294128e+02,
    2.43215286e+02, 1.71891525e+02, 2.33517044e+02, 1.71889496e+02,
    2.27198425e+02, 1.66898102e+02, 2.42813950e+02, 1.62961731e+02,
    2.51222641e+02, 1.62058884e+02, 2.58106964e+02, 1.62590256e+02,
    2.67524658e+02, 1.67517014e+02, 2.58512817e+02, 1.68930695e+02,
    2.51377487e+02, 1.69438538e+02, 2.43211090e+02, 1.69415817e+02 ]
noOfLandmarkPoint: 68
