%YAML:1.0
landmark: [ 2.59347107e+02, 1.66360580e+02, 2.57785370e+02,
    1.92260559e+02, 2.57849091e+02, 2.20055664e+02, 2.60515106e+02,
    2.48263245e+02, 2.75437958e+02, 2.74929901e+02, 2.86675385e+02,
    2.99976868e+02, 3.04466675e+02, 3.19625061e+02, 3.27470642e+02,
    3.33500336e+02, 3.55629120e+02, 3.46388672e+02, 3.79723663e+02,
    3.48405762e+02, 3.97493530e+02, 3.36105591e+02, 4.16101746e+02,
    3.22666809e+02, 4.28501343e+02, 3.00531860e+02, 4.37834015e+02,
    2.75754852e+02, 4.47715332e+02, 2.49974945e+02, 4.56823761e+02,
    2.26810974e+02, 4.61294769e+02, 2.00007050e+02, 2.95295013e+02,
    1.52819809e+02, 3.17764282e+02, 1.41694427e+02, 3.40095490e+02,
    1.40437103e+02, 3.63515808e+02, 1.43814987e+02, 3.85186707e+02,
    1.54342575e+02, 4.00500000e+02, 1.55023804e+02, 4.16697296e+02,
    1.46616989e+02, 4.36266205e+02, 1.51580383e+02, 4.51434540e+02,
    1.62130814e+02, 4.62668518e+02, 1.75574936e+02, 3.91294769e+02,
    1.74405090e+02, 3.90214966e+02, 1.97232056e+02, 3.88119049e+02,
    2.21900070e+02, 3.84737091e+02, 2.44790741e+02, 3.45662903e+02,
    2.28368652e+02, 3.62356140e+02, 2.38705902e+02, 3.75655945e+02,
    2.51247818e+02, 3.92896057e+02, 2.49867874e+02, 4.02045593e+02,
    2.37632645e+02, 3.15373932e+02, 1.69005753e+02, 3.30581238e+02,
    1.62589371e+02, 3.46463348e+02, 1.64364853e+02, 3.51325195e+02,
    1.76828156e+02, 3.39945007e+02, 1.78405762e+02, 3.26874451e+02,
    1.76447250e+02, 4.03143433e+02, 1.82307999e+02, 4.13886047e+02,
    1.74080109e+02, 4.27875305e+02, 1.76132446e+02, 4.38105988e+02,
    1.86040054e+02, 4.27479797e+02, 1.89445358e+02, 4.14648590e+02,
    1.88204941e+02, 3.16754181e+02, 2.69024475e+02, 3.35835358e+02,
    2.53310196e+02, 3.48865204e+02, 2.51817902e+02, 3.67648743e+02,
    2.60464813e+02, 3.92225708e+02, 2.62338867e+02, 3.99483917e+02,
    2.69343048e+02, 4.00745148e+02, 2.86326691e+02, 3.96375244e+02,
    2.88233063e+02, 3.90494141e+02, 2.85556671e+02, 3.66817902e+02,
    2.76485901e+02, 3.49056335e+02, 2.74502350e+02, 3.36056671e+02,
    2.72676392e+02, 3.21658630e+02, 2.66849762e+02, 3.48865204e+02,
    2.55912476e+02, 3.67372894e+02, 2.64198853e+02, 3.91171875e+02,
    2.71574951e+02, 3.96023132e+02, 2.80674377e+02, 3.90634308e+02,
    2.78025665e+02, 3.66896729e+02, 2.69215637e+02, 3.48595245e+02,
    2.64611328e+02 ]
noOfLandmarkPoint: 68
