%YAML:1.0
landmark: [ 1.12041061e+02, 1.69568268e+02, 1.12888786e+02,
    1.86949646e+02, 1.19417671e+02, 2.04915268e+02, 1.25145592e+02,
    2.21383057e+02, 1.35602875e+02, 2.37483292e+02, 1.45278290e+02,
    2.49419327e+02, 1.54981384e+02, 2.64342468e+02, 1.66286392e+02,
    2.73650360e+02, 1.82754181e+02, 2.75798340e+02, 2.01718369e+02,
    2.70306213e+02, 2.14714249e+02, 2.58034088e+02, 2.31651978e+02,
    2.42601196e+02, 2.44322037e+02, 2.28885712e+02, 2.52154648e+02,
    2.10242523e+02, 2.53820175e+02, 1.91485352e+02, 2.52749832e+02,
    1.70035583e+02, 2.50653442e+02, 1.47598053e+02, 1.11521164e+02,
    1.59662659e+02, 1.10254700e+02, 1.44947815e+02, 1.19365776e+02,
    1.34814468e+02, 1.33316269e+02, 1.33160538e+02, 1.45784912e+02,
    1.35502975e+02, 1.74162292e+02, 1.30452271e+02, 1.89952271e+02,
    1.21860382e+02, 2.06872574e+02, 1.18930550e+02, 2.22511719e+02,
    1.23848946e+02, 2.30368515e+02, 1.36813171e+02, 1.61157318e+02,
    1.51695786e+02, 1.62709824e+02, 1.64712128e+02, 1.63772949e+02,
    1.77247726e+02, 1.64900284e+02, 1.89259918e+02, 1.56432465e+02,
    1.97689499e+02, 1.62944992e+02, 1.98302841e+02, 1.68841293e+02,
    1.98256851e+02, 1.75029114e+02, 1.96191650e+02, 1.81388062e+02,
    1.94693802e+02, 1.25422066e+02, 1.62002258e+02, 1.31562866e+02,
    1.55869064e+02, 1.40410370e+02, 1.55566498e+02, 1.47656174e+02,
    1.59023560e+02, 1.41612701e+02, 1.61346634e+02, 1.33042313e+02,
    1.63445251e+02, 1.86848618e+02, 1.52962448e+02, 1.94988068e+02,
    1.45368118e+02, 2.04431824e+02, 1.44385086e+02, 2.12404495e+02,
    1.48199493e+02, 2.06015396e+02, 1.52432434e+02, 1.96689148e+02,
    1.53738083e+02, 1.52499008e+02, 2.21924698e+02, 1.57601807e+02,
    2.17135178e+02, 1.64900009e+02, 2.14933624e+02, 1.70962219e+02,
    2.15505768e+02, 1.78354172e+02, 2.13940567e+02, 1.97998108e+02,
    2.17191177e+02, 2.04469696e+02, 2.16305252e+02, 1.95645645e+02,
    2.22731476e+02, 1.83083527e+02, 2.28759659e+02, 1.75462540e+02,
    2.29974945e+02, 1.68321732e+02, 2.30474228e+02, 1.60163254e+02,
    2.28477097e+02, 1.55782349e+02, 2.21533890e+02, 1.65770737e+02,
    2.18188034e+02, 1.71925415e+02, 2.17855118e+02, 1.79070160e+02,
    2.16653702e+02, 1.93022415e+02, 2.14637466e+02, 1.81087570e+02,
    2.22516815e+02, 1.73808289e+02, 2.23787064e+02, 1.67009857e+02,
    2.25087830e+02 ]
noOfLandmarkPoint: 68
