%YAML:1.0
landmark: [ 2.27893936e+02, 2.48721313e+02, 2.42331863e+02,
    2.80908478e+02, 2.51817169e+02, 3.05267548e+02, 2.63889709e+02,
    3.30379425e+02, 2.77981964e+02, 3.53767761e+02, 2.96360229e+02,
    3.70015411e+02, 3.24384247e+02, 3.78850922e+02, 3.68401306e+02,
    3.85288330e+02, 4.07058624e+02, 3.76292389e+02, 4.33704803e+02,
    3.65704620e+02, 4.54584137e+02, 3.48408020e+02, 4.69914551e+02,
    3.27742645e+02, 4.76409424e+02, 3.07612152e+02, 4.75035583e+02,
    2.82849915e+02, 4.72016449e+02, 2.56553406e+02, 4.69026031e+02,
    2.28936493e+02, 4.64365601e+02, 2.04309982e+02, 2.59450104e+02,
    2.00989014e+02, 2.77467865e+02, 1.84730240e+02, 2.95142853e+02,
    1.75355896e+02, 3.11883514e+02, 1.69715424e+02, 3.29698822e+02,
    1.70150604e+02, 3.72502258e+02, 1.64207474e+02, 3.89681885e+02,
    1.53395020e+02, 4.09164490e+02, 1.49059357e+02, 4.28155884e+02,
    1.50379730e+02, 4.44213684e+02, 1.58943954e+02, 3.65734009e+02,
    1.92430588e+02, 3.71041626e+02, 2.11051758e+02, 3.76004364e+02,
    2.28389175e+02, 3.80342468e+02, 2.45494705e+02, 3.62968201e+02,
    2.68052765e+02, 3.73060150e+02, 2.69476318e+02, 3.84233276e+02,
    2.70584869e+02, 3.92178375e+02, 2.65122192e+02, 3.98833527e+02,
    2.59103912e+02, 2.90752014e+02, 2.17541962e+02, 3.04960480e+02,
    2.06178970e+02, 3.17548248e+02, 2.05364838e+02, 3.32080627e+02,
    2.15094864e+02, 3.18959106e+02, 2.19997986e+02, 3.04868896e+02,
    2.22128387e+02, 3.92577301e+02, 1.99074432e+02, 4.02899658e+02,
    1.85848709e+02, 4.15548431e+02, 1.83545578e+02, 4.30878845e+02,
    1.90443604e+02, 4.21233093e+02, 1.96963257e+02, 4.07572723e+02,
    2.01274033e+02, 3.45930206e+02, 3.16155457e+02, 3.61585663e+02,
    2.97139954e+02, 3.77086609e+02, 2.90307343e+02, 3.87853149e+02,
    2.89729523e+02, 3.97393158e+02, 2.86192413e+02, 4.11437469e+02,
    2.87616547e+02, 4.27185150e+02, 2.99397705e+02, 4.18500397e+02,
    3.08495819e+02, 4.07166809e+02, 3.16047058e+02, 3.96919250e+02,
    3.19213409e+02, 3.86993713e+02, 3.21174805e+02, 3.69873322e+02,
    3.22224335e+02, 3.52367615e+02, 3.15912781e+02, 3.79973083e+02,
    3.04977081e+02, 3.91196442e+02, 3.03056488e+02, 4.02067627e+02,
    2.99308502e+02, 4.22175079e+02, 3.00582367e+02, 4.02067627e+02,
    2.99308502e+02, 3.91196442e+02, 3.03056488e+02, 3.79973083e+02,
    3.04977081e+02 ]
noOfLandmarkPoint: 68
