%YAML:1.0
landmark: [ 1.16538208e+02, 1.65122543e+02, 1.19220535e+02,
    1.86409622e+02, 1.24649216e+02, 2.07665268e+02, 1.32033646e+02,
    2.27998383e+02, 1.41848969e+02, 2.47132584e+02, 1.55343033e+02,
    2.61447845e+02, 1.77001190e+02, 2.74535339e+02, 1.98517227e+02,
    2.82814026e+02, 2.22381897e+02, 2.85770752e+02, 2.41954514e+02,
    2.77719482e+02, 2.57363434e+02, 2.63923767e+02, 2.71358887e+02,
    2.47676880e+02, 2.77750122e+02, 2.29887222e+02, 2.80377106e+02,
    2.08788696e+02, 2.81716339e+02, 1.90270767e+02, 2.82911316e+02,
    1.70939026e+02, 2.84003448e+02, 1.52225449e+02, 1.35880707e+02,
    1.58125549e+02, 1.47977585e+02, 1.46989655e+02, 1.63338623e+02,
    1.40571838e+02, 1.81648529e+02, 1.43588272e+02, 1.97426010e+02,
    1.51559860e+02, 2.22125504e+02, 1.47754852e+02, 2.35113403e+02,
    1.39776962e+02, 2.49109680e+02, 1.34091919e+02, 2.65339508e+02,
    1.36413223e+02, 2.75498138e+02, 1.47389496e+02, 2.13818008e+02,
    1.64560745e+02, 2.15213211e+02, 1.74850754e+02, 2.16214508e+02,
    1.85293457e+02, 2.17462006e+02, 1.97404663e+02, 2.01751495e+02,
    2.07170044e+02, 2.09529205e+02, 2.09522186e+02, 2.17430099e+02,
    2.10633972e+02, 2.24123535e+02, 2.08329041e+02, 2.30393646e+02,
    2.06146896e+02, 1.62307343e+02, 1.66581192e+02, 1.70219131e+02,
    1.62542160e+02, 1.80741806e+02, 1.61711716e+02, 1.89243912e+02,
    1.66183380e+02, 1.81796494e+02, 1.68368286e+02, 1.72126068e+02,
    1.69167953e+02, 2.32614777e+02, 1.61661591e+02, 2.39505051e+02,
    1.56300934e+02, 2.48260147e+02, 1.56065186e+02, 2.56149048e+02,
    1.59967987e+02, 2.50338455e+02, 1.63236877e+02, 2.41695343e+02,
    1.63824005e+02, 1.88420868e+02, 2.34230606e+02, 1.98233368e+02,
    2.28859390e+02, 2.11001221e+02, 2.24197617e+02, 2.16789246e+02,
    2.25832504e+02, 2.23937088e+02, 2.23675903e+02, 2.33422348e+02,
    2.26402084e+02, 2.43256622e+02, 2.30725174e+02, 2.34716141e+02,
    2.35385330e+02, 2.25568329e+02, 2.40763016e+02, 2.18918625e+02,
    2.41593124e+02, 2.11433014e+02, 2.41447052e+02, 1.99496521e+02,
    2.37394257e+02, 1.94107025e+02, 2.34341934e+02, 2.11252579e+02,
    2.31426483e+02, 2.17900909e+02, 2.31323944e+02, 2.24393814e+02,
    2.30955215e+02, 2.40050247e+02, 2.30715591e+02, 2.24393814e+02,
    2.30955215e+02, 2.17900909e+02, 2.31323944e+02, 2.11252579e+02,
    2.31426483e+02 ]
noOfLandmarkPoint: 68
