%YAML:1.0
landmark: [ 5.16192055e+01, 9.38024597e+01, 5.50397034e+01,
    1.07562157e+02, 5.74008560e+01, 1.20432938e+02, 6.07143669e+01,
    1.33914230e+02, 6.60471802e+01, 1.45642960e+02, 7.43478012e+01,
    1.55200226e+02, 8.45906982e+01, 1.63615433e+02, 9.55943146e+01,
    1.69861130e+02, 1.06410164e+02, 1.70851044e+02, 1.19205833e+02,
    1.68604477e+02, 1.30029434e+02, 1.61668564e+02, 1.39001205e+02,
    1.52953857e+02, 1.45530289e+02, 1.42664551e+02, 1.51053604e+02,
    1.30211014e+02, 1.53308914e+02, 1.17550766e+02, 1.54849686e+02,
    1.04109955e+02, 1.54819092e+02, 9.09938354e+01, 5.64778442e+01,
    8.07812271e+01, 6.61076508e+01, 7.91103287e+01, 7.56756134e+01,
    7.95089188e+01, 8.31130066e+01, 8.13463593e+01, 9.12737274e+01,
    8.51386414e+01, 1.06970177e+02, 8.45952911e+01, 1.15602921e+02,
    7.99673462e+01, 1.24716759e+02, 7.67075272e+01, 1.34507050e+02,
    7.59880066e+01, 1.44239883e+02, 7.80021667e+01, 9.96873169e+01,
    9.53105087e+01, 9.97168579e+01, 1.02745850e+02, 9.99116974e+01,
    1.11097801e+02, 9.99870605e+01, 1.20039536e+02, 9.43395920e+01,
    1.25497086e+02, 9.81095428e+01, 1.26639145e+02, 1.01087296e+02,
    1.27771446e+02, 1.04608994e+02, 1.26375679e+02, 1.09041916e+02,
    1.25115753e+02, 6.78411331e+01, 9.54211731e+01, 7.37010345e+01,
    9.18375626e+01, 8.09914627e+01, 9.22130737e+01, 8.70365143e+01,
    9.75217361e+01, 8.03662415e+01, 9.89928665e+01, 7.27512436e+01,
    9.85364304e+01, 1.15783089e+02, 9.61689758e+01, 1.22068069e+02,
    8.99628525e+01, 1.28601151e+02, 8.94580917e+01, 1.34597366e+02,
    9.34596863e+01, 1.29880264e+02, 9.63858032e+01, 1.22402924e+02,
    9.69642181e+01, 8.52122574e+01, 1.40805237e+02, 9.09838104e+01,
    1.38022659e+02, 9.61436157e+01, 1.36913361e+02, 1.00635864e+02,
    1.36812332e+02, 1.06974174e+02, 1.36382080e+02, 1.14366623e+02,
    1.38407242e+02, 1.20966873e+02, 1.39755264e+02, 1.14234032e+02,
    1.46014404e+02, 1.07363098e+02, 1.48979630e+02, 1.01086449e+02,
    1.49322678e+02, 9.56043015e+01, 1.48253296e+02, 9.08297653e+01,
    1.45191132e+02, 8.81709442e+01, 1.41147903e+02, 9.61018753e+01,
    1.41429901e+02, 1.01066269e+02, 1.41384430e+02, 1.07311958e+02,
    1.41480225e+02, 1.18411087e+02, 1.40428268e+02, 1.07311958e+02,
    1.41480225e+02, 1.01066269e+02, 1.41384430e+02, 9.61018753e+01,
    1.41429901e+02 ]
noOfLandmarkPoint: 68
