%YAML:1.0
landmark: [ 1.22014641e+02, 1.10174095e+02, 1.22403984e+02,
    1.26423172e+02, 1.24345085e+02, 1.42697098e+02, 1.25605934e+02,
    1.58710495e+02, 1.30955917e+02, 1.76538269e+02, 1.43910034e+02,
    1.89360519e+02, 1.59222076e+02, 1.97221939e+02, 1.73468887e+02,
    2.04045288e+02, 1.86618378e+02, 2.05778580e+02, 1.96516327e+02,
    2.03691452e+02, 2.06273224e+02, 1.94321945e+02, 2.13801910e+02,
    1.84883041e+02, 2.19312881e+02, 1.73784821e+02, 2.25041199e+02,
    1.58937881e+02, 2.28928696e+02, 1.45860077e+02, 2.31615952e+02,
    1.32394897e+02, 2.29916199e+02, 1.20342735e+02, 1.34118744e+02,
    9.78214340e+01, 1.45996307e+02, 9.12108459e+01, 1.57661102e+02,
    8.66850815e+01, 1.73712891e+02, 8.69672241e+01, 1.85167221e+02,
    9.31545944e+01, 2.02209763e+02, 9.84612808e+01, 2.10843369e+02,
    9.29544983e+01, 2.19999496e+02, 9.16267166e+01, 2.28818176e+02,
    9.54580002e+01, 2.34060928e+02, 1.01816124e+02, 1.94672073e+02,
    1.12264839e+02, 1.95065186e+02, 1.21399620e+02, 1.96478195e+02,
    1.29705353e+02, 1.97714279e+02, 1.38329086e+02, 1.85590439e+02,
    1.50101410e+02, 1.90290817e+02, 1.51303955e+02, 1.94567978e+02,
    1.53391068e+02, 1.98455490e+02, 1.52224365e+02, 2.01601791e+02,
    1.49996170e+02, 1.50959534e+02, 1.10729736e+02, 1.59151428e+02,
    1.04431992e+02, 1.68372406e+02, 1.04009842e+02, 1.74417068e+02,
    1.13235596e+02, 1.67623734e+02, 1.15055183e+02, 1.58737305e+02,
    1.14966034e+02, 2.03294327e+02, 1.15399139e+02, 2.09840546e+02,
    1.07663490e+02, 2.19269028e+02, 1.07897942e+02, 2.22988403e+02,
    1.13062798e+02, 2.19535858e+02, 1.17450569e+02, 2.11875748e+02,
    1.17552589e+02, 1.67973221e+02, 1.72145874e+02, 1.78877670e+02,
    1.65000656e+02, 1.87548920e+02, 1.62059769e+02, 1.92196716e+02,
    1.64187759e+02, 1.96435120e+02, 1.62637085e+02, 2.03578369e+02,
    1.67647842e+02, 2.08385864e+02, 1.76216263e+02, 2.02558029e+02,
    1.79567657e+02, 1.94742844e+02, 1.79968735e+02, 1.89983749e+02,
    1.79558945e+02, 1.84574280e+02, 1.79120560e+02, 1.77224213e+02,
    1.77235321e+02, 1.72029526e+02, 1.71887329e+02, 1.86444672e+02,
    1.70952591e+02, 1.91046783e+02, 1.71402603e+02, 1.95275635e+02,
    1.71652588e+02, 2.04854233e+02, 1.74610413e+02, 1.95275635e+02,
    1.71652588e+02, 1.91046783e+02, 1.71402603e+02, 1.86444672e+02,
    1.70952591e+02 ]
noOfLandmarkPoint: 68
