%YAML:1.0
landmark: [ 1.96070923e+02, 1.86903549e+02, 1.95670227e+02,
    2.00948227e+02, 1.99511063e+02, 2.16904114e+02, 2.02587418e+02,
    2.30796768e+02, 2.05683685e+02, 2.43275604e+02, 2.10671234e+02,
    2.55600937e+02, 2.18926987e+02, 2.66779572e+02, 2.29915222e+02,
    2.73735138e+02, 2.44973053e+02, 2.73716675e+02, 2.59228058e+02,
    2.73085785e+02, 2.70196381e+02, 2.66130219e+02, 2.80343414e+02,
    2.55085144e+02, 2.90595001e+02, 2.44285553e+02, 2.97039612e+02,
    2.31341873e+02, 2.98800476e+02, 2.13256851e+02, 2.97676208e+02,
    1.96399750e+02, 2.98325592e+02, 1.80080093e+02, 1.91829391e+02,
    1.67028641e+02, 1.96499069e+02, 1.62243271e+02, 2.02478043e+02,
    1.63948029e+02, 2.10414337e+02, 1.66254105e+02, 2.17536896e+02,
    1.71605774e+02, 2.35645920e+02, 1.69519958e+02, 2.44481842e+02,
    1.64317032e+02, 2.55038742e+02, 1.61195160e+02, 2.65701477e+02,
    1.60276474e+02, 2.75490173e+02, 1.63924896e+02, 2.26994949e+02,
    1.80504318e+02, 2.24525528e+02, 1.88087173e+02, 2.22519150e+02,
    1.97718399e+02, 2.20207260e+02, 2.07788681e+02, 2.13621780e+02,
    2.14499481e+02, 2.18276169e+02, 2.17515106e+02, 2.24028183e+02,
    2.18451523e+02, 2.30277557e+02, 2.16789001e+02, 2.36335068e+02,
    2.15375153e+02, 2.01363968e+02, 1.79736221e+02, 2.05491837e+02,
    1.74958984e+02, 2.13116684e+02, 1.75436417e+02, 2.19461243e+02,
    1.80213654e+02, 2.12887924e+02, 1.81991287e+02, 2.05989182e+02,
    1.82163223e+02, 2.47272873e+02, 1.80650497e+02, 2.53636093e+02,
    1.74528427e+02, 2.60580780e+02, 1.74585495e+02, 2.67403961e+02,
    1.77726868e+02, 2.62183807e+02, 1.82114304e+02, 2.54205872e+02,
    1.81994492e+02, 2.11473480e+02, 2.40304337e+02, 2.13023743e+02,
    2.35356537e+02, 2.17969772e+02, 2.35097092e+02, 2.23584167e+02,
    2.37079895e+02, 2.30193085e+02, 2.34772263e+02, 2.44075302e+02,
    2.35251282e+02, 2.56074951e+02, 2.40026443e+02, 2.46845886e+02,
    2.48510361e+02, 2.32897842e+02, 2.52943741e+02, 2.25291458e+02,
    2.53325974e+02, 2.19137283e+02, 2.53058838e+02, 2.13442093e+02,
    2.47937729e+02, 2.13448334e+02, 2.40712189e+02, 2.18581497e+02,
    2.41665100e+02, 2.24011185e+02, 2.42586411e+02, 2.31196960e+02,
    2.41682129e+02, 2.53382828e+02, 2.40111420e+02, 2.31196960e+02,
    2.41682129e+02, 2.24011185e+02, 2.42586411e+02, 2.18581497e+02,
    2.41665100e+02 ]
noOfLandmarkPoint: 68
