%YAML:1.0
landmark: [ 6.11815948e+01, 1.48991364e+02, 6.27065048e+01,
    1.68480164e+02, 6.50126724e+01, 1.89673737e+02, 6.72404099e+01,
    2.12830948e+02, 7.55712280e+01, 2.25897980e+02, 8.65318375e+01,
    2.35551605e+02, 1.03219360e+02, 2.48648193e+02, 1.20507874e+02,
    2.58592194e+02, 1.37370193e+02, 2.59900391e+02, 1.55860413e+02,
    2.58229889e+02, 1.70485352e+02, 2.49349716e+02, 1.84793228e+02,
    2.37923096e+02, 1.96303085e+02, 2.26399902e+02, 2.03706436e+02,
    2.14167023e+02, 2.05467972e+02, 1.90561584e+02, 2.11158051e+02,
    1.64803345e+02, 2.13184937e+02, 1.45462845e+02, 7.90844803e+01,
    1.23019501e+02, 8.67062912e+01, 1.16635483e+02, 9.70398941e+01,
    1.16345634e+02, 1.06232971e+02, 1.18640343e+02, 1.17864868e+02,
    1.22346878e+02, 1.54571259e+02, 1.23916344e+02, 1.68722504e+02,
    1.21209267e+02, 1.80557266e+02, 1.20197769e+02, 1.92002960e+02,
    1.25285637e+02, 1.99085632e+02, 1.33130966e+02, 1.37686386e+02,
    1.36022583e+02, 1.37203796e+02, 1.48556702e+02, 1.37068344e+02,
    1.62818573e+02, 1.36334122e+02, 1.76754227e+02, 1.23719551e+02,
    1.84905487e+02, 1.29707642e+02, 1.87783875e+02, 1.35457230e+02,
    1.91625336e+02, 1.43119171e+02, 1.88280930e+02, 1.48510529e+02,
    1.86113907e+02, 9.38299484e+01, 1.40989227e+02, 1.01441338e+02,
    1.36275925e+02, 1.10137650e+02, 1.37498978e+02, 1.18831184e+02,
    1.44549850e+02, 1.07775902e+02, 1.45884491e+02, 1.00538536e+02,
    1.44590118e+02, 1.57764648e+02, 1.45719864e+02, 1.66088425e+02,
    1.39500198e+02, 1.74868073e+02, 1.40243256e+02, 1.82143585e+02,
    1.45828278e+02, 1.74801285e+02, 1.48788361e+02, 1.65827026e+02,
    1.47990646e+02, 1.03681610e+02, 2.06618896e+02, 1.16486252e+02,
    2.02916245e+02, 1.28273315e+02, 2.01614914e+02, 1.35665588e+02,
    2.03089371e+02, 1.43957672e+02, 2.02379410e+02, 1.55719818e+02,
    2.04577362e+02, 1.69014099e+02, 2.09770340e+02, 1.56596558e+02,
    2.18164581e+02, 1.44381409e+02, 2.22751190e+02, 1.36108810e+02,
    2.23417450e+02, 1.27966255e+02, 2.23170486e+02, 1.16307251e+02,
    2.18579147e+02, 1.10262146e+02, 2.08252441e+02, 1.28120438e+02,
    2.08950104e+02, 1.35447327e+02, 2.09310440e+02, 1.44384766e+02,
    2.09434341e+02, 1.59376297e+02, 2.09695206e+02, 1.44470016e+02,
    2.13939682e+02, 1.35701004e+02, 2.14683777e+02, 1.28102066e+02,
    2.14113586e+02 ]
noOfLandmarkPoint: 68
