%YAML:1.0
landmark: [ 2.95422668e+01, 1.36733307e+02, 2.52068310e+01,
    1.63019333e+02, 1.80388832e+01, 1.94361282e+02, 2.50811462e+01,
    2.19826569e+02, 3.51608658e+01, 2.40731598e+02, 5.07890472e+01,
    2.62815186e+02, 6.88851395e+01, 2.78145050e+02, 9.08007965e+01,
    2.91576080e+02, 1.17850075e+02, 2.95452332e+02, 1.39912781e+02,
    2.95133942e+02, 1.56260651e+02, 2.90435791e+02, 1.73332077e+02,
    2.75939514e+02, 1.80349396e+02, 2.53580200e+02, 1.86241440e+02,
    2.32693802e+02, 1.90804184e+02, 2.12667297e+02, 1.97901779e+02,
    1.91881500e+02, 2.03572525e+02, 1.70375183e+02, 6.24342117e+01,
    1.06889130e+02, 8.15427856e+01, 1.01952866e+02, 1.02592056e+02,
    1.02861916e+02, 1.18668243e+02, 1.05101402e+02, 1.34218887e+02,
    1.13485214e+02, 1.63191360e+02, 1.19569824e+02, 1.75147232e+02,
    1.15877037e+02, 1.86522263e+02, 1.18875443e+02, 1.98296417e+02,
    1.21812988e+02, 2.07510941e+02, 1.29408875e+02, 1.45946930e+02,
    1.34221329e+02, 1.45935181e+02, 1.49300095e+02, 1.46950516e+02,
    1.65772736e+02, 1.48471420e+02, 1.83005585e+02, 1.22870552e+02,
    1.95938187e+02, 1.32756256e+02, 2.00500000e+02, 1.41880341e+02,
    2.05314148e+02, 1.48217712e+02, 2.03539978e+02, 1.53794846e+02,
    2.00500000e+02, 7.69940796e+01, 1.39916748e+02, 9.37181091e+01,
    1.40424652e+02, 1.04870544e+02, 1.40931625e+02, 1.16447052e+02,
    1.41565491e+02, 1.04616829e+02, 1.44478561e+02, 9.29578857e+01,
    1.43211838e+02, 1.61407516e+02, 1.51003250e+02, 1.70524429e+02,
    1.52591019e+02, 1.78889206e+02, 1.55125885e+02, 1.88014221e+02,
    1.58675140e+02, 1.78354980e+02, 1.57695099e+02, 1.69348969e+02,
    1.54939041e+02, 1.00559212e+02, 2.32693344e+02, 1.20324150e+02,
    2.26103180e+02, 1.30212616e+02, 2.23566025e+02, 1.35393509e+02,
    2.26324615e+02, 1.40866394e+02, 2.25593445e+02, 1.49689331e+02,
    2.31148911e+02, 1.57109955e+02, 2.38922729e+02, 1.48087311e+02,
    2.46462265e+02, 1.40219620e+02, 2.46939865e+02, 1.34924362e+02,
    2.46822952e+02, 1.27866127e+02, 2.45121658e+02, 1.16371864e+02,
    2.41840714e+02, 1.07400780e+02, 2.32693344e+02, 1.28942657e+02,
    2.31424301e+02, 1.35284637e+02, 2.32945206e+02, 1.40864090e+02,
    2.33705902e+02, 1.51702591e+02, 2.38060516e+02, 1.40864090e+02,
    2.33705902e+02, 1.35284637e+02, 2.32945206e+02, 1.28942657e+02,
    2.31424301e+02 ]
noOfLandmarkPoint: 68
