%YAML:1.0
landmark: [ 1.67980774e+02, 1.43548676e+02, 1.71180878e+02,
    1.68760178e+02, 1.76484085e+02, 1.90953278e+02, 1.86506363e+02,
    2.07109573e+02, 2.02500504e+02, 2.23668320e+02, 2.17715607e+02,
    2.36604980e+02, 2.33940033e+02, 2.47013351e+02, 2.49210098e+02,
    2.51108932e+02, 2.67171661e+02, 2.49480713e+02, 2.80342072e+02,
    2.43751755e+02, 2.90477570e+02, 2.32678131e+02, 2.96429871e+02,
    2.16024323e+02, 2.98798676e+02, 1.97139069e+02, 3.00074158e+02,
    1.77156296e+02, 2.99223846e+02, 1.58874176e+02, 3.00453918e+02,
    1.41442383e+02, 3.00363068e+02, 1.24727837e+02, 1.86799820e+02,
    1.43189423e+02, 1.93004120e+02, 1.27198685e+02, 2.04535736e+02,
    1.18441536e+02, 2.17975952e+02, 1.16938065e+02, 2.31877472e+02,
    1.21011368e+02, 2.58236450e+02, 1.17916603e+02, 2.70627411e+02,
    1.11949371e+02, 2.82350372e+02, 1.08511894e+02, 2.92969604e+02,
    1.17098480e+02, 2.98801544e+02, 1.28816849e+02, 2.48621719e+02,
    1.32041382e+02, 2.51790497e+02, 1.46192215e+02, 2.54818375e+02,
    1.61568069e+02, 2.57955292e+02, 1.76588608e+02, 2.43033859e+02,
    1.81518326e+02, 2.49745651e+02, 1.84001190e+02, 2.56583496e+02,
    1.85394562e+02, 2.64022766e+02, 1.82323242e+02, 2.69303284e+02,
    1.78876495e+02, 2.08613113e+02, 1.40238770e+02, 2.12447311e+02,
    1.35207779e+02, 2.18976898e+02, 1.34337112e+02, 2.24872543e+02,
    1.38126862e+02, 2.20751587e+02, 1.41403870e+02, 2.13638458e+02,
    1.42085922e+02, 2.64471222e+02, 1.31838913e+02, 2.71278107e+02,
    1.25865372e+02, 2.77376404e+02, 1.25479301e+02, 2.79603790e+02,
    1.28119873e+02, 2.78223755e+02, 1.31912659e+02, 2.71751068e+02,
    1.33291000e+02, 2.31174637e+02, 2.08102524e+02, 2.40593246e+02,
    2.03247192e+02, 2.52426270e+02, 1.99420410e+02, 2.59122009e+02,
    1.99758194e+02, 2.64785431e+02, 1.98839737e+02, 2.70737762e+02,
    1.97340302e+02, 2.77316467e+02, 1.98570374e+02, 2.71724335e+02,
    2.06804321e+02, 2.66129059e+02, 2.10585388e+02, 2.60598724e+02,
    2.12957870e+02, 2.52786774e+02, 2.13227234e+02, 2.40877808e+02,
    2.11003006e+02, 2.34374741e+02, 2.07096390e+02, 2.52965286e+02,
    2.07050980e+02, 2.59368652e+02, 2.06223358e+02, 2.65379913e+02,
    2.04468063e+02, 2.74184509e+02, 1.99420700e+02, 2.65379913e+02,
    2.04468063e+02, 2.59368652e+02, 2.06223358e+02, 2.52965286e+02,
    2.07050980e+02 ]
noOfLandmarkPoint: 68
