%YAML:1.0
landmark: [ 1.46857788e+02, 1.81877167e+02, 1.39279709e+02,
    2.02107956e+02, 1.33777374e+02, 2.30023758e+02, 1.37524734e+02,
    2.61267059e+02, 1.41561478e+02, 2.89289764e+02, 1.47681824e+02,
    3.17312500e+02, 1.55615662e+02, 3.42755920e+02, 1.69148651e+02,
    3.65360016e+02, 2.00407623e+02, 3.75968353e+02, 2.32375870e+02,
    3.73472717e+02, 2.65097748e+02, 3.66815460e+02, 2.95571686e+02,
    3.56997131e+02, 3.28577820e+02, 3.35926636e+02, 3.51724091e+02,
    3.03102966e+02, 3.68750000e+02, 2.70188080e+02, 3.81097626e+02,
    2.40006226e+02, 3.92415192e+02, 2.07748596e+02, 1.51932419e+02,
    1.39561523e+02, 1.62738907e+02, 1.27388527e+02, 1.77284897e+02,
    1.24793831e+02, 1.89632523e+02, 1.26251572e+02, 2.01255203e+02,
    1.32494537e+02, 2.52178955e+02, 1.32585770e+02, 2.78561462e+02,
    1.27487610e+02, 3.03906128e+02, 1.30090149e+02, 3.24861847e+02,
    1.42758545e+02, 3.38766296e+02, 1.68202271e+02, 2.19196381e+02,
    1.67667648e+02, 2.11511368e+02, 1.82388260e+02, 2.02689392e+02,
    1.98994324e+02, 1.95408554e+02, 2.13722778e+02, 1.86091187e+02,
    2.32725372e+02, 1.93677109e+02, 2.36052872e+02, 2.03636047e+02,
    2.39693298e+02, 2.18685287e+02, 2.39693298e+02, 2.31124130e+02,
    2.37609680e+02, 1.63776779e+02, 1.72330246e+02, 1.75811478e+02,
    1.64011520e+02, 1.89945450e+02, 1.64431381e+02, 2.04162827e+02,
    1.73581985e+02, 1.89452591e+02, 1.73319229e+02, 1.76051010e+02,
    1.73363327e+02, 2.63092377e+02, 1.75649887e+02, 2.76378784e+02,
    1.70971588e+02, 2.88413483e+02, 1.71803467e+02, 3.02325745e+02,
    1.78038589e+02, 2.88207458e+02, 1.77412720e+02, 2.76065857e+02,
    1.76893784e+02, 1.63990646e+02, 2.79132690e+02, 1.70820236e+02,
    2.57238159e+02, 1.91372208e+02, 2.52879471e+02, 2.01128204e+02,
    2.55762543e+02, 2.15575134e+02, 2.54451172e+02, 2.46371536e+02,
    2.59817169e+02, 2.78066010e+02, 2.83134796e+02, 2.46860565e+02,
    3.07277954e+02, 2.16546753e+02, 3.13893768e+02, 2.01132584e+02,
    3.13160980e+02, 1.91830902e+02, 3.13267914e+02, 1.69065262e+02,
    3.05475983e+02, 1.69782364e+02, 2.79750702e+02, 1.91535538e+02,
    2.62661499e+02, 2.01493958e+02, 2.62302643e+02, 2.15814346e+02,
    2.63282715e+02, 2.73568390e+02, 2.83419403e+02, 2.15790421e+02,
    3.02057251e+02, 2.01521042e+02, 3.01760010e+02, 1.91090256e+02,
    3.01447083e+02 ]
noOfLandmarkPoint: 68
