%YAML:1.0
landmark: [ 5.98451614e+01, 1.58902863e+02, 6.35577011e+01,
    1.82831146e+02, 6.82407837e+01, 2.04597839e+02, 6.88414001e+01,
    2.20537430e+02, 7.31892090e+01, 2.40906387e+02, 8.89913864e+01,
    2.55034607e+02, 1.09997093e+02, 2.66540833e+02, 1.29113449e+02,
    2.72840576e+02, 1.50292969e+02, 2.72373688e+02, 1.69651672e+02,
    2.71605713e+02, 1.83260147e+02, 2.58332153e+02, 1.94100769e+02,
    2.43205521e+02, 1.99687485e+02, 2.26737747e+02, 2.01628632e+02,
    2.08173141e+02, 2.01741882e+02, 1.91139923e+02, 2.03027374e+02,
    1.75888489e+02, 2.04323105e+02, 1.59877014e+02, 8.63943634e+01,
    1.49553543e+02, 9.60975189e+01, 1.42021484e+02, 1.08985863e+02,
    1.38934570e+02, 1.21188995e+02, 1.40697968e+02, 1.35413803e+02,
    1.42219955e+02, 1.62194763e+02, 1.41394455e+02, 1.74067688e+02,
    1.38392197e+02, 1.86056580e+02, 1.38147125e+02, 1.97065735e+02,
    1.40147293e+02, 1.99352539e+02, 1.50784821e+02, 1.50836899e+02,
    1.57243179e+02, 1.52860001e+02, 1.68935059e+02, 1.55618500e+02,
    1.80678848e+02, 1.58115723e+02, 1.92739075e+02, 1.39286392e+02,
    2.01016083e+02, 1.47418686e+02, 2.02851868e+02, 1.55235672e+02,
    2.06787704e+02, 1.61319016e+02, 2.04294861e+02, 1.66278320e+02,
    2.01159821e+02, 1.03759399e+02, 1.57819458e+02, 1.12002174e+02,
    1.54619568e+02, 1.21522438e+02, 1.54322357e+02, 1.26583488e+02,
    1.59528976e+02, 1.19718178e+02, 1.61504715e+02, 1.10942810e+02,
    1.61374939e+02, 1.64731308e+02, 1.59591904e+02, 1.72151672e+02,
    1.53441360e+02, 1.80572754e+02, 1.52910675e+02, 1.86720871e+02,
    1.57501877e+02, 1.81625092e+02, 1.59923004e+02, 1.73455200e+02,
    1.60411118e+02, 1.19778976e+02, 2.24680588e+02, 1.29676437e+02,
    2.18958817e+02, 1.42173126e+02, 2.16596542e+02, 1.51951920e+02,
    2.19422852e+02, 1.60605942e+02, 2.16312531e+02, 1.69044983e+02,
    2.17068848e+02, 1.76634552e+02, 2.21087753e+02, 1.69595261e+02,
    2.29022842e+02, 1.60765778e+02, 2.34050751e+02, 1.51114365e+02,
    2.35217102e+02, 1.42379684e+02, 2.34251526e+02, 1.30397049e+02,
    2.31614380e+02, 1.23116943e+02, 2.25013397e+02, 1.42418655e+02,
    2.25499557e+02, 1.52060654e+02, 2.26056961e+02, 1.60696564e+02,
    2.24498718e+02, 1.72903091e+02, 2.24154968e+02, 1.60696564e+02,
    2.24498718e+02, 1.52060654e+02, 2.26056961e+02, 1.42418655e+02,
    2.25499557e+02 ]
noOfLandmarkPoint: 68
