%YAML:1.0
landmark: [ 2.42027557e+02, 1.41000839e+02, 2.44863403e+02,
    1.54655899e+02, 2.47361084e+02, 1.67713638e+02, 2.50664307e+02,
    1.83326248e+02, 2.56901031e+02, 1.98617752e+02, 2.65217041e+02,
    2.07686172e+02, 2.78535278e+02, 2.16077988e+02, 2.93081268e+02,
    2.23180252e+02, 3.12619232e+02, 2.26073837e+02, 3.30127594e+02,
    2.21818207e+02, 3.43126221e+02, 2.11607834e+02, 3.52209167e+02,
    2.00664871e+02, 3.58760376e+02, 1.89386810e+02, 3.61882385e+02,
    1.77172729e+02, 3.63670197e+02, 1.62450089e+02, 3.65357056e+02,
    1.47835052e+02, 3.66070221e+02, 1.32233246e+02, 2.54071533e+02,
    1.21170929e+02, 2.65483917e+02, 1.18116554e+02, 2.77177734e+02,
    1.18214218e+02, 2.88324615e+02, 1.17559288e+02, 2.98398743e+02,
    1.22140877e+02, 3.11438049e+02, 1.19924347e+02, 3.21741608e+02,
    1.14854965e+02, 3.33385681e+02, 1.12840714e+02, 3.44469055e+02,
    1.12692253e+02, 3.53657349e+02, 1.17409775e+02, 3.06481995e+02,
    1.32317917e+02, 3.07185822e+02, 1.41695801e+02, 3.07907257e+02,
    1.52232773e+02, 3.08837189e+02, 1.63565704e+02, 2.96957092e+02,
    1.70942841e+02, 3.02789246e+02, 1.71758759e+02, 3.08894165e+02,
    1.73780838e+02, 3.13397797e+02, 1.71051254e+02, 3.18793457e+02,
    1.69203598e+02, 2.68051422e+02, 1.38079391e+02, 2.73918884e+02,
    1.34202209e+02, 2.82342377e+02, 1.33233780e+02, 2.88641510e+02,
    1.37013962e+02, 2.82137329e+02, 1.38984497e+02, 2.74735809e+02,
    1.40243011e+02, 3.23253265e+02, 1.34824432e+02, 3.28618408e+02,
    1.30673599e+02, 3.36158112e+02, 1.29965820e+02, 3.41757294e+02,
    1.33427094e+02, 3.36551392e+02, 1.35445801e+02, 3.29472382e+02,
    1.35749435e+02, 2.91784454e+02, 1.94477966e+02, 2.97755249e+02,
    1.87749344e+02, 3.03577698e+02, 1.84095108e+02, 3.09465271e+02,
    1.86225800e+02, 3.14529633e+02, 1.83446381e+02, 3.21586914e+02,
    1.86311600e+02, 3.27398499e+02, 1.91827377e+02, 3.22557190e+02,
    1.95923676e+02, 3.15610260e+02, 1.97438339e+02, 3.10492615e+02,
    1.97987473e+02, 3.04728943e+02, 1.97937683e+02, 2.99108917e+02,
    1.97083252e+02, 2.94821259e+02, 1.93678680e+02, 3.04053009e+02,
    1.90820480e+02, 3.09545624e+02, 1.90618378e+02, 3.15006012e+02,
    1.89570282e+02, 3.24256653e+02, 1.90817490e+02, 3.15006012e+02,
    1.89570282e+02, 3.09545624e+02, 1.90618378e+02, 3.04053009e+02,
    1.90820480e+02 ]
noOfLandmarkPoint: 68
