%YAML:1.0
landmark: [ 1.57119324e+02, 8.87129288e+01, 1.58397522e+02,
    1.13954628e+02, 1.60583679e+02, 1.37285522e+02, 1.60902222e+02,
    1.60730682e+02, 1.66678955e+02, 1.80768768e+02, 1.82527496e+02,
    2.00932281e+02, 2.00382065e+02, 2.16306366e+02, 2.26351242e+02,
    2.35551605e+02, 2.50931839e+02, 2.37512756e+02, 2.77049988e+02,
    2.33315369e+02, 2.95380615e+02, 2.13652176e+02, 3.09459351e+02,
    1.93228973e+02, 3.21637512e+02, 1.71295303e+02, 3.26802246e+02,
    1.49085114e+02, 3.27960541e+02, 1.28368790e+02, 3.28810486e+02,
    1.07339676e+02, 3.28795746e+02, 8.60415649e+01, 1.78683441e+02,
    7.51706314e+01, 1.90579697e+02, 6.38556252e+01, 2.06754059e+02,
    6.07233849e+01, 2.22515289e+02, 6.32182159e+01, 2.37231354e+02,
    6.93077316e+01, 2.71492462e+02, 6.69113388e+01, 2.86496002e+02,
    6.15608253e+01, 2.99733093e+02, 6.03891182e+01, 3.12634094e+02,
    6.25114517e+01, 3.23191376e+02, 7.03836670e+01, 2.54539246e+02,
    8.47722015e+01, 2.56825836e+02, 1.04779808e+02, 2.59139160e+02,
    1.23372559e+02, 2.61222687e+02, 1.41680847e+02, 2.29801224e+02,
    1.41432388e+02, 2.44595932e+02, 1.47386002e+02, 2.60402710e+02,
    1.55071411e+02, 2.72269287e+02, 1.48743469e+02, 2.80702545e+02,
    1.42758194e+02, 1.94783508e+02, 8.54686890e+01, 2.06414551e+02,
    8.17431488e+01, 2.17080383e+02, 8.10000305e+01, 2.28069611e+02,
    8.92966919e+01, 2.18369446e+02, 8.90226974e+01, 2.05871429e+02,
    8.83793106e+01, 2.74508850e+02, 8.99704361e+01, 2.84238037e+02,
    8.12069778e+01, 2.96433685e+02, 8.06057663e+01, 3.06920593e+02,
    8.55662918e+01, 2.98619141e+02, 8.80850372e+01, 2.87532135e+02,
    8.86912766e+01, 2.01755173e+02, 1.60402054e+02, 2.24245926e+02,
    1.59244781e+02, 2.40551544e+02, 1.61714203e+02, 2.52887024e+02,
    1.65811768e+02, 2.65703308e+02, 1.62106979e+02, 2.82483124e+02,
    1.58098190e+02, 2.96827148e+02, 1.58592316e+02, 2.84445618e+02,
    1.84981079e+02, 2.66855591e+02, 1.95517059e+02, 2.51975998e+02,
    1.96507156e+02, 2.39247055e+02, 1.93345184e+02, 2.23336044e+02,
    1.87387939e+02, 2.07082855e+02, 1.63127731e+02, 2.40388153e+02,
    1.67841934e+02, 2.52565781e+02, 1.71434311e+02, 2.65958954e+02,
    1.68829956e+02, 2.94077362e+02, 1.61348343e+02, 2.66486572e+02,
    1.84684372e+02, 2.51692261e+02, 1.85263428e+02, 2.39732010e+02,
    1.85285049e+02 ]
noOfLandmarkPoint: 68
