%YAML:1.0
landmark: [ 1.42043625e+02, 1.33587250e+02, 1.41640945e+02,
    1.49291946e+02, 1.45265106e+02, 1.61775162e+02, 1.51136581e+02,
    1.74415207e+02, 1.55566116e+02, 1.87899170e+02, 1.60359787e+02,
    1.99941162e+02, 1.66503723e+02, 2.13072937e+02, 1.74166687e+02,
    2.24605911e+02, 1.89024811e+02, 2.25879089e+02, 2.01887924e+02,
    2.22711334e+02, 2.15689743e+02, 2.15697098e+02, 2.29022278e+02,
    2.04971481e+02, 2.37701813e+02, 1.92781876e+02, 2.46404053e+02,
    1.79052063e+02, 2.50987732e+02, 1.64191269e+02, 2.52027008e+02,
    1.48252670e+02, 2.51742615e+02, 1.32210419e+02, 1.42619812e+02,
    1.18144562e+02, 1.48388840e+02, 1.14971901e+02, 1.55869400e+02,
    1.14067863e+02, 1.63285751e+02, 1.14995682e+02, 1.68457458e+02,
    1.18670197e+02, 1.82283554e+02, 1.17992371e+02, 1.94655075e+02,
    1.13991615e+02, 2.05329910e+02, 1.12835106e+02, 2.16378922e+02,
    1.13084343e+02, 2.26577347e+02, 1.16388573e+02, 1.76482574e+02,
    1.31677109e+02, 1.75271683e+02, 1.39540161e+02, 1.73208542e+02,
    1.47923279e+02, 1.71343079e+02, 1.57597000e+02, 1.66874985e+02,
    1.64004288e+02, 1.71048874e+02, 1.66853241e+02, 1.76283768e+02,
    1.69541794e+02, 1.82726730e+02, 1.66645920e+02, 1.87105759e+02,
    1.62918106e+02, 1.51002930e+02, 1.31629166e+02, 1.56174606e+02,
    1.27160500e+02, 1.63930710e+02, 1.27603622e+02, 1.69421234e+02,
    1.33079041e+02, 1.62221603e+02, 1.35302368e+02, 1.55841782e+02,
    1.34871674e+02, 1.95191223e+02, 1.32813293e+02, 2.00016357e+02,
    1.26840775e+02, 2.08042953e+02, 1.26087418e+02, 2.15350632e+02,
    1.30158569e+02, 2.09674469e+02, 1.33607605e+02, 2.02312637e+02,
    1.33867447e+02, 1.65446381e+02, 1.88414139e+02, 1.66810150e+02,
    1.79300186e+02, 1.72801224e+02, 1.77096252e+02, 1.78043320e+02,
    1.78439255e+02, 1.83363693e+02, 1.76521606e+02, 1.91356934e+02,
    1.78844131e+02, 2.01123657e+02, 1.87381943e+02, 1.94045135e+02,
    1.95191498e+02, 1.85875854e+02, 1.99194992e+02, 1.80218704e+02,
    2.00319672e+02, 1.74619034e+02, 1.99581879e+02, 1.69482559e+02,
    1.95762726e+02, 1.68682129e+02, 1.87879730e+02, 1.73531784e+02,
    1.82221268e+02, 1.78325958e+02, 1.82530716e+02, 1.83978271e+02,
    1.81718689e+02, 1.97285248e+02, 1.87239899e+02, 1.85078888e+02,
    1.92660950e+02, 1.79664551e+02, 1.93706177e+02, 1.74801682e+02,
    1.92726990e+02 ]
noOfLandmarkPoint: 68
