%YAML:1.0
landmark: [ 1.76497345e+02, 1.52172531e+02, 1.77352066e+02,
    1.74146927e+02, 1.79834808e+02, 1.97344513e+02, 1.87136856e+02,
    2.18266068e+02, 1.99558075e+02, 2.42253784e+02, 2.08781494e+02,
    2.53794525e+02, 2.26796661e+02, 2.65325043e+02, 2.44436188e+02,
    2.71957123e+02, 2.65535675e+02, 2.75181671e+02, 2.85727173e+02,
    2.72273804e+02, 3.02985779e+02, 2.65067444e+02, 3.20790741e+02,
    2.53790329e+02, 3.31459351e+02, 2.40161621e+02, 3.42445801e+02,
    2.21514008e+02, 3.50761047e+02, 2.00987320e+02, 3.53920044e+02,
    1.78053101e+02, 3.56030151e+02, 1.55173141e+02, 2.04933136e+02,
    1.35380066e+02, 2.16764847e+02, 1.25497612e+02, 2.32736755e+02,
    1.23427719e+02, 2.49526474e+02, 1.28820496e+02, 2.65753540e+02,
    1.35340668e+02, 2.88141907e+02, 1.34467590e+02, 3.03247131e+02,
    1.28309113e+02, 3.16767883e+02, 1.25508492e+02, 3.30833374e+02,
    1.28016464e+02, 3.38412811e+02, 1.38632477e+02, 2.73512390e+02,
    1.45596512e+02, 2.73550568e+02, 1.57634094e+02, 2.73401642e+02,
    1.70477798e+02, 2.73266266e+02, 1.84548035e+02, 2.55438522e+02,
    1.96737656e+02, 2.64063141e+02, 1.98974777e+02, 2.71259552e+02,
    2.00970627e+02, 2.78987152e+02, 1.99767654e+02, 2.85798126e+02,
    1.98948578e+02, 2.20175903e+02, 1.49442688e+02, 2.29555145e+02,
    1.44673218e+02, 2.41982635e+02, 1.46113739e+02, 2.46574326e+02,
    1.52670929e+02, 2.38539703e+02, 1.53321396e+02, 2.29396011e+02,
    1.51750168e+02, 2.95714844e+02, 1.54716080e+02, 3.01891846e+02,
    1.47244736e+02, 3.14355286e+02, 1.48423492e+02, 3.23544983e+02,
    1.51816635e+02, 3.15946228e+02, 1.55861664e+02, 3.05240570e+02,
    1.56324371e+02, 2.31930420e+02, 2.23255035e+02, 2.45517960e+02,
    2.12930725e+02, 2.60306671e+02, 2.09338577e+02, 2.71332977e+02,
    2.10289871e+02, 2.82642151e+02, 2.09936905e+02, 2.97120422e+02,
    2.14544250e+02, 3.06484192e+02, 2.25713608e+02, 2.94710083e+02,
    2.40109558e+02, 2.82760071e+02, 2.46188843e+02, 2.69843445e+02,
    2.46770554e+02, 2.58253418e+02, 2.45531174e+02, 2.44694122e+02,
    2.36756042e+02, 2.35764435e+02, 2.24218369e+02, 2.59257965e+02,
    2.33658340e+02, 2.70431061e+02, 2.34423798e+02, 2.82476379e+02,
    2.34951141e+02, 3.02688080e+02, 2.25774750e+02, 2.82864349e+02,
    2.19409775e+02, 2.71151978e+02, 2.18336990e+02, 2.60135681e+02,
    2.17423889e+02 ]
noOfLandmarkPoint: 68
