%YAML:1.0
landmark: [ 1.19478065e+02, 1.36198868e+02, 1.21944069e+02,
    1.50078781e+02, 1.25691025e+02, 1.65820099e+02, 1.31074081e+02,
    1.82776489e+02, 1.37909439e+02, 1.98805405e+02, 1.54254288e+02,
    2.13400421e+02, 1.71645996e+02, 2.23838364e+02, 1.92757034e+02,
    2.33049271e+02, 2.05503876e+02, 2.32619293e+02, 2.17423599e+02,
    2.26933563e+02, 2.26986160e+02, 2.09319412e+02, 2.35554092e+02,
    1.93555649e+02, 2.41850952e+02, 1.78499527e+02, 2.46395309e+02,
    1.64858871e+02, 2.48872864e+02, 1.51556595e+02, 2.48295929e+02,
    1.38504898e+02, 2.46201767e+02, 1.26810135e+02, 1.48975800e+02,
    1.21110863e+02, 1.59681091e+02, 1.16922562e+02, 1.70857788e+02,
    1.15174599e+02, 1.81821869e+02, 1.16335045e+02, 1.91195389e+02,
    1.19721573e+02, 2.13341705e+02, 1.18852715e+02, 2.21534683e+02,
    1.13457909e+02, 2.29626831e+02, 1.10637756e+02, 2.38009323e+02,
    1.09780891e+02, 2.45584396e+02, 1.13253716e+02, 2.03581787e+02,
    1.30449524e+02, 2.06163925e+02, 1.40015869e+02, 2.09850296e+02,
    1.50242859e+02, 2.13699173e+02, 1.60728043e+02, 1.96118622e+02,
    1.69347198e+02, 2.02381882e+02, 1.70601212e+02, 2.07425949e+02,
    1.71920868e+02, 2.13655960e+02, 1.70438705e+02, 2.17504852e+02,
    1.67541245e+02, 1.62892624e+02, 1.33050201e+02, 1.69571671e+02,
    1.29612839e+02, 1.77408920e+02, 1.29752472e+02, 1.84170563e+02,
    1.34958298e+02, 1.76834351e+02, 1.36802002e+02, 1.70242035e+02,
    1.36765762e+02, 2.17598755e+02, 1.32171982e+02, 2.23678375e+02,
    1.26246117e+02, 2.30241623e+02, 1.25252136e+02, 2.35002182e+02,
    1.28376862e+02, 2.31454376e+02, 1.32725327e+02, 2.24341797e+02,
    1.33928085e+02, 1.72571045e+02, 1.83194946e+02, 1.84476730e+02,
    1.79702164e+02, 1.99993439e+02, 1.77855484e+02, 2.08050003e+02,
    1.78151627e+02, 2.14284058e+02, 1.76820984e+02, 2.21458862e+02,
    1.78046753e+02, 2.25974045e+02, 1.79484344e+02, 2.22178619e+02,
    1.94556854e+02, 2.15387573e+02, 2.03419159e+02, 2.07734634e+02,
    2.05469727e+02, 1.99784256e+02, 2.04863434e+02, 1.83993164e+02,
    1.94735580e+02, 1.75439697e+02, 1.83888199e+02, 1.99960632e+02,
    1.84361755e+02, 2.07967651e+02, 1.84182831e+02, 2.14284912e+02,
    1.82354858e+02, 2.23599457e+02, 1.80960999e+02, 2.14508636e+02,
    1.93424744e+02, 2.07653610e+02, 1.96452911e+02, 2.00067566e+02,
    1.95580322e+02 ]
noOfLandmarkPoint: 68
