%YAML:1.0
landmark: [ 2.23929367e+02, 1.78504303e+02, 2.21622910e+02,
    1.98177017e+02, 2.20427170e+02, 2.19819641e+02, 2.22138062e+02,
    2.43065964e+02, 2.27067291e+02, 2.66703186e+02, 2.35102737e+02,
    2.89881409e+02, 2.43022629e+02, 3.11120178e+02, 2.55192520e+02,
    3.34374481e+02, 2.79032837e+02, 3.37851013e+02, 3.05039185e+02,
    3.36822144e+02, 3.28553436e+02, 3.24008392e+02, 3.49171112e+02,
    3.08821106e+02, 3.68646942e+02, 2.89637115e+02, 3.81731812e+02,
    2.70445892e+02, 3.90685852e+02, 2.44201553e+02, 3.93807068e+02,
    2.16250671e+02, 3.94086456e+02, 1.94008942e+02, 2.25312607e+02,
    1.73938217e+02, 2.35250565e+02, 1.68965149e+02, 2.46438782e+02,
    1.70243240e+02, 2.57236084e+02, 1.73017853e+02, 2.67539490e+02,
    1.77107758e+02, 3.02210388e+02, 1.78687119e+02, 3.15520020e+02,
    1.75202423e+02, 3.29507874e+02, 1.76006577e+02, 3.41619507e+02,
    1.78006027e+02, 3.53109192e+02, 1.81557037e+02, 2.82672485e+02,
    1.93114883e+02, 2.80163422e+02, 2.07501114e+02, 2.78490051e+02,
    2.21172394e+02, 2.76377716e+02, 2.35131683e+02, 2.61275146e+02,
    2.44058411e+02, 2.69389801e+02, 2.47665649e+02, 2.79438507e+02,
    2.51205643e+02, 2.90242950e+02, 2.49097443e+02, 2.99904388e+02,
    2.47437286e+02, 2.38882187e+02, 1.87906067e+02, 2.46966873e+02,
    1.83640747e+02, 2.57609863e+02, 1.86420258e+02, 2.66818268e+02,
    1.94160065e+02, 2.55761169e+02, 1.94309601e+02, 2.45790115e+02,
    1.93237656e+02, 3.09195923e+02, 1.97744598e+02, 3.16939148e+02,
    1.89468521e+02, 3.28595825e+02, 1.89323837e+02, 3.38697540e+02,
    1.95122375e+02, 3.30746063e+02, 1.99017471e+02, 3.19681183e+02,
    2.01220657e+02, 2.54983261e+02, 2.75942413e+02, 2.64872864e+02,
    2.74754089e+02, 2.73259552e+02, 2.74982483e+02, 2.80466492e+02,
    2.77621429e+02, 2.87698944e+02, 2.75857971e+02, 2.99079895e+02,
    2.76606537e+02, 3.12363556e+02, 2.78338959e+02, 2.99477203e+02,
    2.87277771e+02, 2.88647186e+02, 2.89019257e+02, 2.80969269e+02,
    2.89178925e+02, 2.72859863e+02, 2.88063812e+02, 2.64322937e+02,
    2.82788971e+02, 2.60419403e+02, 2.76213287e+02, 2.73334473e+02,
    2.79680634e+02, 2.80339539e+02, 2.82318604e+02, 2.88409546e+02,
    2.80438385e+02, 3.05512756e+02, 2.79106140e+02, 2.88409546e+02,
    2.80438385e+02, 2.80339539e+02, 2.82318604e+02, 2.73334473e+02,
    2.79680634e+02 ]
noOfLandmarkPoint: 68
