%YAML:1.0
landmark: [ 3.24011719e+02, 1.93609756e+02, 3.11028961e+02,
    2.35286102e+02, 3.01031982e+02, 2.77550537e+02, 2.95722290e+02,
    3.23993256e+02, 2.98428467e+02, 3.74690552e+02, 3.12350952e+02,
    4.24177460e+02, 3.36689667e+02, 4.66900848e+02, 3.67936005e+02,
    5.02825958e+02, 4.09724396e+02, 5.23641968e+02, 4.50834015e+02,
    5.27849609e+02, 4.94406158e+02, 5.15280151e+02, 5.35383728e+02, 488.,
    5.58058167e+02, 4.51372101e+02, 5.82476746e+02, 4.11255829e+02,
    6.03406982e+02, 3.74627899e+02, 6.20848816e+02, 3.31023254e+02,
    6.36546509e+02, 2.94395355e+02, 3.59479065e+02, 1.72672089e+02,
    3.90106964e+02, 1.65283722e+02, 4.20665131e+02, 1.77988373e+02,
    4.45990692e+02, 1.91502319e+02, 4.65162781e+02, 2.07199997e+02,
    5.33541870e+02, 2.25932556e+02, 5.67644165e+02, 2.24655807e+02,
    6.01788391e+02, 2.35588379e+02, 6.24930237e+02, 2.59295349e+02,
    6.22153503e+02, 2.87753479e+02, 4.97181244e+02, 2.52179550e+02,
    4.88517365e+02, 2.84099152e+02, 4.77612610e+02, 3.15471405e+02,
    4.66322205e+02, 3.47973297e+02, 4.26363617e+02, 3.44168823e+02,
    4.41093140e+02, 3.55632812e+02, 4.55185608e+02, 3.69555115e+02,
    4.75385925e+02, 3.69523285e+02, 4.94008301e+02, 3.73220734e+02,
    3.89493958e+02, 2.25393784e+02, 4.07450714e+02, 2.23173615e+02,
    4.27370026e+02, 2.30266739e+02, 4.41375275e+02, 2.42577164e+02,
    4.24009155e+02, 2.44369766e+02, 4.02972900e+02, 2.38220642e+02,
    5.32395752e+02, 2.71177826e+02, 5.52189392e+02, 2.70318695e+02,
    5.68264526e+02, 2.77519470e+02, 5.80248657e+02, 2.85547607e+02,
    5.62946655e+02, 2.87102325e+02, 5.45934082e+02, 2.82778168e+02,
    3.87079956e+02, 4.04290283e+02, 4.14665131e+02, 4.06972107e+02,
    4.34744171e+02, 4.13990692e+02, 4.42502319e+02, 4.17848846e+02,
    4.55548828e+02, 4.20883728e+02, 4.83993011e+02, 4.33588379e+02,
    4.94855804e+02, 4.46195343e+02, 4.76433075e+02, 4.50098480e+02,
    4.45731262e+02, 4.47016510e+02, 4.32130310e+02, 4.43519745e+02,
    4.22045410e+02, 4.36869843e+02, 4.07223053e+02, 4.25095551e+02,
    3.95451172e+02, 4.05597687e+02, 4.31737213e+02, 4.18700012e+02,
    4.39467438e+02, 4.23904663e+02, 4.52472107e+02, 4.28244171e+02,
    4.88772095e+02, 4.41813965e+02, 4.52472107e+02, 4.28244171e+02,
    4.39467438e+02, 4.23904663e+02, 4.31737213e+02, 4.18700012e+02 ]
noOfLandmarkPoint: 68
