%YAML:1.0
landmark: [ 1.97420135e+02, 8.67597351e+01, 1.94591949e+02,
    9.73912582e+01, 1.93783890e+02, 1.11405373e+02, 1.94190063e+02,
    1.24057030e+02, 1.94314758e+02, 1.38733109e+02, 2.00650208e+02,
    1.52336777e+02, 2.08193466e+02, 1.65802902e+02, 2.14640778e+02,
    1.75641357e+02, 2.25411987e+02, 1.80491821e+02, 2.38611618e+02,
    1.82393677e+02, 2.51942368e+02, 1.77685028e+02, 2.65799683e+02,
    1.72305847e+02, 2.79597382e+02, 1.66450363e+02, 2.88628357e+02,
    1.54609375e+02, 2.95664978e+02, 1.41729523e+02, 3.02185638e+02,
    1.29506805e+02, 3.08389984e+02, 1.08974792e+02, 2.05052399e+02,
    8.51157074e+01, 2.12316086e+02, 8.41802216e+01, 2.19836975e+02,
    8.70438538e+01, 2.26935867e+02, 9.22926941e+01, 2.33900482e+02,
    9.76179123e+01, 2.53292557e+02, 1.04352631e+02, 2.63945312e+02,
    1.03351006e+02, 2.75008942e+02, 1.02589874e+02, 2.84277893e+02,
    1.05664841e+02, 2.91706329e+02, 1.09875526e+02, 2.42310181e+02,
    1.08386375e+02, 2.39403717e+02, 1.18385025e+02, 2.36754395e+02,
    1.28874481e+02, 2.33724045e+02, 1.39845581e+02, 2.23550766e+02,
    1.36048874e+02, 2.27457794e+02, 1.40364197e+02, 2.32028915e+02,
    1.45085678e+02, 2.39974060e+02, 1.44677383e+02, 2.46848938e+02,
    1.42925888e+02, 2.13907837e+02, 9.60015259e+01, 2.19240738e+02,
    9.55798950e+01, 2.25130203e+02, 9.71186295e+01, 2.29917221e+02,
    1.01212425e+02, 2.23229843e+02, 1.01451332e+02, 2.17123032e+02,
    9.98928146e+01, 2.61441315e+02, 1.11183861e+02, 2.66507690e+02,
    1.08090477e+02, 2.73549194e+02, 1.10750923e+02, 2.77606354e+02,
    1.14060135e+02, 2.72429291e+02, 1.14417030e+02, 2.66292297e+02,
    1.13144821e+02, 2.13960709e+02, 1.51594757e+02, 2.21542877e+02,
    1.50853806e+02, 2.27338959e+02, 1.51073288e+02, 2.32109131e+02,
    1.53250610e+02, 2.40283844e+02, 1.53555847e+02, 2.47408615e+02,
    1.57434448e+02, 2.51705765e+02, 1.61365097e+02, 2.45271362e+02,
    1.65925339e+02, 2.36642960e+02, 1.65592163e+02, 2.29064529e+02,
    1.64349258e+02, 2.23422516e+02, 1.62763321e+02, 2.18768356e+02,
    1.58665680e+02, 2.16439194e+02, 1.52489258e+02, 2.26065781e+02,
    1.55256866e+02, 2.30952225e+02, 1.56791763e+02, 2.39034897e+02,
    1.58141373e+02, 2.49404221e+02, 1.61227585e+02, 2.39034897e+02,
    1.58141373e+02, 2.30952225e+02, 1.56791763e+02, 2.26065781e+02,
    1.55256866e+02 ]
noOfLandmarkPoint: 68
