%YAML:1.0
landmark: [ 4.81578255e+01, 1.41107422e+02, 4.74002647e+01,
    1.58239761e+02, 5.18733406e+01, 1.76646729e+02, 5.80036163e+01,
    1.94756271e+02, 6.54276733e+01, 2.12717468e+02, 7.53498840e+01,
    2.29973938e+02, 8.84764862e+01, 2.45592865e+02, 1.04643234e+02,
    2.58288574e+02, 1.24485184e+02, 2.62467804e+02, 1.48129608e+02,
    2.57798920e+02, 1.70717484e+02, 2.44847137e+02, 1.90159851e+02,
    2.28785385e+02, 2.04775452e+02, 2.12741104e+02, 2.17294220e+02,
    1.93824158e+02, 2.18730774e+02, 1.67929703e+02, 2.17892578e+02,
    1.43622009e+02, 2.13452637e+02, 1.18925858e+02, 4.43623886e+01,
    1.15036964e+02, 5.04325752e+01, 1.08004982e+02, 6.18504677e+01,
    1.06280617e+02, 7.37770844e+01, 1.05765587e+02, 8.71945343e+01,
    1.06411911e+02, 1.17104874e+02, 9.67572708e+01, 1.32614197e+02,
    9.15061417e+01, 1.47351791e+02, 8.76989517e+01, 1.63986786e+02,
    8.95074234e+01, 1.75690247e+02, 9.48858566e+01, 1.01994255e+02,
    1.18978554e+02, 1.00970497e+02, 1.33838852e+02, 1.00455460e+02,
    1.48046524e+02, 9.94253998e+01, 1.64218399e+02, 8.78345490e+01,
    1.75611069e+02, 9.43065872e+01, 1.78826263e+02, 1.03622681e+02,
    1.80413025e+02, 1.14848701e+02, 1.75521439e+02, 1.25601349e+02,
    1.71516022e+02, 5.90046272e+01, 1.32900558e+02, 6.55842743e+01,
    1.26759659e+02, 7.59016571e+01, 1.24203674e+02, 8.61633835e+01,
    1.29203857e+02, 7.69971008e+01, 1.33290268e+02, 6.58514557e+01,
    1.34569336e+02, 1.30085358e+02, 1.23202621e+02, 1.40407379e+02,
    1.15267242e+02, 1.52417328e+02, 1.13632515e+02, 1.62990723e+02,
    1.18709663e+02, 1.53165894e+02, 1.25373566e+02, 1.40916107e+02,
    1.26259735e+02, 8.19192123e+01, 2.13288239e+02, 8.69546890e+01,
    2.00433792e+02, 9.49655228e+01, 1.95267029e+02, 1.02730209e+02,
    1.95644455e+02, 1.14369026e+02, 1.93363403e+02, 1.28937393e+02,
    1.95278641e+02, 1.48095047e+02, 2.03882523e+02, 1.35376556e+02,
    2.15258789e+02, 1.21445724e+02, 2.21209442e+02, 1.09621346e+02,
    2.24280731e+02, 1.00826591e+02, 2.25448395e+02, 9.20735016e+01,
    2.23592743e+02, 8.87686844e+01, 2.12683578e+02, 9.73652573e+01,
    2.08582230e+02, 1.06962860e+02, 2.08588531e+02, 1.17488281e+02,
    2.06025970e+02, 1.42736404e+02, 2.05235748e+02, 1.17488281e+02,
    2.06025970e+02, 1.06962860e+02, 2.08588531e+02, 9.73652573e+01,
    2.08582230e+02 ]
noOfLandmarkPoint: 68
