%YAML:1.0
landmark: [ 1.03351574e+01, 3.72026886e+02, 4.91375685e+00,
    3.87528320e+02, 2.06038809e+00, 4.03960907e+02, 2.63106203e+00,
    4.24857544e+02, 1.36951761e+01, 4.33912720e+02, 2.85508442e+01,
    4.41991882e+02, 4.27531662e+01, 4.47803497e+02, 5.93546333e+01,
    4.53010651e+02, 7.32529602e+01, 4.53288422e+02, 8.12494507e+01,
    4.48032379e+02, 8.17374496e+01, 4.36735840e+02, 8.41814651e+01,
    4.24774872e+02, 8.70121536e+01, 4.15794830e+02, 9.29402008e+01,
    4.05860962e+02, 9.60637817e+01, 3.93854645e+02, 9.65593414e+01,
    3.83669220e+02, 9.59211197e+01, 3.73367340e+02, 3.39717445e+01,
    3.53011627e+02, 4.39393806e+01, 3.49617828e+02, 5.37567863e+01,
    3.49400055e+02, 6.26244125e+01, 3.49895599e+02, 7.19351654e+01,
    3.52238312e+02, 8.70948257e+01, 3.52880066e+02, 9.05637360e+01,
    3.51232056e+02, 9.40402145e+01, 3.49779175e+02, 9.71562347e+01,
    3.49351166e+02, 9.95740356e+01, 3.50443604e+02, 7.74538651e+01,
    3.68178864e+02, 8.01005478e+01, 3.76502014e+02, 8.39636841e+01,
    3.84832764e+02, 8.81948395e+01, 3.93111053e+02, 6.89391327e+01,
    4.00274231e+02, 7.39209366e+01, 4.02230255e+02, 7.90191879e+01,
    4.04471588e+02, 8.37045593e+01, 4.03623138e+02, 8.81197205e+01,
    4.01700897e+02, 4.10335808e+01, 3.67833527e+02, 4.70291862e+01,
    3.64188171e+02, 5.30096664e+01, 3.64338409e+02, 5.65874710e+01,
    3.68276642e+02, 5.37905617e+01, 3.70923340e+02, 4.76674156e+01,
    3.70957123e+02, 8.10654449e+01, 3.68513092e+02, 8.37121277e+01,
    3.63692627e+02, 8.98766098e+01, 3.63977936e+02, 9.07250595e+01,
    3.67983765e+02, 8.80032654e+01, 3.68941101e+02, 8.47108002e+01,
    3.68832214e+02, 5.22776718e+01, 4.23257965e+02, 6.26133194e+01,
    4.18321014e+02, 7.39325256e+01, 4.16338776e+02, 7.77729797e+01,
    4.16909454e+02, 8.17036743e+01, 4.15843231e+02, 8.45494843e+01,
    4.17288574e+02, 8.36859055e+01, 4.21940155e+02, 8.23419037e+01,
    4.27012207e+02, 7.88316498e+01, 4.29069550e+02, 7.43378448e+01,
    4.29178436e+02, 7.16987305e+01, 4.28934448e+02, 6.22942085e+01,
    4.28194885e+02, 5.52172470e+01, 4.23115295e+02, 7.29000702e+01,
    4.22694855e+02, 7.66467590e+01, 4.22837524e+02, 7.98378906e+01,
    4.22326843e+02, 8.18801193e+01, 4.22762390e+02, 7.98378906e+01,
    4.22326843e+02, 7.66467590e+01, 4.22837524e+02, 7.29000702e+01,
    4.22694855e+02 ]
noOfLandmarkPoint: 68
