%YAML:1.0
landmark: [ 2.41822388e+02, 1.98288818e+02, 2.43047165e+02,
    2.17140747e+02, 2.48311646e+02, 2.36170609e+02, 2.52440292e+02,
    2.54884323e+02, 2.58718811e+02, 2.71481049e+02, 2.67219696e+02,
    2.86941925e+02, 2.75388062e+02, 2.99538666e+02, 2.79800018e+02,
    3.16629425e+02, 2.95404358e+02, 3.27826141e+02, 3.19844666e+02,
    3.25619385e+02, 3.41015656e+02, 3.17099182e+02, 3.66347015e+02,
    2.99137390e+02, 3.87303589e+02, 2.75973389e+02, 4.06983582e+02,
    2.49643158e+02, 4.09627472e+02, 2.19021072e+02, 4.02756409e+02,
    1.89600479e+02, 3.96688660e+02, 1.62369446e+02, 2.32291046e+02,
    1.70929108e+02, 2.39267456e+02, 1.67011200e+02, 2.47922073e+02,
    1.72083481e+02, 2.57665070e+02, 1.76680740e+02, 2.67772522e+02,
    1.78814163e+02, 2.82354950e+02, 1.76502823e+02, 2.97134338e+02,
    1.66711487e+02, 3.13031891e+02, 1.60593979e+02, 3.27950745e+02,
    1.55817169e+02, 3.45472534e+02, 1.56149704e+02, 2.79208160e+02,
    1.92033798e+02, 2.77529816e+02, 2.02864258e+02, 2.75558746e+02,
    2.12985443e+02, 2.72973328e+02, 2.24611374e+02, 2.68688049e+02,
    2.38758362e+02, 2.75980591e+02, 2.41678650e+02, 2.84181793e+02,
    2.43828506e+02, 2.91999390e+02, 2.40245682e+02, 3.02042938e+02,
    2.38301056e+02, 2.46665359e+02, 1.88490601e+02, 2.52302109e+02,
    1.85561462e+02, 2.59468475e+02, 1.84995346e+02, 2.69858093e+02,
    1.89007401e+02, 2.60763275e+02, 1.90186111e+02, 2.52911041e+02,
    1.91427307e+02, 3.09108368e+02, 1.85165222e+02, 3.15564789e+02,
    1.79900742e+02, 3.26320892e+02, 1.79219254e+02, 3.35276123e+02,
    1.80898361e+02, 3.27562073e+02, 1.84378357e+02, 3.18745056e+02,
    1.85846710e+02, 2.69094269e+02, 2.69240112e+02, 2.73054932e+02,
    2.62377075e+02, 2.78512756e+02, 2.59175568e+02, 2.84443939e+02,
    2.62395691e+02, 2.92827423e+02, 2.59140808e+02, 3.06182343e+02,
    2.64095642e+02, 3.21918091e+02, 2.69496948e+02, 3.09447784e+02,
    2.82408203e+02, 2.99827484e+02, 2.89124603e+02, 2.91165070e+02,
    2.89269684e+02, 2.81472229e+02, 2.88183136e+02, 2.73271057e+02,
    2.78862518e+02, 2.72546570e+02, 2.69495972e+02, 2.79378510e+02,
    2.70677765e+02, 2.87563293e+02, 2.72162537e+02, 2.95593445e+02,
    2.71586426e+02, 3.17892792e+02, 2.70178436e+02, 2.95593445e+02,
    2.71586426e+02, 2.87563293e+02, 2.72162537e+02, 2.79378510e+02,
    2.70677765e+02 ]
noOfLandmarkPoint: 68
