%YAML:1.0
landmark: [ 6.04517639e+02, 8.28720581e+02, 6.15834656e+02,
    9.40773315e+02, 6.27794800e+02, 1.03135339e+03, 6.52898376e+02,
    1.12484692e+03, 7.01912231e+02, 1.19491663e+03, 7.81362488e+02,
    1.25574524e+03, 8.47144470e+02, 1.29713721e+03, 9.25481812e+02,
    1.34126685e+03, 1.01535583e+03, 1.35199365e+03, 1.08832727e+03,
    1.33225903e+03, 1.14247314e+03, 1.28459192e+03, 1.19671851e+03,
    1.22285425e+03, 1.25845630e+03, 1.15777771e+03, 1.29621155e+03,
    1.07701074e+03, 1.30036902e+03, 9.74031616e+02, 1.30431213e+03,
    8.85056580e+02, 1.31198779e+03, 7.93806152e+02, 6.87494202e+02,
    7.49666565e+02, 7.29977722e+02, 7.02841919e+02, 7.95215942e+02,
    7.01871887e+02, 8.61619873e+02, 7.14530701e+02, 9.25381958e+02,
    7.36972412e+02, 1.06537366e+03, 7.30568481e+02, 1.11421155e+03,
    7.04175659e+02, 1.16762195e+03, 6.96468201e+02, 1.22083850e+03,
    6.92213562e+02, 1.27297363e+03, 6.94584167e+02, 1.01123956e+03,
    7.88570862e+02, 1.01650024e+03, 8.49280884e+02, 1.02506458e+03,
    9.08265320e+02, 1.03569702e+03, 9.71742188e+02, 9.49336487e+02,
    9.97043579e+02, 9.85340088e+02, 1.01027649e+03, 1.02689246e+03,
    1.03025281e+03, 1.06140320e+03, 1.01173047e+03, 1.08680652e+03,
    9.93002258e+02, 7.68210938e+02, 8.04067139e+02, 8.06278381e+02,
    7.81281189e+02, 8.56267700e+02, 7.81236633e+02, 8.87557617e+02,
    8.02189026e+02, 8.47165649e+02, 8.11684448e+02, 8.04079102e+02,
    8.12119019e+02, 1.09529456e+03, 7.96997192e+02, 1.12156030e+03,
    7.67659119e+02, 1.16695496e+03, 7.67753296e+02, 1.20500049e+03,
    7.81810303e+02, 1.17561182e+03, 7.96093933e+02, 1.13770911e+03,
    7.99851135e+02, 8.46975769e+02, 1.09688464e+03, 8.95939819e+02,
    1.09234229e+03, 9.83511658e+02, 1.07676416e+03, 1.01962189e+03,
    1.08202771e+03, 1.05582751e+03, 1.07738672e+03, 1.10605383e+03,
    1.07736938e+03, 1.15188843e+03, 1.08429443e+03, 1.11239514e+03,
    1.15292102e+03, 1.06181799e+03, 1.18881555e+03, 1.02219092e+03,
    1.19278943e+03, 9.82604187e+02, 1.19132361e+03, 8.96433105e+02,
    1.15362903e+03, 8.59347290e+02, 1.09979602e+03, 9.81306824e+02,
    1.10983105e+03, 1.01893646e+03, 1.10984973e+03, 1.05760437e+03,
    1.10610608e+03, 1.12709094e+03, 1.09330212e+03, 1.05748157e+03,
    1.14372900e+03, 1.02021143e+03, 1.14500513e+03, 9.81390930e+02,
    1.14591406e+03 ]
noOfLandmarkPoint: 68
