%YAML:1.0
landmark: [ 2.12112396e+02, 1.02996536e+02, 2.13010010e+02,
    1.12421478e+02, 2.14805237e+02, 1.22295227e+02, 2.18395691e+02,
    1.32168976e+02, 2.20878494e+02, 1.43150375e+02, 2.22434952e+02,
    1.52365280e+02, 2.27371826e+02, 1.58648575e+02, 2.32895020e+02,
    1.63201645e+02, 2.41523605e+02, 1.64063004e+02, 2.50960297e+02,
    1.61870453e+02, 2.62414246e+02, 1.55518692e+02, 2.71116669e+02,
    1.47071304e+02, 2.78774567e+02, 1.38756058e+02, 2.83428894e+02,
    1.29128586e+02, 2.85187866e+02, 1.17770905e+02, 2.86259247e+02,
    1.05761887e+02, 2.85745453e+02, 9.35065918e+01, 2.08311905e+02,
    9.05749741e+01, 2.10968491e+02, 8.71582947e+01, 2.15210281e+02,
    8.59418793e+01, 2.20536163e+02, 8.59856796e+01, 2.25796021e+02,
    8.64548798e+01, 2.36967545e+02, 8.32105789e+01, 2.42486511e+02,
    8.14368515e+01, 2.48324875e+02, 8.06190872e+01, 2.54152267e+02,
    8.09827728e+01, 2.59683411e+02, 8.29170456e+01, 2.28406952e+02,
    9.40566559e+01, 2.28059402e+02, 1.02200180e+02, 2.27436829e+02,
    1.10654999e+02, 2.27350952e+02, 1.19069023e+02, 2.24432693e+02,
    1.22917809e+02, 2.27675598e+02, 1.25053070e+02, 2.31504837e+02,
    1.25190590e+02, 2.36441711e+02, 1.22469002e+02, 2.40794968e+02,
    1.20209579e+02, 2.13798843e+02, 9.69232712e+01, 2.15867477e+02,
    9.45205231e+01, 2.18883316e+02, 9.48279495e+01, 2.22110840e+02,
    9.73976212e+01, 2.19119522e+02, 9.82334366e+01, 2.16079147e+02,
    9.81684341e+01, 2.43081787e+02, 9.35885162e+01, 2.46063416e+02,
    9.08520279e+01, 2.50010056e+02, 9.08492508e+01, 2.54017685e+02,
    9.24992599e+01, 2.50865036e+02, 9.37760468e+01, 2.46922043e+02,
    9.40649109e+01, 2.24816498e+02, 1.38937332e+02, 2.26539215e+02,
    1.35245621e+02, 2.29022018e+02, 1.33204102e+02, 2.31548599e+02,
    1.34029205e+02, 2.35595367e+02, 1.32994080e+02, 2.41429855e+02,
    1.33167847e+02, 2.49088318e+02, 1.35998199e+02, 2.42476074e+02,
    1.40982315e+02, 2.37188080e+02, 1.44177994e+02, 2.33966415e+02,
    1.44388016e+02, 2.31266052e+02, 1.44388016e+02, 2.28261932e+02,
    1.44416763e+02, 2.27610596e+02, 1.39038589e+02, 2.29789627e+02,
    1.35694427e+02, 2.32142441e+02, 1.36070724e+02, 2.35979172e+02,
    1.35274368e+02, 2.43956436e+02, 1.36273239e+02, 2.36464233e+02,
    1.38756058e+02, 2.33141312e+02, 1.40001205e+02, 2.30752243e+02,
    1.39762436e+02 ]
noOfLandmarkPoint: 68
