%YAML:1.0
landmark: [ 9.42525406e+01, 1.90942322e+02, 8.89796906e+01,
    2.11209045e+02, 8.60056610e+01, 2.34528046e+02, 8.56277313e+01,
    2.57244568e+02, 8.76347427e+01, 2.82382996e+02, 9.72246246e+01,
    3.05578033e+02, 1.12495331e+02, 3.29092987e+02, 1.39833389e+02,
    3.51144989e+02, 1.59668991e+02, 3.56133514e+02, 1.80987274e+02,
    3.58341400e+02, 2.04279144e+02, 3.49849579e+02, 2.25676102e+02,
    3.35324554e+02, 2.44891266e+02, 3.17396210e+02, 2.56496094e+02,
    2.97213989e+02, 2.65702667e+02, 2.73829346e+02, 2.71914734e+02,
    2.49707581e+02, 2.79494476e+02, 2.24815979e+02, 1.11895538e+02,
    1.78380951e+02, 1.25826378e+02, 1.69774231e+02, 1.40602615e+02,
    1.70628998e+02, 1.54563828e+02, 1.74422546e+02, 1.71356140e+02,
    1.81723526e+02, 2.02681381e+02, 1.84219452e+02, 2.18234695e+02,
    1.82762604e+02, 2.33654648e+02, 1.83684128e+02, 2.48297638e+02,
    1.89883820e+02, 2.58108185e+02, 2.02415009e+02, 1.83833588e+02,
    2.02590347e+02, 1.79644043e+02, 2.17801346e+02, 1.74567398e+02,
    2.37083664e+02, 1.70411621e+02, 2.55144516e+02, 1.52270126e+02,
    2.53343842e+02, 1.59558014e+02, 2.59352509e+02, 1.68788208e+02,
    2.65156464e+02, 1.80418671e+02, 2.61614075e+02, 1.90796722e+02,
    2.60839325e+02, 1.24746819e+02, 1.91638321e+02, 1.35511002e+02,
    1.89060593e+02, 1.46179657e+02, 1.89853287e+02, 1.56546310e+02,
    1.97463013e+02, 1.44866760e+02, 1.95792252e+02, 1.34169617e+02,
    1.94353806e+02, 2.05917587e+02, 2.06784348e+02, 2.16264954e+02,
    2.01828491e+02, 2.26479843e+02, 2.02930328e+02, 2.36191330e+02,
    2.08092194e+02, 2.26690323e+02, 2.08124374e+02, 2.16680878e+02,
    2.07386551e+02, 1.25525566e+02, 2.68887451e+02, 1.39659592e+02,
    2.66760040e+02, 1.56753357e+02, 2.71915436e+02, 1.70352127e+02,
    2.77688812e+02, 1.88806091e+02, 2.75231323e+02, 2.13478882e+02,
    2.76970337e+02, 2.18687744e+02, 2.84471405e+02, 2.09508926e+02,
    2.96931458e+02, 1.82567612e+02, 3.13068298e+02, 1.63396988e+02,
    3.11501434e+02, 1.48299973e+02, 3.07006836e+02, 1.32719284e+02,
    2.90131226e+02, 1.29321487e+02, 2.72328827e+02, 1.55566391e+02,
    2.77909943e+02, 1.69472855e+02, 2.82748444e+02, 1.87968262e+02,
    2.81176270e+02, 2.14628235e+02, 2.84471405e+02, 1.83982498e+02,
    3.03097992e+02, 1.65042908e+02, 3.02915283e+02, 1.50584183e+02,
    2.96593231e+02 ]
noOfLandmarkPoint: 68
