%YAML:1.0
landmark: [ 8.12259293e+01, 1.43069763e+02, 8.40316315e+01,
    1.61961288e+02, 8.80082245e+01, 1.81031097e+02, 9.55037689e+01,
    1.99064682e+02, 1.02939041e+02, 2.15584976e+02, 1.19191223e+02,
    2.26854126e+02, 1.40922119e+02, 2.34969696e+02, 1.60943634e+02,
    2.38231628e+02, 1.80246307e+02, 2.38322586e+02, 1.90938843e+02,
    2.32309280e+02, 1.98237640e+02, 2.22070602e+02, 2.04343094e+02,
    2.09555695e+02, 2.07997559e+02, 1.95905243e+02, 2.11465118e+02,
    1.81927658e+02, 2.12961655e+02, 1.67637909e+02, 2.12824692e+02,
    1.53537262e+02, 2.10205597e+02, 1.39690033e+02, 1.07351471e+02,
    1.24792580e+02, 1.19756134e+02, 1.16009003e+02, 1.33468704e+02,
    1.12677551e+02, 1.47781464e+02, 1.11585678e+02, 1.61587280e+02,
    1.15023514e+02, 1.78852600e+02, 1.14033539e+02, 1.86515656e+02,
    1.09388474e+02, 1.93998001e+02, 1.07637878e+02, 2.01188889e+02,
    1.06996315e+02, 2.06772705e+02, 1.11520157e+02, 1.72864822e+02,
    1.30121765e+02, 1.76223633e+02, 1.39685593e+02, 1.79566574e+02,
    1.49237732e+02, 1.82777893e+02, 1.58716614e+02, 1.66579620e+02,
    1.71576614e+02, 1.73169495e+02, 1.73109329e+02, 1.79019379e+02,
    1.74723892e+02, 1.83574417e+02, 1.73752991e+02, 1.87477264e+02,
    1.72201462e+02, 1.27152336e+02, 1.33560806e+02, 1.35915329e+02,
    1.26630135e+02, 1.45140274e+02, 1.28149048e+02, 1.51149445e+02,
    1.36415298e+02, 1.44505325e+02, 1.37570236e+02, 1.35171051e+02,
    1.37348206e+02, 1.81354660e+02, 1.35904205e+02, 1.88133728e+02,
    1.25553635e+02, 1.95300598e+02, 1.25750061e+02, 2.00151611e+02,
    1.33243530e+02, 1.96575195e+02, 1.36105560e+02, 1.89903748e+02,
    1.36052185e+02, 1.52842178e+02, 1.99239746e+02, 1.63578064e+02,
    1.92501038e+02, 1.72691742e+02, 1.89806320e+02, 1.77648071e+02,
    1.91705246e+02, 1.82882584e+02, 1.90031860e+02, 1.86904663e+02,
    1.93028656e+02, 1.91683548e+02, 1.99090897e+02, 1.87121445e+02,
    2.03974182e+02, 1.82853775e+02, 2.05206802e+02, 1.77851471e+02,
    2.05849182e+02, 1.72461990e+02, 2.05252090e+02, 1.64011551e+02,
    2.03772385e+02, 1.58462357e+02, 1.98422577e+02, 1.72603317e+02,
    1.96948502e+02, 1.77699509e+02, 1.97514542e+02, 1.82520432e+02,
    1.96983200e+02, 1.88314835e+02, 1.98238800e+02, 1.82520432e+02,
    1.96983200e+02, 1.77699509e+02, 1.97514542e+02, 1.72603317e+02,
    1.96948502e+02 ]
noOfLandmarkPoint: 68
