%YAML:1.0
landmark: [ 1.52098969e+02, 1.26533920e+02, 1.51769730e+02,
    1.42814743e+02, 1.52355438e+02, 1.60198059e+02, 1.52891342e+02,
    1.75893188e+02, 1.58629608e+02, 1.92809509e+02, 1.74328613e+02,
    2.05200989e+02, 1.92485199e+02, 2.15743530e+02, 2.11744308e+02,
    2.23591095e+02, 2.31493378e+02, 2.24950058e+02, 2.45783600e+02,
    2.21600494e+02, 2.56363403e+02, 2.11036102e+02, 2.66658142e+02,
    1.98360199e+02, 2.73563629e+02, 1.84629486e+02, 2.76266846e+02,
    1.69960068e+02, 2.76466614e+02, 1.54769852e+02, 2.77215179e+02,
    1.40409592e+02, 2.77201874e+02, 1.26584343e+02, 1.76976974e+02,
    1.10404144e+02, 1.86962967e+02, 9.93590851e+01, 2.01036621e+02,
    9.35238037e+01, 2.17480774e+02, 9.54739914e+01, 2.29889084e+02,
    1.02374817e+02, 2.43377640e+02, 1.01601837e+02, 2.53572052e+02,
    9.82764816e+01, 2.63560059e+02, 1.00479195e+02, 2.71880157e+02,
    1.04368240e+02, 2.77262726e+02, 1.11536964e+02, 2.34933746e+02,
    1.18228607e+02, 2.35780823e+02, 1.28662308e+02, 2.37162766e+02,
    1.40870071e+02, 2.38896896e+02, 1.53265427e+02, 2.21500763e+02,
    1.59328262e+02, 2.28821365e+02, 1.62069977e+02, 2.36037292e+02,
    1.66805344e+02, 2.41637802e+02, 1.64133331e+02, 2.45737671e+02,
    1.61790543e+02, 1.94015640e+02, 1.20017311e+02, 2.00695389e+02,
    1.16506561e+02, 2.08525757e+02, 1.17088509e+02, 2.13898499e+02,
    1.21154449e+02, 2.07599014e+02, 1.22706871e+02, 1.99708328e+02,
    1.23025848e+02, 2.45195496e+02, 1.23672401e+02, 2.51146149e+02,
    1.19008377e+02, 2.58725555e+02, 1.19490646e+02, 2.64218628e+02,
    1.24342392e+02, 2.59644257e+02, 1.25829697e+02, 2.52336014e+02,
    1.26233139e+02, 2.00826614e+02, 1.77439743e+02, 2.20685669e+02,
    1.77298599e+02, 2.28723160e+02, 1.77004044e+02, 2.34015472e+02,
    1.78181625e+02, 2.39623932e+02, 1.78244522e+02, 2.47229294e+02,
    1.79170990e+02, 2.53512482e+02, 1.79055176e+02, 2.46535309e+02,
    1.88910355e+02, 2.38863373e+02, 1.89640076e+02, 2.32800888e+02,
    1.88398529e+02, 2.27434250e+02, 1.87262772e+02, 2.19630264e+02,
    1.84550323e+02, 2.05676788e+02, 1.77837860e+02, 2.28247498e+02,
    1.81689865e+02, 2.33577148e+02, 1.81922729e+02, 2.39498886e+02,
    1.81888824e+02, 2.50538071e+02, 1.80368225e+02, 2.39498886e+02,
    1.81888824e+02, 2.33577148e+02, 1.81922729e+02, 2.28247498e+02,
    1.81689865e+02 ]
noOfLandmarkPoint: 68
