%YAML:1.0
landmark: [ 1.28235535e+02, 6.77745361e+01, 1.28175552e+02,
    8.60495300e+01, 1.28715591e+02, 1.03658340e+02, 1.32017578e+02,
    1.21841820e+02, 1.38123749e+02, 1.36949966e+02, 1.45632980e+02,
    1.50930954e+02, 1.56531281e+02, 1.66939774e+02, 1.69210938e+02,
    1.78786713e+02, 1.85269943e+02, 1.82298935e+02, 2.02128448e+02,
    1.80618530e+02, 2.15196259e+02, 1.70640793e+02, 2.26133240e+02,
    1.54247955e+02, 2.36738449e+02, 1.38889832e+02, 2.42731934e+02,
    1.22599525e+02, 2.46811218e+02, 1.07329002e+02, 2.50050354e+02,
    8.82843628e+01, 2.50004517e+02, 7.23818130e+01, 1.39191971e+02,
    6.99701462e+01, 1.50211090e+02, 6.37938728e+01, 1.62279770e+02,
    6.66466675e+01, 1.74245697e+02, 7.18253403e+01, 1.86155304e+02,
    7.76573868e+01, 2.03737778e+02, 7.78493042e+01, 2.13201859e+02,
    7.38875809e+01, 2.24165482e+02, 6.97131424e+01, 2.34639694e+02,
    6.74604416e+01, 2.44324158e+02, 6.95585251e+01, 1.94372559e+02,
    8.49704437e+01, 1.93394287e+02, 1.00195747e+02, 1.92132416e+02,
    1.15279915e+02, 1.91325363e+02, 1.28808350e+02, 1.78967636e+02,
    1.29597839e+02, 1.84701492e+02, 1.32703262e+02, 1.90415695e+02,
    1.35807007e+02, 1.97282547e+02, 1.33840729e+02, 2.02535324e+02,
    1.30788666e+02, 1.53806259e+02, 7.84576263e+01, 1.61154938e+02,
    7.49634399e+01, 1.69549362e+02, 7.72841568e+01, 1.75384995e+02,
    8.34496078e+01, 1.67083511e+02, 8.44429932e+01, 1.58749191e+02,
    8.33574524e+01, 2.08674759e+02, 8.42419891e+01, 2.16207306e+02,
    8.00290909e+01, 2.23491272e+02, 7.89955215e+01, 2.30451035e+02,
    8.20817413e+01, 2.23482864e+02, 8.54894409e+01, 2.16871262e+02,
    8.57960739e+01, 1.64790131e+02, 1.44429001e+02, 1.74848648e+02,
    1.42270905e+02, 1.82924728e+02, 1.41318832e+02, 1.88730621e+02,
    1.44533768e+02, 1.95794601e+02, 1.42238297e+02, 2.03588211e+02,
    1.43454025e+02, 2.09620331e+02, 1.46993439e+02, 2.02972595e+02,
    1.57566742e+02, 1.95362091e+02, 1.61468445e+02, 1.87955856e+02,
    1.62382904e+02, 1.81699875e+02, 1.61876450e+02, 1.72551361e+02,
    1.58110443e+02, 1.68433319e+02, 1.46139771e+02, 1.82949127e+02,
    1.49421753e+02, 1.88464447e+02, 1.50105560e+02, 1.95784836e+02,
    1.49253784e+02, 2.06391190e+02, 1.47561569e+02, 1.95784836e+02,
    1.49253784e+02, 1.88464447e+02, 1.50105560e+02, 1.82949127e+02,
    1.49421753e+02 ]
noOfLandmarkPoint: 68
