%YAML:1.0
landmark: [ 3.03524685e+01, 1.97203125e+02, 2.81832390e+01,
    2.18599182e+02, 2.88077564e+01, 2.39818558e+02, 3.02284889e+01,
    2.57512726e+02, 3.30350227e+01, 2.75138794e+02, 3.91520348e+01,
    2.91652191e+02, 4.69479370e+01, 3.08935913e+02, 6.17529640e+01,
    3.20173279e+02, 8.13006439e+01, 3.26121735e+02, 9.89187546e+01,
    3.25351044e+02, 1.18301331e+02, 3.19925018e+02, 1.34524216e+02,
    3.10996155e+02, 1.49477905e+02, 2.96419464e+02, 1.59043365e+02,
    2.77236023e+02, 1.66459503e+02, 2.58332306e+02, 1.72111252e+02,
    2.38719879e+02, 1.75974411e+02, 2.16580505e+02, 3.96800804e+01,
    1.71251160e+02, 5.09838486e+01, 1.67187302e+02, 6.11167374e+01,
    1.68408249e+02, 7.12627869e+01, 1.70372650e+02, 8.00114365e+01,
    1.75340439e+02, 1.14050369e+02, 1.79364594e+02, 1.28424133e+02,
    1.78540344e+02, 1.42016922e+02, 1.78415024e+02, 1.55408966e+02,
    1.83416321e+02, 1.64193954e+02, 1.94128281e+02, 9.49916000e+01,
    1.93887421e+02, 9.24989395e+01, 2.04757874e+02, 9.01895599e+01,
    2.15281509e+02, 8.77961349e+01, 2.24788239e+02, 7.63403549e+01,
    2.36730499e+02, 8.08299026e+01, 2.39360703e+02, 8.57519608e+01,
    2.41366470e+02, 9.31247406e+01, 2.41323181e+02, 9.99214249e+01,
    2.40769730e+02, 4.63470917e+01, 1.95361847e+02, 5.60694618e+01,
    1.91351624e+02, 6.61484985e+01, 1.91349121e+02, 7.57847977e+01,
    1.96316513e+02, 6.51337357e+01, 2.01007401e+02, 5.49437943e+01,
    2.00259430e+02, 1.20604759e+02, 2.02783768e+02, 1.29412842e+02,
    2.00437057e+02, 1.38853622e+02, 2.02379105e+02, 1.46141800e+02,
    2.06957397e+02, 1.39628281e+02, 2.11950974e+02, 1.28435333e+02,
    2.09178650e+02, 6.10141525e+01, 2.74311584e+02, 6.66470337e+01,
    2.64729095e+02, 7.86173401e+01, 2.58311371e+02, 8.47420425e+01,
    2.61668976e+02, 9.27101364e+01, 2.60457123e+02, 1.01850166e+02,
    2.67311310e+02, 1.11039978e+02, 2.80312256e+02, 1.00792648e+02,
    2.91549774e+02, 8.99917755e+01, 2.93392670e+02, 8.06027298e+01,
    2.93562439e+02, 7.30286560e+01, 2.92229279e+02, 6.54143906e+01,
    2.85488037e+02, 6.43703918e+01, 2.74347687e+02, 7.77055435e+01,
    2.65619751e+02, 8.38243484e+01, 2.67206665e+02, 9.12019272e+01,
    2.70576904e+02, 1.05141434e+02, 2.79972229e+02, 9.05221710e+01,
    2.83408783e+02, 8.17488251e+01, 2.82249420e+02, 7.41458206e+01,
    2.81319458e+02 ]
noOfLandmarkPoint: 68
