%YAML:1.0
landmark: [ 2.42982300e+02, 1.16140442e+02, 2.43996338e+02,
    1.33085541e+02, 2.46299286e+02, 1.48883987e+02, 2.51739182e+02,
    1.67487640e+02, 2.56942139e+02, 1.84565460e+02, 2.62761108e+02,
    1.99994247e+02, 2.73290161e+02, 2.14333160e+02, 2.87544098e+02,
    2.23559891e+02, 3.06420288e+02, 2.24957199e+02, 3.25486298e+02,
    2.20934006e+02, 3.42864990e+02, 2.11969711e+02, 3.56300598e+02,
    2.00619675e+02, 3.68633606e+02, 1.85890808e+02, 3.73518463e+02,
    1.67075485e+02, 3.76996460e+02, 1.46715210e+02, 3.78220154e+02,
    1.26046425e+02, 3.78333374e+02, 1.08252762e+02, 2.49654205e+02,
    9.90436630e+01, 2.54658142e+02, 9.32057419e+01, 2.61747040e+02,
    8.90357971e+01, 2.71337921e+02, 8.90357971e+01, 2.81762787e+02,
    9.07037735e+01, 3.15956329e+02, 8.69508286e+01, 3.26381195e+02,
    8.36148682e+01, 3.35138092e+02, 8.44488602e+01, 3.43477966e+02,
    8.56998444e+01, 3.48898895e+02, 8.98697891e+01, 2.98972351e+02,
    1.03774338e+02, 2.98429443e+02, 1.15702042e+02, 2.97900513e+02,
    1.26777023e+02, 2.97831848e+02, 1.38393387e+02, 2.86646332e+02,
    1.46573166e+02, 2.92664307e+02, 1.49535172e+02, 2.98310516e+02,
    1.51741577e+02, 3.05094177e+02, 1.48982635e+02, 3.11270935e+02,
    1.46548325e+02, 2.60479340e+02, 1.10139236e+02, 2.67253235e+02,
    1.04047600e+02, 2.75539825e+02, 1.03460854e+02, 2.84947052e+02,
    1.08359680e+02, 2.76483978e+02, 1.11932579e+02, 2.68106171e+02,
    1.12927666e+02, 3.20967651e+02, 1.05974571e+02, 3.27396301e+02,
    9.95695114e+01, 3.36269958e+02, 9.96023178e+01, 3.44511200e+02,
    1.05266327e+02, 3.38119019e+02, 1.07688751e+02, 3.29982391e+02,
    1.07805939e+02, 2.78076141e+02, 1.76983719e+02, 2.86453949e+02,
    1.71543823e+02, 2.93362793e+02, 1.69098740e+02, 2.99475586e+02,
    1.70814056e+02, 3.09161255e+02, 1.68624863e+02, 3.18515167e+02,
    1.70330765e+02, 3.28684143e+02, 1.73846771e+02, 3.19223419e+02,
    1.81367050e+02, 3.09320251e+02, 1.83380402e+02, 3.00063416e+02,
    1.84271164e+02, 2.93282776e+02, 1.83914047e+02, 2.86973907e+02,
    1.82537689e+02, 2.82985260e+02, 1.77163773e+02, 2.92907867e+02,
    1.73666718e+02, 2.99551422e+02, 1.73685684e+02, 3.08965027e+02,
    1.72470306e+02, 3.22163910e+02, 1.74462784e+02, 3.08839050e+02,
    1.76320541e+02, 2.99570374e+02, 1.77438629e+02, 2.93249023e+02,
    1.77779785e+02 ]
noOfLandmarkPoint: 68
