%YAML:1.0
landmark: [ 1.89545410e+02, 1.52210281e+02, 1.83233429e+02,
    2.05179810e+02, 1.80828842e+02, 2.55249527e+02, 1.83303970e+02,
    3.02525726e+02, 1.97642349e+02, 3.46442657e+02, 2.23861633e+02,
    3.82668732e+02, 2.51937378e+02, 4.12459381e+02, 2.92636597e+02,
    4.35036743e+02, 3.31797729e+02, 4.41277710e+02, 3.67846985e+02,
    4.39792542e+02, 3.97089508e+02, 4.18116943e+02, 4.22141998e+02,
    3.88909698e+02, 4.41961121e+02, 3.50013550e+02, 4.56087402e+02,
    3.09703247e+02, 4.68569336e+02, 2.68279083e+02, 4.82129852e+02,
    2.31063065e+02, 4.88878632e+02, 2.05378616e+02, 2.35282578e+02,
    1.58364029e+02, 2.59734039e+02, 1.50461075e+02, 2.80667053e+02,
    1.51610214e+02, 3.03633331e+02, 1.55199219e+02, 3.23965332e+02,
    1.62518784e+02, 3.86410675e+02, 1.67115387e+02, 4.11321594e+02,
    1.67044846e+02, 4.35631500e+02, 1.62023575e+02, 4.56546875e+02,
    1.67097748e+02, 4.73643524e+02, 1.80976669e+02, 3.58847778e+02,
    1.93210739e+02, 3.56761597e+02, 2.18828995e+02, 3.53755981e+02,
    2.45773224e+02, 3.50944824e+02, 2.74008148e+02, 3.21236664e+02,
    2.89509674e+02, 3.34047821e+02, 2.96380066e+02, 3.47425323e+02,
    3.01233765e+02, 3.59903046e+02, 2.99082214e+02, 3.67711609e+02,
    2.94354614e+02, 2.56445801e+02, 1.79738861e+02, 2.73966614e+02,
    1.71995102e+02, 2.94333862e+02, 1.76857178e+02, 3.07770477e+02,
    1.93812241e+02, 2.88464203e+02, 1.97436523e+02, 2.69086914e+02,
    1.94059616e+02, 3.94844116e+02, 1.92998642e+02, 4.13125153e+02,
    1.86563217e+02, 4.32572998e+02, 1.86527939e+02, 4.48148712e+02,
    1.94855103e+02, 4.35384155e+02, 2.08786926e+02, 4.10579010e+02,
    2.08009064e+02, 2.80054260e+02, 3.38450195e+02, 3.12599243e+02,
    3.35479156e+02, 3.32579437e+02, 3.36362122e+02, 3.41953705e+02,
    3.40776367e+02, 3.53794830e+02, 3.38917999e+02, 3.70685486e+02,
    3.44708099e+02, 3.88656067e+02, 3.50986359e+02, 3.69281525e+02,
    3.66556519e+02, 3.51192261e+02, 3.69254150e+02, 3.38656799e+02,
    3.68669525e+02, 3.27274597e+02, 3.65892792e+02, 3.08430725e+02,
    3.58528778e+02, 2.88004242e+02, 3.40625885e+02, 3.30744446e+02,
    3.46210785e+02, 3.40965424e+02, 3.48797913e+02, 3.52946594e+02,
    3.47699829e+02, 3.82255920e+02, 3.51357635e+02, 3.52946594e+02,
    3.47699829e+02, 3.40965424e+02, 3.48797913e+02, 3.30744446e+02,
    3.46210785e+02 ]
noOfLandmarkPoint: 68
