%YAML:1.0
landmark: [ 1.41511780e+02, 7.64269562e+01, 1.38706665e+02,
    8.66800003e+01, 1.37053329e+02, 9.86666641e+01, 1.36471497e+02,
    1.12386955e+02, 1.37462708e+02, 1.25537292e+02, 1.41263000e+02,
    1.39100967e+02, 1.44986954e+02, 1.50092468e+02, 1.51527924e+02,
    1.58776428e+02, 1.62519424e+02, 1.66453339e+02, 1.75468262e+02,
    1.67261581e+02, 1.89204391e+02, 1.63219421e+02, 2.03196243e+02,
    1.57034744e+02, 2.13075150e+02, 1.45128189e+02, 2.22601440e+02,
    1.32804825e+02, 2.25912079e+02, 1.19088501e+02, 2.26666382e+02,
    1.06443672e+02, 2.30302124e+02, 9.46215439e+01, 1.47663284e+02,
    6.49568405e+01, 1.53333908e+02, 6.22011566e+01, 1.60356613e+02,
    6.16193199e+01, 1.67961151e+02, 6.38505287e+01, 1.74141083e+02,
    6.77479248e+01, 1.93098770e+02, 7.04666824e+01, 2.02352081e+02,
    6.89869537e+01, 2.11276901e+02, 7.03875351e+01, 2.17974487e+02,
    7.62465668e+01, 2.20992371e+02, 8.33119736e+01, 1.76945923e+02,
    8.38902969e+01, 1.74876007e+02, 9.07822266e+01, 1.72267593e+02,
    9.75544205e+01, 1.69219193e+02, 1.05421448e+02, 1.62266663e+02,
    1.11480003e+02, 1.65573334e+02, 1.14373337e+02, 1.70485474e+02,
    1.16540977e+02, 1.75493332e+02, 1.16440002e+02, 1.80453339e+02,
    1.16026665e+02, 1.55364273e+02, 8.09847565e+01, 1.57434677e+02,
    7.82675552e+01, 1.62777771e+02, 7.85293808e+01, 1.67039536e+02,
    8.29729767e+01, 1.62805756e+02, 8.37031326e+01, 1.57735733e+02,
    8.37686157e+01, 1.94028046e+02, 8.93643417e+01, 1.98663910e+02,
    8.64281845e+01, 2.04819092e+02, 8.72917175e+01, 2.07112610e+02,
    9.21385269e+01, 2.03430405e+02, 9.28134155e+01, 1.98735092e+02,
    9.20882950e+01, 1.53150696e+02, 1.30840652e+02, 1.60176422e+02,
    1.27573570e+02, 1.65883209e+02, 1.27618423e+02, 1.69786774e+02,
    1.29412491e+02, 1.74778244e+02, 1.29755936e+02, 1.81211914e+02,
    1.33557098e+02, 1.87579971e+02, 1.38953949e+02, 1.78917007e+02,
    1.41213699e+02, 1.71643478e+02, 1.40200531e+02, 1.65594803e+02,
    1.39920761e+02, 1.62190643e+02, 1.38148697e+02, 1.57940079e+02,
    1.34987610e+02, 1.56307541e+02, 1.31333771e+02, 1.65158310e+02,
    1.30608841e+02, 1.68684937e+02, 1.32312881e+02, 1.73867142e+02,
    1.33046677e+02, 1.85209167e+02, 1.37649292e+02, 1.73106445e+02,
    1.35612747e+02, 1.67705170e+02, 1.35027588e+02, 1.63935394e+02,
    1.33692322e+02 ]
noOfLandmarkPoint: 68
