%YAML:1.0
landmark: [ 1.90978165e+02, 9.05695343e+01, 1.94638611e+02,
    1.05391998e+02, 1.98745514e+02, 1.20171432e+02, 2.02361404e+02,
    1.34241028e+02, 2.06990845e+02, 1.47411346e+02, 2.14709641e+02,
    1.57112579e+02, 2.25245178e+02, 1.65370071e+02, 2.39359924e+02,
    1.70173691e+02, 2.53798355e+02, 1.71468826e+02, 2.72144318e+02,
    1.67601120e+02, 2.86878723e+02, 1.59766602e+02, 2.97420197e+02,
    1.48934021e+02, 3.03301666e+02, 1.35337784e+02, 3.04736450e+02,
    1.18587456e+02, 3.06034515e+02, 1.05349571e+02, 3.06889313e+02,
    9.29209137e+01, 3.07269775e+02, 8.08903046e+01, 1.96529205e+02,
    7.77103806e+01, 2.01677368e+02, 6.68740692e+01, 2.10644531e+02,
    6.13430481e+01, 2.22421082e+02, 5.86970711e+01, 2.34302002e+02,
    6.33819046e+01, 2.56946167e+02, 5.96812515e+01, 2.67780273e+02,
    5.27196732e+01, 2.78761444e+02, 5.34405327e+01, 2.89060089e+02,
    5.81098518e+01, 2.97481659e+02, 6.29204178e+01, 2.46365936e+02,
    7.52162552e+01, 2.46868011e+02, 8.53557053e+01, 2.47202225e+02,
    9.50954666e+01, 2.47787231e+02, 1.05139641e+02, 2.39219574e+02,
    1.11843369e+02, 2.44106613e+02, 1.12543968e+02, 2.48597214e+02,
    1.14002586e+02, 2.52922729e+02, 1.11881668e+02, 2.57191650e+02,
    1.09919846e+02, 2.11757004e+02, 8.32255249e+01, 2.17682053e+02,
    7.80581055e+01, 2.25935699e+02, 7.78088913e+01, 2.31186630e+02,
    8.17983932e+01, 2.25265976e+02, 8.40911407e+01, 2.17966141e+02,
    8.45178986e+01, 2.63305237e+02, 7.89334412e+01, 2.68371857e+02,
    7.29167099e+01, 2.76600342e+02, 7.25779114e+01, 2.82768066e+02,
    7.60975876e+01, 2.77079132e+02, 7.89842758e+01, 2.69976440e+02,
    7.99358139e+01, 2.24186996e+02, 1.30358093e+02, 2.33023544e+02,
    1.25188843e+02, 2.41914108e+02, 1.22969528e+02, 2.50316605e+02,
    1.22548569e+02, 2.59192810e+02, 1.21573730e+02, 2.69857208e+02,
    1.22463028e+02, 2.78262177e+02, 1.26674576e+02, 2.72113678e+02,
    1.35797852e+02, 2.61915558e+02, 1.43158249e+02, 2.51645309e+02,
    1.44072693e+02, 2.43114563e+02, 1.43703949e+02, 2.32729843e+02,
    1.39632874e+02, 2.27586197e+02, 1.30574585e+02, 2.42633881e+02,
    1.28996109e+02, 2.51147446e+02, 1.27721443e+02, 2.59754242e+02,
    1.26702408e+02, 2.75959961e+02, 1.27811935e+02, 2.61033173e+02,
    1.37043915e+02, 2.51052322e+02, 1.37654343e+02, 2.43072937e+02,
    1.37781952e+02 ]
noOfLandmarkPoint: 68
