%YAML:1.0
landmark: [ 1.15125946e+02, 2.36907990e+02, 1.19843155e+02,
    2.67597900e+02, 1.26722420e+02, 2.95508057e+02, 1.37223816e+02,
    3.22575836e+02, 1.48286804e+02, 3.47650055e+02, 1.61904938e+02,
    3.71236084e+02, 1.74470139e+02, 3.93432190e+02, 1.94391907e+02,
    4.07836517e+02, 2.21445633e+02, 4.11262146e+02, 2.49074982e+02,
    4.07345184e+02, 2.72548737e+02, 3.95088867e+02, 2.92245911e+02,
    3.74731873e+02, 3.07197754e+02, 3.53111298e+02, 3.15410736e+02,
    3.19445038e+02, 3.16210968e+02, 2.89120148e+02, 3.15798950e+02,
    2.58153198e+02, 3.15773651e+02, 2.25516983e+02, 1.28322891e+02,
    2.30323395e+02, 1.30203049e+02, 2.09270264e+02, 1.49531738e+02,
    2.01305771e+02, 1.68065292e+02, 2.02811035e+02, 1.85227798e+02,
    2.07737213e+02, 2.22372162e+02, 2.07392426e+02, 2.42000641e+02,
    1.97657562e+02, 2.62952057e+02, 1.93457672e+02, 2.88661652e+02,
    1.93916428e+02, 2.99563446e+02, 2.15549286e+02, 2.02019440e+02,
    2.24640625e+02, 2.02020721e+02, 2.46467468e+02, 2.01770859e+02,
    2.69266205e+02, 2.01391678e+02, 2.91961273e+02, 1.91719864e+02,
    2.98313141e+02, 2.00589691e+02, 3.01844147e+02, 2.10646545e+02,
    3.04444489e+02, 2.20063477e+02, 2.99971466e+02, 2.25726700e+02,
    2.94676056e+02, 1.48750153e+02, 2.29842667e+02, 1.55175491e+02,
    2.23363220e+02, 1.66625381e+02, 2.21935226e+02, 1.77128571e+02,
    2.28931183e+02, 1.66330215e+02, 2.33778687e+02, 1.56655258e+02,
    2.34126648e+02, 2.36616882e+02, 2.24156937e+02, 2.45014496e+02,
    2.15859085e+02, 2.56765350e+02, 2.15276749e+02, 2.67832062e+02,
    2.21867798e+02, 2.57849701e+02, 2.26507294e+02, 2.46023605e+02,
    2.27088226e+02, 1.87068466e+02, 3.43086090e+02, 1.98891937e+02,
    3.33554077e+02, 2.12834839e+02, 3.29328857e+02, 2.20239883e+02,
    3.30755432e+02, 2.26573242e+02, 3.28813873e+02, 2.40968430e+02,
    3.31798340e+02, 2.51763153e+02, 3.36995667e+02, 2.41076218e+02,
    3.45423401e+02, 2.29139175e+02, 3.49938446e+02, 2.21656174e+02,
    3.51258118e+02, 2.13653732e+02, 3.51258118e+02, 1.99403854e+02,
    3.50570190e+02, 1.91748444e+02, 3.42220825e+02, 2.12697021e+02,
    3.38337311e+02, 2.20839951e+02, 3.38326385e+02, 2.27485641e+02,
    3.36269531e+02, 2.46674286e+02, 3.37218811e+02, 2.27461884e+02,
    3.40411774e+02, 2.20996384e+02, 3.41978729e+02, 2.12785583e+02,
    3.41884216e+02 ]
noOfLandmarkPoint: 68
