%YAML:1.0
landmark: [ 1.55567688e+02, 1.56188095e+02, 1.58165070e+02,
    1.76074783e+02, 1.62299164e+02, 1.97337723e+02, 1.71145859e+02,
    2.16541641e+02, 1.79380142e+02, 2.33628311e+02, 1.93409409e+02,
    2.56242157e+02, 2.04956955e+02, 2.70722412e+02, 2.20971710e+02,
    2.79355988e+02, 2.39523361e+02, 2.79958710e+02, 2.57257202e+02,
    2.78309235e+02, 2.81175568e+02, 2.68356201e+02, 2.96376068e+02,
    2.48366470e+02, 3.08134033e+02, 2.25575043e+02, 3.08100403e+02,
    2.02879089e+02, 3.06992188e+02, 1.83365433e+02, 3.06364624e+02,
    1.61174774e+02, 3.05004913e+02, 1.39321869e+02, 1.67931839e+02,
    1.41740646e+02, 1.71039886e+02, 1.29669388e+02, 1.82768204e+02,
    1.26283752e+02, 1.96442184e+02, 1.24932213e+02, 2.09109085e+02,
    1.28250916e+02, 2.39748184e+02, 1.21613373e+02, 2.52160889e+02,
    1.17595772e+02, 2.64550323e+02, 1.16645096e+02, 2.75861359e+02,
    1.20761360e+02, 2.85845062e+02, 1.27337929e+02, 2.23223892e+02,
    1.42413025e+02, 2.23592041e+02, 1.56896027e+02, 2.24193283e+02,
    1.72418503e+02, 2.24867584e+02, 1.87640289e+02, 2.18820038e+02,
    1.95893509e+02, 2.24222321e+02, 1.97086807e+02, 2.30621765e+02,
    1.98194916e+02, 2.38152298e+02, 1.94044479e+02, 2.43472961e+02,
    1.90461166e+02, 1.81474060e+02, 1.49701401e+02, 1.88135132e+02,
    1.43640259e+02, 1.97141983e+02, 1.43367905e+02, 2.05869431e+02,
    1.49067734e+02, 1.97936554e+02, 1.51685013e+02, 1.88391144e+02,
    1.52120667e+02, 2.47288361e+02, 1.42198425e+02, 2.54620026e+02,
    1.34015839e+02, 2.65943604e+02, 1.33868332e+02, 2.72111847e+02,
    1.41359802e+02, 2.65407654e+02, 1.45602982e+02, 2.56150787e+02,
    1.45954010e+02, 2.14592728e+02, 2.30877304e+02, 2.18053085e+02,
    2.22700409e+02, 2.26864319e+02, 2.16093643e+02, 2.34296829e+02,
    2.17618958e+02, 2.42633163e+02, 2.14598587e+02, 2.55192520e+02,
    2.20401627e+02, 2.61522064e+02, 2.22648636e+02, 2.56648438e+02,
    2.27412552e+02, 2.45687424e+02, 2.34469345e+02, 2.36163086e+02,
    2.35433212e+02, 2.29704727e+02, 2.35589630e+02, 2.21230850e+02,
    2.34639435e+02, 2.16710205e+02, 2.28647873e+02, 2.28021851e+02,
    2.23771484e+02, 2.34772217e+02, 2.23917175e+02, 2.43792023e+02,
    2.22511551e+02, 2.58073334e+02, 2.23557495e+02, 2.43792023e+02,
    2.22511551e+02, 2.34772217e+02, 2.23917175e+02, 2.28021851e+02,
    2.23771484e+02 ]
noOfLandmarkPoint: 68
