%YAML:1.0
landmark: [ 1.63104218e+02, 1.70638229e+02, 1.60181320e+02,
    1.96752869e+02, 1.58682037e+02, 2.23241165e+02, 1.60661560e+02,
    2.50948837e+02, 1.69088593e+02, 2.78565948e+02, 1.81592957e+02,
    3.01090881e+02, 1.99043793e+02, 3.19101624e+02, 2.20072464e+02,
    3.36429138e+02, 2.48732483e+02, 3.41056366e+02, 2.74085876e+02,
    3.41103363e+02, 2.97647949e+02, 3.27824097e+02, 3.20266571e+02,
    3.10778229e+02, 3.43139557e+02, 2.94576508e+02, 3.56117126e+02,
    2.71456360e+02, 3.60174377e+02, 2.37741272e+02, 3.63728607e+02,
    2.11560303e+02, 3.64712738e+02, 1.82848907e+02, 1.78070663e+02,
    1.35807968e+02, 1.93580933e+02, 1.29679947e+02, 2.09326294e+02,
    1.31203629e+02, 2.23518692e+02, 1.37764694e+02, 2.35307526e+02,
    1.45488373e+02, 2.75471588e+02, 1.52535843e+02, 2.94544922e+02,
    1.43397934e+02, 3.12526917e+02, 1.42297226e+02, 3.30738098e+02,
    1.42623230e+02, 3.47940521e+02, 1.44147659e+02, 2.58840637e+02,
    1.73330933e+02, 2.57194580e+02, 1.89603302e+02, 2.54957779e+02,
    2.06613113e+02, 2.52558487e+02, 2.23280304e+02, 2.36851669e+02,
    2.36833359e+02, 2.44454010e+02, 2.40310471e+02, 2.53089233e+02,
    2.44034653e+02, 2.61619812e+02, 2.41307343e+02, 2.70326019e+02,
    2.38943359e+02, 1.97538971e+02, 1.66172470e+02, 2.08074585e+02,
    1.61168457e+02, 2.21516846e+02, 1.63760620e+02, 2.30437256e+02,
    1.73184128e+02, 2.18590500e+02, 1.73455536e+02, 2.05752991e+02,
    1.72523483e+02, 2.92035553e+02, 1.79129257e+02, 3.03474121e+02,
    1.70840775e+02, 3.18153992e+02, 1.72833466e+02, 3.28649109e+02,
    1.78659943e+02, 3.20712128e+02, 1.82888916e+02, 3.07415161e+02,
    1.82034241e+02, 2.12294434e+02, 2.75988251e+02, 2.30940567e+02,
    2.68463654e+02, 2.45417847e+02, 2.65390289e+02, 2.52876816e+02,
    2.67929199e+02, 2.62359192e+02, 2.68096039e+02, 2.79111023e+02,
    2.73961914e+02, 2.94018341e+02, 2.82560089e+02, 2.79199890e+02,
    2.95789856e+02, 2.62111755e+02, 2.97131714e+02, 2.52607635e+02,
    2.96622864e+02, 2.43471924e+02, 2.95639679e+02, 2.31213135e+02,
    2.93720490e+02, 2.19722412e+02, 2.78982971e+02, 2.45126282e+02,
    2.78593475e+02, 2.52889359e+02, 2.79854919e+02, 2.63153503e+02,
    2.80151062e+02, 2.84864807e+02, 2.84222473e+02, 2.63153503e+02,
    2.80151062e+02, 2.52889359e+02, 2.79854919e+02, 2.45126282e+02,
    2.78593475e+02 ]
noOfLandmarkPoint: 68
