%YAML:1.0
landmark: [ 1.76607239e+02, 7.76138153e+01, 1.78419464e+02,
    9.09026871e+01, 1.80684250e+02, 1.05500214e+02, 1.84660934e+02,
    1.18486435e+02, 1.90097321e+02, 1.30365768e+02, 1.98553696e+02,
    1.40432892e+02, 2.11339554e+02, 1.49594315e+02, 2.24699112e+02,
    1.56127853e+02, 2.37482651e+02, 1.57169052e+02, 2.47495712e+02,
    1.55411346e+02, 2.55983429e+02, 1.45645264e+02, 2.61067474e+02,
    1.33330765e+02, 2.63254852e+02, 1.22834679e+02, 2.68024719e+02,
    1.12774353e+02, 2.70301361e+02, 1.03435783e+02, 2.70909821e+02,
    9.54829788e+01, 2.69879303e+02, 8.81343307e+01, 2.08872452e+02,
    6.77991791e+01, 2.16926422e+02, 6.47284698e+01, 2.25383072e+02,
    6.35204124e+01, 2.34242416e+02, 6.52824707e+01, 2.41037338e+02,
    6.87054291e+01, 2.54460159e+02, 7.14586868e+01, 2.58895386e+02,
    6.96407623e+01, 2.63133972e+02, 6.81807861e+01, 2.67462921e+02,
    6.81423187e+01, 2.70634216e+02, 6.89565125e+01, 2.48083740e+02,
    7.71959229e+01, 2.50612289e+02, 8.73175583e+01, 2.52993912e+02,
    9.74140015e+01, 2.55712479e+02, 1.06121391e+02, 2.40432892e+02,
    1.11439598e+02, 2.45264816e+02, 1.12798973e+02, 2.48737946e+02,
    1.15165199e+02, 2.52412537e+02, 1.13554176e+02, 2.55231613e+02,
    1.12497169e+02, 2.17586288e+02, 7.91407776e+01, 2.22426895e+02,
    7.71870499e+01, 2.27294586e+02, 7.67336960e+01, 2.30333389e+02,
    7.96175156e+01, 2.26619415e+02, 8.09196472e+01, 2.22214417e+02,
    8.08819046e+01, 2.54938766e+02, 8.31737671e+01, 2.59501831e+02,
    7.95582504e+01, 2.64456238e+02, 7.99387817e+01, 2.68482666e+02,
    8.28457413e+01, 2.64206421e+02, 8.29985886e+01, 2.59269501e+02,
    8.30180435e+01, 2.23698334e+02, 1.26309807e+02, 2.35495193e+02,
    1.23543404e+02, 2.42644394e+02, 1.22836517e+02, 2.46068741e+02,
    1.23664574e+02, 2.49227188e+02, 1.22987419e+02, 2.56480408e+02,
    1.25227478e+02, 2.55355865e+02, 1.27476303e+02, 2.53519592e+02,
    1.31082260e+02, 2.48478973e+02, 1.33283585e+02, 2.44644562e+02,
    1.33907013e+02, 2.40165359e+02, 1.33093628e+02, 2.34038910e+02,
    1.30748856e+02, 2.26684311e+02, 1.26648705e+02, 2.41640320e+02,
    1.27432060e+02, 2.44893631e+02, 1.27753265e+02, 2.48867538e+02,
    1.27452408e+02, 2.52739716e+02, 1.27319275e+02, 2.48867538e+02,
    1.27452408e+02, 2.44893631e+02, 1.27753265e+02, 2.41640320e+02,
    1.27432060e+02 ]
noOfLandmarkPoint: 68
