%YAML:1.0
landmark: [ 1.77525986e+02, 1.66800323e+02, 1.74851471e+02,
    1.89775330e+02, 1.75630234e+02, 2.13045746e+02, 1.80278564e+02,
    2.37942535e+02, 1.88873856e+02, 2.62491821e+02, 2.01263565e+02,
    2.81884644e+02, 2.10178589e+02, 3.00160461e+02, 2.20801468e+02,
    3.09612579e+02, 2.39968796e+02, 3.11562103e+02, 2.69393616e+02,
    3.08162567e+02, 2.95376129e+02, 2.95643951e+02, 3.16610779e+02,
    2.81773438e+02, 3.38571228e+02, 2.61933319e+02, 3.52835297e+02,
    2.40983002e+02, 3.65316345e+02, 2.15575165e+02, 3.72107880e+02,
    1.91949142e+02, 3.72297852e+02, 1.67318253e+02, 1.73448837e+02,
    1.35970871e+02, 1.80916748e+02, 1.30106949e+02, 1.90812241e+02,
    1.28675446e+02, 2.01010956e+02, 1.30223953e+02, 2.11017548e+02,
    1.34165237e+02, 2.47092758e+02, 1.33289734e+02, 2.62159241e+02,
    1.29297867e+02, 2.77931549e+02, 1.28006271e+02, 2.93278503e+02,
    1.30680557e+02, 3.06262634e+02, 1.38257843e+02, 2.25285233e+02,
    1.59797516e+02, 2.21897491e+02, 1.72306854e+02, 2.17763199e+02,
    1.85752823e+02, 2.13850357e+02, 1.99268250e+02, 2.09029251e+02,
    2.16079895e+02, 2.14619934e+02, 2.18716827e+02, 2.19985123e+02,
    2.21224838e+02, 2.30554245e+02, 2.17712585e+02, 2.41531540e+02,
    2.16375320e+02, 1.90119766e+02, 1.59281540e+02, 1.96134583e+02,
    1.54439926e+02, 2.05359497e+02, 1.54911530e+02, 2.15429718e+02,
    1.61600510e+02, 2.06114288e+02, 1.64551392e+02, 1.95001328e+02,
    1.64772568e+02, 2.57482025e+02, 1.63126801e+02, 2.67933289e+02,
    1.54572357e+02, 2.78958008e+02, 1.55078217e+02, 2.89177551e+02,
    1.61685196e+02, 2.79184814e+02, 1.66914078e+02, 2.67863220e+02,
    1.66005386e+02, 2.00848190e+02, 2.43935150e+02, 2.09725937e+02,
    2.38144470e+02, 2.18417557e+02, 2.35219025e+02, 2.26662750e+02,
    2.36746506e+02, 2.34762512e+02, 2.34490799e+02, 2.53908905e+02,
    2.39044022e+02, 2.78543610e+02, 2.40574829e+02, 2.54595306e+02,
    2.52047241e+02, 2.37361206e+02, 2.55147186e+02, 2.27964615e+02,
    2.56042236e+02, 2.19997879e+02, 2.55282074e+02, 2.11637100e+02,
    2.51730133e+02, 2.05915207e+02, 2.45042313e+02, 2.19561569e+02,
    2.44249802e+02, 2.27234634e+02, 2.44294662e+02, 2.35917038e+02,
    2.43994324e+02, 2.72636078e+02, 2.41773209e+02, 2.35917038e+02,
    2.43994324e+02, 2.27234634e+02, 2.44294662e+02, 2.19561569e+02,
    2.44249802e+02 ]
noOfLandmarkPoint: 68
