%YAML:1.0
landmark: [ 1.53971466e+02, 2.90658752e+02, 1.62041611e+02,
    3.08266357e+02, 1.71579071e+02, 3.26607605e+02, 1.82583832e+02,
    3.52285370e+02, 2.03126038e+02, 3.72827576e+02, 2.26602859e+02,
    3.86766937e+02, 2.51546967e+02, 3.94103455e+02, 2.78381500e+02,
    3.95729401e+02, 3.04187805e+02, 3.91239227e+02, 3.20375031e+02,
    3.82112671e+02, 3.28169342e+02, 3.65901978e+02, 3.32958710e+02,
    3.45013580e+02, 3.37020081e+02, 3.20415649e+02, 3.40113220e+02,
    2.92812775e+02, 3.42361084e+02, 2.70668182e+02, 3.38164642e+02,
    2.51387817e+02, 3.32248505e+02, 2.36116241e+02, 1.91475800e+02,
    2.52948959e+02, 2.05690979e+02, 2.40864349e+02, 2.24284607e+02,
    2.33480927e+02, 2.43776093e+02, 2.32770737e+02, 2.61729919e+02,
    2.37401550e+02, 2.88364563e+02, 2.32612198e+02, 2.99052246e+02,
    2.22247253e+02, 3.09188293e+02, 2.13326157e+02, 3.19711761e+02,
    2.05989655e+02, 3.28627167e+02, 2.10144867e+02, 2.79631134e+02,
    2.47942810e+02, 2.86509827e+02, 2.65139496e+02, 2.94145599e+02,
    2.81256348e+02, 3.01071198e+02, 2.99098572e+02, 2.81902466e+02,
    3.16635803e+02, 2.90706268e+02, 3.15649780e+02, 2.98201294e+02,
    3.17944550e+02, 3.03154877e+02, 3.13818481e+02, 3.07556763e+02,
    3.10355682e+02, 2.15574646e+02, 2.65209900e+02, 2.25640289e+02,
    2.56934265e+02, 2.37331787e+02, 2.54434036e+02, 2.47949097e+02,
    2.59340698e+02, 2.39919357e+02, 2.66340759e+02, 2.28645264e+02,
    2.69153961e+02, 2.94864532e+02, 2.49304993e+02, 3.00173340e+02,
    2.36873352e+02, 3.12645416e+02, 2.31966705e+02, 3.22435242e+02,
    2.36873352e+02, 3.18150635e+02, 2.45125504e+02, 3.08935913e+02,
    2.49139954e+02, 2.64547211e+02, 3.52332306e+02, 2.84809265e+02,
    3.42614166e+02, 2.95366882e+02, 3.36642578e+02, 3.01837524e+02,
    3.37858948e+02, 3.08613831e+02, 3.31713928e+02, 3.14159637e+02,
    3.32862701e+02, 3.21771942e+02, 3.34748138e+02, 3.16612946e+02,
    3.42953369e+02, 3.12397247e+02, 3.48951202e+02, 3.07071136e+02,
    3.52895935e+02, 2.99319153e+02, 3.55829926e+02, 2.89567383e+02,
    3.56781097e+02, 2.70439880e+02, 3.51346283e+02, 2.96955566e+02,
    3.44044556e+02, 3.03367310e+02, 3.42613495e+02, 3.09589172e+02,
    3.38751129e+02, 3.17575500e+02, 3.35411407e+02, 3.09589172e+02,
    3.38751129e+02, 3.03367310e+02, 3.42613495e+02, 2.96955566e+02,
    3.44044556e+02 ]
noOfLandmarkPoint: 68
