%YAML:1.0
landmark: [ 4.55460297e+02, 3.66724792e+02, 4.49595001e+02,
    4.10019958e+02, 4.54311981e+02, 4.61189636e+02, 4.72484924e+02,
    5.07969788e+02, 4.87694305e+02, 5.54680786e+02, 5.01444946e+02,
    5.91321350e+02, 5.25963867e+02, 6.27573425e+02, 5.56321472e+02,
    6.63935547e+02, 6.08442993e+02, 6.75564209e+02, 6.60028625e+02,
    6.72164124e+02, 7.14099976e+02, 6.48392700e+02, 7.52507263e+02,
    6.25006897e+02, 7.90650208e+02, 5.91556641e+02, 8.15706970e+02,
    5.43492371e+02, 8.29549805e+02, 4.88771027e+02, 8.40914124e+02,
    4.27399902e+02, 8.43664246e+02, 3.68892883e+02, 4.55081390e+02,
    3.10476837e+02, 4.75315216e+02, 2.91989716e+02, 5.01991028e+02,
    2.86321320e+02, 5.33242249e+02, 2.89264587e+02, 5.63432007e+02,
    2.96229034e+02, 6.26328552e+02, 2.89871429e+02, 6.63551147e+02,
    2.82808167e+02, 7.03350525e+02, 2.78336182e+02, 7.47128296e+02,
    2.84249908e+02, 7.80178345e+02, 3.04485474e+02, 5.90671448e+02,
    3.38328583e+02, 5.86099976e+02, 3.70328583e+02, 5.79700012e+02,
    4.00500000e+02, 5.73299988e+02, 4.28842865e+02, 5.53057190e+02,
    4.62685974e+02, 5.66907288e+02, 4.69607361e+02, 5.84800110e+02,
    4.74171539e+02, 6.07785767e+02, 4.69343048e+02, 6.29207214e+02,
    4.61114471e+02, 4.91602844e+02, 3.57977875e+02, 5.08257172e+02,
    3.38200043e+02, 5.39864319e+02, 3.37807159e+02, 5.58928528e+02,
    3.59085541e+02, 5.33464294e+02, 3.66271271e+02, 5.07214355e+02,
    3.65885681e+02, 6.56099854e+02, 3.53214203e+02, 6.75042786e+02,
    3.34142761e+02, 7.02878784e+02, 3.30621399e+02, 7.25743164e+02,
    3.46557129e+02, 7.11606934e+02, 3.58707184e+02, 6.83121033e+02,
    3.61442780e+02, 5.26021484e+02, 5.30985779e+02, 5.48797241e+02,
    5.18963257e+02, 5.76439636e+02, 5.08114563e+02, 5.92759644e+02,
    5.13298035e+02, 6.09599426e+02, 5.06730927e+02, 6.41932251e+02,
    5.09365173e+02, 6.90971252e+02, 5.27449890e+02, 6.45678894e+02,
    5.64528198e+02, 6.14864807e+02, 5.74985474e+02, 5.94156616e+02,
    5.77623962e+02, 5.79556946e+02, 5.76171387e+02, 5.48871338e+02,
    5.65849915e+02, 5.34900024e+02, 5.34900024e+02, 5.77666443e+02,
    5.26154724e+02, 5.93150452e+02, 5.24175842e+02, 6.10576721e+02,
    5.22774292e+02, 6.69700134e+02, 5.32542725e+02, 6.12250488e+02,
    5.46649902e+02, 5.94204529e+02, 5.47365784e+02, 5.78242493e+02,
    5.46128479e+02 ]
noOfLandmarkPoint: 68
