%YAML:1.0
landmark: [ 1.58230392e+02, 1.24287994e+02, 1.59179199e+02,
    1.41034531e+02, 1.62537918e+02, 1.55393890e+02, 1.63504776e+02,
    1.69633209e+02, 1.68930893e+02, 1.84606583e+02, 1.77847290e+02,
    1.98581192e+02, 1.88611374e+02, 2.09535294e+02, 2.00115021e+02,
    2.18955597e+02, 2.16125000e+02, 2.21072922e+02, 2.33640839e+02,
    2.19657593e+02, 2.47533508e+02, 2.08889938e+02, 2.59127686e+02,
    1.98314758e+02, 2.68683868e+02, 1.86165756e+02, 2.72341003e+02,
    1.69159424e+02, 2.73088318e+02, 1.54745926e+02, 2.75476410e+02,
    1.38148361e+02, 2.75453705e+02, 1.22229477e+02, 1.64971024e+02,
    1.14966888e+02, 1.73134308e+02, 1.08106667e+02, 1.84729218e+02,
    1.07049896e+02, 1.95167755e+02, 1.09574303e+02, 2.04198074e+02,
    1.14290459e+02, 2.24805206e+02, 1.14136047e+02, 2.36171631e+02,
    1.09675430e+02, 2.47112350e+02, 1.07223907e+02, 2.59678314e+02,
    1.08477859e+02, 2.67919067e+02, 1.14132126e+02, 2.16194275e+02,
    1.23845673e+02, 2.16348022e+02, 1.34799362e+02, 2.16341095e+02,
    1.45365097e+02, 2.16211609e+02, 1.55711761e+02, 2.04931396e+02,
    1.60657745e+02, 2.10440903e+02, 1.63290298e+02, 2.16555420e+02,
    1.66485397e+02, 2.21555496e+02, 1.63710831e+02, 2.26177719e+02,
    1.61487381e+02, 1.78788620e+02, 1.25298546e+02, 1.85424606e+02,
    1.19768417e+02, 1.94607605e+02, 1.20485329e+02, 2.00824631e+02,
    1.27277580e+02, 1.94099274e+02, 1.29043716e+02, 1.85232300e+02,
    1.28923264e+02, 2.32468002e+02, 1.27388458e+02, 2.37346039e+02,
    1.20639793e+02, 2.46933640e+02, 1.19926720e+02, 2.53461731e+02,
    1.25113564e+02, 2.48209244e+02, 1.27869087e+02, 2.40547791e+02,
    1.28476257e+02, 1.94363190e+02, 1.83369095e+02, 2.01456009e+02,
    1.78389160e+02, 2.10641312e+02, 1.74880997e+02, 2.16653137e+02,
    1.77224564e+02, 2.24432068e+02, 1.74773682e+02, 2.32237610e+02,
    1.77393219e+02, 2.40604172e+02, 1.81987762e+02, 2.33334763e+02,
    1.90229889e+02, 2.24747803e+02, 1.93359039e+02, 2.17205368e+02,
    1.94614212e+02, 2.10666412e+02, 1.93380264e+02, 2.01333557e+02,
    1.90448822e+02, 1.99028046e+02, 1.83708771e+02, 2.10625183e+02,
    1.80066315e+02, 2.16870941e+02, 1.80487045e+02, 2.24540314e+02,
    1.79949432e+02, 2.35588318e+02, 1.82508591e+02, 2.24490616e+02,
    1.85122330e+02, 2.16880051e+02, 1.86110382e+02, 2.10831680e+02,
    1.85841782e+02 ]
noOfLandmarkPoint: 68
