%YAML:1.0
landmark: [ 1.57528641e+02, 8.13822174e+01, 1.53687607e+02,
    9.35565338e+01, 1.56331009e+02, 1.07937370e+02, 1.60783661e+02,
    1.23191948e+02, 1.67395050e+02, 1.37900116e+02, 1.70791031e+02,
    1.53980652e+02, 1.76427322e+02, 1.73163635e+02, 1.85453796e+02,
    1.93214569e+02, 1.96188141e+02, 2.09365051e+02, 2.14403839e+02,
    2.12553024e+02, 2.38072891e+02, 2.02219315e+02, 2.61214050e+02,
    1.88676910e+02, 2.86557587e+02, 1.74304260e+02, 3.06554932e+02,
    1.57961594e+02, 3.13290039e+02, 1.29811142e+02, 3.14883087e+02,
    1.00363289e+02, 3.15417633e+02, 7.19841843e+01, 1.55389679e+02,
    5.05177536e+01, 1.62156036e+02, 5.00470963e+01, 1.67166718e+02,
    5.53001060e+01, 1.73670944e+02, 6.09364014e+01, 1.79603149e+02,
    6.68686066e+01, 1.98360886e+02, 6.71645126e+01, 2.13945160e+02,
    6.15282211e+01, 2.30814453e+02, 6.01896286e+01, 2.46398727e+02,
    6.31289368e+01, 2.58660431e+02, 6.96331635e+01, 1.90209167e+02,
    8.30888672e+01, 1.86389435e+02, 9.80692520e+01, 1.81848450e+02,
    1.13528984e+02, 1.77166382e+02, 1.28956558e+02, 1.70455521e+02,
    1.30899612e+02, 1.75446411e+02, 1.38742447e+02, 1.86403290e+02,
    1.43524796e+02, 1.95429764e+02, 1.39838715e+02, 2.04650772e+02,
    1.37995667e+02, 1.62606903e+02, 7.21216125e+01, 1.66191620e+02,
    7.03997345e+01, 1.74215942e+02, 7.27448807e+01, 1.82242432e+02,
    7.99273834e+01, 1.72646896e+02, 8.22761993e+01, 1.65182724e+02,
    7.85582657e+01, 2.17414062e+02, 8.54602661e+01, 2.22312225e+02,
    8.14637833e+01, 2.32818253e+02, 8.36027374e+01, 2.43808914e+02,
    8.79680176e+01, 2.35650391e+02, 9.11694489e+01, 2.24344009e+02,
    9.04902496e+01, 1.78397537e+02, 1.62026413e+02, 1.78647842e+02,
    1.59196442e+02, 1.83187866e+02, 1.58274918e+02, 1.87592743e+02,
    1.59963013e+02, 1.91512970e+02, 1.59236038e+02, 2.05547623e+02,
    1.64244110e+02, 2.24532745e+02, 1.67879227e+02, 2.06863098e+02,
    1.73636673e+02, 1.94641006e+02, 1.75863007e+02, 1.88890671e+02,
    1.73974655e+02, 1.83935547e+02, 1.71434906e+02, 1.78918030e+02,
    1.66970306e+02, 1.80592255e+02, 1.62397873e+02, 1.83503586e+02,
    1.63009491e+02, 1.87714218e+02, 1.64475052e+02, 1.92468277e+02,
    1.65585312e+02, 2.19245956e+02, 1.67879227e+02, 1.92468277e+02,
    1.65585312e+02, 1.87714218e+02, 1.64475052e+02, 1.83503586e+02,
    1.63009491e+02 ]
noOfLandmarkPoint: 68
