%YAML:1.0
landmark: [ 1.37233276e+02, 1.26118988e+02, 1.29471252e+02,
    1.62843216e+02, 1.27208344e+02, 2.02419479e+02, 1.33302505e+02,
    2.32804749e+02, 1.48587677e+02, 2.62296356e+02, 1.73328568e+02,
    2.82451691e+02, 1.97215607e+02, 2.98286163e+02, 2.20593155e+02,
    3.12492615e+02, 2.52817383e+02, 3.22153320e+02, 2.79855072e+02,
    3.17482208e+02, 2.98151520e+02, 2.91973053e+02, 3.14455719e+02,
    2.72201843e+02, 3.25975281e+02, 2.54488586e+02, 3.35715607e+02,
    2.34617874e+02, 3.45680847e+02, 2.13972931e+02, 3.53773193e+02,
    1.93976852e+02, 3.54547424e+02, 1.62453140e+02, 1.98015656e+02,
    1.38560165e+02, 2.18065536e+02, 1.26232498e+02, 2.40887833e+02,
    1.20998100e+02, 2.62141815e+02, 1.27416687e+02, 2.79220184e+02,
    1.38705429e+02, 3.11199615e+02, 1.37531403e+02, 3.25465790e+02,
    1.30678711e+02, 3.36165405e+02, 1.26093155e+02, 3.47173767e+02,
    1.25050163e+02, 3.56627869e+02, 1.29908875e+02, 2.95404938e+02,
    1.55644485e+02, 2.96953369e+02, 1.79320618e+02, 2.99256104e+02,
    2.01653320e+02, 3.01009491e+02, 2.24985123e+02, 2.69079163e+02,
    2.27903595e+02, 2.80000336e+02, 2.32639572e+02, 2.89336609e+02,
    2.38039139e+02, 3.00645264e+02, 2.35736420e+02, 3.08612274e+02,
    2.29502914e+02, 2.18734283e+02, 1.53156677e+02, 2.32623947e+02,
    1.44671936e+02, 2.48737701e+02, 1.46443726e+02, 2.55348221e+02,
    1.58167236e+02, 2.43969009e+02, 1.61909302e+02, 2.29678711e+02,
    1.59780243e+02, 3.08934540e+02, 1.57903671e+02, 3.14880829e+02,
    1.49786789e+02, 3.29545990e+02, 1.44969681e+02, 3.37511353e+02,
    1.53677063e+02, 3.33411133e+02, 1.62503265e+02, 3.21031555e+02,
    1.63453979e+02, 2.39809097e+02, 2.64260223e+02, 2.60549622e+02,
    2.57908722e+02, 2.78653961e+02, 2.53026321e+02, 2.88643921e+02,
    2.57637329e+02, 2.98950592e+02, 2.54257919e+02, 3.04979156e+02,
    2.57619080e+02, 3.07788757e+02, 2.65376526e+02, 3.03028992e+02,
    2.74536560e+02, 2.92132782e+02, 2.84380035e+02, 2.82418915e+02,
    2.85129150e+02, 2.70212830e+02, 2.83869965e+02, 2.55831635e+02,
    2.78438171e+02, 2.45607208e+02, 2.65267792e+02, 2.75518036e+02,
    2.64597565e+02, 2.86354736e+02, 2.65325836e+02, 2.95322845e+02,
    2.65682709e+02, 3.03865265e+02, 2.66075562e+02, 2.95322845e+02,
    2.65682709e+02, 2.86354736e+02, 2.65325836e+02, 2.75518036e+02,
    2.64597565e+02 ]
noOfLandmarkPoint: 68
