%YAML:1.0
landmark: [ 2.08049423e+02, 1.25692947e+02, 2.10503418e+02,
    1.40396240e+02, 2.08835846e+02, 1.52620407e+02, 2.09084656e+02,
    1.70688492e+02, 2.15774292e+02, 1.82688980e+02, 2.27346771e+02,
    1.94042297e+02, 2.38052917e+02, 2.04484787e+02, 2.51428162e+02,
    2.15472778e+02, 2.68538940e+02, 2.16495911e+02, 2.85559448e+02,
    2.12699173e+02, 3.02974365e+02, 2.00057312e+02, 3.15463196e+02,
    1.86554764e+02, 3.27536072e+02, 1.71654099e+02, 3.37052917e+02,
    1.57085526e+02, 3.36749298e+02, 1.35458618e+02, 3.33911530e+02,
    1.16502319e+02, 3.33182434e+02, 9.67616272e+01, 2.11498672e+02,
    1.14309975e+02, 2.15774292e+02, 1.05524750e+02, 2.24310699e+02,
    1.00751495e+02, 2.33235168e+02, 1.00308655e+02, 2.42353668e+02,
    1.02364281e+02, 2.59420715e+02, 9.78250122e+01, 2.71461151e+02,
    9.31909943e+01, 2.82759674e+02, 9.10257950e+01, 2.93117737e+02,
    9.42661896e+01, 3.01683807e+02, 1.00886208e+02, 2.53736633e+02,
    1.15370338e+02, 2.53199036e+02, 1.23592834e+02, 2.52716232e+02,
    1.32656540e+02, 2.52537033e+02, 1.42203049e+02, 2.44329361e+02,
    1.48962296e+02, 2.50328094e+02, 1.50067184e+02, 2.56874634e+02,
    1.51516052e+02, 2.65806732e+02, 1.47334686e+02, 2.72551178e+02,
    1.45871445e+02, 2.21319138e+02, 1.18670044e+02, 2.28008774e+02,
    1.14613586e+02, 2.35499649e+02, 1.14185570e+02, 2.41736145e+02,
    1.17082397e+02, 2.34742905e+02, 1.18242027e+02, 2.27540802e+02,
    1.18724831e+02, 2.72690399e+02, 1.11592346e+02, 2.79091278e+02,
    1.06888718e+02, 2.87064941e+02, 1.06336288e+02, 2.94127808e+02,
    1.07978729e+02, 2.88125305e+02, 1.09800369e+02, 2.81007660e+02,
    1.10945175e+02, 2.35663605e+02, 1.66684967e+02, 2.44596573e+02,
    1.63209106e+02, 2.52195938e+02, 1.61792068e+02, 2.59153320e+02,
    1.62171066e+02, 2.68655487e+02, 1.59839767e+02, 2.78471985e+02,
    1.59732483e+02, 2.91864441e+02, 1.61105240e+02, 2.81933319e+02,
    1.72590057e+02, 2.72080383e+02, 1.75641785e+02, 2.61732300e+02,
    1.77273743e+02, 2.54159851e+02, 1.77611771e+02, 2.45637283e+02,
    1.76282166e+02, 2.39018524e+02, 1.66233673e+02, 2.52609848e+02,
    1.64496735e+02, 2.59346161e+02, 1.64185440e+02, 2.68977173e+02,
    1.62734543e+02, 2.88936859e+02, 1.61764023e+02, 2.71008728e+02,
    1.70638046e+02, 2.60600555e+02, 1.71532562e+02, 2.53482040e+02,
    1.72524445e+02 ]
noOfLandmarkPoint: 68
