%YAML:1.0
landmark: [ 1.40608215e+02, 1.85395294e+02, 1.40807587e+02,
    2.11628494e+02, 1.43706848e+02, 2.36419998e+02, 1.52026550e+02,
    2.56433685e+02, 1.66800095e+02, 2.74765015e+02, 1.88651031e+02,
    2.90799927e+02, 2.13219330e+02, 3.00168945e+02, 2.38811508e+02,
    3.07660950e+02, 2.62944519e+02, 3.08085114e+02, 2.73986359e+02,
    2.97896393e+02, 2.83151215e+02, 2.80000366e+02, 2.93352661e+02,
    2.65215698e+02, 3.02091766e+02, 2.49815430e+02, 3.11460785e+02,
    2.33793213e+02, 3.18949432e+02, 2.15419479e+02, 3.22539154e+02,
    1.96840500e+02, 3.22282593e+02, 1.78435501e+02, 2.03330109e+02,
    1.46404572e+02, 2.16947952e+02, 1.40649338e+02, 2.31768539e+02,
    1.39897888e+02, 2.46373840e+02, 1.42771973e+02, 2.60059509e+02,
    1.48151535e+02, 2.96060516e+02, 1.54710770e+02, 3.05217407e+02,
    1.50548538e+02, 3.14374329e+02, 1.48467422e+02, 3.21866364e+02,
    1.48051193e+02, 3.28942169e+02, 1.50548538e+02, 2.77843384e+02,
    1.70456650e+02, 2.79459900e+02, 1.85966263e+02, 2.81317810e+02,
    2.02581619e+02, 2.83963959e+02, 2.20160507e+02, 2.59062958e+02,
    2.30169205e+02, 2.67066345e+02, 2.33138153e+02, 2.72916229e+02,
    2.35500015e+02, 2.80450867e+02, 2.33069672e+02, 2.87209290e+02,
    2.29013611e+02, 2.08237366e+02, 1.70111038e+02, 2.23222992e+02,
    1.64910629e+02, 2.37998138e+02, 1.65326859e+02, 2.44657715e+02,
    1.73027786e+02, 2.35087753e+02, 1.78430740e+02, 2.23015686e+02,
    1.77598297e+02, 2.89817169e+02, 1.74689499e+02, 2.98765411e+02,
    1.67590897e+02, 3.08638977e+02, 1.67122742e+02, 3.15420471e+02,
    1.73223969e+02, 3.09993652e+02, 1.80299774e+02, 3.01048828e+02,
    1.80301361e+02, 2.29676849e+02, 2.55645737e+02, 2.42380402e+02,
    2.53556671e+02, 2.63339661e+02, 2.50625351e+02, 2.71348511e+02,
    2.53949081e+02, 2.80386963e+02, 2.50775665e+02, 2.88137695e+02,
    2.55075668e+02, 2.83624237e+02, 2.58171722e+02, 2.83094147e+02,
    2.63077362e+02, 2.75670319e+02, 2.72905518e+02, 2.66302917e+02,
    2.73535400e+02, 2.55889389e+02, 2.72283539e+02, 2.41334274e+02,
    2.63756531e+02, 2.34459442e+02, 2.57723694e+02, 2.60249390e+02,
    2.59386993e+02, 2.69718323e+02, 2.59124878e+02, 2.78215454e+02,
    2.58607147e+02, 2.80966125e+02, 2.58546143e+02, 2.78215454e+02,
    2.58607147e+02, 2.69718323e+02, 2.59124878e+02, 2.60249390e+02,
    2.59386993e+02 ]
noOfLandmarkPoint: 68
