%YAML:1.0
landmark: [ 1.08871948e+02, 1.16976791e+02, 1.10586243e+02,
    1.33811584e+02, 1.13878746e+02, 1.51138916e+02, 1.18419014e+02,
    1.68301041e+02, 1.23984283e+02, 1.81237640e+02, 1.35666534e+02,
    1.92548370e+02, 1.48978500e+02, 2.00704376e+02, 1.65809113e+02,
    2.10136978e+02, 1.79634766e+02, 2.10669952e+02, 1.92760025e+02,
    2.08330978e+02, 2.04196609e+02, 1.97663239e+02, 2.13452667e+02,
    1.87716705e+02, 2.20674423e+02, 1.73613693e+02, 2.24054581e+02,
    1.60149033e+02, 2.25398148e+02, 1.46013947e+02, 2.26037613e+02,
    1.33600708e+02, 2.25668610e+02, 1.16887619e+02, 1.20584702e+02,
    1.05053040e+02, 1.28604706e+02, 9.71387329e+01, 1.39882141e+02,
    9.31111221e+01, 1.53094482e+02, 9.50885696e+01, 1.64629532e+02,
    9.86577072e+01, 1.85867340e+02, 9.88406448e+01, 1.96760544e+02,
    9.45526962e+01, 2.07780029e+02, 9.38020935e+01, 2.17283112e+02,
    9.67464828e+01, 2.23802689e+02, 1.02794830e+02, 1.76400131e+02,
    1.16510002e+02, 1.77201462e+02, 1.24258888e+02, 1.78122223e+02,
    1.32008087e+02, 1.79076187e+02, 1.40783691e+02, 1.66830521e+02,
    1.48802811e+02, 1.72815399e+02, 1.50204681e+02, 1.78369980e+02,
    1.52395691e+02, 1.84275375e+02, 1.50692627e+02, 1.89222427e+02,
    1.48459290e+02, 1.34891922e+02, 1.19430260e+02, 1.41846909e+02,
    1.15489914e+02, 1.49481369e+02, 1.15242622e+02, 1.55276016e+02,
    1.19333450e+02, 1.49414780e+02, 1.22401657e+02, 1.41491928e+02,
    1.22374931e+02, 1.92488815e+02, 1.19182999e+02, 1.98342911e+02,
    1.15038612e+02, 2.05350113e+02, 1.14921806e+02, 2.11181152e+02,
    1.17596275e+02, 2.06619019e+02, 1.20582535e+02, 1.99670929e+02,
    1.21026123e+02, 1.55268661e+02, 1.76582947e+02, 1.63842072e+02,
    1.66074753e+02, 1.72355011e+02, 1.61258774e+02, 1.78945297e+02,
    1.62435043e+02, 1.83333801e+02, 1.61289383e+02, 1.93564240e+02,
    1.66271408e+02, 1.99646683e+02, 1.75744293e+02, 1.93186249e+02,
    1.82469940e+02, 1.84305557e+02, 1.84107468e+02, 1.78574677e+02,
    1.84270706e+02, 1.72553268e+02, 1.84438126e+02, 1.64208038e+02,
    1.83115219e+02, 1.61002563e+02, 1.74621307e+02, 1.72319733e+02,
    1.70345795e+02, 1.78609589e+02, 1.70638535e+02, 1.83543839e+02,
    1.70591324e+02, 1.94284286e+02, 1.74827881e+02, 1.83559174e+02,
    1.74566513e+02, 1.78722763e+02, 1.75483307e+02, 1.72764099e+02,
    1.75126877e+02 ]
noOfLandmarkPoint: 68
