%YAML:1.0
landmark: [ 7.50652313e+01, 1.51988968e+02, 7.33834839e+01,
    1.67089523e+02, 7.28139114e+01, 1.82887817e+02, 7.34768066e+01,
    1.99024796e+02, 7.58888626e+01, 2.18267365e+02, 8.21720123e+01,
    2.34864441e+02, 9.37732086e+01, 2.50748917e+02, 1.05584000e+02,
    2.65634338e+02, 1.19953445e+02, 2.66795258e+02, 1.35419708e+02,
    2.68735596e+02, 1.57643997e+02, 2.60841431e+02, 1.74081146e+02,
    2.50619690e+02, 1.90218719e+02, 2.38614578e+02, 2.05186096e+02,
    2.19571014e+02, 2.07673401e+02, 1.98208862e+02, 2.09105911e+02,
    1.77244339e+02, 2.10905914e+02, 1.58823639e+02, 7.81794662e+01,
    1.32060974e+02, 8.62473755e+01, 1.25846329e+02, 9.64243774e+01,
    1.27605934e+02, 1.06453972e+02, 1.30884048e+02, 1.15126572e+02,
    1.35867035e+02, 1.38108429e+02, 1.35552689e+02, 1.51731079e+02,
    1.30755417e+02, 1.65569489e+02, 1.30563583e+02, 1.78806580e+02,
    1.34225006e+02, 1.89502914e+02, 1.42234055e+02, 1.23981216e+02,
    1.47473633e+02, 1.21764168e+02, 1.58296478e+02, 1.19578209e+02,
    1.69085342e+02, 1.17480232e+02, 1.79834259e+02, 1.07444321e+02,
    1.87353607e+02, 1.13243248e+02, 1.92505920e+02, 1.20251366e+02,
    1.96331680e+02, 1.28436783e+02, 1.94266922e+02, 1.35453629e+02,
    1.91189651e+02, 9.16967850e+01, 1.47161697e+02, 9.67099533e+01,
    1.44350922e+02, 1.03555336e+02, 1.44820236e+02, 1.09956863e+02,
    1.48357269e+02, 1.03332573e+02, 1.50321609e+02, 9.66501846e+01,
    1.50034286e+02, 1.50097702e+02, 1.50790421e+02, 1.57122421e+02,
    1.48041962e+02, 1.64478271e+02, 1.48757355e+02, 1.70475220e+02,
    1.52126663e+02, 1.63950790e+02, 1.53355057e+02, 1.56580170e+02,
    1.52605011e+02, 1.00619812e+02, 2.13916122e+02, 1.04704056e+02,
    2.10015579e+02, 1.11614151e+02, 2.10516586e+02, 1.16763054e+02,
    2.12034897e+02, 1.24985062e+02, 2.12283600e+02, 1.37428055e+02,
    2.15281998e+02, 1.51248367e+02, 2.16514145e+02, 1.37941727e+02,
    2.25484802e+02, 1.25277611e+02, 2.28065781e+02, 1.17300392e+02,
    2.28407089e+02, 1.11226807e+02, 2.26993744e+02, 1.04472366e+02,
    2.21901520e+02, 1.04846504e+02, 2.13674042e+02, 1.11513069e+02,
    2.12538940e+02, 1.16773216e+02, 2.14370041e+02, 1.24803513e+02,
    2.14991013e+02, 1.44729904e+02, 2.17337830e+02, 1.25128189e+02,
    2.20819565e+02, 1.16754517e+02, 2.20508438e+02, 1.11638306e+02,
    2.18847641e+02 ]
noOfLandmarkPoint: 68
