%YAML:1.0
landmark: [ 1.64710770e+02, 1.82526810e+02, 1.65664948e+02,
    1.99209351e+02, 1.70233887e+02, 2.11864594e+02, 1.75798157e+02,
    2.24179337e+02, 1.80475586e+02, 2.38778549e+02, 1.88123199e+02,
    2.54042892e+02, 2.00097443e+02, 2.67878754e+02, 2.18925079e+02,
    2.83003754e+02, 2.32998520e+02, 2.83354523e+02, 2.48299301e+02,
    2.80951294e+02, 2.70437653e+02, 2.67497101e+02, 2.91874390e+02,
    2.49473969e+02, 3.05509125e+02, 2.29259018e+02, 3.14796661e+02,
    2.08229248e+02, 3.20381531e+02, 1.86343506e+02, 3.21175751e+02,
    1.65685135e+02, 3.20974609e+02, 1.44593613e+02, 1.60986282e+02,
    1.56466156e+02, 1.70139420e+02, 1.44485733e+02, 1.82483185e+02,
    1.38106186e+02, 1.97607498e+02, 1.40899521e+02, 2.09115555e+02,
    1.46407333e+02, 2.30732147e+02, 1.43258591e+02, 2.46533356e+02,
    1.35286179e+02, 2.61926208e+02, 1.31751022e+02, 2.80516846e+02,
    1.34824478e+02, 2.95863251e+02, 1.42092865e+02, 2.20918961e+02,
    1.63149384e+02, 2.21239349e+02, 1.77883591e+02, 2.20674500e+02,
    1.91483231e+02, 2.20250671e+02, 2.06069687e+02, 2.13747650e+02,
    2.14390793e+02, 2.18565872e+02, 2.16299469e+02, 2.23388718e+02,
    2.18502304e+02, 2.30174011e+02, 2.15657394e+02, 2.36779907e+02,
    2.13227905e+02, 1.80660599e+02, 1.68938553e+02, 1.86406036e+02,
    1.62909988e+02, 1.96861954e+02, 1.61547729e+02, 2.06133347e+02,
    1.68052322e+02, 1.96248627e+02, 1.70386658e+02, 1.87194138e+02,
    1.70536438e+02, 2.47404358e+02, 1.63516388e+02, 2.55871811e+02,
    1.55176804e+02, 2.64790710e+02, 1.54003326e+02, 2.75293060e+02,
    1.59861008e+02, 2.67745392e+02, 1.64393494e+02, 2.58543549e+02,
    1.64878647e+02, 2.01175140e+02, 2.43729141e+02, 2.10123032e+02,
    2.36897690e+02, 2.18161118e+02, 2.31738388e+02, 2.23876724e+02,
    2.34417191e+02, 2.30152603e+02, 2.31630600e+02, 2.41521301e+02,
    2.35382446e+02, 2.59522827e+02, 2.39986160e+02, 2.45153305e+02,
    2.49365479e+02, 2.32121948e+02, 2.55141174e+02, 2.25876678e+02,
    2.55925110e+02, 2.19157089e+02, 2.55734268e+02, 2.09538193e+02,
    2.51390488e+02, 2.04475540e+02, 2.44151993e+02, 2.19025101e+02,
    2.42601318e+02, 2.25030991e+02, 2.42460617e+02, 2.31095718e+02,
    2.42374161e+02, 2.56029144e+02, 2.40868164e+02, 2.31095718e+02,
    2.42374161e+02, 2.25030991e+02, 2.42460617e+02, 2.19025101e+02,
    2.42601318e+02 ]
noOfLandmarkPoint: 68
