%YAML:1.0
landmark: [ 6.92019348e+01, 2.36803894e+02, 7.60495682e+01,
    2.54802902e+02, 8.22680435e+01, 2.72541290e+02, 9.11126099e+01,
    2.89055695e+02, 1.03661346e+02, 3.04257843e+02, 1.23104576e+02,
    3.14573547e+02, 1.43971558e+02, 3.21580475e+02, 1.67779785e+02,
    3.25713654e+02, 1.84257401e+02, 3.21150452e+02, 1.93493057e+02,
    3.09443390e+02, 1.91870041e+02, 2.93289490e+02, 1.93365051e+02,
    2.84277191e+02, 1.94213882e+02, 2.67891632e+02, 1.94401459e+02,
    2.53489868e+02, 1.93598877e+02, 2.40018677e+02, 1.94078171e+02,
    2.28468170e+02, 1.89317932e+02, 2.21114761e+02, 1.11162842e+02,
    2.20812714e+02, 1.18986809e+02, 2.12730347e+02, 1.28355255e+02,
    2.06248779e+02, 1.39410965e+02, 2.04837204e+02, 1.50614441e+02,
    2.05676575e+02, 1.70358383e+02, 2.04202942e+02, 1.76092865e+02,
    1.99220795e+02, 1.81009598e+02, 1.95443207e+02, 1.86021103e+02,
    1.92972458e+02, 1.90492661e+02, 1.95933914e+02, 1.65487061e+02,
    2.15445206e+02, 1.73823837e+02, 2.27726044e+02, 1.81865982e+02,
    2.38210831e+02, 1.89486557e+02, 2.50115372e+02, 1.69257782e+02,
    2.63553680e+02, 1.76525894e+02, 2.63175232e+02, 1.83760712e+02,
    2.63717590e+02, 1.87116257e+02, 2.60884979e+02, 1.89289520e+02,
    2.57627563e+02, 1.27921364e+02, 2.27481033e+02, 1.33942795e+02,
    2.22723373e+02, 1.39786118e+02, 2.20087830e+02, 1.44968170e+02,
    2.24885254e+02, 1.41671356e+02, 2.28843338e+02, 1.35028473e+02,
    2.30393219e+02, 1.71746277e+02, 2.17454193e+02, 1.75745499e+02,
    2.11620255e+02, 1.82023254e+02, 2.10148117e+02, 1.84806595e+02,
    2.13444931e+02, 1.84196503e+02, 2.16750107e+02, 1.79278183e+02,
    2.18699020e+02, 1.60417053e+02, 2.88165527e+02, 1.70880402e+02,
    2.82698914e+02, 1.78599487e+02, 2.79974304e+02, 1.83747803e+02,
    2.80158417e+02, 1.86611572e+02, 2.78648346e+02, 1.90679810e+02,
    2.77679291e+02, 1.90302063e+02, 2.80782501e+02, 1.89084106e+02,
    2.87456116e+02, 1.85856552e+02, 2.91369537e+02, 1.82881058e+02,
    2.93129211e+02, 1.77446671e+02, 2.95254150e+02, 1.70570145e+02,
    2.95102509e+02, 1.65393692e+02, 2.87680908e+02, 1.78651779e+02,
    2.82993042e+02, 1.83560226e+02, 2.82701904e+02, 1.86439072e+02,
    2.81663483e+02, 1.88521378e+02, 2.80675323e+02, 1.86248474e+02,
    2.84712982e+02, 1.83338882e+02, 2.87733185e+02, 1.78461182e+02,
    2.88710846e+02 ]
noOfLandmarkPoint: 68
