%YAML:1.0
landmark: [ 2.69030457e+02, 1.76365326e+02, 2.72283997e+02,
    2.00998245e+02, 2.79488037e+02, 2.19706604e+02, 2.92153625e+02,
    2.38879227e+02, 3.11208618e+02, 2.62349640e+02, 3.33517151e+02,
    2.91745850e+02, 3.54895935e+02, 3.16261780e+02, 3.74533417e+02,
    3.28812836e+02, 3.95333435e+02, 3.25329041e+02, 4.20316711e+02,
    3.15569733e+02, 4.47274628e+02, 2.99999115e+02, 4.71625488e+02,
    2.78702820e+02, 4.96890228e+02, 2.52590942e+02, 5.12808105e+02,
    2.21448502e+02, 5.11647430e+02, 1.80548599e+02, 5.08279388e+02,
    1.45223495e+02, 5.05026489e+02, 1.09435387e+02, 2.47765579e+02,
    1.29071655e+02, 2.53227112e+02, 1.11526405e+02, 2.67867950e+02,
    1.04205986e+02, 2.82508789e+02, 1.03392609e+02, 3.00169800e+02,
    1.10596031e+02, 3.38632050e+02, 9.68855667e+01, 3.56294891e+02,
    7.28320389e+01, 3.80579926e+02, 5.70293083e+01, 4.13810913e+02,
    5.52867966e+01, 4.41350098e+02, 6.71383743e+01, 3.29247894e+02,
    1.35844086e+02, 3.30136414e+02, 1.57568314e+02, 3.30730988e+02,
    1.76828964e+02, 3.29569733e+02, 2.00067871e+02, 3.34506012e+02,
    2.22501785e+02, 3.40173492e+02, 2.23183441e+02, 3.46486298e+02,
    2.23296722e+02, 3.55356720e+02, 2.17402054e+02, 3.65019501e+02,
    2.11531876e+02, 2.75885376e+02, 1.61142609e+02, 2.83322174e+02,
    1.45688385e+02, 3.00635284e+02, 1.40808105e+02, 3.17484161e+02,
    1.49755280e+02, 3.02959686e+02, 1.59283096e+02, 2.87389709e+02,
    1.64744003e+02, 3.71737762e+02, 1.29980286e+02, 3.80812073e+02,
    1.11874908e+02, 3.98009430e+02, 1.05019363e+02, 4.20202209e+02,
    1.10945160e+02, 4.08000885e+02, 1.21519722e+02, 3.89409515e+02,
    1.29188019e+02, 3.35262146e+02, 2.69903442e+02, 3.33329376e+02,
    2.55795837e+02, 3.41268402e+02, 2.48619339e+02, 3.53131836e+02,
    2.48038727e+02, 3.60154968e+02, 2.43669205e+02, 3.90719391e+02,
    2.44221649e+02, 4.14018433e+02, 2.47308228e+02, 3.99170685e+02,
    2.63628510e+02, 3.77327667e+02, 2.76757751e+02, 3.67913727e+02,
    2.80476746e+02, 3.58151306e+02, 2.83149017e+02, 3.44557220e+02,
    2.80359772e+02, 3.40838806e+02, 2.69322174e+02, 3.49438721e+02,
    2.63977020e+02, 3.59664185e+02, 2.62930908e+02, 3.67567719e+02,
    2.58863983e+02, 4.08261078e+02, 2.49459671e+02, 3.67567719e+02,
    2.58863983e+02, 3.59664185e+02, 2.62930908e+02, 3.49438721e+02,
    2.63977020e+02 ]
noOfLandmarkPoint: 68
