%YAML:1.0
landmark: [ 3.06010609e+01, 4.69475021e+01, 3.22223930e+01,
    6.13497887e+01, 3.49561653e+01, 7.55474854e+01, 3.84293633e+01,
    8.96488571e+01, 4.37209396e+01, 1.03367981e+02, 5.24813766e+01,
    1.15774117e+02, 6.40192108e+01, 1.26380043e+02, 7.66962585e+01,
    1.34735046e+02, 9.40074768e+01, 1.36277878e+02, 1.09966133e+02,
    1.34167877e+02, 1.23442993e+02, 1.25700539e+02, 1.33152374e+02,
    1.15036827e+02, 1.41131668e+02, 1.02237228e+02, 1.42495544e+02,
    8.45643158e+01, 1.43582565e+02, 6.97556305e+01, 1.44630966e+02,
    5.54315300e+01, 1.44972519e+02, 4.11476059e+01, 4.35515594e+01,
    4.09192238e+01, 4.94796944e+01, 3.33850517e+01, 6.02305908e+01,
    3.13239613e+01, 6.97293930e+01, 3.17535038e+01, 7.81966095e+01,
    3.48604012e+01, 9.85523834e+01, 3.14668331e+01, 1.09833107e+02,
    2.84774570e+01, 1.18031425e+02, 2.78728046e+01, 1.26057175e+02,
    2.91295452e+01, 1.33145721e+02, 3.23964767e+01, 8.94210739e+01,
    4.38486366e+01, 9.04800873e+01, 5.41232681e+01, 9.14940338e+01,
    6.47563095e+01, 9.26858597e+01, 7.48957214e+01, 8.29231796e+01,
    8.32766800e+01, 8.74861221e+01, 8.51686554e+01, 9.23781357e+01,
    8.76893997e+01, 9.71375885e+01, 8.51302109e+01, 1.01705826e+02,
    8.27241745e+01, 5.39214516e+01, 4.76582375e+01, 5.97596359e+01,
    4.26154251e+01, 6.72243347e+01, 4.25741501e+01, 7.36752167e+01,
    4.68850136e+01, 6.78343811e+01, 4.88975182e+01, 6.06564445e+01,
    4.93021927e+01, 1.03698036e+02, 4.52568092e+01, 1.09535545e+02,
    4.06753387e+01, 1.17447273e+02, 3.99571648e+01, 1.22479889e+02,
    4.35818520e+01, 1.18193466e+02, 4.66166382e+01, 1.11280708e+02,
    4.74227905e+01, 6.98979340e+01, 1.01103210e+02, 7.64208298e+01,
    9.66979370e+01, 8.48289719e+01, 9.57943115e+01, 9.18431168e+01,
    9.88303986e+01, 9.95032425e+01, 9.57865906e+01, 1.10391380e+02,
    9.71142578e+01, 1.15602196e+02, 9.98886795e+01, 1.10683998e+02,
    1.06109726e+02, 1.00232719e+02, 1.09352249e+02, 9.18932114e+01,
    1.10594864e+02, 8.51036911e+01, 1.09112152e+02, 7.69148102e+01,
    1.07069702e+02, 7.39641876e+01, 1.02168526e+02, 8.48370590e+01,
    1.02397057e+02, 9.16961288e+01, 1.03801231e+02, 9.96363678e+01,
    1.01801689e+02, 1.11176056e+02, 1.01427544e+02, 9.96363678e+01,
    1.01801689e+02, 9.16961288e+01, 1.03801231e+02, 8.48370590e+01,
    1.02397057e+02 ]
noOfLandmarkPoint: 68
