%YAML:1.0
landmark: [ 4.54456848e+02, 2.29616318e+02, 4.54967865e+02,
    2.41247147e+02, 4.55674133e+02, 2.51399902e+02, 4.60255920e+02,
    2.64496918e+02, 4.65411804e+02, 2.76541565e+02, 4.69674713e+02,
    2.88628632e+02, 4.76138214e+02, 2.99546265e+02, 4.85418793e+02,
    3.07402191e+02, 4.97835297e+02, 3.11558716e+02, 5.11846466e+02,
    3.08911652e+02, 5.26261719e+02, 3.02884033e+02, 5.41842896e+02,
    2.94405365e+02, 5.54863708e+02, 2.83108307e+02, 5.65029480e+02,
    2.68558838e+02, 5.68005371e+02, 2.48325546e+02, 5.66988159e+02,
    2.32222397e+02, 5.63911194e+02, 2.16727234e+02, 4.51292694e+02,
    2.12897720e+02, 4.56885956e+02, 2.08674667e+02, 4.63677246e+02,
    2.08222794e+02, 4.70635468e+02, 2.09580582e+02, 4.76160065e+02,
    2.12181168e+02, 4.95399200e+02, 2.07812820e+02, 5.03938843e+02,
    2.02452637e+02, 5.14977905e+02, 1.98983505e+02, 5.26103516e+02,
    1.98665604e+02, 5.35457825e+02, 2.02778320e+02, 4.85387421e+02,
    2.22309235e+02, 4.84238159e+02, 2.29819870e+02, 4.83010223e+02,
    2.37480301e+02, 4.81575287e+02, 2.45242844e+02, 4.81664032e+02,
    2.56193939e+02, 4.85331116e+02, 2.56690979e+02, 4.88789520e+02,
    2.57295258e+02, 4.93065613e+02, 2.55648087e+02, 4.97716888e+02,
    2.54629868e+02, 4.60851593e+02, 2.28840988e+02, 4.62600037e+02,
    2.23245575e+02, 4.70603485e+02, 2.19635788e+02, 4.78182739e+02,
    2.24531281e+02, 4.72096130e+02, 2.26787659e+02, 4.66273834e+02,
    2.28922028e+02, 5.06227478e+02, 2.20546829e+02, 5.11397675e+02,
    2.14628662e+02, 5.18785217e+02, 2.13194550e+02, 5.25415771e+02,
    2.16222931e+02, 5.21293884e+02, 2.21090134e+02, 5.13745789e+02,
    2.21569870e+02, 4.78782715e+02, 2.82456177e+02, 4.77511017e+02,
    2.75235382e+02, 4.82395996e+02, 2.68183167e+02, 4.87632324e+02,
    2.68715515e+02, 4.93238800e+02, 2.67143311e+02, 5.02330566e+02,
    2.71268738e+02, 5.14400696e+02, 2.77035339e+02, 5.05173187e+02,
    2.83527832e+02, 4.97309723e+02, 2.87444397e+02, 4.91454926e+02,
    2.88230865e+02, 4.86641602e+02, 2.88956726e+02, 4.80731018e+02,
    2.88049896e+02, 4.80152069e+02, 2.80076233e+02, 4.84899994e+02,
    2.75940063e+02, 4.89433350e+02, 2.75730835e+02, 4.94871460e+02,
    2.75646667e+02, 5.07662781e+02, 2.77031586e+02, 4.95550812e+02,
    2.78703705e+02, 4.89828888e+02, 2.79696808e+02, 4.85752991e+02,
    2.79659424e+02 ]
noOfLandmarkPoint: 68
