%YAML:1.0
landmark: [ 1.59572983e+02, 9.44685287e+01, 1.65154800e+02,
    1.11042213e+02, 1.68676529e+02, 1.27207184e+02, 1.78458786e+02,
    1.42628922e+02, 1.88433716e+02, 1.56939682e+02, 1.98628174e+02,
    1.69324081e+02, 2.08502396e+02, 1.80663757e+02, 2.21056168e+02,
    1.90407303e+02, 2.34139191e+02, 1.90983307e+02, 2.51535202e+02,
    1.82301758e+02, 2.65766174e+02, 1.70942123e+02, 2.82390747e+02,
    1.57199554e+02, 2.96042419e+02, 1.41825867e+02, 3.03657379e+02,
    1.22312698e+02, 3.01172577e+02, 9.44837265e+01, 2.96444611e+02,
    7.31478043e+01, 2.89222900e+02, 5.23694496e+01, 1.56086334e+02,
    8.26507874e+01, 1.57308640e+02, 7.58573151e+01, 1.62309540e+02,
    7.17705994e+01, 1.71018463e+02, 6.89916077e+01, 1.83329788e+02,
    6.95418472e+01, 2.06469009e+02, 6.10227127e+01, 2.17761993e+02,
    5.24679909e+01, 2.29466599e+02, 4.64378738e+01, 2.43370285e+02,
    4.31654701e+01, 2.58088318e+02, 4.75774918e+01, 1.97758606e+02,
    7.76443939e+01, 1.97924362e+02, 9.08367310e+01, 1.97884781e+02,
    1.01665596e+02, 1.98409866e+02, 1.13684395e+02, 2.01016571e+02,
    1.24115517e+02, 2.05453171e+02, 1.24901146e+02, 2.09782089e+02,
    1.24490387e+02, 2.15307404e+02, 1.20767639e+02, 2.19805817e+02,
    1.16428749e+02, 1.70931473e+02, 9.66385345e+01, 1.72395065e+02,
    9.00504379e+01, 1.81679016e+02, 8.66666641e+01, 1.91070633e+02,
    9.04253082e+01, 1.83250259e+02, 9.43534393e+01, 1.75671158e+02,
    9.84510574e+01, 2.23662170e+02, 7.80347443e+01, 2.27741333e+02,
    6.93928299e+01, 2.36959076e+02, 6.56307068e+01, 2.46723175e+02,
    6.80541687e+01, 2.42889374e+02, 7.38121796e+01, 2.33194061e+02,
    7.81033707e+01, 2.00858704e+02, 1.52327469e+02, 2.00049286e+02,
    1.42211182e+02, 2.08821640e+02, 1.35477844e+02, 2.14698776e+02,
    1.35749786e+02, 2.21109329e+02, 1.31075989e+02, 2.35241730e+02,
    1.30220322e+02, 2.47881165e+02, 1.34570709e+02, 2.41702698e+02,
    1.43639542e+02, 2.30337341e+02, 1.53281418e+02, 2.23660690e+02,
    1.56792862e+02, 2.17013397e+02, 1.58138275e+02, 2.06166855e+02,
    1.57316635e+02, 2.03513474e+02, 1.49422577e+02, 2.11581833e+02,
    1.42675766e+02, 2.16652954e+02, 1.41120239e+02, 2.23753036e+02,
    1.37526398e+02, 2.42024689e+02, 1.35818161e+02, 2.26316879e+02,
    1.44683990e+02, 2.19634781e+02, 1.47541122e+02, 2.13849899e+02,
    1.49247345e+02 ]
noOfLandmarkPoint: 68
