%YAML:1.0
landmark: [ 9.56106873e+01, 2.00560547e+02, 9.68139725e+01,
    2.27079483e+02, 9.97928467e+01, 2.52307892e+02, 1.06635742e+02,
    2.74996216e+02, 1.14027420e+02, 2.99710266e+02, 1.27276657e+02,
    3.21396057e+02, 1.44469681e+02, 3.35917755e+02, 1.65630753e+02,
    3.46827606e+02, 1.93293503e+02, 3.45103790e+02, 2.17557358e+02,
    3.41760925e+02, 2.39775070e+02, 3.25531342e+02, 2.49356140e+02,
    3.05617523e+02, 2.58616852e+02, 2.83407043e+02, 2.66079834e+02,
    2.62544769e+02, 2.72143127e+02, 2.40628265e+02, 2.73344543e+02,
    2.17022858e+02, 2.72748993e+02, 1.96992188e+02, 1.15039703e+02,
    1.71566208e+02, 1.25775459e+02, 1.64150085e+02, 1.40321167e+02,
    1.61671219e+02, 1.56948456e+02, 1.62722473e+02, 1.71459854e+02,
    1.68238220e+02, 2.02416901e+02, 1.66616425e+02, 2.17362579e+02,
    1.61094681e+02, 2.32643631e+02, 1.59036499e+02, 2.47535065e+02,
    1.62254776e+02, 2.57741608e+02, 1.70747162e+02, 1.88975586e+02,
    1.90856110e+02, 1.89868637e+02, 2.07789764e+02, 1.89981689e+02,
    2.24384247e+02, 1.90128967e+02, 2.40914581e+02, 1.72205872e+02,
    2.50534988e+02, 1.81715927e+02, 2.54442429e+02, 1.91490356e+02,
    2.57924408e+02, 1.98640167e+02, 2.54152039e+02, 2.06411346e+02,
    2.49126984e+02, 1.33805817e+02, 1.95375137e+02, 1.42646561e+02,
    1.90197693e+02, 1.53237320e+02, 1.91330383e+02, 1.61888443e+02,
    1.96651611e+02, 1.52511688e+02, 1.98480347e+02, 1.41769882e+02,
    1.97739944e+02, 2.11592377e+02, 1.94304520e+02, 2.20608963e+02,
    1.88976837e+02, 2.32129913e+02, 1.88759888e+02, 2.39922882e+02,
    1.92640518e+02, 2.31668365e+02, 1.95911545e+02, 2.21782013e+02,
    1.96245483e+02, 1.44937500e+02, 2.80728760e+02, 1.60496353e+02,
    2.74663055e+02, 1.75375946e+02, 2.74333160e+02, 1.90160507e+02,
    2.74240417e+02, 2.05076126e+02, 2.73531036e+02, 2.18932663e+02,
    2.72549408e+02, 2.29059723e+02, 2.76042114e+02, 2.19026154e+02,
    2.95421204e+02, 2.06442871e+02, 3.04341370e+02, 1.89256729e+02,
    3.05885040e+02, 1.74094543e+02, 3.07352203e+02, 1.59132141e+02,
    3.02215546e+02, 1.49431427e+02, 2.81738251e+02, 1.75550095e+02,
    2.77957825e+02, 1.90156815e+02, 2.79787079e+02, 2.05344299e+02,
    2.76866364e+02, 2.26670273e+02, 2.77935181e+02, 2.06227188e+02,
    2.96680603e+02, 1.88726227e+02, 2.97604309e+02, 1.74315979e+02,
    2.99329224e+02 ]
noOfLandmarkPoint: 68
