%YAML:1.0
landmark: [ 8.15078201e+01, 1.37249481e+02, 8.27504272e+01,
    1.46717957e+02, 8.77058105e+01, 1.58492630e+02, 9.41820908e+01,
    1.68767944e+02, 1.00458809e+02, 1.80621338e+02, 1.05664413e+02,
    1.90218170e+02, 1.14075821e+02, 1.99886230e+02, 1.23408394e+02,
    2.09004166e+02, 1.34561752e+02, 2.10446350e+02, 1.45265305e+02,
    2.06668900e+02, 1.57618149e+02, 1.96158401e+02, 1.69613937e+02,
    1.85383636e+02, 1.80227676e+02, 1.74401917e+02, 1.85140579e+02,
    1.60740067e+02, 1.85270920e+02, 1.44628845e+02, 1.85082886e+02,
    1.28720734e+02, 1.83874786e+02, 1.15335442e+02, 7.75148544e+01,
    1.22662361e+02, 8.27045517e+01, 1.19244095e+02, 8.95178528e+01,
    1.19635979e+02, 9.62647858e+01, 1.21353020e+02, 1.03666176e+02,
    1.23819511e+02, 1.22872086e+02, 1.22399414e+02, 1.33103302e+02,
    1.17231544e+02, 1.42559219e+02, 1.14057243e+02, 1.52852570e+02,
    1.15017044e+02, 1.61849274e+02, 1.19459122e+02, 1.13692421e+02,
    1.32084366e+02, 1.13233887e+02, 1.42893951e+02, 1.13262657e+02,
    1.53214752e+02, 1.12796921e+02, 1.63578217e+02, 1.05292480e+02,
    1.67935852e+02, 1.10202316e+02, 1.70206436e+02, 1.16574913e+02,
    1.71831741e+02, 1.22922836e+02, 1.69148239e+02, 1.28237808e+02,
    1.67801224e+02, 8.91977234e+01, 1.32783981e+02, 9.33395233e+01,
    1.29625610e+02, 9.98789673e+01, 1.29786987e+02, 1.04416092e+02,
    1.33974548e+02, 9.89084702e+01, 1.35024689e+02, 9.34881821e+01,
    1.34685654e+02, 1.32438080e+02, 1.31765060e+02, 1.37132980e+02,
    1.27871536e+02, 1.44025635e+02, 1.26913925e+02, 1.49349731e+02,
    1.30218277e+02, 1.44684891e+02, 1.32514572e+02, 1.38573959e+02,
    1.32856842e+02, 1.10418304e+02, 1.83237595e+02, 1.14261772e+02,
    1.79806259e+02, 1.17357079e+02, 1.78357834e+02, 1.21211052e+02,
    1.80020645e+02, 1.27231812e+02, 1.78478821e+02, 1.35293549e+02,
    1.79541992e+02, 1.42906052e+02, 1.81217804e+02, 1.36227829e+02,
    1.86614319e+02, 1.27628700e+02, 1.90114319e+02, 1.21954399e+02,
    1.90136673e+02, 1.17836807e+02, 1.88719910e+02, 1.14450439e+02,
    1.87190475e+02, 1.13032784e+02, 1.83355759e+02, 1.17572830e+02,
    1.83079147e+02, 1.21788467e+02, 1.83358734e+02, 1.27541611e+02,
    1.83229080e+02, 1.39110870e+02, 1.82474442e+02, 1.27541611e+02,
    1.83229080e+02, 1.21788467e+02, 1.83358734e+02, 1.17572830e+02,
    1.83079147e+02 ]
noOfLandmarkPoint: 68
