%YAML:1.0
landmark: [ 1.94752228e+02, 3.00070160e+02, 1.98269760e+02,
    3.35313599e+02, 2.08675446e+02, 3.72315796e+02, 2.23622803e+02,
    4.02210541e+02, 2.41061401e+02, 4.32105255e+02, 2.65754364e+02,
    4.64344299e+02, 2.95868408e+02, 4.88157898e+02, 3.24445160e+02,
    5.07866272e+02, 3.65622803e+02, 5.11017578e+02, 3.98375000e+02,
    5.00392578e+02, 4.29515350e+02, 4.75846527e+02, 4.55745636e+02,
    4.45951782e+02, 4.77287292e+02, 4.09171051e+02, 4.92254364e+02,
    3.72461487e+02, 4.92999939e+02, 3.33294281e+02, 4.94105804e+02,
    2.95727356e+02, 4.92898590e+02, 2.55906357e+02, 1.98324905e+02,
    2.76912354e+02, 2.15521210e+02, 2.61533539e+02, 2.38935364e+02,
    2.56806519e+02, 2.62076599e+02, 2.56340210e+02, 2.84630493e+02,
    2.61836914e+02, 3.42012238e+02, 2.49917175e+02, 3.70572998e+02,
    2.33399979e+02, 3.99130646e+02, 2.25515137e+02, 4.27113464e+02,
    2.26569244e+02, 4.52031769e+02, 2.36401779e+02, 3.18071747e+02,
    2.84110504e+02, 3.21145966e+02, 3.10735443e+02, 3.24965851e+02,
    3.39925354e+02, 3.28514008e+02, 3.68182220e+02, 3.11177124e+02,
    3.80830597e+02, 3.24901733e+02, 3.83597473e+02, 3.36026703e+02,
    3.85658173e+02, 3.43987183e+02, 3.78079803e+02, 3.53919037e+02,
    3.72153290e+02, 2.31810516e+02, 2.96702423e+02, 2.46557022e+02,
    2.84839478e+02, 2.62841980e+02, 2.83125275e+02, 2.82375916e+02,
    2.94762238e+02, 2.65023346e+02, 3.00792053e+02, 2.47142548e+02,
    3.04098724e+02, 3.71160461e+02, 2.76249695e+02, 3.84892120e+02,
    2.60772888e+02, 4.05991699e+02, 2.58213470e+02, 4.22431488e+02,
    2.67157959e+02, 4.08051483e+02, 2.73116364e+02, 3.90439270e+02,
    2.75980499e+02, 2.90714233e+02, 4.21446930e+02, 3.06719452e+02,
    4.15644226e+02, 3.24214020e+02, 4.12005890e+02, 3.39433990e+02,
    4.14866669e+02, 3.53448425e+02, 4.08169189e+02, 3.77999878e+02,
    4.03184723e+02, 4.04366333e+02, 4.00507935e+02, 3.83843597e+02,
    4.23415192e+02, 3.62386047e+02, 4.40027588e+02, 3.45064880e+02,
    4.45855408e+02, 3.29711121e+02, 4.47503754e+02, 3.10569763e+02,
    4.42996124e+02, 2.97039490e+02, 4.22140350e+02, 3.26934235e+02,
    4.23239044e+02, 3.41589905e+02, 4.22872803e+02, 3.55940582e+02,
    4.18541504e+02, 3.98489166e+02, 4.04419952e+02, 3.55940582e+02,
    4.18541504e+02, 3.41589905e+02, 4.22872803e+02, 3.26934235e+02,
    4.23239044e+02 ]
noOfLandmarkPoint: 68
