%YAML:1.0
landmark: [ 6.54081297e+00, 4.01343811e+02, 2.30332708e+00,
    4.17565186e+02, 2.05364990e+00, 4.36701965e+02, 2.93860006e+00,
    4.64237701e+02, 1.54589825e+01, 4.72263184e+02, 2.81993866e+01,
    4.78439270e+02, 4.04637566e+01, 4.83946472e+02, 5.12104149e+01,
    4.88089661e+02, 6.45508728e+01, 4.89472748e+02, 7.54530640e+01,
    4.88809418e+02, 8.06697617e+01, 4.80365540e+02, 8.14942093e+01,
    4.66890503e+02, 8.64566422e+01, 4.47208618e+02, 9.08193359e+01,
    4.37228058e+02, 9.51554871e+01, 4.26674286e+02, 9.49319000e+01,
    4.16434967e+02, 9.28122406e+01, 4.06651428e+02, 3.00953083e+01,
    3.83236511e+02, 3.97494774e+01, 3.79541229e+02, 4.92596893e+01,
    3.78259491e+02, 5.90492058e+01, 3.78750427e+02, 6.96089630e+01,
    3.80870056e+02, 8.24024200e+01, 3.81540100e+02, 8.80057220e+01,
    3.79923340e+02, 9.30709839e+01, 3.78750427e+02, 9.77070007e+01,
    3.78000732e+02, 1.00720284e+02, 3.80284912e+02, 7.51472168e+01,
    3.99628387e+02, 7.81133804e+01, 4.08818176e+02, 8.23467102e+01,
    4.17196594e+02, 8.59802933e+01, 4.25704376e+02, 6.68630219e+01,
    4.33115479e+02, 7.22573242e+01, 4.35167480e+02, 7.69550323e+01,
    4.37457611e+02, 8.19585953e+01, 4.36346375e+02, 8.64506607e+01,
    4.34485474e+02, 3.69597855e+01, 3.99960785e+02, 4.33890419e+01,
    3.94642761e+02, 5.12294044e+01, 3.95201385e+02, 5.32282906e+01,
    4.00116699e+02, 4.96418152e+01, 4.02442017e+02, 4.29803658e+01,
    4.02142151e+02, 7.96804047e+01, 3.99496399e+02, 8.25789032e+01,
    3.93510986e+02, 8.89464645e+01, 3.94751587e+02, 8.99488983e+01,
    3.98405731e+02, 8.77735291e+01, 4.01119141e+02, 8.38460541e+01,
    4.00928070e+02, 4.88510132e+01, 4.56927094e+02, 5.99768639e+01,
    4.50832855e+02, 7.08495712e+01, 4.49478210e+02, 7.57117996e+01,
    4.50827637e+02, 7.90806656e+01, 4.49798645e+02, 8.29053192e+01,
    4.51524231e+02, 8.23467102e+01, 4.57809509e+02, 8.10444031e+01,
    4.62704285e+02, 7.70081253e+01, 4.63106964e+02, 7.33393936e+01,
    4.63236328e+02, 6.96766357e+01, 4.63515656e+02, 5.85638657e+01,
    4.62027863e+02, 5.16732292e+01, 4.56349792e+02, 7.05291367e+01,
    4.56145660e+02, 7.43683701e+01, 4.56595459e+02, 7.73551025e+01,
    4.56466095e+02, 8.05740356e+01, 4.55928040e+02, 7.73551025e+01,
    4.56466095e+02, 7.43683701e+01, 4.56595459e+02, 7.05291367e+01,
    4.56145660e+02 ]
noOfLandmarkPoint: 68
