%YAML:1.0
landmark: [ 1.16173141e+02, 1.92223282e+02, 1.17346855e+02,
    2.16345917e+02, 1.22017059e+02, 2.39987900e+02, 1.27172417e+02,
    2.60133026e+02, 1.31892654e+02, 2.80113495e+02, 1.44783249e+02,
    2.98867676e+02, 1.60303314e+02, 3.15217773e+02, 1.76161102e+02,
    3.28178192e+02, 2.02694687e+02, 3.33782837e+02, 2.25880966e+02,
    3.30065552e+02, 2.44222244e+02, 3.18013885e+02, 2.60861389e+02,
    3.02536743e+02, 2.74864441e+02, 2.85860596e+02, 2.82210327e+02,
    2.66114105e+02, 2.82546112e+02, 2.42734268e+02, 2.84810089e+02,
    2.20838501e+02, 2.86497711e+02, 1.95852234e+02, 1.26890282e+02,
    1.75146805e+02, 1.37756027e+02, 1.68756638e+02, 1.50730835e+02,
    1.66869888e+02, 1.65144913e+02, 1.68596786e+02, 1.79222992e+02,
    1.74362930e+02, 2.13906952e+02, 1.74030899e+02, 2.29375595e+02,
    1.68783661e+02, 2.43964539e+02, 1.66232315e+02, 2.57256104e+02,
    1.66697296e+02, 2.67662933e+02, 1.70138046e+02, 1.98070786e+02,
    1.89023926e+02, 1.98562958e+02, 2.07394302e+02, 1.98824768e+02,
    2.23885437e+02, 1.99379028e+02, 2.40073212e+02, 1.83146698e+02,
    2.45104813e+02, 1.91306229e+02, 2.48562378e+02, 1.99843506e+02,
    2.53248199e+02, 2.09033875e+02, 2.47670822e+02, 2.18039307e+02,
    2.43787140e+02, 1.45776169e+02, 1.93539886e+02, 1.54142181e+02,
    1.85776855e+02, 1.67826508e+02, 1.86629196e+02, 1.76606003e+02,
    1.95793655e+02, 1.67156387e+02, 1.97580261e+02, 1.55233719e+02,
    1.97822311e+02, 2.22413452e+02, 1.95224258e+02, 2.28585632e+02,
    1.86388016e+02, 2.42266205e+02, 1.84260437e+02, 2.51623169e+02,
    1.91743118e+02, 2.44268707e+02, 1.96922195e+02, 2.32154556e+02,
    1.97408081e+02, 1.63972366e+02, 2.67876251e+02, 1.79004898e+02,
    2.65227905e+02, 1.90187073e+02, 2.63457855e+02, 1.99070663e+02,
    2.64889099e+02, 2.09858734e+02, 2.62664825e+02, 2.22502075e+02,
    2.63137939e+02, 2.37752380e+02, 2.67643860e+02, 2.23269348e+02,
    2.79217102e+02, 2.10900208e+02, 2.85101654e+02, 2.00185272e+02,
    2.86003967e+02, 1.90693619e+02, 2.85358154e+02, 1.79015945e+02,
    2.81367462e+02, 1.71854767e+02, 2.71446686e+02, 1.90677170e+02,
    2.71116364e+02, 1.99517593e+02, 2.71311096e+02, 2.10323593e+02,
    2.70745697e+02, 2.30804382e+02, 2.69435028e+02, 2.10700760e+02,
    2.73608185e+02, 1.99484222e+02, 2.74875763e+02, 1.90640884e+02,
    2.74741608e+02 ]
noOfLandmarkPoint: 68
