%YAML:1.0
landmark: [ 9.10615311e+01, 1.68543976e+02, 9.45877151e+01,
    1.91769226e+02, 9.81048584e+01, 2.14486237e+02, 1.00786072e+02,
    2.33542511e+02, 1.05204987e+02, 2.54720627e+02, 1.20195663e+02,
    2.71898285e+02, 1.41077774e+02, 2.87518402e+02, 1.61920105e+02,
    3.00230774e+02, 1.84466873e+02, 3.02813019e+02, 2.03994781e+02,
    2.95308563e+02, 2.14172012e+02, 2.75122253e+02, 2.22970047e+02,
    2.56771759e+02, 2.31199142e+02, 2.41186218e+02, 2.36485947e+02,
    2.21932800e+02, 2.40870056e+02, 2.06051590e+02, 2.43871140e+02,
    1.89600281e+02, 2.44176270e+02, 1.72969742e+02, 1.10783081e+02,
    1.52827850e+02, 1.26480293e+02, 1.49284042e+02, 1.40903870e+02,
    1.49988678e+02, 1.56213516e+02, 1.52626892e+02, 1.69033966e+02,
    1.57897629e+02, 1.97730148e+02, 1.56541626e+02, 2.10367493e+02,
    1.50758148e+02, 2.23385422e+02, 1.49309174e+02, 2.35885452e+02,
    1.49371201e+02, 2.45565750e+02, 1.53628723e+02, 1.83654739e+02,
    1.70633850e+02, 1.84933456e+02, 1.85400650e+02, 1.86248505e+02,
    2.02056137e+02, 1.87350464e+02, 2.17548019e+02, 1.70159515e+02,
    2.24071274e+02, 1.76910660e+02, 2.25997772e+02, 1.82317688e+02,
    2.28202637e+02, 1.89356110e+02, 2.25736755e+02, 1.94720810e+02,
    2.24345856e+02, 1.28296494e+02, 1.75375214e+02, 1.38960358e+02,
    1.69147369e+02, 1.48259644e+02, 1.69388718e+02, 1.59574722e+02,
    1.76438507e+02, 1.47671478e+02, 1.78843872e+02, 1.36611832e+02,
    1.78822449e+02, 2.03621872e+02, 1.74563583e+02, 2.13635880e+02,
    1.67645355e+02, 2.23758392e+02, 1.68288361e+02, 2.31540939e+02,
    1.73213120e+02, 2.24983459e+02, 1.77664444e+02, 2.15202927e+02,
    1.78338730e+02, 1.51229141e+02, 2.53454620e+02, 1.65555649e+02,
    2.48003983e+02, 1.75416855e+02, 2.43231354e+02, 1.83289581e+02,
    2.45812607e+02, 1.92086441e+02, 2.43005936e+02, 2.00809753e+02,
    2.46007996e+02, 2.10882935e+02, 2.50161514e+02, 2.01752487e+02,
    2.65309998e+02, 1.93334641e+02, 2.69610199e+02, 1.83259567e+02,
    2.70156219e+02, 1.74027802e+02, 2.69881622e+02, 1.63402084e+02,
    2.65269714e+02, 1.57646790e+02, 2.53683273e+02, 1.74802246e+02,
    2.50708694e+02, 1.83385025e+02, 2.51783142e+02, 1.92059769e+02,
    2.49878998e+02, 2.04501343e+02, 2.51464264e+02, 1.92134903e+02,
    2.56657043e+02, 1.83169525e+02, 2.58188934e+02, 1.74753326e+02,
    2.57824738e+02 ]
noOfLandmarkPoint: 68
