%YAML:1.0
landmark: [ 3.77644897e+02, 4.25110077e+02, 3.68767975e+02,
    4.95651611e+02, 3.62934784e+02, 5.76232849e+02, 3.61573364e+02,
    6.49807251e+02, 3.88996399e+02, 7.25096069e+02, 4.24964111e+02,
    7.81652649e+02, 4.72116852e+02, 8.29525940e+02, 5.35158203e+02,
    8.73588928e+02, 5.99994751e+02, 8.91199402e+02, 6.63683350e+02,
    8.95229675e+02, 7.15867676e+02, 8.63452454e+02, 7.64241638e+02,
    8.21685364e+02, 8.00036621e+02, 7.71442871e+02, 8.31593994e+02,
    7.12285156e+02, 8.59121033e+02, 6.53347351e+02, 8.84852905e+02,
    5.90525940e+02, 9.02882812e+02, 5.21177307e+02, 4.59110535e+02,
    3.86673676e+02, 5.11868805e+02, 3.81862000e+02, 5.65994934e+02,
    3.85953125e+02, 6.09533325e+02, 4.09143951e+02, 6.55752014e+02,
    4.33967133e+02, 7.46703125e+02, 4.47320099e+02, 7.86574463e+02,
    4.41341003e+02, 8.27047363e+02, 4.38151642e+02, 8.63357361e+02,
    4.43140717e+02, 8.95263916e+02, 4.53594086e+02, 6.98904419e+02,
    4.96794464e+02, 6.93152222e+02, 5.44020508e+02, 6.88193970e+02,
    5.95557495e+02, 6.85604858e+02, 6.42209595e+02, 6.17605286e+02,
    6.58378967e+02, 6.40894653e+02, 6.75562134e+02, 6.63390137e+02,
    6.92171265e+02, 6.87180176e+02, 6.84403992e+02, 7.08484924e+02,
    6.73914062e+02, 5.10474731e+02, 4.48587830e+02, 5.45160889e+02,
    4.40661591e+02, 5.80682922e+02, 4.48722260e+02, 6.13725403e+02,
    4.85738190e+02, 5.77127869e+02, 4.85968658e+02, 5.34578369e+02,
    4.75575195e+02, 7.50187378e+02, 5.03122833e+02, 7.82704224e+02,
    4.84488708e+02, 8.23035461e+02, 4.84521881e+02, 8.50490112e+02,
    5.04793518e+02, 8.25047607e+02, 5.22923706e+02, 7.91730774e+02,
    5.23417847e+02, 5.34976501e+02, 7.24203491e+02, 5.97057800e+02,
    7.21643127e+02, 6.34385010e+02, 7.22241516e+02, 6.56161438e+02,
    7.32633423e+02, 6.79379578e+02, 7.27338257e+02, 7.12216187e+02,
    7.30904175e+02, 7.32484375e+02, 7.51701660e+02, 6.99829712e+02,
    7.81897522e+02, 6.70288269e+02, 7.88773132e+02, 6.45713928e+02,
    7.85342407e+02, 6.20720093e+02, 7.82652466e+02, 5.83365051e+02,
    7.72261963e+02, 5.50946960e+02, 7.30115601e+02, 6.30092651e+02,
    7.41041382e+02, 6.52878235e+02, 7.47822876e+02, 6.75395325e+02,
    7.46555115e+02, 7.22896057e+02, 7.51463135e+02, 6.75395325e+02,
    7.46555115e+02, 6.52878235e+02, 7.47822876e+02, 6.30092651e+02,
    7.41041382e+02 ]
noOfLandmarkPoint: 68
