%YAML:1.0
landmark: [ 2.20691681e+02, 2.30688751e+02, 2.20911057e+02,
    2.41705429e+02, 2.22968384e+02, 2.53447983e+02, 2.25473679e+02,
    2.66690521e+02, 2.28145660e+02, 2.78318451e+02, 2.35877594e+02,
    2.89167694e+02, 2.42500198e+02, 2.98847626e+02, 2.49620148e+02,
    3.07582214e+02, 2.61414734e+02, 3.12754181e+02, 2.75669189e+02,
    3.12651489e+02, 2.88198334e+02, 3.04250153e+02, 2.98887970e+02,
    2.91938202e+02, 3.11017334e+02, 2.77721100e+02, 3.17356445e+02,
    2.62533203e+02, 3.18874359e+02, 2.47605789e+02, 3.17712891e+02,
    2.32641891e+02, 3.16386261e+02, 2.17851242e+02, 2.14069763e+02,
    2.11944305e+02, 2.18463074e+02, 2.09439011e+02, 2.25137695e+02,
    2.08215012e+02, 2.31481644e+02, 2.08381683e+02, 2.37380249e+02,
    2.10941650e+02, 2.49734802e+02, 2.09605667e+02, 2.58745422e+02,
    2.04876373e+02, 2.70927979e+02, 2.03319061e+02, 2.81219910e+02,
    2.04095062e+02, 2.91345154e+02, 2.07269684e+02, 2.42850159e+02,
    2.21905502e+02, 2.41004333e+02, 2.31665131e+02, 2.39215393e+02,
    2.42011337e+02, 2.37103302e+02, 2.52163010e+02, 2.34372604e+02,
    2.57256897e+02, 2.38713593e+02, 2.59455933e+02, 2.43830887e+02,
    2.60067932e+02, 2.48505508e+02, 2.58955933e+02, 2.53292130e+02,
    2.58119965e+02, 2.21451202e+02, 2.24869247e+02, 2.23960114e+02,
    2.21054993e+02, 2.30494934e+02, 2.20343796e+02, 2.35877594e+02,
    2.24181564e+02, 2.30249802e+02, 2.27443100e+02, 2.24556702e+02,
    2.27501602e+02, 2.63753357e+02, 2.19573822e+02, 2.69482666e+02,
    2.14892288e+02, 2.76881287e+02, 2.15337616e+02, 2.81722565e+02,
    2.19288254e+02, 2.76547943e+02, 2.22574951e+02, 2.69964294e+02,
    2.22674728e+02, 2.35756790e+02, 2.82266785e+02, 2.36380249e+02,
    2.75979797e+02, 2.39830887e+02, 2.75089142e+02, 2.44726852e+02,
    2.75977142e+02, 2.50128113e+02, 2.74031830e+02, 2.60417389e+02,
    2.74198486e+02, 2.71905426e+02, 2.79612061e+02, 2.63009277e+02,
    2.85277985e+02, 2.53598846e+02, 2.87680969e+02, 2.47605026e+02,
    2.88178467e+02, 2.42942078e+02, 2.88480469e+02, 2.38773590e+02,
    2.87394196e+02, 2.37633713e+02, 2.81407104e+02, 2.41410767e+02,
    2.80624268e+02, 2.46084625e+02, 2.81746613e+02, 2.51582245e+02,
    2.80013031e+02, 2.68790802e+02, 2.79679718e+02, 2.51582245e+02,
    2.80013031e+02, 2.46084625e+02, 2.81746613e+02, 2.41410767e+02,
    2.80624268e+02 ]
noOfLandmarkPoint: 68
