%YAML:1.0
landmark: [ 6.39209099e+01, 2.75973816e+02, 6.73256149e+01,
    3.16351166e+02, 7.07945023e+01, 3.54772461e+02, 7.44164810e+01,
    3.93863983e+02, 8.95290298e+01, 4.31423523e+02, 1.16671173e+02,
    4.63804169e+02, 1.48806534e+02, 4.89924988e+02, 1.83168015e+02,
    5.10749115e+02, 2.22567307e+02, 5.16337891e+02, 2.61628906e+02,
    5.07209564e+02, 2.98164520e+02, 4.87319244e+02, 3.22814728e+02,
    4.54981506e+02, 3.43939056e+02, 4.19088898e+02, 3.54748535e+02,
    3.80305878e+02, 3.57368683e+02, 3.38172119e+02, 3.57215729e+02,
    2.98392273e+02, 3.54787445e+02, 2.56855408e+02, 6.97802811e+01,
    2.53037796e+02, 8.87312088e+01, 2.24770737e+02, 1.18022850e+02,
    2.17597961e+02, 1.45488327e+02, 2.20723679e+02, 1.72858353e+02,
    2.29231430e+02, 2.35474442e+02, 2.23078079e+02, 2.62393921e+02,
    2.17293701e+02, 2.87017029e+02, 2.12554092e+02, 3.16272736e+02,
    2.14213486e+02, 3.34724091e+02, 2.34494553e+02, 2.03102737e+02,
    2.59435608e+02, 2.04906586e+02, 2.92184509e+02, 2.06764008e+02,
    3.22398071e+02, 2.07962021e+02, 3.54284973e+02, 1.81824783e+02,
    3.67913544e+02, 1.94246887e+02, 3.70677795e+02, 2.11640121e+02,
    3.73891052e+02, 2.25752426e+02, 3.68505859e+02, 2.39506195e+02,
    3.62147369e+02, 1.13348015e+02, 2.67696594e+02, 1.23752419e+02,
    2.58288879e+02, 1.41178299e+02, 2.58503265e+02, 1.52995743e+02,
    2.68778900e+02, 1.41526688e+02, 2.74517822e+02, 1.24503731e+02,
    2.74847870e+02, 2.52370758e+02, 2.64659363e+02, 2.64178345e+02,
    2.51275589e+02, 2.80828583e+02, 2.49989624e+02, 2.97703705e+02,
    2.59541016e+02, 2.85651154e+02, 2.66221527e+02, 2.68380005e+02,
    2.68974792e+02, 1.59556717e+02, 4.10901672e+02, 1.74338699e+02,
    4.13365753e+02, 1.94934128e+02, 4.12560730e+02, 2.13964569e+02,
    4.08793518e+02, 2.34344208e+02, 4.08538605e+02, 2.60256134e+02,
    4.07724548e+02, 2.79428009e+02, 4.02070831e+02, 2.60763519e+02,
    4.14636688e+02, 2.34878952e+02, 4.16588287e+02, 2.14111908e+02,
    4.18034546e+02, 1.95207581e+02, 4.20302582e+02, 1.73675522e+02,
    4.19041229e+02, 1.64397247e+02, 4.12071411e+02, 1.95242386e+02,
    4.16331421e+02, 2.14348175e+02, 4.13841125e+02, 2.34436096e+02,
    4.12614044e+02, 2.71093384e+02, 4.04807739e+02, 2.34436096e+02,
    4.12614044e+02, 2.14348175e+02, 4.13841125e+02, 1.95242386e+02,
    4.16331421e+02 ]
noOfLandmarkPoint: 68
