%YAML:1.0
landmark: [ 1.71018585e+02, 1.55534164e+02, 1.73362839e+02,
    1.76620651e+02, 1.76719727e+02, 1.95616272e+02, 1.80256653e+02,
    2.13312271e+02, 1.89050705e+02, 2.29861664e+02, 2.01243607e+02,
    2.48369247e+02, 2.17274063e+02, 2.60909546e+02, 2.33924896e+02,
    2.73229248e+02, 2.52180161e+02, 2.74727692e+02, 2.71433258e+02,
    2.70408356e+02, 2.88170441e+02, 2.58891235e+02, 3.02500214e+02,
    2.44876221e+02, 3.12537689e+02, 2.28092087e+02, 3.17467285e+02,
    2.09453339e+02, 3.20693176e+02, 1.90233398e+02, 3.21923889e+02,
    1.69875900e+02, 3.22745361e+02, 1.50022476e+02, 1.82219437e+02,
    1.18576340e+02, 1.90807236e+02, 1.12188477e+02, 2.01482147e+02,
    1.09586395e+02, 2.12567642e+02, 1.10070297e+02, 2.23121109e+02,
    1.13143181e+02, 2.59834229e+02, 1.10026245e+02, 2.70528717e+02,
    1.06193588e+02, 2.81743164e+02, 1.04589241e+02, 2.92787933e+02,
    1.06303177e+02, 3.03979767e+02, 1.10847153e+02, 2.46069916e+02,
    1.37701218e+02, 2.46387131e+02, 1.46554550e+02, 2.46467346e+02,
    1.55815872e+02, 2.46386627e+02, 1.66623138e+02, 2.33150635e+02,
    1.81335999e+02, 2.40222473e+02, 1.82837494e+02, 2.47397980e+02,
    1.84131348e+02, 2.54266678e+02, 1.82919708e+02, 2.60748779e+02,
    1.80655869e+02, 2.02268753e+02, 1.48617950e+02, 2.07395828e+02,
    1.43728836e+02, 2.15757126e+02, 1.43750412e+02, 2.21889954e+02,
    1.48142044e+02, 2.15129578e+02, 1.50478424e+02, 2.08553223e+02,
    1.50900375e+02, 2.69256287e+02, 1.44669861e+02, 2.74675262e+02,
    1.39315628e+02, 2.82344269e+02, 1.39326416e+02, 2.89786133e+02,
    1.42830978e+02, 2.83955994e+02, 1.46065216e+02, 2.76059814e+02,
    1.45372925e+02, 2.24864655e+02, 2.20365128e+02, 2.27072723e+02,
    2.07668594e+02, 2.34729202e+02, 2.04626709e+02, 2.46076004e+02,
    2.05308197e+02, 2.57465942e+02, 2.04626709e+02, 2.67644562e+02,
    2.05633606e+02, 2.73843353e+02, 2.16396332e+02, 2.67162109e+02,
    2.28923294e+02, 2.57065277e+02, 2.35296356e+02, 2.45949539e+02,
    2.35686844e+02, 2.35481216e+02, 2.34650909e+02, 2.28743057e+02,
    2.29396820e+02, 2.28146042e+02, 2.17993240e+02, 2.34802765e+02,
    2.08621201e+02, 2.46214859e+02, 2.08514954e+02, 2.57804535e+02,
    2.08498199e+02, 2.70034668e+02, 2.15216797e+02, 2.57272644e+02,
    2.25030060e+02, 2.46086792e+02, 2.26919922e+02, 2.34703583e+02,
    2.25863647e+02 ]
noOfLandmarkPoint: 68
