%YAML:1.0
landmark: [ 2.81996735e+02, 9.91929092e+01, 2.79445740e+02,
    1.08117943e+02, 2.76669891e+02, 1.21055550e+02, 2.79421204e+02,
    1.31259521e+02, 2.83247681e+02, 1.42292709e+02, 2.87878845e+02,
    1.53659760e+02, 2.92176147e+02, 1.62809647e+02, 2.93360352e+02,
    1.77064972e+02, 2.99852112e+02, 1.88162430e+02, 3.15665131e+02,
    1.89808853e+02, 3.37558411e+02, 1.85699203e+02, 3.59670898e+02,
    1.76916046e+02, 3.77061035e+02, 1.67441589e+02, 3.90589691e+02,
    1.48755112e+02, 3.98109741e+02, 1.31124756e+02, 3.98539307e+02,
    1.09807472e+02, 3.99623444e+02, 9.00725861e+01, 2.79312195e+02,
    7.22248383e+01, 2.83700836e+02, 6.91608047e+01, 2.88377655e+02,
    7.12689590e+01, 2.93254791e+02, 7.48951340e+01, 2.97548676e+02,
    7.82051468e+01, 3.11174744e+02, 7.44936142e+01, 3.21397400e+02,
    6.88487549e+01, 3.33556366e+02, 7.03100052e+01, 3.46902679e+02,
    7.16844406e+01, 3.54726654e+02, 7.91053162e+01, 2.99947052e+02,
    8.78337479e+01, 2.96420074e+02, 9.89279709e+01, 2.92257111e+02,
    1.09772148e+02, 2.88062744e+02, 1.20880348e+02, 2.85306732e+02,
    1.26828667e+02, 2.88887268e+02, 1.30321304e+02, 2.94034912e+02,
    1.31754898e+02, 3.00212097e+02, 1.29000153e+02, 3.07482117e+02,
    1.28262253e+02, 2.83788727e+02, 8.96846161e+01, 2.86248383e+02,
    8.68419952e+01, 2.90141663e+02, 8.71792755e+01, 2.93497314e+02,
    8.99094696e+01, 2.89850037e+02, 9.16769028e+01, 2.86181610e+02,
    9.19228668e+01, 3.24650116e+02, 8.99792404e+01, 3.27357239e+02,
    8.55824890e+01, 3.33197479e+02, 8.56111679e+01, 3.37865875e+02,
    8.88786926e+01, 3.34193085e+02, 9.12633667e+01, 3.29089600e+02,
    9.14128571e+01, 2.89941345e+02, 1.47106506e+02, 2.88729187e+02,
    1.41800781e+02, 2.93050385e+02, 1.41692154e+02, 2.96059174e+02,
    1.43346085e+02, 3.02909821e+02, 1.42844330e+02, 3.19050659e+02,
    1.44752808e+02, 3.31607574e+02, 1.46790344e+02, 3.19613281e+02,
    1.54265366e+02, 3.05109833e+02, 1.57423965e+02, 2.99293121e+02,
    1.57358917e+02, 2.96393585e+02, 1.56962509e+02, 2.90414337e+02,
    1.53983582e+02, 2.92071838e+02, 1.47742020e+02, 2.94679993e+02,
    1.48276810e+02, 2.97451233e+02, 1.48724106e+02, 3.03642273e+02,
    1.49076416e+02, 3.26326385e+02, 1.48469894e+02, 3.03642273e+02,
    1.49076416e+02, 2.97451233e+02, 1.48724106e+02, 2.94679993e+02,
    1.48276810e+02 ]
noOfLandmarkPoint: 68
