%YAML:1.0
landmark: [ 1.51424820e+02, 2.32114868e+02, 1.46309814e+02,
    2.77113831e+02, 1.48342361e+02, 3.17588928e+02, 1.61606430e+02,
    3.53666931e+02, 1.89206177e+02, 3.82724213e+02, 2.25540558e+02,
    4.10191589e+02, 2.67527130e+02, 4.33448212e+02, 3.06043152e+02,
    4.52169220e+02, 3.35167175e+02, 4.54503479e+02, 3.54921051e+02,
    4.43273132e+02, 3.70127899e+02, 4.12834167e+02, 3.86309814e+02,
    3.83166870e+02, 3.99295837e+02, 3.53537354e+02, 4.16328033e+02,
    3.30685608e+02, 4.27490356e+02, 3.01780701e+02, 4.27467804e+02,
    2.74287720e+02, 4.24290802e+02, 2.51306396e+02, 2.27408493e+02,
    2.02406952e+02, 2.55928574e+02, 1.87796021e+02, 2.86980560e+02,
    1.81312454e+02, 3.17422516e+02, 1.85542145e+02, 3.47765533e+02,
    1.99475433e+02, 3.83964203e+02, 2.06860748e+02, 4.00939667e+02,
    1.99656494e+02, 4.18452332e+02, 1.97051727e+02, 4.31937714e+02,
    1.99748245e+02, 4.36094574e+02, 2.09538361e+02, 3.65722809e+02,
    2.28332993e+02, 3.68095367e+02, 2.52931305e+02, 3.72103729e+02,
    2.81286774e+02, 3.74597839e+02, 3.05763458e+02, 3.37283600e+02,
    3.16498413e+02, 3.48053558e+02, 3.24255981e+02, 3.57900421e+02,
    3.30018829e+02, 3.70997101e+02, 3.26601593e+02, 3.82633453e+02,
    3.19213837e+02, 2.68544769e+02, 2.16448456e+02, 2.84043823e+02,
    2.10056656e+02, 3.03791443e+02, 2.13584534e+02, 3.12637146e+02,
    2.25469971e+02, 3.00355316e+02, 2.27069931e+02, 2.79795227e+02,
    2.24945633e+02, 3.76889496e+02, 2.36009781e+02, 3.92213013e+02,
    2.24789780e+02, 4.09614319e+02, 2.25447372e+02, 4.17129120e+02,
    2.34653854e+02, 4.09218079e+02, 2.40226196e+02, 3.94105225e+02,
    2.40185532e+02, 2.82529572e+02, 3.57839905e+02, 3.15375183e+02,
    3.54281525e+02, 3.43134308e+02, 3.53767517e+02, 3.53726044e+02,
    3.58970795e+02, 3.64404694e+02, 3.54343109e+02, 3.79750641e+02,
    3.62142426e+02, 3.72419586e+02, 3.69163177e+02, 3.66947784e+02,
    3.83577637e+02, 3.57000122e+02, 3.87159973e+02, 3.46347168e+02,
    3.88758423e+02, 3.31842072e+02, 3.87471649e+02, 3.06572388e+02,
    3.76675323e+02, 2.89955139e+02, 3.60315094e+02, 3.38535919e+02,
    3.68221161e+02, 3.49956360e+02, 3.69711975e+02, 3.61716187e+02,
    3.68058136e+02, 3.67579865e+02, 3.68701630e+02, 3.61716187e+02,
    3.68058136e+02, 3.49956360e+02, 3.69711975e+02, 3.38535919e+02,
    3.68221161e+02 ]
noOfLandmarkPoint: 68
