%YAML:1.0
landmark: [ 1.50408754e+01, 1.43605164e+02, 1.62997856e+01,
    1.66649200e+02, 2.21162167e+01, 1.90703186e+02, 2.73868408e+01,
    2.11090668e+02, 3.59573784e+01, 2.31710114e+02, 4.84535599e+01,
    2.49751312e+02, 6.47570190e+01, 2.64301300e+02, 8.21978302e+01,
    2.73353485e+02, 9.75848465e+01, 2.75407288e+02, 1.10854858e+02,
    2.74269928e+02, 1.28580231e+02, 2.62800659e+02, 1.46921722e+02,
    2.41710266e+02, 1.59070358e+02, 2.22500000e+02, 1.65563309e+02,
    2.01488785e+02, 1.71218994e+02, 1.81109467e+02, 1.74394394e+02,
    1.59023911e+02, 1.75373825e+02, 1.28723175e+02, 2.85797005e+01,
    1.32372971e+02, 3.96382332e+01, 1.26843712e+02, 5.14957771e+01,
    1.25281456e+02, 6.37600937e+01, 1.26613411e+02, 7.54195557e+01,
    1.30354736e+02, 1.14918922e+02, 1.27889328e+02, 1.28659409e+02,
    1.25737862e+02, 1.41376709e+02, 1.24632004e+02, 1.51882309e+02,
    1.25737862e+02, 1.63697220e+02, 1.30489792e+02, 9.57557907e+01,
    1.46904007e+02, 9.58638229e+01, 1.62158234e+02, 9.55450745e+01,
    1.78992004e+02, 9.57223587e+01, 1.94306641e+02, 8.19221497e+01,
    2.00906555e+02, 8.85689774e+01, 2.03524780e+02, 9.60453033e+01,
    2.05879761e+02, 1.04022179e+02, 2.03424026e+02, 1.10964340e+02,
    2.00413986e+02, 4.58310966e+01, 1.46828018e+02, 5.58313026e+01,
    1.44263962e+02, 6.71466293e+01, 1.43478867e+02, 7.22608948e+01,
    1.47286240e+02, 6.42364120e+01, 1.51292328e+02, 5.48358383e+01,
    1.51172485e+02, 1.19543991e+02, 1.46749069e+02, 1.26734695e+02,
    1.41975510e+02, 1.36029709e+02, 1.42019455e+02, 1.43707352e+02,
    1.44790634e+02, 1.37358566e+02, 1.50421661e+02, 1.28128342e+02,
    1.50397125e+02, 6.81305008e+01, 2.26444214e+02, 8.13320770e+01,
    2.26446548e+02, 8.99335175e+01, 2.24611603e+02, 9.62912292e+01,
    2.27635544e+02, 1.04166374e+02, 2.24573547e+02, 1.13208588e+02,
    2.26397675e+02, 1.26434113e+02, 2.25265701e+02, 1.13975830e+02,
    2.31606766e+02, 1.04749474e+02, 2.35091019e+02, 9.64090576e+01,
    2.35883774e+02, 8.98132401e+01, 2.35317032e+02, 8.12017975e+01,
    2.33329224e+02, 7.22899246e+01, 2.27688980e+02, 8.98402786e+01,
    2.29411926e+02, 9.63730469e+01, 2.30341812e+02, 1.04370651e+02,
    2.28689392e+02, 1.22504715e+02, 2.25832947e+02, 1.04370651e+02,
    2.28689392e+02, 9.63730469e+01, 2.30341812e+02, 8.98402786e+01,
    2.29411926e+02 ]
noOfLandmarkPoint: 68
