%YAML:1.0
landmark: [ 1.21778526e+02, 1.88064301e+02, 1.18101295e+02,
    2.06363251e+02, 1.14710480e+02, 2.25166946e+02, 1.13746338e+02,
    2.42294724e+02, 1.15921341e+02, 2.59102051e+02, 1.28773544e+02,
    2.68988800e+02, 1.43800751e+02, 2.81568787e+02, 1.57370392e+02,
    2.90985504e+02, 1.76586685e+02, 2.95251862e+02, 1.93574081e+02,
    2.95500000e+02, 2.05501846e+02, 2.86433441e+02, 2.16901474e+02,
    2.77224457e+02, 2.23495956e+02, 2.64509735e+02, 2.28279755e+02,
    2.50416656e+02, 2.31731934e+02, 2.35158218e+02, 2.34611374e+02,
    2.22048203e+02, 2.34845444e+02, 2.06788467e+02, 1.43578857e+02,
    1.69358490e+02, 1.53810852e+02, 1.62265625e+02, 1.65377777e+02,
    1.59546875e+02, 1.77586990e+02, 1.60732925e+02, 1.89944382e+02,
    1.63451675e+02, 2.10682709e+02, 1.70965622e+02, 2.18344131e+02,
    1.72596878e+02, 2.25215088e+02, 1.74499649e+02, 2.31715271e+02,
    1.77910324e+02, 2.36708267e+02, 1.82631088e+02, 1.98278564e+02,
    1.85014847e+02, 1.98244522e+02, 1.93926483e+02, 1.98818039e+02,
    2.02962509e+02, 1.99332016e+02, 2.12725204e+02, 1.81739899e+02,
    2.17633835e+02, 1.87913986e+02, 2.20417099e+02, 1.93089172e+02,
    2.23382553e+02, 1.98443008e+02, 2.23120956e+02, 2.02922546e+02,
    2.21813889e+02, 1.56003983e+02, 1.81679993e+02, 1.62802597e+02,
    1.77887955e+02, 1.72155167e+02, 1.78573166e+02, 1.76994324e+02,
    1.83620041e+02, 1.69406631e+02, 1.84114166e+02, 1.62856812e+02,
    1.83224457e+02, 2.08531235e+02, 1.92429993e+02, 2.17046997e+02,
    1.89822006e+02, 2.23624405e+02, 1.92150101e+02, 2.26310455e+02,
    1.97938904e+02, 2.21876785e+02, 1.98290375e+02, 2.15725266e+02,
    1.96368683e+02, 1.54774994e+02, 2.34040619e+02, 1.68420563e+02,
    2.31380066e+02, 1.88252594e+02, 2.33793594e+02, 1.91638870e+02,
    2.35682419e+02, 1.96751511e+02, 2.35942596e+02, 2.03804611e+02,
    2.38348816e+02, 2.11225754e+02, 2.44717834e+02, 1.99970154e+02,
    2.57595642e+02, 1.93345032e+02, 2.57428619e+02, 1.88323608e+02,
    2.56419769e+02, 1.82979843e+02, 2.54762024e+02, 1.65228577e+02,
    2.47266724e+02, 1.58210480e+02, 2.35103317e+02, 1.87219849e+02,
    2.38763550e+02, 1.91130096e+02, 2.39784195e+02, 1.96074738e+02,
    2.40412888e+02, 2.05689713e+02, 2.45261581e+02, 1.94453766e+02,
    2.49439865e+02, 1.89657700e+02, 2.48735596e+02, 1.84377274e+02,
    2.47684814e+02 ]
noOfLandmarkPoint: 68
