%YAML:1.0
landmark: [ 1.38218918e+02, 2.27340912e+02, 1.40198654e+02,
    2.56002106e+02, 1.43813293e+02, 2.84237915e+02, 1.48890305e+02,
    3.15712646e+02, 1.61417679e+02, 3.45521545e+02, 1.77078873e+02,
    3.70415497e+02, 1.99385971e+02, 3.96423645e+02, 2.24990433e+02,
    4.14630829e+02, 2.54283005e+02, 4.21598358e+02, 2.83795837e+02,
    4.16893616e+02, 3.11561768e+02, 4.01687469e+02, 3.37936554e+02,
    3.76317047e+02, 3.51376221e+02, 3.49462921e+02, 3.58809296e+02,
    3.20231110e+02, 3.64681671e+02, 2.91669952e+02, 3.66284729e+02,
    2.61121948e+02, 3.66084442e+02, 2.34213379e+02, 1.59122711e+02,
    2.25366486e+02, 1.75642181e+02, 2.18589966e+02, 1.92435562e+02,
    2.17494461e+02, 2.10688797e+02, 2.19781281e+02, 2.27563980e+02,
    2.26003082e+02, 2.68543335e+02, 2.25808975e+02, 2.86267853e+02,
    2.20325699e+02, 3.04484406e+02, 2.20503387e+02, 3.20562439e+02,
    2.26006241e+02, 3.37002258e+02, 2.29321579e+02, 2.50085052e+02,
    2.47464996e+02, 2.50499237e+02, 2.67607544e+02, 2.51400543e+02,
    2.89515686e+02, 2.52002869e+02, 3.14439209e+02, 2.34601654e+02,
    3.20431396e+02, 2.42960556e+02, 3.23518250e+02, 2.52958389e+02,
    3.26861053e+02, 2.62088989e+02, 3.24498169e+02, 2.70382965e+02,
    3.21524017e+02, 1.78988983e+02, 2.43119217e+02, 1.90465286e+02,
    2.36914993e+02, 2.04031296e+02, 2.37300842e+02, 2.15720901e+02,
    2.45246719e+02, 2.04161835e+02, 2.48908020e+02, 1.89378235e+02,
    2.48208252e+02, 2.81438782e+02, 2.48488388e+02, 2.95317108e+02,
    2.40624680e+02, 3.08017944e+02, 2.38113571e+02, 3.20643250e+02,
    2.44606873e+02, 3.11450348e+02, 2.50645859e+02, 2.95397003e+02,
    2.50119064e+02, 2.08037430e+02, 3.48141449e+02, 2.25839157e+02,
    3.49820984e+02, 2.42163239e+02, 3.48729919e+02, 2.48955414e+02,
    3.50346405e+02, 2.56247925e+02, 3.49615387e+02, 2.68440613e+02,
    3.51775360e+02, 2.88134155e+02, 3.50591248e+02, 2.68589294e+02,
    3.57523621e+02, 2.56621063e+02, 3.61006500e+02, 2.49189255e+02,
    3.61567047e+02, 2.41082169e+02, 3.60254669e+02, 2.25604752e+02,
    3.55805847e+02, 2.14254532e+02, 3.50104004e+02, 2.40966324e+02,
    3.54218506e+02, 2.48861084e+02, 3.55328308e+02, 2.56209534e+02,
    3.55376068e+02, 2.83450409e+02, 3.51951111e+02, 2.56209534e+02,
    3.55376068e+02, 2.48861084e+02, 3.55328308e+02, 2.40966324e+02,
    3.54218506e+02 ]
noOfLandmarkPoint: 68
