%YAML:1.0
landmark: [ 1.61020172e+02, 1.82879501e+02, 1.61559113e+02,
    1.98983368e+02, 1.63439911e+02, 2.14548126e+02, 1.67609634e+02,
    2.29905243e+02, 1.73404602e+02, 2.46480942e+02, 1.87094589e+02,
    2.60594574e+02, 2.05420166e+02, 2.69553711e+02, 2.24790619e+02,
    2.74888245e+02, 2.41583847e+02, 2.75391418e+02, 2.54781143e+02,
    2.73685486e+02, 2.62827972e+02, 2.64022766e+02, 2.69868439e+02,
    2.53353683e+02, 2.75399384e+02, 2.38266388e+02, 2.80946655e+02,
    2.24979065e+02, 2.84227661e+02, 2.11875824e+02, 2.84686157e+02,
    1.98374374e+02, 2.83452881e+02, 1.87145859e+02, 1.94278488e+02,
    1.72354446e+02, 2.04295105e+02, 1.64621567e+02, 2.17324661e+02,
    1.61770233e+02, 2.28407272e+02, 1.65520248e+02, 2.38119263e+02,
    1.70335617e+02, 2.61848663e+02, 1.71015274e+02, 2.69415405e+02,
    1.67349014e+02, 2.75981781e+02, 1.66071594e+02, 2.82129089e+02,
    1.65961304e+02, 2.86452667e+02, 1.68259460e+02, 2.50075470e+02,
    1.86225006e+02, 2.52033218e+02, 1.95004456e+02, 2.54152512e+02,
    2.03645447e+02, 2.56707092e+02, 2.12043777e+02, 2.40364746e+02,
    2.22070374e+02, 2.46566589e+02, 2.23854004e+02, 2.52281601e+02,
    2.25195816e+02, 2.56045258e+02, 2.23641266e+02, 2.59334900e+02,
    2.22480392e+02, 2.06548569e+02, 1.85353073e+02, 2.15993469e+02,
    1.79967560e+02, 2.25894760e+02, 1.80718704e+02, 2.29879044e+02,
    1.87829834e+02, 2.23383270e+02, 1.90081955e+02, 2.14524200e+02,
    1.89498779e+02, 2.59215698e+02, 1.87113449e+02, 2.67514282e+02,
    1.80337265e+02, 2.75476562e+02, 1.80522064e+02, 2.78371399e+02,
    1.87640869e+02, 2.74966583e+02, 1.90492355e+02, 2.67262177e+02,
    1.90499008e+02, 2.17643127e+02, 2.39491272e+02, 2.30862564e+02,
    2.36830002e+02, 2.43260757e+02, 2.35224762e+02, 2.48380753e+02,
    2.37140701e+02, 2.53833466e+02, 2.35325745e+02, 2.58835022e+02,
    2.37899490e+02, 2.61378693e+02, 2.42064957e+02, 2.58019165e+02,
    2.46445816e+02, 2.53545822e+02, 2.51074905e+02, 2.47910187e+02,
    2.51586853e+02, 2.42162155e+02, 2.51322006e+02, 2.30484253e+02,
    2.47040939e+02, 2.23170303e+02, 2.40814636e+02, 2.42991013e+02,
    2.41469513e+02, 2.48302292e+02, 2.42150787e+02, 2.53623398e+02,
    2.41301788e+02, 2.58340759e+02, 2.41836670e+02, 2.53623398e+02,
    2.41301788e+02, 2.48302292e+02, 2.42150787e+02, 2.42991013e+02,
    2.41469513e+02 ]
noOfLandmarkPoint: 68
