%YAML:1.0
landmark: [ 5.53858261e+01, 1.18638054e+02, 5.69165840e+01,
    1.31544601e+02, 5.73625412e+01, 1.43424957e+02, 6.04246445e+01,
    1.56401596e+02, 6.65472412e+01, 1.67975189e+02, 7.64325943e+01,
    1.78696426e+02, 8.71097488e+01, 1.90708328e+02, 1.00366898e+02,
    2.02749084e+02, 1.13448997e+02, 2.04866348e+02, 1.25867409e+02,
    2.00811234e+02, 1.38711441e+02, 1.86324127e+02, 1.47914932e+02,
    1.74753815e+02, 1.56069733e+02, 1.61441956e+02, 1.58703629e+02,
    1.50400650e+02, 1.60877808e+02, 1.37850159e+02, 1.61428055e+02,
    1.26378403e+02, 1.61628189e+02, 1.12355118e+02, 5.91216278e+01,
    1.05817932e+02, 6.74809647e+01, 1.00897285e+02, 7.67516708e+01,
    1.01595985e+02, 8.61716309e+01, 1.01994087e+02, 9.55825653e+01,
    1.02795250e+02, 1.19796753e+02, 1.02704575e+02, 1.29636932e+02,
    9.87633209e+01, 1.39089203e+02, 9.62497864e+01, 1.48692810e+02,
    9.44656219e+01, 1.55897797e+02, 1.00783699e+02, 1.09768936e+02,
    1.15214722e+02, 1.10934280e+02, 1.25105354e+02, 1.12623947e+02,
    1.36117783e+02, 1.14131584e+02, 1.47749466e+02, 1.03126457e+02,
    1.51305862e+02, 1.07925247e+02, 1.52191025e+02, 1.13445976e+02,
    1.53711685e+02, 1.17696877e+02, 1.51743713e+02, 1.22070045e+02,
    1.49232590e+02, 7.34815598e+01, 1.17373299e+02, 7.98168411e+01,
    1.13055855e+02, 8.84815063e+01, 1.13378471e+02, 9.31561966e+01,
    1.18761604e+02, 8.65778427e+01, 1.20440292e+02, 7.93261185e+01,
    1.21076538e+02, 1.24784500e+02, 1.16155815e+02, 1.29595871e+02,
    1.10451286e+02, 1.37935928e+02, 1.09030045e+02, 1.43619537e+02,
    1.12998215e+02, 1.38623138e+02, 1.15405693e+02, 1.32734528e+02,
    1.16743675e+02, 8.66702118e+01, 1.61563873e+02, 9.55720291e+01,
    1.59937729e+02, 1.06210190e+02, 1.59854156e+02, 1.13788391e+02,
    1.60649567e+02, 1.19290474e+02, 1.58810608e+02, 1.27486916e+02,
    1.57232986e+02, 1.36243546e+02, 1.57661865e+02, 1.29729477e+02,
    1.71878906e+02, 1.20746269e+02, 1.80532303e+02, 1.13757156e+02,
    1.81316483e+02, 1.05954964e+02, 1.80569916e+02, 9.52157364e+01,
    1.73498871e+02, 9.07445602e+01, 1.63726654e+02, 1.06031609e+02,
    1.64051697e+02, 1.13692490e+02, 1.63921204e+02, 1.19531166e+02,
    1.62535095e+02, 1.32844849e+02, 1.59771820e+02, 1.20079735e+02,
    1.72035355e+02, 1.13683151e+02, 1.74398315e+02, 1.05942230e+02,
    1.73514587e+02 ]
noOfLandmarkPoint: 68
