%YAML:1.0
landmark: [ 2.20739609e+02, 1.62378799e+02, 2.26728958e+02,
    1.84397919e+02, 2.36278076e+02, 2.05754761e+02, 2.44673599e+02,
    2.25418091e+02, 2.55228745e+02, 2.45743713e+02, 2.69834961e+02,
    2.64424438e+02, 2.86730988e+02, 2.81181000e+02, 3.10338623e+02,
    2.89904327e+02, 3.37659637e+02, 2.85903656e+02, 3.60243835e+02,
    2.75470886e+02, 3.78188477e+02, 2.56986328e+02, 3.91420380e+02,
    2.32989151e+02, 3.95028107e+02, 2.07376266e+02, 3.95445648e+02,
    1.79072647e+02, 3.92647125e+02, 1.54942490e+02, 3.88621246e+02,
    1.30198654e+02, 3.81404510e+02, 1.07270691e+02, 2.21775024e+02,
    1.46002121e+02, 2.19145126e+02, 1.27845718e+02, 2.28645599e+02,
    1.12424995e+02, 2.46662247e+02, 1.11885086e+02, 2.66321991e+02,
    1.10364342e+02, 2.99000610e+02, 9.83082886e+01, 3.15690887e+02,
    8.87357712e+01, 3.34639771e+02, 8.26978226e+01, 3.53073914e+02,
    8.27950134e+01, 3.64930237e+02, 9.85512695e+01, 2.92090393e+02,
    1.30012955e+02, 2.95246246e+02, 1.43841263e+02, 2.99165436e+02,
    1.56606445e+02, 3.02747589e+02, 1.69829712e+02, 2.85765778e+02,
    1.86068024e+02, 2.96542267e+02, 1.87369186e+02, 3.07887756e+02,
    1.87226456e+02, 3.17328522e+02, 1.80916885e+02, 3.26035675e+02,
    1.73346085e+02, 2.43125870e+02, 1.50596268e+02, 2.49490387e+02,
    1.42847855e+02, 2.60847351e+02, 1.38724518e+02, 2.72559692e+02,
    1.42765854e+02, 2.62496490e+02, 1.49106461e+02, 2.50862534e+02,
    1.51703171e+02, 3.18708954e+02, 1.28847107e+02, 3.25162872e+02,
    1.19446098e+02, 3.36454376e+02, 1.15760681e+02, 3.48503998e+02,
    1.19020264e+02, 3.42266113e+02, 1.24641876e+02, 3.30659515e+02,
    1.27930794e+02, 2.83033142e+02, 2.31095688e+02, 2.91404266e+02,
    2.20406769e+02, 3.04802399e+02, 2.09767166e+02, 3.14525208e+02,
    2.09886292e+02, 3.25362213e+02, 2.02889648e+02, 3.43674164e+02,
    2.03299988e+02, 3.56586853e+02, 2.11916870e+02, 3.52363037e+02,
    2.25000565e+02, 3.38023163e+02, 2.35295670e+02, 3.25156281e+02,
    2.39923203e+02, 3.17327240e+02, 2.41533356e+02, 2.98230438e+02,
    2.43095123e+02, 2.92972107e+02, 2.27680222e+02, 3.08834442e+02,
    2.20575912e+02, 3.17719940e+02, 2.19594238e+02, 3.29584442e+02,
    2.13624573e+02, 3.46046509e+02, 2.13317886e+02, 3.32971436e+02,
    2.21023270e+02, 3.20836212e+02, 2.27220261e+02, 3.12020935e+02,
    2.28676163e+02 ]
noOfLandmarkPoint: 68
