%YAML:1.0
landmark: [ 2.19094556e+03, 1.16496179e+03, 2.19307935e+03,
    1.30050500e+03, 2.20420435e+03, 1.41982532e+03, 2.20641382e+03,
    1.53159912e+03, 2.23345605e+03, 1.63084766e+03, 2.29860425e+03,
    1.71604700e+03, 2.38939624e+03, 1.77745361e+03, 2.48680859e+03,
    1.81467419e+03, 2.59171631e+03, 1.82250940e+03, 2.69588281e+03,
    1.82250940e+03, 2.81281665e+03, 1.78927332e+03, 2.91985156e+03,
    1.74406934e+03, 2.99372607e+03, 1.68175549e+03, 3.04257056e+03,
    1.58818896e+03, 3.06914551e+03, 1.47420825e+03, 3.09211572e+03,
    1.35744763e+03, 3.11374683e+03, 1.24360339e+03, 2.27396094e+03,
    1.01083496e+03, 2.32528271e+03, 9.50738525e+02, 2.40862305e+03,
    9.31060242e+02, 2.49993311e+03, 9.29345703e+02, 2.58933105e+03,
    9.65441711e+02, 2.69578882e+03, 9.67601990e+02, 2.79882300e+03,
    9.48833801e+02, 2.88730762e+03, 9.52246765e+02, 2.96899829e+03,
    9.80312012e+02, 3.03110596e+03, 1.03944299e+03, 2.63212939e+03,
    1.07609644e+03, 2.62508960e+03, 1.14106555e+03, 2.62006299e+03,
    1.20802979e+03, 2.61286499e+03, 1.27254932e+03, 2.54423096e+03,
    1.35902600e+03, 2.57651953e+03, 1.36456543e+03, 2.61174902e+03,
    1.37138708e+03, 2.65217529e+03, 1.36854980e+03, 2.68256885e+03,
    1.36192932e+03, 2.36026147e+03, 1.08517603e+03, 2.39276978e+03,
    1.04840979e+03, 2.44348560e+03, 1.05273059e+03, 2.49753320e+03,
    1.09722961e+03, 2.45151855e+03, 1.10243689e+03, 2.39749097e+03,
    1.10103223e+03, 2.75962280e+03, 1.11561499e+03, 2.81063135e+03,
    1.07022314e+03, 2.87496777e+03, 1.07520337e+03, 2.91892456e+03,
    1.10422009e+03, 2.88381909e+03, 1.12298120e+03, 2.82631689e+03,
    1.12300110e+03, 2.43771265e+03, 1.51137793e+03, 2.49994165e+03,
    1.47822571e+03, 2.57362646e+03, 1.46246936e+03, 2.60820361e+03,
    1.47561292e+03, 2.65522485e+03, 1.46598352e+03, 2.72028052e+03,
    1.49565735e+03, 2.77845044e+03, 1.53481238e+03, 2.71569727e+03,
    1.57117664e+03, 2.65011548e+03, 1.57965466e+03, 2.60043945e+03,
    1.58254907e+03, 2.56015503e+03, 1.57813843e+03, 2.49176318e+03,
    1.55423938e+03, 2.45125513e+03, 1.51180945e+03, 2.56948535e+03,
    1.51284070e+03, 2.60808545e+03, 1.51688843e+03, 2.65177686e+03,
    1.51987280e+03, 2.75913403e+03, 1.53547046e+03, 2.65177686e+03,
    1.51987280e+03, 2.60808545e+03, 1.51688843e+03, 2.56948535e+03,
    1.51284070e+03 ]
noOfLandmarkPoint: 68
