%YAML:1.0
landmark: [ 1.19207764e+02, 2.71042969e+02, 1.18843918e+02,
    2.91144928e+02, 1.20872742e+02, 3.15034576e+02, 1.27031265e+02,
    3.36933960e+02, 1.34165634e+02, 3.59864471e+02, 1.41757721e+02,
    3.81968353e+02, 1.51549637e+02, 4.02831482e+02, 1.65090668e+02,
    4.22834473e+02, 1.87409195e+02, 4.32069702e+02, 2.25827347e+02,
    4.24422302e+02, 2.63594940e+02, 4.10671722e+02, 3.00981934e+02,
    3.96557251e+02, 3.33533386e+02, 3.79018982e+02, 3.46848114e+02,
    3.41769501e+02, 3.53604034e+02, 3.04708374e+02, 3.55895599e+02,
    2.73016479e+02, 3.57351013e+02, 2.37768906e+02, 1.16087387e+02,
    2.36137405e+02, 1.21501472e+02, 2.27453766e+02, 1.33167953e+02,
    2.23417938e+02, 1.47128128e+02, 2.23456512e+02, 1.59494797e+02,
    2.27281647e+02, 1.85440781e+02, 2.22535965e+02, 2.05024628e+02,
    2.10202194e+02, 2.25336166e+02, 2.04561798e+02, 2.47423294e+02,
    2.07985626e+02, 2.68264587e+02, 2.15980133e+02, 1.68454086e+02,
    2.48145889e+02, 1.66369965e+02, 2.64498749e+02, 1.62085999e+02,
    2.82092346e+02, 1.57840591e+02, 2.99189636e+02, 1.49966049e+02,
    3.12773499e+02, 1.58833176e+02, 3.18889191e+02, 1.68702225e+02,
    3.22158722e+02, 1.81879410e+02, 3.13899353e+02, 1.97427429e+02,
    3.09940674e+02, 1.30946274e+02, 2.63274750e+02, 1.34276230e+02,
    2.52104568e+02, 1.48925552e+02, 2.51531143e+02, 1.58948883e+02,
    2.62679504e+02, 1.48467819e+02, 2.67806885e+02, 1.37622925e+02,
    2.67349152e+02, 2.15825851e+02, 2.50709579e+02, 2.25408203e+02,
    2.38431107e+02, 2.42103073e+02, 2.34262848e+02, 2.51425354e+02,
    2.45654846e+02, 2.42672150e+02, 2.51729080e+02, 2.29289749e+02,
    2.53080414e+02, 1.59693314e+02, 3.64827393e+02, 1.61422913e+02,
    3.50819275e+02, 1.68837769e+02, 3.44660645e+02, 1.76179153e+02,
    3.44765381e+02, 1.85002304e+02, 3.42129456e+02, 2.06521286e+02,
    3.44183380e+02, 2.35448273e+02, 3.53315186e+02, 2.13286270e+02,
    3.67324188e+02, 1.92854813e+02, 3.73184326e+02, 1.83720123e+02,
    3.75302399e+02, 1.75309662e+02, 3.75424591e+02, 1.66658722e+02,
    3.73760925e+02, 1.65124130e+02, 3.62131256e+02, 1.71781967e+02,
    3.54093018e+02, 1.78403076e+02, 3.53118866e+02, 1.87875641e+02,
    3.51113739e+02, 2.29901749e+02, 3.53276611e+02, 1.90084442e+02,
    3.60866241e+02, 1.80941589e+02, 3.62383270e+02, 1.73428116e+02,
    3.62529816e+02 ]
noOfLandmarkPoint: 68
