%YAML:1.0
landmark: [ 1.05870544e+02, 1.28103943e+02, 1.02369164e+02,
    1.41828491e+02, 1.01115158e+02, 1.57695755e+02, 1.02055122e+02,
    1.76475830e+02, 1.05568245e+02, 1.92433868e+02, 1.12934158e+02,
    2.07112274e+02, 1.21563400e+02, 2.22389908e+02, 1.34641571e+02,
    2.33392746e+02, 1.49200851e+02, 2.37182114e+02, 1.64210388e+02,
    2.36714600e+02, 1.77437027e+02, 2.24106369e+02, 1.86960312e+02,
    2.15132095e+02, 1.96776352e+02, 2.02453735e+02, 2.02541153e+02,
    1.87975769e+02, 2.05147278e+02, 1.72543777e+02, 2.09695602e+02,
    1.59225647e+02, 2.12370468e+02, 1.46661469e+02, 1.18757179e+02,
    1.28250000e+02, 1.27959473e+02, 1.22946732e+02, 1.36643433e+02,
    1.22862923e+02, 1.44562363e+02, 1.24673752e+02, 1.52263763e+02,
    1.28034531e+02, 1.76058578e+02, 1.33021637e+02, 1.84978439e+02,
    1.29800797e+02, 1.94429474e+02, 1.31176361e+02, 2.00930649e+02,
    1.36350342e+02, 2.06695114e+02, 1.42120789e+02, 1.65940689e+02,
    1.42717194e+02, 1.64921692e+02, 1.53321716e+02, 1.63967834e+02,
    1.63207367e+02, 1.62374161e+02, 1.74321396e+02, 1.51013412e+02,
    1.76396790e+02, 1.55596802e+02, 1.79570236e+02, 1.59631165e+02,
    1.82652893e+02, 1.66017593e+02, 1.81568726e+02, 1.69661026e+02,
    1.78251083e+02, 1.30195038e+02, 1.37970779e+02, 1.36065384e+02,
    1.34769775e+02, 1.43086731e+02, 1.34974243e+02, 1.48499420e+02,
    1.39489197e+02, 1.41934418e+02, 1.41245224e+02, 1.34511124e+02,
    1.41018188e+02, 1.76748306e+02, 1.44849991e+02, 1.83262192e+02,
    1.41244492e+02, 1.89208267e+02, 1.42144302e+02, 1.93829391e+02,
    1.45836960e+02, 1.88814102e+02, 1.47836197e+02, 1.82492111e+02,
    1.47484482e+02, 1.38138031e+02, 1.98466736e+02, 1.46718414e+02,
    1.95463120e+02, 1.52490662e+02, 1.95293289e+02, 1.55531647e+02,
    1.97161469e+02, 1.60545486e+02, 1.97226624e+02, 1.64998581e+02,
    1.99185593e+02, 1.70275208e+02, 2.03024490e+02, 1.62952606e+02,
    2.07575012e+02, 1.57979462e+02, 2.08072754e+02, 1.53022339e+02,
    2.07903397e+02, 1.49038589e+02, 2.06299286e+02, 1.43856201e+02,
    2.03214569e+02, 1.41682312e+02, 1.99064453e+02, 1.50701523e+02,
    1.99785889e+02, 1.54696365e+02, 2.00960846e+02, 1.59161179e+02,
    2.01260986e+02, 1.66892395e+02, 2.02580139e+02, 1.59161179e+02,
    2.01260986e+02, 1.54696365e+02, 2.00960846e+02, 1.50701523e+02,
    1.99785889e+02 ]
noOfLandmarkPoint: 68
