%YAML:1.0
landmark: [ 2.77351898e+02, 3.21142212e+02, 2.73738434e+02,
    3.46187378e+02, 2.72115326e+02, 3.71999908e+02, 2.70977936e+02,
    3.97156158e+02, 2.78036743e+02, 4.20831696e+02, 2.89692780e+02,
    4.44477692e+02, 3.06150513e+02, 4.63976318e+02, 3.24181824e+02,
    4.79149719e+02, 3.48381165e+02, 4.86997589e+02, 3.77246918e+02,
    4.88408325e+02, 3.99509888e+02, 4.77651855e+02, 4.14713837e+02,
    4.60953278e+02, 4.30248077e+02, 4.39272461e+02, 4.40923309e+02,
    4.14557648e+02, 4.50560150e+02, 3.92210724e+02, 4.59328888e+02,
    3.67460144e+02, 4.65353119e+02, 3.43431885e+02, 2.99326538e+02,
    3.06313324e+02, 3.16604553e+02, 3.00497101e+02, 3.33966522e+02,
    3.02823059e+02, 3.51328522e+02, 3.08513336e+02, 3.65368103e+02,
    3.17817108e+02, 3.91745483e+02, 3.17735901e+02, 4.10353027e+02,
    3.14038483e+02, 4.27051636e+02, 3.13582245e+02, 4.41547455e+02,
    3.20061829e+02, 4.52928070e+02, 3.30154907e+02, 3.78625397e+02,
    3.35529968e+02, 3.76099121e+02, 3.54006500e+02, 3.73803558e+02,
    3.71444458e+02, 3.71201050e+02, 3.89313477e+02, 3.50332062e+02,
    3.96571503e+02, 3.57600983e+02, 3.99188538e+02, 3.66490479e+02,
    4.03882385e+02, 3.75587097e+02, 4.02303772e+02, 3.83936401e+02,
    4.00767151e+02, 3.19201111e+02, 3.30557281e+02, 3.28883179e+02,
    3.28565155e+02, 3.39900116e+02, 3.30051727e+02, 3.47778748e+02,
    3.35591339e+02, 3.37569397e+02, 3.38147522e+02, 3.26163879e+02,
    3.37402863e+02, 3.98133789e+02, 3.42700348e+02, 4.07737335e+02,
    3.38490997e+02, 4.18599487e+02, 3.42026642e+02, 4.27318726e+02,
    3.47983490e+02, 4.18591064e+02, 3.50513733e+02, 4.06313660e+02,
    3.47966125e+02, 3.21786804e+02, 4.25262787e+02, 3.38349609e+02,
    4.24398743e+02, 3.50581848e+02, 4.24128815e+02, 3.58776855e+02,
    4.27503265e+02, 3.69561615e+02, 4.27328583e+02, 3.80603302e+02,
    4.32871368e+02, 3.90707092e+02, 4.38399200e+02, 3.78367615e+02,
    4.46554230e+02, 3.65653442e+02, 4.46581543e+02, 3.54306274e+02,
    4.44772797e+02, 3.45472931e+02, 4.41530121e+02, 3.35127258e+02,
    4.36942963e+02, 3.25375061e+02, 4.26306335e+02, 3.48918610e+02,
    4.31295471e+02, 3.57479370e+02, 4.33713776e+02, 3.68444122e+02,
    4.34743774e+02, 3.84738739e+02, 4.37796356e+02, 3.68444122e+02,
    4.34743774e+02, 3.57479370e+02, 4.33713776e+02, 3.48918610e+02,
    4.31295471e+02 ]
noOfLandmarkPoint: 68
