%YAML:1.0
landmark: [ 1.82090317e+02, 1.38150970e+02, 1.82527542e+02,
    1.65432022e+02, 1.84495285e+02, 1.91236084e+02, 1.91144302e+02,
    2.14494415e+02, 2.04105133e+02, 2.33268982e+02, 2.19795090e+02,
    2.47997742e+02, 2.43416382e+02, 2.57309296e+02, 2.67190857e+02,
    2.62202057e+02, 2.88694244e+02, 2.62360229e+02, 3.10199554e+02,
    2.60449585e+02, 3.29824005e+02, 2.52347031e+02, 3.44585175e+02,
    2.37220306e+02, 3.55288208e+02, 2.17766205e+02, 3.64358826e+02,
    1.97365326e+02, 3.69226654e+02, 1.76265945e+02, 3.70866943e+02,
    1.53634171e+02, 3.67919342e+02, 1.32146545e+02, 2.22797226e+02,
    9.30404129e+01, 2.34687073e+02, 8.73344345e+01, 2.49212234e+02,
    8.51728210e+01, 2.61801056e+02, 8.47490845e+01, 2.76438873e+02,
    8.77349319e+01, 3.21137207e+02, 8.37925415e+01, 3.33255829e+02,
    8.09622421e+01, 3.44752228e+02, 7.91349716e+01, 3.55579956e+02,
    8.22298813e+01, 3.60773926e+02, 9.16737366e+01, 2.95833923e+02,
    1.20938789e+02, 2.96130463e+02, 1.32063110e+02, 2.96866333e+02,
    1.43794342e+02, 2.98072937e+02, 1.56209335e+02, 2.79047241e+02,
    1.76142105e+02, 2.88296600e+02, 1.77439911e+02, 2.97503662e+02,
    1.78981430e+02, 3.03472565e+02, 1.77428543e+02, 3.07972260e+02,
    1.75870758e+02, 2.37641724e+02, 1.27696907e+02, 2.48452393e+02,
    1.23183945e+02, 2.58133209e+02, 1.22933670e+02, 2.66332062e+02,
    1.27602654e+02, 2.58164642e+02, 1.30812317e+02, 2.48018600e+02,
    1.30289383e+02, 3.17643158e+02, 1.27227997e+02, 3.26882629e+02,
    1.22155144e+02, 3.36977173e+02, 1.21943642e+02, 3.44686615e+02,
    1.26291977e+02, 3.36078644e+02, 1.29143005e+02, 3.26914032e+02,
    1.28995117e+02, 2.55677414e+02, 2.02547073e+02, 2.74158020e+02,
    1.99766998e+02, 2.88053467e+02, 1.96832550e+02, 2.95492584e+02,
    1.98281448e+02, 3.02098816e+02, 1.97692368e+02, 3.10874054e+02,
    1.98392883e+02, 3.23042419e+02, 1.99485184e+02, 3.12053192e+02,
    2.12161377e+02, 3.03622498e+02, 2.16191849e+02, 2.96176819e+02,
    2.17652588e+02, 2.87453613e+02, 2.19053131e+02, 2.74732513e+02,
    2.17157639e+02, 2.61891693e+02, 2.03192825e+02, 2.88000397e+02,
    2.00745438e+02, 2.95420685e+02, 2.01116180e+02, 3.02313293e+02,
    2.00601395e+02, 3.16786652e+02, 2.02381851e+02, 3.02378235e+02,
    2.07492493e+02, 2.95869843e+02, 2.08908356e+02, 2.87434174e+02,
    2.09732285e+02 ]
noOfLandmarkPoint: 68
