%YAML:1.0
landmark: [ 3.27777130e+02, 9.33279114e+01, 3.26706970e+02,
    1.06134888e+02, 3.27965424e+02, 1.19705299e+02, 3.30195709e+02,
    1.31997620e+02, 3.35871979e+02, 1.43216125e+02, 3.44952972e+02,
    1.54485291e+02, 3.60092499e+02, 1.62434967e+02, 3.74485413e+02,
    1.68444626e+02, 3.85934204e+02, 1.70545197e+02, 3.93614532e+02,
    1.69563843e+02, 4.02427673e+02, 1.63278473e+02, 4.08288574e+02,
    1.56576797e+02, 4.14430664e+02, 1.46806808e+02, 4.20539886e+02,
    1.34998749e+02, 4.24630554e+02, 1.23481979e+02, 4.26513245e+02,
    1.12095673e+02, 4.27892761e+02, 1.03142853e+02, 3.57357849e+02,
    9.23826523e+01, 3.67370148e+02, 8.95436707e+01, 3.77434937e+02,
    8.95436707e+01, 3.87643036e+02, 8.91219177e+01, 3.97856323e+02,
    8.71670609e+01, 4.04079254e+02, 8.70240631e+01, 4.11072235e+02,
    8.68506622e+01, 4.17311310e+02, 8.91590042e+01, 4.22659821e+02,
    9.14128723e+01, 4.27383331e+02, 9.40104065e+01, 3.99772949e+02,
    9.52476349e+01, 4.00054108e+02, 1.04328323e+02, 4.00748871e+02,
    1.14677002e+02, 4.01300293e+02, 1.24606651e+02, 3.85374603e+02,
    1.26969315e+02, 3.91230072e+02, 1.29905212e+02, 3.96958557e+02,
    1.32989883e+02, 4.02695221e+02, 1.31170471e+02, 4.06890930e+02,
    1.28794174e+02, 3.67440735e+02, 9.97655182e+01, 3.71990173e+02,
    9.71304626e+01, 3.77620850e+02, 9.75583115e+01, 3.79609802e+02,
    1.02935234e+02, 3.75258087e+02, 1.04333519e+02, 3.70056366e+02,
    1.02036339e+02, 4.04462555e+02, 1.02741852e+02, 4.09191711e+02,
    9.89385452e+01, 4.15126251e+02, 9.89454956e+01, 4.17512146e+02,
    1.02696335e+02, 4.15403839e+02, 1.05745064e+02, 4.10011749e+02,
    1.05532623e+02, 3.66989258e+02, 1.43030899e+02, 3.78953094e+02,
    1.40741989e+02, 3.91111938e+02, 1.39144089e+02, 3.95900055e+02,
    1.39720978e+02, 4.00291321e+02, 1.39054077e+02, 4.03682434e+02,
    1.40552917e+02, 4.07307220e+02, 1.45276733e+02, 4.02405579e+02,
    1.48795319e+02, 3.98896667e+02, 1.49524658e+02, 3.94421600e+02,
    1.49548004e+02, 3.89027191e+02, 1.49053558e+02, 3.77388306e+02,
    1.47335571e+02, 3.73967560e+02, 1.43575073e+02, 3.90292603e+02,
    1.42517822e+02, 3.95227234e+02, 1.42646759e+02, 3.99368958e+02,
    1.42493851e+02, 4.05332581e+02, 1.44644501e+02, 3.99211395e+02,
    1.45703598e+02, 3.94924377e+02, 1.46907516e+02, 3.89426483e+02,
    1.46955994e+02 ]
noOfLandmarkPoint: 68
