%YAML:1.0
landmark: [ 6.42730865e+01, 1.73633545e+02, 6.62808914e+01,
    1.95847153e+02, 7.02864304e+01, 2.17716446e+02, 7.71589127e+01,
    2.38128998e+02, 8.73765640e+01, 2.56723907e+02, 1.04938927e+02,
    2.72465698e+02, 1.27641312e+02, 2.81022156e+02, 1.49126251e+02,
    2.82827545e+02, 1.70355713e+02, 2.83713623e+02, 1.86018143e+02,
    2.83699219e+02, 1.98628876e+02, 2.75248352e+02, 2.07939865e+02,
    2.60986420e+02, 2.11308411e+02, 2.44910889e+02, 2.12858032e+02,
    2.25556396e+02, 2.17666946e+02, 2.05989578e+02, 2.17941956e+02,
    1.87535706e+02, 2.14372375e+02, 1.69732132e+02, 9.74196243e+01,
    1.51583008e+02, 1.07837593e+02, 1.40193573e+02, 1.23309113e+02,
    1.35118896e+02, 1.40555679e+02, 1.36780090e+02, 1.53558167e+02,
    1.44528717e+02, 1.79833405e+02, 1.45515732e+02, 1.87052582e+02,
    1.38890900e+02, 1.96751633e+02, 1.37595276e+02, 2.05007767e+02,
    1.40506409e+02, 2.10844742e+02, 1.46209732e+02, 1.65357544e+02,
    1.59974167e+02, 1.68874542e+02, 1.71209900e+02, 1.73657867e+02,
    1.82480850e+02, 1.78980026e+02, 1.92721268e+02, 1.62091843e+02,
    2.05655457e+02, 1.69322708e+02, 2.04824844e+02, 1.76126892e+02,
    2.05453491e+02, 1.79810638e+02, 2.04577362e+02, 1.83471603e+02,
    2.03274536e+02, 1.14590126e+02, 1.67236084e+02, 1.25485123e+02,
    1.63638428e+02, 1.37715485e+02, 1.62227005e+02, 1.42216492e+02,
    1.66937225e+02, 1.34917709e+02, 1.71497940e+02, 1.23894432e+02,
    1.69850204e+02, 1.81240585e+02, 1.66806885e+02, 1.88770996e+02,
    1.63234512e+02, 1.98714157e+02, 1.62374359e+02, 2.04130493e+02,
    1.65996201e+02, 1.98543839e+02, 1.70540405e+02, 1.90363907e+02,
    1.70621811e+02, 1.43068405e+02, 2.37827255e+02, 1.57605972e+02,
    2.28323441e+02, 1.69679611e+02, 2.23237274e+02, 1.75679031e+02,
    2.24863449e+02, 1.80412003e+02, 2.22946411e+02, 1.87706223e+02,
    2.28774094e+02, 1.93922592e+02, 2.37456757e+02, 1.88572662e+02,
    2.45553482e+02, 1.81383499e+02, 2.48181885e+02, 1.74559540e+02,
    2.49298233e+02, 1.69050644e+02, 2.49151154e+02, 1.57858719e+02,
    2.45904221e+02, 1.52123047e+02, 2.37346008e+02, 1.70356369e+02,
    2.31389130e+02, 1.74258438e+02, 2.31649765e+02, 1.80025909e+02,
    2.31862228e+02, 1.86821716e+02, 2.37590942e+02, 1.80613174e+02,
    2.38108475e+02, 1.74090271e+02, 2.39244278e+02, 1.70006042e+02,
    2.39149994e+02 ]
noOfLandmarkPoint: 68
