%YAML:1.0
landmark: [ 1.20162125e+02, 2.39807907e+02, 1.22707344e+02,
    2.70120728e+02, 1.28064270e+02, 2.97937592e+02, 1.30170364e+02,
    3.24332397e+02, 1.37947464e+02, 3.50788391e+02, 1.54550018e+02,
    3.72392059e+02, 1.72458954e+02, 3.90477478e+02, 1.92738373e+02,
    4.06946350e+02, 2.19405075e+02, 4.13928467e+02, 2.47998459e+02,
    4.07594177e+02, 2.66641357e+02, 3.90807861e+02, 2.82878571e+02,
    3.71680634e+02, 2.97098480e+02, 3.50744568e+02, 3.04888214e+02,
    3.25594910e+02, 3.06101227e+02, 3.00713409e+02, 3.08704895e+02,
    2.76418274e+02, 3.12149994e+02, 2.52023132e+02, 1.39816315e+02,
    2.39833557e+02, 1.59181000e+02, 2.34388809e+02, 1.76667130e+02,
    2.33643005e+02, 1.95304764e+02, 2.39462830e+02, 2.14857239e+02,
    2.49177429e+02, 2.37383759e+02, 2.48721115e+02, 2.54288620e+02,
    2.42489151e+02, 2.69891571e+02, 2.39718781e+02, 2.84892700e+02,
    2.39414520e+02, 3.00304016e+02, 2.44870041e+02, 2.27837799e+02,
    2.61246307e+02, 2.29064621e+02, 2.79778046e+02, 2.29449997e+02,
    2.98024384e+02, 2.29735367e+02, 3.16170746e+02, 2.07782166e+02,
    3.23662537e+02, 2.17673737e+02, 3.27626312e+02, 2.28123154e+02,
    3.33125580e+02, 2.37717072e+02, 3.28789032e+02, 2.45378052e+02,
    3.24487793e+02, 1.64660965e+02, 2.59698792e+02, 1.76714554e+02,
    2.54121338e+02, 1.90281784e+02, 2.54717697e+02, 1.99256104e+02,
    2.63614624e+02, 1.88718552e+02, 2.65374390e+02, 1.75816818e+02,
    2.64962036e+02, 2.49689560e+02, 2.65982666e+02, 2.59297363e+02,
    2.56750153e+02, 2.72497955e+02, 2.55600006e+02, 2.82763824e+02,
    2.62497345e+02, 2.73636841e+02, 2.66593140e+02, 2.60156281e+02,
    2.67505402e+02, 1.83463394e+02, 3.44096344e+02, 2.06425720e+02,
    3.44739990e+02, 2.18243118e+02, 3.44431335e+02, 2.27129807e+02,
    3.47158722e+02, 2.36126343e+02, 3.44480804e+02, 2.47757935e+02,
    3.44920563e+02, 2.58371674e+02, 3.46926758e+02, 2.48165588e+02,
    3.62820648e+02, 2.36584473e+02, 3.69024048e+02, 2.26844467e+02,
    3.70627014e+02, 2.17765396e+02, 3.69177338e+02, 2.05657761e+02,
    3.63996948e+02, 2.05652313e+02, 3.52434113e+02, 2.18493759e+02,
    3.52307892e+02, 2.27004257e+02, 3.52755737e+02, 2.36085663e+02,
    3.52810516e+02, 2.49587997e+02, 3.52029724e+02, 2.35995224e+02,
    3.57363800e+02, 2.27294830e+02, 3.58167419e+02, 2.18437622e+02,
    3.57496948e+02 ]
noOfLandmarkPoint: 68
