%YAML:1.0
landmark: [ 1.87151428e+02, 1.48820419e+02, 1.84779495e+02,
    1.63081833e+02, 1.85073700e+02, 1.79916809e+02, 1.84867889e+02,
    1.99434326e+02, 1.90014221e+02, 2.16393372e+02, 1.95289093e+02,
    2.33725113e+02, 2.01317535e+02, 2.48042648e+02, 2.10360184e+02,
    2.56331757e+02, 2.27145706e+02, 2.62850525e+02, 2.45516022e+02,
    2.62467285e+02, 2.66287720e+02, 2.55237564e+02, 2.86645905e+02,
    2.42948364e+02, 3.04845734e+02, 2.31048737e+02, 3.15195190e+02,
    2.12919220e+02, 3.19800079e+02, 1.95032379e+02, 3.21775177e+02,
    1.77413467e+02, 3.24230316e+02, 1.61057739e+02, 1.84520447e+02,
    1.22906441e+02, 1.90266968e+02, 1.16231621e+02, 1.97469162e+02,
    1.12989532e+02, 2.07275192e+02, 1.13870361e+02, 2.16359650e+02,
    1.18017082e+02, 2.36148712e+02, 1.17809326e+02, 2.50147156e+02,
    1.12534447e+02, 2.63730957e+02, 1.12534447e+02, 2.75656219e+02,
    1.15492775e+02, 2.85623688e+02, 1.22633514e+02, 2.26594421e+02,
    1.43092056e+02, 2.23715134e+02, 1.51707916e+02, 2.20977020e+02,
    1.60474518e+02, 2.17624283e+02, 1.70396866e+02, 2.12930618e+02,
    1.83295792e+02, 2.16923950e+02, 1.86840103e+02, 2.20291336e+02,
    1.89946091e+02, 2.25090103e+02, 1.87999405e+02, 2.31863525e+02,
    1.85505814e+02, 2.02632797e+02, 1.44042633e+02, 2.06199326e+02,
    1.40705124e+02, 2.11691925e+02, 1.40996506e+02, 2.15945084e+02,
    1.44617462e+02, 2.10704865e+02, 1.45910263e+02, 2.05958359e+02,
    1.46094131e+02, 2.49230865e+02, 1.44039246e+02, 2.56920654e+02,
    1.39921661e+02, 2.65371399e+02, 1.40003571e+02, 2.71521179e+02,
    1.45243835e+02, 2.64333069e+02, 1.45634949e+02, 2.56929138e+02,
    1.45220322e+02, 2.02693039e+02, 2.12832916e+02, 2.07836319e+02,
    2.09762802e+02, 2.14694031e+02, 2.06672867e+02, 2.19251419e+02,
    2.08124084e+02, 2.26747314e+02, 2.07370529e+02, 2.38369034e+02,
    2.10024170e+02, 2.50288391e+02, 2.15155380e+02, 2.39238647e+02,
    2.19503128e+02, 2.27576584e+02, 2.22254135e+02, 2.20758530e+02,
    2.22668762e+02, 2.14203674e+02, 2.22254135e+02, 2.07628998e+02,
    2.20615417e+02, 2.05782974e+02, 2.13040222e+02, 2.14848953e+02,
    2.13575668e+02, 2.19721939e+02, 2.13586472e+02, 2.27293549e+02,
    2.13454865e+02, 2.47001328e+02, 2.14623047e+02, 2.27293549e+02,
    2.13454865e+02, 2.19721939e+02, 2.13586472e+02, 2.14848953e+02,
    2.13575668e+02 ]
noOfLandmarkPoint: 68
