%YAML:1.0
landmark: [ 3.42421570e+02, 1.04555756e+02, 3.42756744e+02,
    1.20329155e+02, 3.46230347e+02, 1.36017944e+02, 3.48857544e+02,
    1.52624207e+02, 3.57131927e+02, 1.67744232e+02, 3.62633484e+02,
    1.83565063e+02, 3.68077515e+02, 2.02388885e+02, 3.76429779e+02,
    2.17200790e+02, 3.93679321e+02, 2.23355728e+02, 4.13058380e+02,
    2.21794998e+02, 4.34346893e+02, 2.17434402e+02, 4.51071655e+02,
    2.07849854e+02, 4.66699493e+02, 1.94409103e+02, 4.78227386e+02,
    1.77437180e+02, 4.83610413e+02, 1.56653061e+02, 4.84003143e+02,
    1.34294678e+02, 4.82310333e+02, 1.09326019e+02, 3.40686096e+02,
    9.04683990e+01, 3.43013489e+02, 7.82456970e+01, 3.51150177e+02,
    7.47624741e+01, 3.59856964e+02, 7.71931534e+01, 3.70872833e+02,
    7.96931305e+01, 3.96285767e+02, 8.10202713e+01, 4.12697754e+02,
    7.49520645e+01, 4.29644531e+02, 7.53835373e+01, 4.44780396e+02,
    8.07456741e+01, 4.54934601e+02, 9.31579666e+01, 3.82768646e+02,
    9.84168015e+01, 3.80820435e+02, 1.11397865e+02, 3.78626953e+02,
    1.23538673e+02, 3.77066223e+02, 1.36948944e+02, 3.74872528e+02,
    1.43860962e+02, 3.79750885e+02, 1.47894669e+02, 3.85425171e+02,
    1.48771423e+02, 3.92663544e+02, 1.45385834e+02, 4.00732635e+02,
    1.42067062e+02, 3.51150177e+02, 9.52264633e+01, 3.56925507e+02,
    8.95544434e+01, 3.64373138e+02, 8.93818588e+01, 3.71803772e+02,
    9.53990555e+01, 3.64752319e+02, 9.75538483e+01, 3.56339722e+02,
    9.73642578e+01, 4.10145477e+02, 9.37267380e+01, 4.16834747e+02,
    8.70374680e+01, 4.25489227e+02, 8.75892410e+01, 4.33143463e+02,
    9.32782593e+01, 4.26350891e+02, 9.58645325e+01, 4.18524078e+02,
    9.58815308e+01, 3.78095581e+02, 1.70564468e+02, 3.74580933e+02,
    1.66651062e+02, 3.83682587e+02, 1.63082825e+02, 3.89923370e+02,
    1.63927490e+02, 3.98284973e+02, 1.61875992e+02, 4.14868256e+02,
    1.63082825e+02, 4.23816925e+02, 1.64944733e+02, 4.17909821e+02,
    1.70689651e+02, 4.01042908e+02, 1.77518356e+02, 3.92078186e+02,
    1.77409317e+02, 3.85595490e+02, 1.77719208e+02, 3.79699890e+02,
    1.73788803e+02, 3.80783539e+02, 1.70615158e+02, 3.85164520e+02,
    1.70601624e+02, 3.91026917e+02, 1.71168533e+02, 3.99874878e+02,
    1.71739166e+02, 4.20110107e+02, 1.66254868e+02, 3.99874878e+02,
    1.71739166e+02, 3.91026917e+02, 1.71168533e+02, 3.85164520e+02,
    1.70601624e+02 ]
noOfLandmarkPoint: 68
