%YAML:1.0
landmark: [ 1.33006165e+02, 1.30907974e+02, 1.23531029e+02,
    1.55344666e+02, 1.17226639e+02, 1.82050095e+02, 1.17942627e+02,
    2.09973724e+02, 1.27650314e+02, 2.32755264e+02, 1.40538147e+02,
    2.53212204e+02, 1.53119186e+02, 2.70395966e+02, 1.71502380e+02,
    2.87254181e+02, 1.89188370e+02, 2.95529877e+02, 2.11690872e+02,
    2.96376007e+02, 2.29702667e+02, 2.83535126e+02, 2.44278229e+02,
    2.64985260e+02, 2.55290695e+02, 2.49618210e+02, 2.66864716e+02,
    2.33945847e+02, 2.75915955e+02, 2.17160126e+02, 2.76953064e+02,
    2.02950912e+02, 2.79519531e+02, 1.84927872e+02, 1.64164291e+02,
    1.40328339e+02, 1.77732178e+02, 1.30042297e+02, 1.95298065e+02,
    1.28230057e+02, 2.13887253e+02, 1.34141907e+02, 2.28148010e+02,
    1.41899155e+02, 2.52325668e+02, 1.55735092e+02, 2.66096771e+02,
    1.52647964e+02, 2.77812897e+02, 1.50146698e+02, 2.85781982e+02,
    1.59953705e+02, 2.83289917e+02, 1.71412216e+02, 2.37245010e+02,
    1.70555786e+02, 2.38665955e+02, 1.79213867e+02, 2.41037094e+02,
    1.89200607e+02, 2.43538361e+02, 1.99726685e+02, 2.11597855e+02,
    2.05008286e+02, 2.19966583e+02, 2.10466553e+02, 2.28428314e+02,
    2.15608627e+02, 2.35857895e+02, 2.15608627e+02, 2.42562088e+02,
    2.14223145e+02, 1.84545624e+02, 1.52861221e+02, 1.95031876e+02,
    1.51799591e+02, 2.03828552e+02, 1.54189438e+02, 2.10797272e+02,
    1.61214050e+02, 2.02779617e+02, 1.61337433e+02, 1.92864349e+02,
    1.58037964e+02, 2.46328079e+02, 1.71803055e+02, 2.56035767e+02,
    1.69608582e+02, 2.64804291e+02, 1.71533386e+02, 2.71741058e+02,
    1.78423630e+02, 2.63772125e+02, 1.77437973e+02, 2.54873459e+02,
    1.74797165e+02, 1.74759949e+02, 2.25533997e+02, 1.97501709e+02,
    2.28370667e+02, 2.16935425e+02, 2.32676788e+02, 2.25752945e+02,
    2.36945892e+02, 2.33783920e+02, 2.37098053e+02, 2.39355881e+02,
    2.38846359e+02, 2.42258377e+02, 2.41415222e+02, 2.30157364e+02,
    2.60492737e+02, 2.22764236e+02, 2.61178284e+02, 2.12584076e+02,
    2.59417206e+02, 2.01790924e+02, 2.54925125e+02, 1.87356720e+02,
    2.43108627e+02, 1.80288589e+02, 2.28279999e+02, 2.13907455e+02,
    2.37298340e+02, 2.22848389e+02, 2.40901154e+02, 2.31041351e+02,
    2.41310165e+02, 2.38507370e+02, 2.42072693e+02, 2.27427414e+02,
    2.50465408e+02, 2.18328964e+02, 2.50097397e+02, 2.07840149e+02,
    2.45854401e+02 ]
noOfLandmarkPoint: 68
