%YAML:1.0
landmark: [ 1.07140678e+02, 1.26838875e+02, 1.08462112e+02,
    1.38416367e+02, 1.11608376e+02, 1.50410263e+02, 1.15707603e+02,
    1.63699631e+02, 1.20837204e+02, 1.77085739e+02, 1.27549614e+02,
    1.87955429e+02, 1.39391632e+02, 1.99568146e+02, 1.54418594e+02,
    2.06070618e+02, 1.72992371e+02, 2.05841309e+02, 1.89773392e+02,
    2.02045868e+02, 2.03921875e+02, 1.90281265e+02, 2.15343994e+02,
    1.78839798e+02, 2.23465057e+02, 1.65337570e+02, 2.23045166e+02,
    1.50139359e+02, 2.23199951e+02, 1.31599762e+02, 2.22067337e+02,
    1.16771400e+02, 2.19091385e+02, 1.01495689e+02, 1.04109039e+02,
    9.82553482e+01, 1.10069641e+02, 9.00698395e+01, 1.19088158e+02,
    8.72689514e+01, 1.29419830e+02, 8.44919281e+01, 1.39584641e+02,
    8.58570786e+01, 1.61598526e+02, 8.16326447e+01, 1.71652603e+02,
    7.63559036e+01, 1.81914642e+02, 7.38742371e+01, 1.91353271e+02,
    7.23226624e+01, 2.00162216e+02, 7.38280640e+01, 1.54234009e+02,
    9.87642822e+01, 1.55043365e+02, 1.06080086e+02, 1.55646637e+02,
    1.13692146e+02, 1.56313263e+02, 1.21829498e+02, 1.46192032e+02,
    1.35543869e+02, 1.52228195e+02, 1.36311295e+02, 1.58729874e+02,
    1.36925217e+02, 1.65446289e+02, 1.33974854e+02, 1.71855591e+02,
    1.30381897e+02, 1.19596886e+02, 1.10898193e+02, 1.23925415e+02,
    1.06207832e+02, 1.31261719e+02, 1.03828125e+02, 1.38831604e+02,
    1.05843300e+02, 1.33161011e+02, 1.09165100e+02, 1.25790993e+02,
    1.11338432e+02, 1.73619293e+02, 9.81032181e+01, 1.81245956e+02,
    9.35840988e+01, 1.88778809e+02, 9.23824768e+01, 1.96482880e+02,
    9.53381424e+01, 1.89560532e+02, 9.79126205e+01, 1.81837097e+02,
    9.85037537e+01, 1.43460434e+02, 1.68542847e+02, 1.45343262e+02,
    1.53690674e+02, 1.53882599e+02, 1.45222610e+02, 1.59509506e+02,
    1.44993317e+02, 1.66451202e+02, 1.43219925e+02, 1.78543198e+02,
    1.45683319e+02, 1.87737152e+02, 1.58579651e+02, 1.82638168e+02,
    1.65682968e+02, 1.74077881e+02, 1.72356674e+02, 1.65724609e+02,
    1.73729538e+02, 1.60117065e+02, 1.74892456e+02, 1.51308121e+02,
    1.74795700e+02, 1.48695221e+02, 1.63720856e+02, 1.56818146e+02,
    1.58679504e+02, 1.61991608e+02, 1.56985153e+02, 1.69074432e+02,
    1.56144608e+02, 1.80003799e+02, 1.59086395e+02, 1.70144791e+02,
    1.59098221e+02, 1.63115738e+02, 1.61080170e+02, 1.57282928e+02,
    1.62200272e+02 ]
noOfLandmarkPoint: 68
