%YAML:1.0
landmark: [ 1.16075974e+02, 1.41505081e+02, 1.19169357e+02,
    1.50936249e+02, 1.23851089e+02, 1.59772705e+02, 1.28367218e+02,
    1.69339279e+02, 1.35743423e+02, 1.80697296e+02, 1.44143463e+02,
    1.91189804e+02, 1.54605759e+02, 1.98859711e+02, 1.66919922e+02,
    2.09615723e+02, 1.81198425e+02, 2.08388794e+02, 1.94483307e+02,
    2.01019882e+02, 2.04975800e+02, 1.92717743e+02, 2.15167297e+02,
    1.81359711e+02, 2.21241577e+02, 1.67916534e+02, 2.23070526e+02,
    1.52110077e+02, 2.22506012e+02, 1.37733673e+02, 2.18192978e+02,
    1.23515564e+02, 2.11087585e+02, 1.08145523e+02, 1.15311081e+02,
    1.26738800e+02, 1.20760315e+02, 1.22531723e+02, 1.27293312e+02,
    1.19328300e+02, 1.34026398e+02, 1.16272957e+02, 1.40353622e+02,
    1.14768883e+02, 1.56906219e+02, 1.09561264e+02, 1.65323944e+02,
    1.04942146e+02, 1.72806244e+02, 1.02228142e+02, 1.80582901e+02,
    1.00535065e+02, 1.87818100e+02, 9.99757004e+01, 1.49720932e+02,
    1.20128464e+02, 1.51150970e+02, 1.27737984e+02, 1.52084183e+02,
    1.35942215e+02, 1.53612137e+02, 1.45825409e+02, 1.52205002e+02,
    1.56649109e+02, 1.56058716e+02, 1.56551208e+02, 1.60047821e+02,
    1.56152298e+02, 1.64097336e+02, 1.53465118e+02, 1.67717743e+02,
    1.50379028e+02, 1.27249023e+02, 1.34416153e+02, 1.30281540e+02,
    1.29791916e+02, 1.35567719e+02, 1.26988693e+02, 1.40915070e+02,
    1.28140625e+02, 1.37596024e+02, 1.31269165e+02, 1.31895065e+02,
    1.33764420e+02, 1.67585983e+02, 1.18280212e+02, 1.70842209e+02,
    1.14016800e+02, 1.77248596e+02, 1.12785835e+02, 1.83020615e+02,
    1.13314514e+02, 1.79947998e+02, 1.17198639e+02, 1.73157471e+02,
    1.19319054e+02, 1.55359192e+02, 1.78545715e+02, 1.56623627e+02,
    1.74521988e+02, 1.59352310e+02, 1.70758804e+02, 1.64682617e+02,
    1.70118423e+02, 1.69138733e+02, 1.67709015e+02, 1.76569214e+02,
    1.66582489e+02, 1.87604828e+02, 1.67245255e+02, 1.83364090e+02,
    1.77084869e+02, 1.77346069e+02, 1.79965683e+02, 1.72703812e+02,
    1.82434662e+02, 1.68244766e+02, 1.84543716e+02, 1.62562103e+02,
    1.84905121e+02, 1.57766129e+02, 1.77672424e+02, 1.61614548e+02,
    1.74127487e+02, 1.66808960e+02, 1.73129440e+02, 1.70571259e+02,
    1.70697998e+02, 1.84359512e+02, 1.68406052e+02, 1.72775482e+02,
    1.74022690e+02, 1.68320160e+02, 1.75980148e+02, 1.63066605e+02,
    1.76203598e+02 ]
noOfLandmarkPoint: 68
