%YAML:1.0
landmark: [ 1.27757462e+02, 1.64982330e+02, 1.27831207e+02,
    1.79558517e+02, 1.32530716e+02, 1.94648392e+02, 1.39102310e+02,
    2.10105316e+02, 1.44242615e+02, 2.25782639e+02, 1.50704437e+02,
    2.41056030e+02, 1.57425400e+02, 2.56451385e+02, 1.68255554e+02,
    2.69840515e+02, 1.86942963e+02, 2.74796448e+02, 2.11907791e+02,
    2.73621552e+02, 2.29755707e+02, 2.63481171e+02, 2.46515869e+02,
    2.49018692e+02, 2.61248260e+02, 2.31947083e+02, 2.72310028e+02,
    2.13816727e+02, 2.73817444e+02, 1.91344086e+02, 2.74029358e+02,
    1.69401184e+02, 2.73187805e+02, 1.48150375e+02, 1.23596306e+02,
    1.41543655e+02, 1.29955139e+02, 1.36447037e+02, 1.40173157e+02,
    1.37789963e+02, 1.49642593e+02, 1.38987244e+02, 1.58767624e+02,
    1.43130142e+02, 1.86212357e+02, 1.38138046e+02, 2.00649643e+02,
    1.32582703e+02, 2.15130341e+02, 1.29567535e+02, 2.30379639e+02,
    1.30477585e+02, 2.44725952e+02, 1.39444366e+02, 1.70089905e+02,
    1.55473541e+02, 1.69428711e+02, 1.70306152e+02, 1.68437347e+02,
    1.84734833e+02, 1.67886795e+02, 1.99383057e+02, 1.61131683e+02,
    2.03313339e+02, 1.66601288e+02, 2.08452774e+02, 1.72329025e+02,
    2.10765656e+02, 1.81728043e+02, 2.07021484e+02, 1.91553314e+02,
    2.05029861e+02, 1.36648132e+02, 1.56716980e+02, 1.40810379e+02,
    1.50816452e+02, 1.49515305e+02, 1.50717178e+02, 1.56503464e+02,
    1.55503738e+02, 1.51071899e+02, 1.59026260e+02, 1.42668762e+02,
    1.59298248e+02, 1.97332458e+02, 1.53123795e+02, 2.06694611e+02,
    1.47616455e+02, 2.15652832e+02, 1.47432922e+02, 2.23622314e+02,
    1.51060715e+02, 2.15562134e+02, 1.54764877e+02, 2.06468216e+02,
    1.55486969e+02, 1.60252899e+02, 2.29412842e+02, 1.63709869e+02,
    2.27130447e+02, 1.68777969e+02, 2.27082932e+02, 1.75900986e+02,
    2.29295868e+02, 1.83926086e+02, 2.28671555e+02, 1.97773254e+02,
    2.29402603e+02, 2.10660034e+02, 2.28903351e+02, 1.98080093e+02,
    2.36297455e+02, 1.84236694e+02, 2.40724152e+02, 1.76099350e+02,
    2.41604218e+02, 1.69166779e+02, 2.39292679e+02, 1.63839828e+02,
    2.35263885e+02, 1.63628082e+02, 2.30482147e+02, 1.68770416e+02,
    2.31223328e+02, 1.75912613e+02, 2.32659851e+02, 1.84351685e+02,
    2.31722168e+02, 2.07439362e+02, 2.29925873e+02, 1.84351685e+02,
    2.31722168e+02, 1.75912613e+02, 2.32659851e+02, 1.68770416e+02,
    2.31223328e+02 ]
noOfLandmarkPoint: 68
