%YAML:1.0
landmark: [ 9.33074493e+01, 9.64523163e+01, 9.49740219e+01,
    1.10872559e+02, 9.81273041e+01, 1.23845428e+02, 1.02622559e+02,
    1.35770004e+02, 1.07990440e+02, 1.45308533e+02, 1.13682922e+02,
    1.54522446e+02, 1.20217102e+02, 1.62977554e+02, 1.27439842e+02,
    1.69463989e+02, 1.40057175e+02, 1.73007935e+02, 1.49266891e+02,
    1.68982025e+02, 1.59160950e+02, 1.60644943e+02, 1.68870926e+02,
    1.50601944e+02, 1.76407700e+02, 1.40534348e+02, 1.80882706e+02,
    1.28239334e+02, 1.82464554e+02, 1.15509781e+02, 1.83065842e+02,
    1.02850822e+02, 1.83825928e+02, 9.06470337e+01, 9.86256332e+01,
    8.98648758e+01, 1.02428398e+02, 8.27451172e+01, 1.11252205e+02,
    8.20025635e+01, 1.19500526e+02, 8.33800430e+01, 1.28268372e+02,
    8.63492508e+01, 1.38429779e+02, 8.72882309e+01, 1.48046585e+02,
    8.29778748e+01, 1.57919052e+02, 8.07698288e+01, 1.68388977e+02,
    8.18188629e+01, 1.74985397e+02, 8.90354919e+01, 1.33913666e+02,
    9.36939087e+01, 1.33225113e+02, 1.02609940e+02, 1.32391815e+02,
    1.11271637e+02, 1.31703262e+02, 1.19678986e+02, 1.25247765e+02,
    1.22840683e+02, 1.29414200e+02, 1.24831863e+02, 1.34198929e+02,
    1.26244102e+02, 1.39277328e+02, 1.24252914e+02, 1.43744064e+02,
    1.23426926e+02, 1.08021362e+02, 9.44527283e+01, 1.12121742e+02,
    9.09706345e+01, 1.17634361e+02, 9.17294464e+01, 1.21300529e+02,
    9.52818069e+01, 1.16801071e+02, 9.72069321e+01, 1.11362930e+02,
    9.70270615e+01, 1.49864151e+02, 9.32161560e+01, 1.53999664e+02,
    9.00980072e+01, 1.59328201e+02, 8.96637955e+01, 1.63209366e+02,
    9.28915482e+01, 1.59652802e+02, 9.47773361e+01, 1.54613739e+02,
    9.51019363e+01, 1.20699173e+02, 1.38057739e+02, 1.24879211e+02,
    1.34643570e+02, 1.29214371e+02, 1.34557480e+02, 1.34093323e+02,
    1.37896301e+02, 1.41858368e+02, 1.34841949e+02, 1.48025299e+02,
    1.35449005e+02, 1.52661987e+02, 1.38595840e+02, 1.48720718e+02,
    1.43437180e+02, 1.42665268e+02, 1.45469788e+02, 1.34046417e+02,
    1.47243240e+02, 1.28759064e+02, 1.46305817e+02, 1.24575333e+02,
    1.43508667e+02, 1.23429802e+02, 1.38394272e+02, 1.28875931e+02,
    1.39146423e+02, 1.34026855e+02, 1.40716980e+02, 1.42171021e+02,
    1.38801910e+02, 1.49244614e+02, 1.38515366e+02, 1.42171021e+02,
    1.38801910e+02, 1.34026855e+02, 1.40716980e+02, 1.28875931e+02,
    1.39146423e+02 ]
noOfLandmarkPoint: 68
