%YAML:1.0
landmark: [ 1.71357391e+02, 3.02007690e+02, 1.80153549e+02,
    3.32322205e+02, 1.89751389e+02, 3.56882446e+02, 2.02451080e+02,
    3.83712921e+02, 2.14888565e+02, 4.10273651e+02, 2.33252563e+02,
    4.35740540e+02, 2.59288849e+02, 4.54696442e+02, 2.86995941e+02,
    4.73704834e+02, 3.22397430e+02, 4.74967407e+02, 3.49289490e+02,
    4.60936615e+02, 3.64919312e+02, 4.40239014e+02, 3.79786560e+02,
    4.16709198e+02, 3.91062958e+02, 3.91318665e+02, 3.96299438e+02,
    3.57903290e+02, 3.98289917e+02, 3.25442108e+02, 3.98498718e+02,
    2.93496246e+02, 3.97629578e+02, 2.65204742e+02, 1.90253357e+02,
    2.90491821e+02, 2.04976028e+02, 2.76031372e+02, 2.23677216e+02,
    2.70914001e+02, 2.45162582e+02, 2.73898132e+02, 2.64916718e+02,
    2.81595062e+02, 3.02432312e+02, 2.72900726e+02, 3.16533295e+02,
    2.60288513e+02, 3.34130402e+02, 2.52000458e+02, 3.53258759e+02,
    2.50792862e+02, 3.70200287e+02, 2.57604248e+02, 2.87381042e+02,
    2.92914429e+02, 2.91048615e+02, 3.15634430e+02, 2.94946716e+02,
    3.37128204e+02, 2.99791168e+02, 3.57361938e+02, 2.81912781e+02,
    3.69037689e+02, 2.93877197e+02, 3.71935699e+02, 3.05726501e+02,
    3.74503571e+02, 3.13359955e+02, 3.66014069e+02, 3.21393158e+02,
    3.59110474e+02, 2.19265030e+02, 3.02802734e+02, 2.32127029e+02,
    2.94951782e+02, 2.46964325e+02, 2.95625977e+02, 2.60147491e+02,
    3.00823883e+02, 2.47798584e+02, 3.06242432e+02, 2.33196472e+02,
    3.07948792e+02, 3.18440643e+02, 2.89672180e+02, 3.27281311e+02,
    2.80548248e+02, 3.41368378e+02, 2.76601471e+02, 3.53817017e+02,
    2.79600342e+02, 3.46136139e+02, 2.88028198e+02, 3.34053162e+02,
    2.91631500e+02, 2.59603546e+02, 4.02698822e+02, 2.81151886e+02,
    3.96764801e+02, 2.94676819e+02, 3.92051086e+02, 3.05248077e+02,
    3.93252258e+02, 3.20316101e+02, 3.86279266e+02, 3.33364166e+02,
    3.81833405e+02, 3.51271545e+02, 3.83010712e+02, 3.43321198e+02,
    4.06015076e+02, 3.31286652e+02, 4.18560364e+02, 3.13544556e+02,
    4.25008118e+02, 3.02636322e+02, 4.26770935e+02, 2.87731384e+02,
    4.25801636e+02, 2.64690918e+02, 4.04399597e+02, 2.96607758e+02,
    3.99425659e+02, 3.06797852e+02, 3.98811096e+02, 3.22734619e+02,
    3.91852997e+02, 3.44553986e+02, 3.85682526e+02, 3.26754303e+02,
    4.02694275e+02, 3.08680756e+02, 4.09032623e+02, 2.98386383e+02,
    4.10164978e+02 ]
noOfLandmarkPoint: 68
