%YAML:1.0
landmark: [ 1.21983879e+02, 1.68126862e+02, 1.25094101e+02,
    1.79548309e+02, 1.30626266e+02, 1.91072891e+02, 1.36147720e+02,
    2.02223801e+02, 1.42447632e+02, 2.13498322e+02, 1.52397812e+02,
    2.24790665e+02, 1.59538757e+02, 2.33592316e+02, 1.66813034e+02,
    2.38100815e+02, 1.75851120e+02, 2.38974289e+02, 1.86222946e+02,
    2.35890015e+02, 1.97838028e+02, 2.25088104e+02, 2.07848526e+02,
    2.12586884e+02, 2.15828583e+02, 1.99264099e+02, 2.20014359e+02,
    1.84994843e+02, 2.20306931e+02, 1.70923431e+02, 2.17166534e+02,
    1.52012360e+02, 2.13174408e+02, 1.35131744e+02, 1.12296112e+02,
    1.48682556e+02, 1.15599968e+02, 1.42659973e+02, 1.22801254e+02,
    1.42036240e+02, 1.29804672e+02, 1.43313873e+02, 1.37005966e+02,
    1.44165619e+02, 1.54553131e+02, 1.40203644e+02, 1.61621109e+02,
    1.33527176e+02, 1.70719528e+02, 1.29797440e+02, 1.80635315e+02,
    1.30158768e+02, 1.89763901e+02, 1.34279999e+02, 1.45192307e+02,
    1.53435959e+02, 1.45682724e+02, 1.64074402e+02, 1.46173141e+02,
    1.75495850e+02, 1.46925980e+02, 1.86913055e+02, 1.46697952e+02,
    1.92871109e+02, 1.50918106e+02, 1.95422134e+02, 1.55990005e+02,
    1.95159729e+02, 1.59427185e+02, 1.89760880e+02, 1.64271072e+02,
    1.85897842e+02, 1.23029274e+02, 1.58404709e+02, 1.23751930e+02,
    1.52838165e+02, 1.31280167e+02, 1.51070114e+02, 1.40017258e+02,
    1.55716156e+02, 1.34192520e+02, 1.58271408e+02, 1.27744064e+02,
    1.60039459e+02, 1.65583069e+02, 1.50480774e+02, 1.69510666e+02,
    1.43279495e+02, 1.77499146e+02, 1.40074554e+02, 1.84403656e+02,
    1.43249329e+02, 1.80149109e+02, 1.48484711e+02, 1.73373703e+02,
    1.49925797e+02, 1.47941193e+02, 2.11984238e+02, 1.51372055e+02,
    2.08234558e+02, 1.56880005e+02, 2.06151306e+02, 1.61080170e+02,
    2.06520157e+02, 1.65256134e+02, 2.04357086e+02, 1.73928680e+02,
    2.02296478e+02, 1.83715378e+02, 2.03638641e+02, 1.78915955e+02,
    2.12686127e+02, 1.73693054e+02, 2.16932327e+02, 1.68474274e+02,
    2.18441360e+02, 1.62632111e+02, 2.19374954e+02, 1.55739822e+02,
    2.18726410e+02, 1.50961304e+02, 2.11537689e+02, 1.58936768e+02,
    2.11067947e+02, 1.63681717e+02, 2.11067947e+02, 1.68260635e+02,
    2.08762756e+02, 1.81032867e+02, 2.04151840e+02, 1.68260635e+02,
    2.08762756e+02, 1.63681717e+02, 2.11067947e+02, 1.58936768e+02,
    2.11067947e+02 ]
noOfLandmarkPoint: 68
