%YAML:1.0
landmark: [ 1.93787521e+02, 2.13289978e+02, 1.93771454e+02,
    2.38003342e+02, 1.96041779e+02, 2.60833588e+02, 2.02934799e+02,
    2.83400787e+02, 2.20087585e+02, 2.99657898e+02, 2.39473938e+02,
    3.13842133e+02, 2.60651001e+02, 3.24027435e+02, 2.81349518e+02,
    3.34218536e+02, 2.99198669e+02, 3.36205750e+02, 3.16380554e+02,
    3.33305817e+02, 3.32397736e+02, 3.22621307e+02, 3.46153259e+02,
    3.08651398e+02, 3.56074707e+02, 2.91675415e+02, 3.62922272e+02,
    2.69924377e+02, 3.65549042e+02, 2.50474274e+02, 3.65686432e+02,
    2.30305634e+02, 3.65116486e+02, 2.10073044e+02, 2.29205551e+02,
    1.89204865e+02, 2.41974686e+02, 1.82175217e+02, 2.57083221e+02,
    1.78313828e+02, 2.73478455e+02, 1.79389008e+02, 2.88952301e+02,
    1.83334808e+02, 3.11533936e+02, 1.83936111e+02, 3.23838470e+02,
    1.80087540e+02, 3.36921844e+02, 1.80975906e+02, 3.47222290e+02,
    1.83805954e+02, 3.55513763e+02, 1.87833282e+02, 3.01691956e+02,
    2.06150604e+02, 3.02273956e+02, 2.17987915e+02, 3.03512695e+02,
    2.29488297e+02, 3.04507477e+02, 2.41245697e+02, 2.83833557e+02,
    2.49067657e+02, 2.93029510e+02, 2.52402374e+02, 3.00738831e+02,
    2.55078842e+02, 3.07081512e+02, 2.53347931e+02, 3.12224884e+02,
    2.52173706e+02, 2.43805573e+02, 2.08286880e+02, 2.52565750e+02,
    2.03788605e+02, 2.62571564e+02, 2.03959030e+02, 2.70866577e+02,
    2.09594757e+02, 2.61222107e+02, 2.10429184e+02, 2.52927628e+02,
    2.10297760e+02, 3.17443756e+02, 2.10097717e+02, 3.26200531e+02,
    2.04285431e+02, 3.35149292e+02, 2.04394821e+02, 3.43994934e+02,
    2.09403061e+02, 3.35221985e+02, 2.10875412e+02, 3.26747589e+02,
    2.11137878e+02, 2.57124298e+02, 2.74699554e+02, 2.75660767e+02,
    2.68840179e+02, 2.91019135e+02, 2.66138397e+02, 2.99088593e+02,
    2.67436676e+02, 3.07059784e+02, 2.66465240e+02, 3.18022156e+02,
    2.70113098e+02, 3.29522247e+02, 2.75090027e+02, 3.18579742e+02,
    2.87826477e+02, 3.08269684e+02, 2.91432648e+02, 3.00005432e+02,
    2.91494659e+02, 2.90576447e+02, 2.90395569e+02, 2.75874512e+02,
    2.86749481e+02, 2.61779510e+02, 2.75215698e+02, 2.90595520e+02,
    2.72583984e+02, 2.99055298e+02, 2.73548920e+02, 3.07123749e+02,
    2.73111084e+02, 3.24281860e+02, 2.75494751e+02, 3.08096832e+02,
    2.82891937e+02, 2.99116089e+02, 2.83272247e+02, 2.90185486e+02,
    2.83178253e+02 ]
noOfLandmarkPoint: 68
