%YAML:1.0
landmark: [ 9.79923630e+01, 1.46976273e+02, 9.78359375e+01,
    1.62835648e+02, 1.00554688e+02, 1.79710938e+02, 1.05242363e+02,
    1.95320374e+02, 1.09617188e+02, 2.10070312e+02, 1.16617249e+02,
    2.26086105e+02, 1.24617073e+02, 2.42695312e+02, 1.36892975e+02,
    2.56011261e+02, 1.56411224e+02, 2.55213623e+02, 1.76491776e+02,
    2.52033951e+02, 1.96065399e+02, 2.43195389e+02, 2.12632294e+02,
    2.30675644e+02, 2.26317093e+02, 2.15339844e+02, 2.34645721e+02,
    1.96522278e+02, 2.38001755e+02, 1.76240356e+02, 2.38871490e+02,
    1.55760544e+02, 2.38527740e+02, 1.35393021e+02, 9.68466873e+01,
    1.35574203e+02, 9.70778351e+01, 1.25853622e+02, 1.07108749e+02,
    1.19900864e+02, 1.18304329e+02, 1.19170555e+02, 1.28250534e+02,
    1.21094887e+02, 1.57411667e+02, 1.17206825e+02, 1.73413315e+02,
    1.12984093e+02, 1.88029251e+02, 1.10826874e+02, 1.99150726e+02,
    1.16881416e+02, 2.08535187e+02, 1.28029846e+02, 1.42409378e+02,
    1.34338654e+02, 1.41632248e+02, 1.45881287e+02, 1.40854462e+02,
    1.56613724e+02, 1.39587738e+02, 1.69776993e+02, 1.32882980e+02,
    1.79507751e+02, 1.37727081e+02, 1.81226730e+02, 1.43570938e+02,
    1.81429916e+02, 1.51211166e+02, 1.79211060e+02, 1.58100906e+02,
    1.76804626e+02, 1.06851555e+02, 1.39492355e+02, 1.12490990e+02,
    1.33317383e+02, 1.21981590e+02, 1.32258301e+02, 1.30320663e+02,
    1.39398956e+02, 1.21622108e+02, 1.41593658e+02, 1.13738838e+02,
    1.42954178e+02, 1.67237625e+02, 1.34821762e+02, 1.74482941e+02,
    1.27016899e+02, 1.83220596e+02, 1.27255844e+02, 1.90105408e+02,
    1.30559265e+02, 1.84747192e+02, 1.34376923e+02, 1.75364914e+02,
    1.35550674e+02, 1.29367645e+02, 2.04492538e+02, 1.35508209e+02,
    1.99038895e+02, 1.43367767e+02, 1.96679749e+02, 1.51021423e+02,
    1.98441528e+02, 1.58626480e+02, 1.94454651e+02, 1.72195190e+02,
    1.93773956e+02, 1.89226913e+02, 1.91445435e+02, 1.74573166e+02,
    2.06452744e+02, 1.61413712e+02, 2.10929810e+02, 1.52617310e+02,
    2.12742310e+02, 1.44586853e+02, 2.13945251e+02, 1.36471008e+02,
    2.13843674e+02, 1.31551132e+02, 2.05038330e+02, 1.43724899e+02,
    2.00985016e+02, 1.51323547e+02, 2.00754150e+02, 1.59245468e+02,
    1.98395889e+02, 1.86562347e+02, 1.92362213e+02, 1.60605347e+02,
    2.05930771e+02, 1.52129562e+02, 2.07594101e+02, 1.44672455e+02,
    2.08509750e+02 ]
noOfLandmarkPoint: 68
