%YAML:1.0
landmark: [ 1.43078522e+02, 1.74126999e+02, 1.45481171e+02,
    1.84578537e+02, 1.50477753e+02, 1.96287872e+02, 1.56370682e+02,
    2.09947281e+02, 1.63824905e+02, 2.26455902e+02, 1.71728073e+02,
    2.39549683e+02, 1.81172531e+02, 2.46632767e+02, 1.89739105e+02,
    2.52135635e+02, 2.00354263e+02, 2.51667252e+02, 2.11301132e+02,
    2.49364761e+02, 2.23617981e+02, 2.40117645e+02, 2.34019608e+02,
    2.29007126e+02, 2.43194717e+02, 2.17627808e+02, 2.50369385e+02,
    2.04558350e+02, 2.50951874e+02, 1.85697540e+02, 2.49510574e+02,
    1.70405365e+02, 2.48087021e+02, 1.55385986e+02, 1.42869675e+02,
    1.62701492e+02, 1.50176422e+02, 1.58520554e+02, 1.57820251e+02,
    1.61506378e+02, 1.65492249e+02, 1.63186661e+02, 1.74217941e+02,
    1.65923920e+02, 1.85289154e+02, 1.62666611e+02, 1.95697037e+02,
    1.57182755e+02, 2.04807144e+02, 1.53725555e+02, 2.13177170e+02,
    1.50588455e+02, 2.23765686e+02, 1.52706085e+02, 1.81974609e+02,
    1.75135757e+02, 1.81830627e+02, 1.85392380e+02, 1.81833420e+02,
    1.95539642e+02, 1.81955185e+02, 2.05870102e+02, 1.77005173e+02,
    2.08455460e+02, 1.81738708e+02, 2.10942932e+02, 1.86792633e+02,
    2.12269760e+02, 1.92080505e+02, 2.08562103e+02, 1.97934540e+02,
    2.06903564e+02, 1.57211014e+02, 1.75656967e+02, 1.61615158e+02,
    1.72902847e+02, 1.68184113e+02, 1.73175369e+02, 1.72474136e+02,
    1.76879807e+02, 1.66966934e+02, 1.78999130e+02, 1.61166809e+02,
    1.79135147e+02, 1.99726501e+02, 1.73540527e+02, 2.03745102e+02,
    1.68219406e+02, 2.11016373e+02, 1.66809814e+02, 2.16564240e+02,
    1.68236176e+02, 2.13179642e+02, 1.72978195e+02, 2.06715591e+02,
    1.73925735e+02, 1.74897415e+02, 2.24037109e+02, 1.80509109e+02,
    2.21928696e+02, 1.85699738e+02, 2.20289612e+02, 1.90179871e+02,
    2.22671341e+02, 1.95397568e+02, 2.20466095e+02, 2.02539536e+02,
    2.20855789e+02, 2.12081787e+02, 2.20719101e+02, 2.05087952e+02,
    2.30414658e+02, 1.98543655e+02, 2.33128632e+02, 1.91980453e+02,
    2.33877243e+02, 1.86581146e+02, 2.34123627e+02, 1.81347183e+02,
    2.31133484e+02, 1.77457962e+02, 2.25524033e+02, 1.86011993e+02,
    2.25831390e+02, 1.91014847e+02, 2.26375366e+02, 1.96818909e+02,
    2.25536743e+02, 2.08705826e+02, 2.22319290e+02, 1.96818909e+02,
    2.25536743e+02, 1.91014847e+02, 2.26375366e+02, 1.86011993e+02,
    2.25831390e+02 ]
noOfLandmarkPoint: 68
