%YAML:1.0
landmark: [ 9.79537964e+00, 1.34434647e+02, 1.20134068e+01,
    1.45807159e+02, 1.60396347e+01, 1.56114624e+02, 2.04991035e+01,
    1.66837006e+02, 2.39305344e+01, 1.78617020e+02, 3.01981907e+01,
    1.90839081e+02, 3.90653114e+01, 1.99925232e+02, 4.76596832e+01,
    2.07600494e+02, 5.99182396e+01, 2.11260513e+02, 7.26955185e+01,
    2.08838501e+02, 8.39553452e+01, 2.00446396e+02, 9.40417480e+01,
    1.91321472e+02, 1.00700218e+02, 1.79268265e+02, 1.06032654e+02,
    1.68039474e+02, 1.08383690e+02, 1.55495361e+02, 1.11653847e+02,
    1.43137482e+02, 1.12978210e+02, 1.28841156e+02, 1.38638086e+01,
    1.23682922e+02, 2.22600822e+01, 1.20676582e+02, 3.06097088e+01,
    1.20097504e+02, 3.96625366e+01, 1.20932480e+02, 4.76962128e+01,
    1.23327095e+02, 6.63376160e+01, 1.20621864e+02, 7.58761749e+01,
    1.18237518e+02, 8.55521317e+01, 1.17444191e+02, 9.40298538e+01,
    1.19117371e+02, 1.00826164e+02, 1.23446678e+02, 5.62558632e+01,
    1.30887207e+02, 5.61192093e+01, 1.39822098e+02, 5.59776077e+01,
    1.48852646e+02, 5.51031837e+01, 1.58102951e+02, 4.82851257e+01,
    1.62158142e+02, 5.25268784e+01, 1.63941254e+02, 5.68480377e+01,
    1.65011063e+02, 6.16240692e+01, 1.63224106e+02, 6.54079437e+01,
    1.61534561e+02, 2.52833748e+01, 1.31815155e+02, 3.00851383e+01,
    1.29141296e+02, 3.64858017e+01, 1.29174759e+02, 4.09552307e+01,
    1.32287094e+02, 3.63605652e+01, 1.33870789e+02, 3.04737759e+01,
    1.34076950e+02, 7.33259201e+01, 1.28697128e+02, 7.83728027e+01,
    1.25500710e+02, 8.43718185e+01, 1.25250168e+02, 8.85380630e+01,
    1.28060593e+02, 8.46651764e+01, 1.30805969e+02, 7.95589752e+01,
    1.30911530e+02, 4.53377304e+01, 1.81870972e+02, 4.90032539e+01,
    1.79114761e+02, 5.30128136e+01, 1.77379272e+02, 5.67873039e+01,
    1.78049469e+02, 6.15079575e+01, 1.77315842e+02, 6.98269119e+01,
    1.78566147e+02, 7.63102341e+01, 1.80893280e+02, 7.04823532e+01,
    1.88092453e+02, 6.21537056e+01, 1.90732208e+02, 5.73950310e+01,
    1.91079773e+02, 5.31513290e+01, 1.90671921e+02, 4.85116692e+01,
    1.88775574e+02, 4.68506126e+01, 1.81939667e+02, 5.28840523e+01,
    1.81063644e+02, 5.71505470e+01, 1.81788391e+02, 6.16654854e+01,
    1.81714584e+02, 7.43011703e+01, 1.81123306e+02, 6.16654854e+01,
    1.81714584e+02, 5.71270370e+01, 1.83434418e+02, 5.28382912e+01,
    1.82677032e+02 ]
noOfLandmarkPoint: 68
