%YAML:1.0
landmark: [ 3.09973480e+02, 2.43108017e+02, 3.14874664e+02,
    2.63602875e+02, 3.23091156e+02, 2.78330688e+02, 3.30206757e+02,
    2.93466431e+02, 3.38026245e+02, 3.09427032e+02, 3.49444611e+02,
    3.25364960e+02, 3.61095154e+02, 3.39933777e+02, 3.75357086e+02,
    3.54060944e+02, 3.91392395e+02, 3.55894379e+02, 4.10514923e+02,
    3.54894806e+02, 4.26524078e+02, 3.44281219e+02, 4.39109985e+02,
    3.31029419e+02, 4.47460602e+02, 3.11103027e+02, 4.53394562e+02,
    2.91595642e+02, 4.62545807e+02, 2.71324982e+02, 4.70170502e+02,
    2.51054337e+02, 4.76551636e+02, 2.31139435e+02, 3.15046783e+02,
    2.08874390e+02, 3.23350739e+02, 2.06934006e+02, 3.33371918e+02,
    2.08283249e+02, 3.42238922e+02, 2.11238922e+02, 3.52879303e+02,
    2.15967987e+02, 3.86671295e+02, 2.15735825e+02, 4.01659119e+02,
    2.06547226e+02, 4.19445190e+02, 2.02888321e+02, 4.37104431e+02,
    2.05020691e+02, 4.54531525e+02, 2.10108734e+02, 3.72013519e+02,
    2.36191422e+02, 3.72824860e+02, 2.51112274e+02, 3.73140137e+02,
    2.66094116e+02, 3.73798859e+02, 2.81220551e+02, 3.66222321e+02,
    2.89264893e+02, 3.70629456e+02, 2.92401306e+02, 3.76024811e+02,
    2.94658142e+02, 3.83615875e+02, 2.90803619e+02, 3.90525391e+02,
    2.87785034e+02, 3.30505707e+02, 2.34577347e+02, 3.39372711e+02,
    2.31165298e+02, 3.48942932e+02, 2.30955811e+02, 3.54420563e+02,
    2.35452713e+02, 3.47895447e+02, 2.39688034e+02, 3.38646820e+02,
    2.40316544e+02, 4.05332733e+02, 2.33716675e+02, 4.04106323e+02,
    2.29810913e+02, 4.16400055e+02, 2.31105286e+02, 4.28409576e+02,
    2.30057785e+02, 4.22326111e+02, 2.35587479e+02, 4.13990234e+02,
    2.37435608e+02, 3.59796234e+02, 3.13958801e+02, 3.63195984e+02,
    3.08124603e+02, 3.70251617e+02, 3.05455048e+02, 3.78372833e+02,
    3.06780792e+02, 3.88731659e+02, 3.04457306e+02, 3.99005859e+02,
    3.06618256e+02, 4.07950623e+02, 3.13046875e+02, 4.01171173e+02,
    3.22819122e+02, 3.94343719e+02, 3.27862335e+02, 3.82271088e+02,
    3.29411102e+02, 3.72465576e+02, 3.27100372e+02, 3.63789276e+02,
    3.19676819e+02, 3.62337433e+02, 3.13504913e+02, 3.73001678e+02,
    3.14633575e+02, 3.81137299e+02, 3.15416504e+02, 3.89366882e+02,
    3.14732208e+02, 4.04307892e+02, 3.13504913e+02, 3.89456970e+02,
    3.14887695e+02, 3.80926025e+02, 3.15581421e+02, 3.73284241e+02,
    3.14815918e+02 ]
noOfLandmarkPoint: 68
