%YAML:1.0
landmark: [ 1.48178268e+02, 1.18909492e+02, 1.49473358e+02,
    1.35268112e+02, 1.51676575e+02, 1.53156143e+02, 1.59757904e+02,
    1.69757950e+02, 1.73131088e+02, 1.83115402e+02, 1.86554092e+02,
    1.94466339e+02, 2.04390030e+02, 2.05652542e+02, 2.20138123e+02,
    2.12745041e+02, 2.32818939e+02, 2.12352310e+02, 2.44294205e+02,
    2.04363083e+02, 2.52390121e+02, 1.90570145e+02, 2.62284851e+02,
    1.76095016e+02, 2.69716766e+02, 1.62237244e+02, 2.73877167e+02,
    1.47252731e+02, 2.76089386e+02, 1.31548080e+02, 2.76963593e+02,
    1.15882187e+02, 2.71936523e+02, 1.00645981e+02, 1.63908157e+02,
    8.53750000e+01, 1.74749054e+02, 8.10386429e+01, 1.84706314e+02,
    8.20807419e+01, 1.95484390e+02, 8.42849960e+01, 2.05689941e+02,
    8.66858673e+01, 2.31397385e+02, 8.78150940e+01, 2.39750412e+02,
    8.34499207e+01, 2.49378616e+02, 8.09556198e+01, 2.59968781e+02,
    8.11299591e+01, 2.68598419e+02, 8.33850403e+01, 2.22371002e+02,
    1.00892136e+02, 2.23783829e+02, 1.12346481e+02, 2.25375900e+02,
    1.23313660e+02, 2.27287216e+02, 1.35058212e+02, 2.11470993e+02,
    1.38964325e+02, 2.18293182e+02, 1.40929642e+02, 2.26297440e+02,
    1.44413376e+02, 2.33057159e+02, 1.40376694e+02, 2.38341599e+02,
    1.37102798e+02, 1.78920807e+02, 1.02107796e+02, 1.83185196e+02,
    9.69462357e+01, 1.91245285e+02, 9.67576523e+01, 1.98362427e+02,
    1.02225525e+02, 1.91286392e+02, 1.03382782e+02, 1.84983246e+02,
    1.03434357e+02, 2.37111420e+02, 1.00193817e+02, 2.42043350e+02,
    9.48081741e+01, 2.50098511e+02, 9.33872452e+01, 2.58130066e+02,
    9.67709579e+01, 2.52184372e+02, 1.00515015e+02, 2.44491425e+02,
    1.01226456e+02, 1.90137482e+02, 1.57344543e+02, 2.03691711e+02,
    1.50997437e+02, 2.15828796e+02, 1.50124115e+02, 2.24626907e+02,
    1.51419205e+02, 2.33672012e+02, 1.48606735e+02, 2.44360245e+02,
    1.47391251e+02, 2.50605331e+02, 1.50278122e+02, 2.46521301e+02,
    1.68693817e+02, 2.37748474e+02, 1.77762558e+02, 2.27437103e+02,
    1.80693726e+02, 2.18513809e+02, 1.80676285e+02, 2.03959747e+02,
    1.73977005e+02, 1.93732651e+02, 1.57895752e+02, 2.16164276e+02,
    1.56237930e+02, 2.25735519e+02, 1.56604065e+02, 2.34640640e+02,
    1.53148224e+02, 2.48366364e+02, 1.51511627e+02, 2.36340683e+02,
    1.70111832e+02, 2.26798325e+02, 1.74186417e+02, 2.16962418e+02,
    1.73591904e+02 ]
noOfLandmarkPoint: 68
