%YAML:1.0
landmark: [ 3.40639221e+02, 3.93143982e+02, 3.39445862e+02,
    4.17550934e+02, 3.39408234e+02, 4.45500336e+02, 3.43465729e+02,
    4.74567566e+02, 3.52120697e+02, 4.99389191e+02, 3.69179199e+02,
    5.25881348e+02, 3.89943298e+02, 5.46394287e+02, 4.13245148e+02,
    5.62472961e+02, 4.40604218e+02, 5.70022278e+02, 4.71505463e+02,
    5.65977295e+02, 5.01351410e+02, 5.51066772e+02, 5.22680664e+02,
    5.31194458e+02, 5.37226868e+02, 5.07993286e+02, 5.50001892e+02,
    4.82480957e+02, 5.61093628e+02, 4.53438873e+02, 5.65779053e+02,
    4.23442169e+02, 5.66419678e+02, 3.91196838e+02, 3.50475067e+02,
    3.71449890e+02, 3.69166473e+02, 3.58272949e+02, 3.89779846e+02,
    3.57833374e+02, 4.11259888e+02, 3.66073700e+02, 4.28569550e+02,
    3.73371857e+02, 4.44887207e+02, 3.73083038e+02, 4.68929871e+02,
    3.67731781e+02, 4.90899811e+02, 3.61111908e+02, 5.10382629e+02,
    3.66086151e+02, 5.27993530e+02, 3.76009735e+02, 4.35930725e+02,
    3.92126556e+02, 4.34950928e+02, 4.10931091e+02, 4.34737396e+02,
    4.29923981e+02, 4.33845551e+02, 4.49871552e+02, 4.11586548e+02,
    4.60008667e+02, 4.22326721e+02, 4.63714294e+02, 4.33380829e+02,
    4.68650909e+02, 4.44346985e+02, 4.66691315e+02, 4.54509247e+02,
    4.63412781e+02, 3.70183899e+02, 3.90844971e+02, 3.81300812e+02,
    3.81687653e+02, 3.98020172e+02, 3.84941040e+02, 4.08521576e+02,
    3.94211487e+02, 3.93761841e+02, 3.98620575e+02, 3.78788513e+02,
    3.98683350e+02, 4.67736511e+02, 3.96635803e+02, 4.79180115e+02,
    3.85795227e+02, 4.96175812e+02, 3.86285126e+02, 5.06501312e+02,
    3.95040527e+02, 4.96489777e+02, 4.00580170e+02, 4.82345520e+02,
    4.00982086e+02, 3.97618225e+02, 5.01072174e+02, 4.07026703e+02,
    4.88209229e+02, 4.20806671e+02, 4.87694153e+02, 4.30943726e+02,
    4.90897125e+02, 4.44083344e+02, 4.88611145e+02, 4.58629547e+02,
    4.91424957e+02, 4.75172974e+02, 5.02843384e+02, 4.60463562e+02,
    5.24449036e+02, 4.42701599e+02, 5.27865845e+02, 4.31618805e+02,
    5.27523499e+02, 4.20630737e+02, 5.24863647e+02, 4.06197662e+02,
    5.15492798e+02, 4.01600220e+02, 5.00243134e+02, 4.20618286e+02,
    4.93007782e+02, 4.30880920e+02, 4.95852844e+02, 4.44083344e+02,
    4.96110382e+02, 4.68716309e+02, 5.02968964e+02, 4.44020538e+02,
    5.12314697e+02, 4.31433624e+02, 5.13350891e+02, 4.20467529e+02,
    5.10267120e+02 ]
noOfLandmarkPoint: 68
