%YAML:1.0
landmark: [ 1.10703354e+02, 1.26617981e+02, 1.15682419e+02,
    1.60098770e+02, 1.18556259e+02, 1.96185989e+02, 1.27264648e+02,
    2.28694916e+02, 1.55703262e+02, 2.47517365e+02, 1.92786240e+02,
    2.63221741e+02, 2.26360413e+02, 2.71769226e+02, 2.54478806e+02,
    2.76057037e+02, 2.85492065e+02, 2.76482758e+02, 3.18663300e+02,
    2.71892517e+02, 3.30701721e+02, 2.54079376e+02, 3.37988159e+02,
    2.32062012e+02, 3.40116730e+02, 2.10417435e+02, 3.44855469e+02,
    1.86386932e+02, 3.50135986e+02, 1.61513443e+02, 3.49627319e+02,
    1.38246536e+02, 3.45862061e+02, 1.14859383e+02, 1.81002167e+02,
    7.04349976e+01, 2.02080566e+02, 6.23851166e+01, 2.22969208e+02,
    6.13525543e+01, 2.43968628e+02, 6.34116783e+01, 2.64800720e+02,
    7.01005249e+01, 2.93683289e+02, 6.90886154e+01, 3.05133453e+02,
    6.45270309e+01, 3.16966583e+02, 6.28604584e+01, 3.28820923e+02,
    6.42705612e+01, 3.38163147e+02, 6.91644516e+01, 2.83241425e+02,
    8.81922455e+01, 2.88419128e+02, 1.03415062e+02, 2.94441650e+02,
    1.19746658e+02, 3.01005310e+02, 1.35645920e+02, 2.73364685e+02,
    1.56059677e+02, 2.87736084e+02, 1.59966843e+02, 2.96408478e+02,
    1.64969559e+02, 3.01869965e+02, 1.62887299e+02, 3.07553955e+02,
    1.62313248e+02, 2.03497345e+02, 9.50066299e+01, 2.13690994e+02,
    8.92745438e+01, 2.26541122e+02, 8.95517349e+01, 2.34220184e+02,
    9.75013657e+01, 2.24871353e+02, 9.83594131e+01, 2.13974808e+02,
    9.79403152e+01, 3.04500000e+02, 1.00035812e+02, 3.14558350e+02,
    9.37493362e+01, 3.25164490e+02, 9.44390106e+01, 3.31464172e+02,
    1.03504028e+02, 3.23933655e+02, 1.04645889e+02, 3.14139252e+02,
    1.03388596e+02, 2.43124329e+02, 2.08001236e+02, 2.71282043e+02,
    1.94429504e+02, 2.89053101e+02, 1.89520416e+02, 2.97247284e+02,
    1.93642380e+02, 3.06312225e+02, 1.89482773e+02, 3.13509857e+02,
    1.97739090e+02, 3.19019928e+02, 2.11515915e+02, 3.12645813e+02,
    2.20845840e+02, 3.03500061e+02, 2.26718887e+02, 2.92996124e+02,
    2.26164505e+02, 2.83980377e+02, 2.25184402e+02, 2.66681915e+02,
    2.22088959e+02, 2.51775986e+02, 2.06932312e+02, 2.87719177e+02,
    2.00645828e+02, 2.96187164e+02, 2.02025177e+02, 3.03882660e+02,
    2.01950912e+02, 3.12334198e+02, 2.09143234e+02, 3.02777283e+02,
    2.11070343e+02, 2.95213654e+02, 2.10786545e+02, 2.85778809e+02,
    2.10367432e+02 ]
noOfLandmarkPoint: 68
