%YAML:1.0
landmark: [ 2.84295406e+01, 2.00902115e+02, 2.95767899e+01,
    2.23925079e+02, 3.37565346e+01, 2.45857300e+02, 4.04445076e+01,
    2.68040863e+02, 4.90110168e+01, 2.84358673e+02, 5.51281204e+01,
    3.02717560e+02, 6.81837006e+01, 3.22306152e+02, 8.89915314e+01,
    3.29243225e+02, 1.09394379e+02, 3.30060791e+02, 1.28569427e+02,
    3.29448792e+02, 1.45296509e+02, 3.22921478e+02, 1.59576553e+02,
    3.09866364e+02, 1.69573105e+02, 2.88646912e+02, 1.78755875e+02,
    2.69675995e+02, 1.83345917e+02, 2.47020859e+02, 1.85981812e+02,
    2.25890564e+02, 1.87373688e+02, 2.00107437e+02, 4.06262474e+01,
    1.90389908e+02, 5.05531235e+01, 1.84393372e+02, 6.24884911e+01,
    1.83291885e+02, 7.44480896e+01, 1.85306976e+02, 8.57173004e+01,
    1.89671082e+02, 1.25103043e+02, 1.92361893e+02, 1.36934631e+02,
    1.86649307e+02, 1.48970367e+02, 1.85425308e+02, 1.58149826e+02,
    1.79710358e+02, 1.69372742e+02, 1.81954651e+02, 1.06205292e+02,
    2.07695007e+02, 1.06319908e+02, 2.22199280e+02, 1.06436234e+02,
    2.37665054e+02, 1.06412735e+02, 2.53676300e+02, 9.10833206e+01,
    2.58012573e+02, 9.90442657e+01, 2.61955811e+02, 1.07558144e+02,
    2.65363770e+02, 1.17869209e+02, 2.61331451e+02, 1.26013290e+02,
    2.58141968e+02, 5.63318481e+01, 2.11488174e+02, 6.48409424e+01,
    2.05618942e+02, 7.70080338e+01, 2.05753540e+02, 8.62306366e+01,
    2.13049179e+02, 7.71646881e+01, 2.18064728e+02, 6.51270447e+01,
    2.17861526e+02, 1.29791534e+02, 2.10585678e+02, 1.39383087e+02,
    2.03581009e+02, 1.50603622e+02, 2.03172699e+02, 1.58352554e+02,
    2.07863083e+02, 1.51827148e+02, 2.16228271e+02, 1.40403870e+02,
    2.16636581e+02, 7.93709717e+01, 2.87982605e+02, 9.03262405e+01,
    2.80084167e+02, 9.96712570e+01, 2.77899872e+02, 1.07133575e+02,
    2.78954742e+02, 1.16510033e+02, 2.77626251e+02, 1.29802444e+02,
    2.79987305e+02, 1.40823792e+02, 2.86223816e+02, 1.30832382e+02,
    2.97096008e+02, 1.18413284e+02, 3.03369202e+02, 1.08361481e+02,
    3.02955658e+02, 9.94647293e+01, 3.02637848e+02, 9.01769104e+01,
    2.97093964e+02, 8.47936707e+01, 2.88308411e+02, 9.91643982e+01,
    2.87574219e+02, 1.08135902e+02, 2.88644562e+02, 1.16827530e+02,
    2.86877350e+02, 1.36241745e+02, 2.86716125e+02, 1.16827530e+02,
    2.86877350e+02, 1.08135902e+02, 2.88644562e+02, 9.91643982e+01,
    2.87574219e+02 ]
noOfLandmarkPoint: 68
