%YAML:1.0
landmark: [ 1.25920319e+02, 1.76925613e+02, 1.28523499e+02,
    1.94845016e+02, 1.33848358e+02, 2.18225006e+02, 1.40199554e+02,
    2.37623734e+02, 1.50738876e+02, 2.55971710e+02, 1.66639740e+02,
    2.70608887e+02, 1.83926804e+02, 2.83022858e+02, 2.03069824e+02,
    2.92254425e+02, 2.23955582e+02, 2.94578125e+02, 2.44009399e+02,
    2.88085999e+02, 2.55283798e+02, 2.70989502e+02, 2.65714600e+02,
    2.55018219e+02, 2.73761536e+02, 2.37689255e+02, 2.75268402e+02,
    2.19129883e+02, 2.75907990e+02, 2.01257874e+02, 2.75985596e+02,
    1.84826828e+02, 2.73984100e+02, 1.71403687e+02, 1.45643768e+02,
    1.69967346e+02, 1.59791687e+02, 1.63015625e+02, 1.75038864e+02,
    1.59236801e+02, 1.92129517e+02, 1.58693710e+02, 2.09998199e+02,
    1.65076950e+02, 2.27008575e+02, 1.64363998e+02, 2.40249435e+02,
    1.58854492e+02, 2.50994324e+02, 1.54992676e+02, 2.62272095e+02,
    1.53505997e+02, 2.70992157e+02, 1.57657455e+02, 2.16954514e+02,
    1.75524155e+02, 2.19978012e+02, 1.89131958e+02, 2.22334717e+02,
    2.01446167e+02, 2.25050003e+02, 2.14577057e+02, 2.05828751e+02,
    2.23123901e+02, 2.15443253e+02, 2.26559052e+02, 2.25038971e+02,
    2.30278519e+02, 2.32833618e+02, 2.25359421e+02, 2.39617599e+02,
    2.19441650e+02, 1.71781891e+02, 1.81557190e+02, 1.78785614e+02,
    1.75917816e+02, 1.88528183e+02, 1.76011322e+02, 1.95691391e+02,
    1.81340897e+02, 1.87403397e+02, 1.83045532e+02, 1.78890518e+02,
    1.83812241e+02, 2.32389893e+02, 1.78661835e+02, 2.38026230e+02,
    1.71949738e+02, 2.47704254e+02, 1.70309021e+02, 2.56006165e+02,
    1.74461578e+02, 2.49196045e+02, 1.78153229e+02, 2.40878998e+02,
    1.79662750e+02, 1.81967514e+02, 2.39776581e+02, 2.00765518e+02,
    2.36244049e+02, 2.14148956e+02, 2.35792267e+02, 2.22494827e+02,
    2.36530899e+02, 2.31705185e+02, 2.32742630e+02, 2.40626556e+02,
    2.30625427e+02, 2.49380997e+02, 2.35057327e+02, 2.44111160e+02,
    2.51843002e+02, 2.33829254e+02, 2.60573853e+02, 2.22919922e+02,
    2.63369781e+02, 2.14232346e+02, 2.62628479e+02, 1.99893372e+02,
    2.57806152e+02, 1.85837280e+02, 2.40774643e+02, 2.14251572e+02,
    2.41207855e+02, 2.22634995e+02, 2.41393997e+02, 2.32194336e+02,
    2.39198212e+02, 2.46374588e+02, 2.35982452e+02, 2.32731079e+02,
    2.49841446e+02, 2.22736816e+02, 2.52301849e+02, 2.14385803e+02,
    2.52073181e+02 ]
noOfLandmarkPoint: 68
