%YAML:1.0
landmark: [ 1.07632370e+02, 2.51976395e+02, 1.08380165e+02,
    2.79990540e+02, 1.13046959e+02, 3.06482330e+02, 1.23108238e+02,
    3.32226318e+02, 1.38083344e+02, 3.56020844e+02, 1.52330750e+02,
    3.71917084e+02, 1.69989700e+02, 3.74493774e+02, 1.83889603e+02,
    3.80862976e+02, 2.04185516e+02, 3.80308624e+02, 2.24207596e+02,
    3.79086884e+02, 2.42273529e+02, 3.72731049e+02, 2.62616333e+02,
    3.65380402e+02, 2.76309387e+02, 3.42100037e+02, 2.86357269e+02,
    3.17591217e+02, 2.90523315e+02, 2.90151489e+02, 2.90756927e+02,
    2.66904602e+02, 2.89535187e+02, 2.41928513e+02, 1.21001884e+02,
    2.21654831e+02, 1.28610489e+02, 2.04192337e+02, 1.47125168e+02,
    1.97783264e+02, 1.64853867e+02, 1.96963379e+02, 1.79453110e+02,
    2.02659698e+02, 1.97442001e+02, 2.01884354e+02, 2.13117996e+02,
    1.92297028e+02, 2.32472672e+02, 1.92517273e+02, 2.45945496e+02,
    2.00368668e+02, 2.59705536e+02, 2.09188095e+02, 1.89871124e+02,
    2.16258209e+02, 1.91346603e+02, 2.32187943e+02, 1.93556488e+02,
    2.46642197e+02, 1.96013397e+02, 2.63820496e+02, 1.82333740e+02,
    2.85571777e+02, 1.91373398e+02, 2.86806946e+02, 1.99678665e+02,
    2.87294312e+02, 2.08237671e+02, 2.84830688e+02, 2.15568207e+02,
    2.82133453e+02, 1.40850967e+02, 2.31701813e+02, 1.47282959e+02,
    2.23402008e+02, 1.58545898e+02, 2.22660919e+02, 1.67358627e+02,
    2.27794983e+02, 1.59502167e+02, 2.31225464e+02, 1.50010117e+02,
    2.33154205e+02, 2.19287079e+02, 2.26826950e+02, 2.26604218e+02,
    2.19730042e+02, 2.39356049e+02, 2.20484528e+02, 2.46185837e+02,
    2.28542770e+02, 2.37386505e+02, 2.29023438e+02, 2.28086411e+02,
    2.28529373e+02, 1.62738007e+02, 3.30295471e+02, 1.81283249e+02,
    3.20675385e+02, 1.89923294e+02, 3.15514557e+02, 1.99337204e+02,
    3.18258667e+02, 2.09953491e+02, 3.13966125e+02, 2.21697098e+02,
    3.17670868e+02, 2.37126068e+02, 3.24748413e+02, 2.22691925e+02,
    3.24474579e+02, 2.11259476e+02, 3.25610718e+02, 2.00550156e+02,
    3.27179932e+02, 1.91357193e+02, 3.27546783e+02, 1.81717758e+02,
    3.27173248e+02, 1.67899567e+02, 3.28085602e+02, 1.90668259e+02,
    3.21650848e+02, 1.99741409e+02, 3.21504242e+02, 2.10211090e+02,
    3.19167145e+02, 2.31250916e+02, 3.22531830e+02, 2.10211090e+02,
    3.19167145e+02, 1.99741409e+02, 3.21504242e+02, 1.90668259e+02,
    3.21650848e+02 ]
noOfLandmarkPoint: 68
