%YAML:1.0
landmark: [ 1.40927979e+02, 1.62799179e+02, 1.41690353e+02,
    1.83452728e+02, 1.41966141e+02, 2.04349564e+02, 1.43576096e+02,
    2.24707123e+02, 1.52079926e+02, 2.38985870e+02, 1.62068115e+02,
    2.50531296e+02, 1.73751434e+02, 2.60880463e+02, 1.90041519e+02,
    2.72097412e+02, 2.06197937e+02, 2.75676514e+02, 2.23207748e+02,
    2.74407013e+02, 2.37226349e+02, 2.63312347e+02, 2.50226456e+02,
    2.50692673e+02, 2.58513580e+02, 2.39968521e+02, 2.64483856e+02,
    2.23614944e+02, 2.68231293e+02, 2.05150406e+02, 2.71583191e+02,
    1.89509552e+02, 2.73069122e+02, 1.70690750e+02, 1.57512268e+02,
    1.46798645e+02, 1.71209991e+02, 1.42484818e+02, 1.84151474e+02,
    1.42269409e+02, 1.97157944e+02, 1.46352188e+02, 2.09067703e+02,
    1.51922653e+02, 2.29531982e+02, 1.55553177e+02, 2.41709579e+02,
    1.51614410e+02, 2.53713715e+02, 1.50029282e+02, 2.65516510e+02,
    1.51591431e+02, 2.71212646e+02, 1.58476120e+02, 2.21660812e+02,
    1.63752151e+02, 2.21746002e+02, 1.77828003e+02, 2.21693314e+02,
    1.91121292e+02, 2.21883896e+02, 2.04657852e+02, 2.01335754e+02,
    2.06851883e+02, 2.10095184e+02, 2.10590866e+02, 2.17796234e+02,
    2.16341187e+02, 2.24702408e+02, 2.12687393e+02, 2.31004318e+02,
    2.09658096e+02, 1.75320984e+02, 1.62247604e+02, 1.83942505e+02,
    1.58180130e+02, 1.92872330e+02, 1.58751923e+02, 1.98549744e+02,
    1.65795990e+02, 1.91315079e+02, 1.66262375e+02, 1.83423431e+02,
    1.65605392e+02, 2.33376633e+02, 1.71335510e+02, 2.41199463e+02,
    1.65113586e+02, 2.50122391e+02, 1.64833160e+02, 2.57165680e+02,
    1.70197632e+02, 2.51488800e+02, 1.73646286e+02, 2.42136063e+02,
    1.72840073e+02, 1.78402985e+02, 2.18831207e+02, 1.98570892e+02,
    2.20300293e+02, 2.10058487e+02, 2.21609421e+02, 2.16063095e+02,
    2.23589661e+02, 2.23599976e+02, 2.21938232e+02, 2.31504822e+02,
    2.21981094e+02, 2.39382538e+02, 2.27156738e+02, 2.29182663e+02,
    2.36471146e+02, 2.20624359e+02, 2.39912018e+02, 2.13252762e+02,
    2.40993988e+02, 2.06570587e+02, 2.39433411e+02, 1.95997223e+02,
    2.35121964e+02, 1.83094940e+02, 2.21012939e+02, 2.09087601e+02,
    2.26962250e+02, 2.15472198e+02, 2.28612900e+02, 2.21925613e+02,
    2.32043198e+02, 2.34118805e+02, 2.28438202e+02, 2.22472488e+02,
    2.28116592e+02, 2.14825317e+02, 2.31792572e+02, 2.08324036e+02,
    2.31242813e+02 ]
noOfLandmarkPoint: 68
