%YAML:1.0
landmark: [ 1.88823090e+02, 1.14344208e+02, 1.87328384e+02,
    1.24215508e+02, 1.84872131e+02, 1.36461411e+02, 1.85166443e+02,
    1.48494659e+02, 1.87593445e+02, 1.62474136e+02, 1.92048325e+02,
    1.73385590e+02, 1.97118042e+02, 1.85124527e+02, 2.01972046e+02,
    2.00552399e+02, 2.12804886e+02, 2.08559128e+02, 2.28282120e+02,
    2.09922836e+02, 2.43493835e+02, 2.05397507e+02, 2.58654907e+02,
    1.96997086e+02, 2.74079590e+02, 1.83119476e+02, 2.82193054e+02,
    1.66860138e+02, 2.86407532e+02, 1.51279068e+02, 2.89629486e+02,
    1.37877258e+02, 2.92163177e+02, 1.24105423e+02, 1.93385834e+02,
    1.09513359e+02, 1.98637894e+02, 1.05547432e+02, 2.06259079e+02,
    1.09122581e+02, 2.15672684e+02, 1.14455971e+02, 2.23560623e+02,
    1.19941063e+02, 2.38901474e+02, 1.23097588e+02, 2.48800171e+02,
    1.20513206e+02, 2.59918518e+02, 1.20038544e+02, 2.70896912e+02,
    1.21494202e+02, 2.79037720e+02, 1.27417595e+02, 2.30303848e+02,
    1.27912094e+02, 2.27923340e+02, 1.38056091e+02, 2.25330505e+02,
    1.47628937e+02, 2.22822662e+02, 1.58546646e+02, 2.12569077e+02,
    1.55886566e+02, 2.15744949e+02, 1.60717407e+02, 2.21096817e+02,
    1.65983673e+02, 2.30898880e+02, 1.65177704e+02, 2.38199768e+02,
    1.64197449e+02, 2.01473251e+02, 1.20300423e+02, 2.05728226e+02,
    1.18179733e+02, 2.11014984e+02, 1.19290688e+02, 2.16294052e+02,
    1.23897667e+02, 2.11447983e+02, 1.25030716e+02, 2.05933899e+02,
    1.24016724e+02, 2.46107758e+02, 1.32461105e+02, 2.52464798e+02,
    1.29938782e+02, 2.59003174e+02, 1.31020081e+02, 2.64313599e+02,
    1.34505280e+02, 2.58629486e+02, 1.36029099e+02, 2.52108124e+02,
    1.35517456e+02, 2.01710022e+02, 1.61302994e+02, 2.10686554e+02,
    1.68777191e+02, 2.17001358e+02, 1.71588577e+02, 2.21918930e+02,
    1.73927750e+02, 2.28407547e+02, 1.74335037e+02, 2.39407654e+02,
    1.74169373e+02, 2.49924667e+02, 1.72403946e+02, 2.38826630e+02,
    1.84153137e+02, 2.26957428e+02, 1.87172607e+02, 2.19959625e+02,
    1.85955826e+02, 2.14695786e+02, 1.84437820e+02, 2.09078461e+02,
    1.74933472e+02, 2.05392883e+02, 1.65067490e+02, 2.16747238e+02,
    1.73608505e+02, 2.21704742e+02, 1.75591919e+02, 2.28168213e+02,
    1.76028549e+02, 2.47016891e+02, 1.73604340e+02, 2.27722748e+02,
    1.79917984e+02, 2.21252518e+02, 1.79089935e+02, 2.16225723e+02,
    1.77473648e+02 ]
noOfLandmarkPoint: 68
