%YAML:1.0
landmark: [ 2.83047607e+02, 7.01665222e+02, 2.93011475e+02,
    8.06526550e+02, 2.97006622e+02, 9.22386597e+02, 3.08919952e+02,
    1.02120703e+03, 3.32770630e+02, 1.11309607e+03, 3.92674164e+02,
    1.18293933e+03, 4.71687195e+02, 1.24794519e+03, 5.58486511e+02,
    1.29616895e+03, 6.74919983e+02, 1.31831946e+03, 7.97510620e+02,
    1.31894385e+03, 9.01457397e+02, 1.28190417e+03, 9.82371704e+02,
    1.22594763e+03, 1.04107190e+03, 1.15716333e+03, 1.08509094e+03,
    1.06638147e+03, 1.10090320e+03, 9.59618835e+02, 1.12087903e+03,
    8.41544495e+02, 1.13986816e+03, 7.31580872e+02, 4.17680115e+02,
    5.23013550e+02, 4.79797913e+02, 5.06888428e+02, 5.42926575e+02,
    5.05997955e+02, 6.04033508e+02, 5.20125488e+02, 6.54635864e+02,
    5.53555603e+02, 8.08148315e+02, 5.40895569e+02, 8.78473083e+02,
    5.28910034e+02, 9.44634216e+02, 5.28934082e+02, 1.00785913e+03,
    5.38007507e+02, 1.06083130e+03, 5.73290283e+02, 7.07877747e+02,
    6.16059265e+02, 6.95955322e+02, 7.02893433e+02, 6.87022461e+02,
    7.88357605e+02, 6.74330872e+02, 8.65554688e+02, 6.05257812e+02,
    8.90856873e+02, 6.40138611e+02, 9.03003723e+02, 6.73438171e+02,
    9.10603333e+02, 7.09117554e+02, 9.08778809e+02, 7.43770508e+02,
    9.05310364e+02, 4.38835358e+02, 6.40726807e+02, 4.78787079e+02,
    6.16755737e+02, 5.34719543e+02, 6.10762939e+02, 5.88654419e+02,
    6.44721924e+02, 5.34719543e+02, 6.56707458e+02, 4.82782257e+02,
    6.56707458e+02, 8.32384155e+02, 6.63759216e+02, 8.78352722e+02,
    6.38753235e+02, 9.26174438e+02, 6.42748413e+02, 9.65259827e+02,
    6.81665283e+02, 9.26246704e+02, 6.84673706e+02, 8.80398438e+02,
    6.80702576e+02, 5.33925354e+02, 1.01827081e+03, 5.85742249e+02,
    1.01237433e+03, 6.36692810e+02, 1.01136353e+03, 6.76668640e+02,
    1.02546704e+03, 7.31614319e+02, 1.02238635e+03, 7.72576904e+02,
    1.03138757e+03, 8.29447937e+02, 1.04520215e+03, 7.75633423e+02,
    1.06715149e+03, 7.30288391e+02, 1.06656494e+03, 6.76315186e+02,
    1.06429797e+03, 6.38874268e+02, 1.05833557e+03, 5.88213989e+02,
    1.05110120e+03, 5.52914490e+02, 1.02229004e+03, 6.38016602e+02,
    1.03533459e+03, 6.77775757e+02, 1.04435986e+03, 7.30627563e+02,
    1.04034058e+03, 8.10410706e+02, 1.04724780e+03, 7.30627563e+02,
    1.04034058e+03, 6.77775757e+02, 1.04435986e+03, 6.38016602e+02,
    1.03533459e+03 ]
noOfLandmarkPoint: 68
