%YAML:1.0
landmark: [ 9.32166901e+01, 1.63774796e+02, 9.49543991e+01,
    1.83640076e+02, 1.03090141e+02, 2.02891220e+02, 1.06495850e+02,
    2.22574265e+02, 1.11167030e+02, 2.40409882e+02, 1.23169052e+02,
    2.55751877e+02, 1.38772171e+02, 2.67169434e+02, 1.56741959e+02,
    2.77753662e+02, 1.76868027e+02, 2.75259888e+02, 1.96183197e+02,
    2.72415894e+02, 2.14361786e+02, 2.57988342e+02, 2.29254272e+02,
    2.41735916e+02, 2.36907104e+02, 2.23746628e+02, 2.35789429e+02,
    2.08422470e+02, 2.34926239e+02, 1.88691162e+02, 2.35886551e+02,
    1.70355789e+02, 2.35930252e+02, 1.50716507e+02, 1.02178093e+02,
    1.57707932e+02, 1.10810356e+02, 1.49235611e+02, 1.23004166e+02,
    1.47942169e+02, 1.34074066e+02, 1.47499329e+02, 1.44963791e+02,
    1.48579987e+02, 1.71983643e+02, 1.44842484e+02, 1.85180756e+02,
    1.39512375e+02, 1.97094452e+02, 1.37065216e+02, 2.08430023e+02,
    1.37293533e+02, 2.17876434e+02, 1.40767197e+02, 1.60795593e+02,
    1.60638718e+02, 1.62794861e+02, 1.73870224e+02, 1.65001007e+02,
    1.87324066e+02, 1.67408508e+02, 2.01629929e+02, 1.53831787e+02,
    2.11834763e+02, 1.61381302e+02, 2.13217484e+02, 1.69443237e+02,
    2.14308533e+02, 1.76169464e+02, 2.10175018e+02, 1.82229553e+02,
    2.07282974e+02, 1.16862953e+02, 1.68059738e+02, 1.23392258e+02,
    1.62214233e+02, 1.34429306e+02, 1.62333725e+02, 1.41985992e+02,
    1.66575043e+02, 1.34463898e+02, 1.69854401e+02, 1.24967430e+02,
    1.70141678e+02, 1.80684418e+02, 1.62327225e+02, 1.85876541e+02,
    1.55611938e+02, 1.96758682e+02, 1.53625473e+02, 2.05761627e+02,
    1.56940399e+02, 1.99348175e+02, 1.61270370e+02, 1.91010193e+02,
    1.62967178e+02, 1.41174438e+02, 2.32088562e+02, 1.51266953e+02,
    2.28820709e+02, 1.60473175e+02, 2.26506592e+02, 1.70539764e+02,
    2.28082443e+02, 1.79346756e+02, 2.23974777e+02, 1.89565567e+02,
    2.23699478e+02, 2.02050659e+02, 2.21459900e+02, 1.91958862e+02,
    2.33538712e+02, 1.82716599e+02, 2.39018677e+02, 1.73342575e+02,
    2.42227753e+02, 1.63440704e+02, 2.42338150e+02, 1.53267212e+02,
    2.41598373e+02, 1.45066284e+02, 2.34475967e+02, 1.61494431e+02,
    2.33847778e+02, 1.71572220e+02, 2.34661362e+02, 1.80823349e+02,
    2.30905731e+02, 1.98369019e+02, 2.24398926e+02, 1.80823349e+02,
    2.30905731e+02, 1.71572220e+02, 2.34661362e+02, 1.61494431e+02,
    2.33847778e+02 ]
noOfLandmarkPoint: 68
