%YAML:1.0
landmark: [ 9.87297592e+01, 1.39525177e+02, 9.84064789e+01,
    1.54342102e+02, 1.03354881e+02, 1.70868454e+02, 1.14401398e+02,
    1.86776520e+02, 1.22825188e+02, 2.03977707e+02, 1.32047165e+02,
    2.18944199e+02, 1.38321060e+02, 2.32964996e+02, 1.45156723e+02,
    2.39388458e+02, 1.61299149e+02, 2.39948166e+02, 1.75851379e+02,
    2.34292557e+02, 1.96618927e+02, 2.23009613e+02, 2.14264694e+02,
    2.11403381e+02, 2.29548767e+02, 1.98457748e+02, 2.42743179e+02,
    1.75955582e+02, 2.41816498e+02, 1.49571014e+02, 2.39124756e+02,
    1.26317039e+02, 2.39416519e+02, 1.12078285e+02, 8.38845673e+01,
    1.06710938e+02, 9.05706558e+01, 1.01879723e+02, 9.84064789e+01,
    1.01083603e+02, 1.06537315e+02, 1.03764923e+02, 1.14165779e+02,
    1.08554741e+02, 1.33550491e+02, 1.06886711e+02, 1.46983322e+02,
    9.68120880e+01, 1.64952362e+02, 9.08028793e+01, 1.82626389e+02,
    9.28941727e+01, 1.98922791e+02, 9.95416260e+01, 1.27401718e+02,
    1.28026535e+02, 1.26595757e+02, 1.40731812e+02, 1.24599419e+02,
    1.54541138e+02, 1.22491432e+02, 1.68884323e+02, 1.21853294e+02,
    1.75582489e+02, 1.26448090e+02, 1.78851791e+02, 1.32693726e+02,
    1.80736984e+02, 1.38733261e+02, 1.77409103e+02, 1.44037308e+02,
    1.74287308e+02, 1.00261360e+02, 1.29216187e+02, 1.02022873e+02,
    1.23900139e+02, 1.13780731e+02, 1.21612099e+02, 1.23037094e+02,
    1.28789078e+02, 1.13384460e+02, 1.32215378e+02, 1.04453400e+02,
    1.32875168e+02, 1.54996994e+02, 1.25178947e+02, 1.61388062e+02,
    1.15518654e+02, 1.73373047e+02, 1.13758263e+02, 1.82263260e+02,
    1.18894493e+02, 1.74614838e+02, 1.24907089e+02, 1.63739182e+02,
    1.26272820e+02, 1.28981903e+02, 2.04893066e+02, 1.23481239e+02,
    2.01032501e+02, 1.29458069e+02, 1.93085724e+02, 1.34153915e+02,
    1.95089233e+02, 1.38744507e+02, 1.92680542e+02, 1.56208603e+02,
    1.98309769e+02, 1.71016861e+02, 1.99902008e+02, 1.61255966e+02,
    2.08523392e+02, 1.47930908e+02, 2.14308701e+02, 1.43030457e+02,
    2.15446838e+02, 1.37024338e+02, 2.15000275e+02, 1.31916550e+02,
    2.11537186e+02, 1.30537201e+02, 2.03625534e+02, 1.33049377e+02,
    2.03450378e+02, 1.36763245e+02, 2.03567566e+02, 1.42127960e+02,
    2.03244278e+02, 1.67301727e+02, 2.01104340e+02, 1.42127960e+02,
    2.03244278e+02, 1.36763245e+02, 2.03567566e+02, 1.33049377e+02,
    2.03450378e+02 ]
noOfLandmarkPoint: 68
