%YAML:1.0
landmark: [ 7.87549973e+01, 1.51549896e+02, 8.21957245e+01,
    1.67237762e+02, 9.01464691e+01, 1.83004745e+02, 9.33461304e+01,
    1.99547653e+02, 9.76337357e+01, 2.16705368e+02, 1.09813812e+02,
    2.29743439e+02, 1.22067879e+02, 2.40246887e+02, 1.35806732e+02,
    2.48880447e+02, 1.56312714e+02, 2.47864044e+02, 1.73050797e+02,
    2.44057037e+02, 1.86909302e+02, 2.33394928e+02, 2.00995087e+02,
    2.18912231e+02, 2.09782578e+02, 2.04797531e+02, 2.10457245e+02,
    1.85006424e+02, 2.10003281e+02, 1.67357346e+02, 2.11316666e+02,
    1.51017212e+02, 2.11208527e+02, 1.35886978e+02, 8.92157288e+01,
    1.40029907e+02, 9.59306030e+01, 1.33305420e+02, 1.07232460e+02,
    1.30540680e+02, 1.17145523e+02, 1.30597580e+02, 1.27951302e+02,
    1.32523056e+02, 1.52889053e+02, 1.29182343e+02, 1.63312363e+02,
    1.23308372e+02, 1.73656540e+02, 1.20772141e+02, 1.84023834e+02,
    1.21773132e+02, 1.93321060e+02, 1.23372429e+02, 1.41217575e+02,
    1.43152512e+02, 1.43484695e+02, 1.56125412e+02, 1.45767365e+02,
    1.69601074e+02, 1.48087646e+02, 1.82086517e+02, 1.35033783e+02,
    1.88875351e+02, 1.41737488e+02, 1.89811813e+02, 1.48444641e+02,
    1.92699539e+02, 1.55454330e+02, 1.88930450e+02, 1.62338943e+02,
    1.85617264e+02, 1.01945274e+02, 1.49346161e+02, 1.08908676e+02,
    1.44401093e+02, 1.18098389e+02, 1.44325821e+02, 1.24507149e+02,
    1.48371368e+02, 1.16603249e+02, 1.51061600e+02, 1.08510490e+02,
    1.52574493e+02, 1.59893539e+02, 1.44005493e+02, 1.65284210e+02,
    1.37324356e+02, 1.73938263e+02, 1.36562866e+02, 1.81446701e+02,
    1.39155899e+02, 1.76617279e+02, 1.43537109e+02, 1.68187531e+02,
    1.44372467e+02, 1.21744423e+02, 2.07019150e+02, 1.33222656e+02,
    2.04737228e+02, 1.42169983e+02, 2.02454453e+02, 1.51837219e+02,
    2.04351593e+02, 1.60047531e+02, 2.00402039e+02, 1.69338974e+02,
    1.99447830e+02, 1.79979538e+02, 1.96901260e+02, 1.72143860e+02,
    2.07046127e+02, 1.64021927e+02, 2.11625214e+02, 1.55177246e+02,
    2.16150360e+02, 1.45078842e+02, 2.16811996e+02, 1.35234558e+02,
    2.15785614e+02, 1.26400810e+02, 2.09804184e+02, 1.43410248e+02,
    2.09331360e+02, 1.53002106e+02, 2.09467957e+02, 1.61816635e+02,
    2.05955246e+02, 1.75637161e+02, 2.00163956e+02, 1.61816635e+02,
    2.05955246e+02, 1.53002106e+02, 2.09467957e+02, 1.43410248e+02,
    2.09331360e+02 ]
noOfLandmarkPoint: 68
