%YAML:1.0
landmark: [ 1.31318939e+02, 1.67360260e+02, 1.31064880e+02,
    1.96524307e+02, 1.33583344e+02, 2.23919525e+02, 1.37288620e+02,
    2.50846588e+02, 1.46372086e+02, 2.77011627e+02, 1.60790695e+02,
    2.96081390e+02, 1.81255814e+02, 3.12360474e+02, 2.04544418e+02,
    3.29006775e+02, 2.30770935e+02, 3.31193207e+02, 2.58806702e+02,
    3.30805481e+02, 2.81847229e+02, 3.17789246e+02, 3.03153809e+02,
    3.02611481e+02, 3.22035034e+02, 2.82303070e+02, 3.32744781e+02,
    2.57500916e+02, 3.36314697e+02, 2.26640137e+02, 3.37179596e+02,
    1.95754623e+02, 3.37235565e+02, 1.67872803e+02, 1.48892822e+02,
    1.48600662e+02, 1.61483490e+02, 1.37907806e+02, 1.77327347e+02,
    1.33620987e+02, 1.95411591e+02, 1.38539490e+02, 2.14266251e+02,
    1.44432846e+02, 2.49533951e+02, 1.42541458e+02, 2.65300049e+02,
    1.37125229e+02, 2.82704315e+02, 1.34838623e+02, 2.99310211e+02,
    1.36103622e+02, 3.12109619e+02, 1.45137589e+02, 2.31573151e+02,
    1.63291183e+02, 2.30769287e+02, 1.78507828e+02, 2.30465027e+02,
    1.93121323e+02, 2.29995789e+02, 2.07407593e+02, 2.04306259e+02,
    2.16123672e+02, 2.15209305e+02, 2.21662796e+02, 2.30656158e+02,
    2.24678909e+02, 2.44046509e+02, 2.20732559e+02, 2.54635452e+02,
    2.17368011e+02, 1.71759979e+02, 1.69927261e+02, 1.83086075e+02,
    1.64042740e+02, 1.95264404e+02, 1.63085037e+02, 2.03116272e+02,
    1.69569763e+02, 1.91899124e+02, 1.72209457e+02, 1.81841736e+02,
    1.72414825e+02, 2.62035034e+02, 1.68802628e+02, 2.73977051e+02,
    1.62387650e+02, 2.86070068e+02, 1.62496368e+02, 2.97534882e+02,
    1.66779068e+02, 2.88613098e+02, 1.70089249e+02, 2.75535492e+02,
    1.71019485e+02, 1.85906982e+02, 2.55670639e+02, 1.99209488e+02,
    2.44965179e+02, 2.16794128e+02, 2.39903992e+02, 2.29008499e+02,
    2.42651260e+02, 2.41994843e+02, 2.40674881e+02, 2.58448975e+02,
    2.45177841e+02, 2.77546967e+02, 2.58721069e+02, 2.59848389e+02,
    2.73683319e+02, 2.42626999e+02, 2.78690887e+02, 2.29724548e+02,
    2.79675476e+02, 2.16737549e+02, 2.77446533e+02, 1.98706253e+02,
    2.68085663e+02, 1.90612503e+02, 2.55930389e+02, 2.15903961e+02,
    2.56244476e+02, 2.28752045e+02, 2.58008301e+02, 2.41956512e+02,
    2.58582153e+02, 2.72225311e+02, 2.59445923e+02, 2.41956512e+02,
    2.58582153e+02, 2.28752045e+02, 2.58008301e+02, 2.15903961e+02,
    2.56244476e+02 ]
noOfLandmarkPoint: 68
