%YAML:1.0
landmark: [ 3.73314819e+02, 1.33797302e+02, 3.74627991e+02,
    1.54488968e+02, 3.76847107e+02, 1.76400162e+02, 3.78128693e+02,
    1.96560455e+02, 3.83066681e+02, 2.13907120e+02, 3.92287170e+02,
    2.30753998e+02, 4.03352203e+02, 2.51102692e+02, 4.19199524e+02,
    2.70640228e+02, 4.41798889e+02, 2.74359772e+02, 4.64960114e+02,
    2.72359528e+02, 4.81526062e+02, 2.60918823e+02, 4.97842712e+02,
    2.48510162e+02, 5.08563660e+02, 2.32788055e+02, 5.20316833e+02,
    2.13814606e+02, 5.27974854e+02, 1.89402267e+02, 5.30068726e+02,
    1.63333771e+02, 5.32318298e+02, 1.36858032e+02, 3.84098938e+02,
    1.25140884e+02, 3.91845490e+02, 1.14880417e+02, 4.06182983e+02,
    1.17874512e+02, 4.19472717e+02, 1.22917412e+02, 4.28824890e+02,
    1.31061523e+02, 4.60051483e+02, 1.30235672e+02, 4.74211060e+02,
    1.27704071e+02, 4.85497192e+02, 1.24278397e+02, 4.98090912e+02,
    1.23764534e+02, 5.06625458e+02, 1.31172058e+02, 4.44412201e+02,
    1.46821136e+02, 4.42765015e+02, 1.62628937e+02, 4.40479401e+02,
    1.78819901e+02, 4.38146057e+02, 1.95790710e+02, 4.23343658e+02,
    1.99048157e+02, 4.30134247e+02, 2.03150421e+02, 4.37999756e+02,
    2.06398026e+02, 4.47399109e+02, 2.05683640e+02, 4.56591400e+02,
    2.03915329e+02, 3.94288513e+02, 1.41894119e+02, 4.02571503e+02,
    1.34923203e+02, 4.13327728e+02, 1.38561752e+02, 4.21870911e+02,
    1.48233002e+02, 4.13739807e+02, 1.49037231e+02, 4.01096680e+02,
    1.47192108e+02, 4.68499329e+02, 1.52209625e+02, 4.75822266e+02,
    1.45017227e+02, 4.87292694e+02, 1.44682861e+02, 4.98155212e+02,
    1.51958481e+02, 4.90747681e+02, 1.56459854e+02, 4.78963989e+02,
    1.57210083e+02, 4.11948792e+02, 2.21879837e+02, 4.24434448e+02,
    2.23094009e+02, 4.31175812e+02, 2.24519791e+02, 4.36417572e+02,
    2.26763916e+02, 4.45605927e+02, 2.26122513e+02, 4.54456909e+02,
    2.27475525e+02, 4.65585114e+02, 2.29131668e+02, 4.55210449e+02,
    2.39229797e+02, 4.43704498e+02, 2.42968994e+02, 4.33794006e+02,
    2.43665817e+02, 4.28066284e+02, 2.41383972e+02, 4.19888306e+02,
    2.36572876e+02, 4.15402405e+02, 2.23460266e+02, 4.30151428e+02,
    2.29826370e+02, 4.35401001e+02, 2.31732422e+02, 4.44420959e+02,
    2.32638306e+02, 4.60645996e+02, 2.30225998e+02, 4.44420959e+02,
    2.32638306e+02, 4.35401001e+02, 2.31732422e+02, 4.30151428e+02,
    2.29826370e+02 ]
noOfLandmarkPoint: 68
