%YAML:1.0
landmark: [ 5.45923218e+02, 7.08847107e+02, 5.59011536e+02,
    8.01994568e+02, 5.80265991e+02, 8.92426025e+02, 6.15901489e+02,
    9.72497375e+02, 6.71884094e+02, 1.03558398e+03, 7.55305542e+02,
    1.06913159e+03, 8.40547852e+02, 1.09517163e+03, 9.29407349e+02,
    1.10773792e+03, 1.01063483e+03, 1.10670007e+03, 1.07903503e+03,
    1.08105151e+03, 1.10637390e+03, 1.01149524e+03, 1.10987280e+03,
    9.28974976e+02, 1.12710022e+03, 8.52284241e+02, 1.13591284e+03,
    7.75984985e+02, 1.13838000e+03, 7.03035889e+02, 1.11584497e+03,
    6.44337341e+02, 1.09046777e+03, 5.92886292e+02, 6.39853638e+02,
    6.06613953e+02, 6.88820129e+02, 5.57262085e+02, 7.46605286e+02,
    5.26815796e+02, 8.12203003e+02, 5.21330139e+02, 8.79004028e+02,
    5.33406250e+02, 9.62729248e+02, 5.19130005e+02, 9.97449402e+02,
    4.94360840e+02, 1.02928809e+03, 4.75577301e+02, 1.05267725e+03,
    4.71660645e+02, 1.06711829e+03, 4.82404633e+02, 9.34429688e+02,
    5.99122620e+02, 9.67236816e+02, 6.45101990e+02, 9.97813599e+02,
    6.84230347e+02, 1.02929163e+03, 7.26720947e+02, 9.39779663e+02,
    7.88651367e+02, 9.78777527e+02, 7.94735779e+02, 1.02398413e+03,
    7.99521301e+02, 1.03952734e+03, 7.78018066e+02, 1.05092542e+03,
    7.61051514e+02, 7.22804199e+02, 6.53969849e+02, 7.60568970e+02,
    6.19279785e+02, 8.05297729e+02, 6.00274658e+02, 8.36959900e+02,
    6.37029602e+02, 8.05558716e+02, 6.50148560e+02, 7.64615723e+02,
    6.57276855e+02, 9.69995972e+02, 6.07196472e+02, 9.93021973e+02,
    5.64253784e+02, 1.03318201e+03, 5.50133728e+02, 1.04795459e+03,
    5.74104187e+02, 1.03836511e+03, 5.93146362e+02, 1.00571881e+03,
    5.98329468e+02, 8.28226562e+02, 8.94750549e+02, 9.16430298e+02,
    8.56163818e+02, 9.82129272e+02, 8.40223572e+02, 1.01752246e+03,
    8.37871948e+02, 1.04047546e+03, 8.19088257e+02, 1.06480261e+03,
    8.08515930e+02, 1.08136816e+03, 8.27250427e+02, 1.07697156e+03,
    8.88150269e+02, 1.06595520e+03, 9.33099670e+02, 1.03899329e+03,
    9.50975830e+02, 9.95656921e+02, 9.60821960e+02, 9.30891663e+02,
    9.54578613e+02, 8.38591675e+02, 8.94754089e+02, 9.83022217e+02,
    8.59889648e+02, 1.01938324e+03, 8.48996277e+02, 1.04392480e+03,
    8.38811951e+02, 1.06751501e+03, 8.31015076e+02, 1.05306445e+03,
    8.89174805e+02, 1.02791565e+03, 9.06396545e+02, 9.89863281e+02,
    9.16792297e+02 ]
noOfLandmarkPoint: 68
