%YAML:1.0
landmark: [ 3.75100708e+01, 1.38379562e+02, 3.89979362e+01,
    1.54809845e+02, 4.04110336e+01, 1.69209854e+02, 4.18501282e+01,
    1.84356323e+02, 4.48363991e+01, 1.96755585e+02, 5.26862831e+01,
    2.07183929e+02, 6.56317673e+01, 2.16144135e+02, 8.11610489e+01,
    2.25882202e+02, 9.76140976e+01, 2.27120834e+02, 1.11616165e+02,
    2.25148804e+02, 1.22232948e+02, 2.16811249e+02, 1.31827332e+02,
    2.06382385e+02, 1.38020950e+02, 1.94244598e+02, 1.39677216e+02,
    1.81002625e+02, 1.41218979e+02, 1.66770996e+02, 1.42760727e+02,
    1.55258911e+02, 1.43218140e+02, 1.43029922e+02, 5.27096863e+01,
    1.30418427e+02, 6.18417892e+01, 1.24512398e+02, 7.17877350e+01,
    1.22945244e+02, 8.15807037e+01, 1.24558510e+02, 9.09542313e+01,
    1.28918503e+02, 1.08367004e+02, 1.27483818e+02, 1.18406517e+02,
    1.24608330e+02, 1.26995537e+02, 1.24577293e+02, 1.35067215e+02,
    1.26668915e+02, 1.41018082e+02, 1.32428314e+02, 1.01511253e+02,
    1.39187195e+02, 1.02993942e+02, 1.48924194e+02, 1.04145149e+02,
    1.58436493e+02, 1.05087791e+02, 1.68547913e+02, 9.19603271e+01,
    1.72944168e+02, 9.77163620e+01, 1.74418457e+02, 1.02294601e+02,
    1.77414062e+02, 1.08379875e+02, 1.74741531e+02, 1.12802727e+02,
    1.72762192e+02, 6.35332222e+01, 1.38801270e+02, 6.99608231e+01,
    1.35143570e+02, 7.71945877e+01, 1.35535355e+02, 8.46710587e+01,
    1.41086136e+02, 7.71781158e+01, 1.43644531e+02, 6.99507599e+01,
    1.43378479e+02, 1.12999557e+02, 1.41881577e+02, 1.17629890e+02,
    1.36961456e+02, 1.24910454e+02, 1.36162720e+02, 1.30164520e+02,
    1.40468384e+02, 1.25449615e+02, 1.43028854e+02, 1.19182091e+02,
    1.43488815e+02, 7.67798920e+01, 1.88879105e+02, 8.46685486e+01,
    1.87102722e+02, 9.42105560e+01, 1.86068069e+02, 1.01409630e+02,
    1.88467773e+02, 1.07952019e+02, 1.86046890e+02, 1.14005058e+02,
    1.86391052e+02, 1.19746284e+02, 1.88200226e+02, 1.13740074e+02,
    1.94548767e+02, 1.08276077e+02, 1.97612396e+02, 1.00840866e+02,
    1.98840149e+02, 9.43511887e+01, 1.98828079e+02, 8.42662888e+01,
    1.96354675e+02, 8.07413940e+01, 1.90869858e+02, 9.40147018e+01,
    1.92176025e+02, 1.00831223e+02, 1.92569916e+02, 1.07943703e+02,
    1.91408691e+02, 1.16141846e+02, 1.90656036e+02, 1.07943703e+02,
    1.91408691e+02, 1.00831223e+02, 1.92569916e+02, 9.40147018e+01,
    1.92176025e+02 ]
noOfLandmarkPoint: 68
