%YAML:1.0
landmark: [ 1.01251839e+02, 2.32004883e+02, 1.06594307e+02,
    2.58555725e+02, 1.14312790e+02, 2.87564514e+02, 1.20967743e+02,
    3.13112915e+02, 1.32322586e+02, 3.37951599e+02, 1.48021484e+02,
    3.61990692e+02, 1.67235611e+02, 3.83897278e+02, 1.86598892e+02,
    3.96530945e+02, 2.14466797e+02, 3.97971527e+02, 2.38432510e+02,
    3.91728912e+02, 2.58306458e+02, 3.76085449e+02, 2.74940308e+02,
    3.56160339e+02, 2.86586914e+02, 3.33192505e+02, 2.94165955e+02,
    3.05831604e+02, 2.95421722e+02, 2.77162964e+02, 2.96349243e+02,
    2.48626068e+02, 2.96188568e+02, 2.20206375e+02, 1.12627304e+02,
    2.31086441e+02, 1.20052132e+02, 2.11851807e+02, 1.38071091e+02,
    2.03680756e+02, 1.57972794e+02, 2.04243546e+02, 1.78331512e+02,
    2.09364288e+02, 2.07640305e+02, 2.10295670e+02, 2.27241440e+02,
    2.02933014e+02, 2.46500534e+02, 1.95520447e+02, 2.70552277e+02,
    1.98653152e+02, 2.81960968e+02, 2.13859375e+02, 1.95602005e+02,
    2.27259064e+02, 1.97657455e+02, 2.46011414e+02, 1.98885178e+02,
    2.64690979e+02, 2.00483139e+02, 2.85127930e+02, 1.83617462e+02,
    2.90918976e+02, 1.91516174e+02, 2.94745697e+02, 2.01647141e+02,
    2.97974304e+02, 2.09675461e+02, 2.92867981e+02, 2.18416702e+02,
    2.87788055e+02, 1.34820374e+02, 2.33625702e+02, 1.46733475e+02,
    2.28215149e+02, 1.62254227e+02, 2.26421204e+02, 1.69783356e+02,
    2.35331009e+02, 1.58567215e+02, 2.38980927e+02, 1.44816681e+02,
    2.39800873e+02, 2.24001587e+02, 2.32015823e+02, 2.33533997e+02,
    2.21527100e+02, 2.46948990e+02, 2.19743454e+02, 2.56842163e+02,
    2.24530716e+02, 2.51037781e+02, 2.31669662e+02, 2.38603195e+02,
    2.33574051e+02, 1.68300034e+02, 3.27998718e+02, 1.82799637e+02,
    3.24911591e+02, 1.96417877e+02, 3.18720764e+02, 2.05413895e+02,
    3.19262421e+02, 2.15639313e+02, 3.17191956e+02, 2.29763046e+02,
    3.18868134e+02, 2.45603104e+02, 3.17992676e+02, 2.32355789e+02,
    3.35568756e+02, 2.20197021e+02, 3.44323853e+02, 2.08920334e+02,
    3.47484955e+02, 1.98844818e+02, 3.47483765e+02, 1.84644257e+02,
    3.42850830e+02, 1.74345734e+02, 3.28097290e+02, 1.97388840e+02,
    3.24389282e+02, 2.05832596e+02, 3.24359863e+02, 2.17099487e+02,
    3.23685028e+02, 2.39745819e+02, 3.21339264e+02, 2.17904022e+02,
    3.30332062e+02, 2.06981674e+02, 3.33250397e+02, 1.97791885e+02,
    3.33234650e+02 ]
noOfLandmarkPoint: 68
