%YAML:1.0
landmark: [ 2.87235809e+02, 1.86124054e+02, 2.86944305e+02,
    2.06759659e+02, 2.93265472e+02, 2.28519119e+02, 3.02952515e+02,
    2.49378647e+02, 3.13439148e+02, 2.71936859e+02, 3.27354767e+02,
    2.87973297e+02, 3.40172058e+02, 3.05191681e+02, 3.58770996e+02,
    3.18700775e+02, 3.80252625e+02, 3.20791443e+02, 4.02005310e+02,
    3.14424042e+02, 4.21943573e+02, 3.01700073e+02, 4.38674835e+02,
    2.81836273e+02, 4.51802338e+02, 2.61341583e+02, 4.58716522e+02,
    2.37892715e+02, 4.62730865e+02, 2.11889297e+02, 4.62696472e+02,
    1.86601044e+02, 4.59841064e+02, 1.61035187e+02, 2.80548859e+02,
    1.60987183e+02, 2.89148102e+02, 1.54577087e+02, 2.99899323e+02,
    1.53908417e+02, 3.10769409e+02, 1.54879700e+02, 3.23162903e+02,
    1.57573929e+02, 3.60838287e+02, 1.46705490e+02, 3.74452179e+02,
    1.40287796e+02, 3.89906403e+02, 1.34516739e+02, 4.05728424e+02,
    1.34763062e+02, 4.20143494e+02, 1.41430206e+02, 3.45447968e+02,
    1.78264526e+02, 3.45794495e+02, 1.94754379e+02, 3.46872192e+02,
    2.11997498e+02, 3.46872192e+02, 2.28701752e+02, 3.39235168e+02,
    2.41680664e+02, 3.45854309e+02, 2.44281738e+02, 3.53105469e+02,
    2.44774017e+02, 3.61527466e+02, 2.40310257e+02, 3.70581451e+02,
    2.36784454e+02, 2.99575653e+02, 1.82780304e+02, 3.06239197e+02,
    1.77093964e+02, 3.18208954e+02, 1.75536102e+02, 3.29672760e+02,
    1.81488434e+02, 3.18077026e+02, 1.88018448e+02, 3.06060913e+02,
    1.88892517e+02, 3.76778595e+02, 1.72158691e+02, 3.84221313e+02,
    1.63187042e+02, 3.95863983e+02, 1.59994370e+02, 4.07230774e+02,
    1.64328445e+02, 4.00686523e+02, 1.71413986e+02, 3.89091949e+02,
    1.73792282e+02, 3.34918701e+02, 2.63806213e+02, 3.45570831e+02,
    2.61718079e+02, 3.55575562e+02, 2.59106842e+02, 3.62556335e+02,
    2.60385193e+02, 3.68553375e+02, 2.57226898e+02, 3.82482208e+02,
    2.56118866e+02, 4.03311401e+02, 2.51579468e+02, 3.87504028e+02,
    2.66176331e+02, 3.74448273e+02, 2.74702087e+02, 3.66706482e+02,
    2.76695587e+02, 3.58942871e+02, 2.76998718e+02, 3.47325317e+02,
    2.74833527e+02, 3.40219696e+02, 2.65496338e+02, 3.56737671e+02,
    2.68237152e+02, 3.64268280e+02, 2.67405609e+02, 3.71093781e+02,
    2.65602753e+02, 3.98661346e+02, 2.55105270e+02, 3.71093781e+02,
    2.65602753e+02, 3.64268280e+02, 2.67405609e+02, 3.56737671e+02,
    2.68237152e+02 ]
noOfLandmarkPoint: 68
