%YAML:1.0
landmark: [ 8.59528732e+01, 2.39484085e+02, 8.84008560e+01,
    2.63963898e+02, 9.39088135e+01, 2.86607697e+02, 1.03700737e+02,
    3.09251526e+02, 1.14025482e+02, 3.31095734e+02, 1.28180542e+02,
    3.50255188e+02, 1.44704407e+02, 3.68003052e+02, 1.62452271e+02,
    3.79630981e+02, 1.84484085e+02, 3.84526917e+02, 2.12023865e+02,
    3.79630981e+02, 2.37115662e+02, 3.66779083e+02, 2.61529785e+02,
    3.50255188e+02, 2.79626892e+02, 3.29720520e+02, 2.90293549e+02,
    3.03131592e+02, 2.93419220e+02, 2.73143829e+02, 2.95881744e+02,
    2.42877914e+02, 2.93844269e+02, 2.12736374e+02, 8.69037094e+01,
    2.05769073e+02, 1.00848228e+02, 1.95015915e+02, 1.17928802e+02,
    1.95835373e+02, 1.31043457e+02, 2.04348022e+02, 1.46135864e+02,
    2.12905548e+02, 1.81358429e+02, 2.05824356e+02, 1.94888000e+02,
    1.88076492e+02, 2.16722763e+02, 1.75027542e+02, 2.41824966e+02,
    1.74688690e+02, 2.62491028e+02, 1.89452667e+02, 1.62980255e+02,
    2.23251801e+02, 1.62891342e+02, 2.39095779e+02, 1.62507462e+02,
    2.55460083e+02, 1.62276703e+02, 2.72885498e+02, 1.53428772e+02,
    2.91101135e+02, 1.60305786e+02, 2.90914124e+02, 1.68440521e+02,
    2.91621399e+02, 1.77734146e+02, 2.89025726e+02, 1.85493896e+02,
    2.86968994e+02, 1.08607094e+02, 2.29080170e+02, 1.18680916e+02,
    2.19784042e+02, 1.31311127e+02, 2.19088715e+02, 1.43556503e+02,
    2.29353333e+02, 1.30365768e+02, 2.33505920e+02, 1.16891472e+02,
    2.34795593e+02, 1.94888000e+02, 2.23102005e+02, 2.05696457e+02,
    2.10720322e+02, 2.20788864e+02, 2.08338028e+02, 2.34055695e+02,
    2.14392288e+02, 2.24066711e+02, 2.23921463e+02, 2.09510193e+02,
    2.25823135e+02, 1.42868423e+02, 3.29425751e+02, 1.50070587e+02,
    3.18725403e+02, 1.60302048e+02, 3.13473785e+02, 1.72973068e+02,
    3.16060822e+02, 1.88754791e+02, 3.10290985e+02, 2.05185974e+02,
    3.14873016e+02, 2.19977081e+02, 3.21552490e+02, 2.09615677e+02,
    3.27791870e+02, 1.92964722e+02, 3.38513336e+02, 1.75529831e+02,
    3.41269623e+02, 1.63129944e+02, 3.40746826e+02, 1.52593903e+02,
    3.34040924e+02, 1.50812714e+02, 3.28350128e+02, 1.61698486e+02,
    3.23458801e+02, 1.74145859e+02, 3.24485718e+02, 1.90209915e+02,
    3.21491425e+02, 2.13553894e+02, 3.21382111e+02, 1.90209915e+02,
    3.21491425e+02, 1.74145859e+02, 3.24485718e+02, 1.61698486e+02,
    3.23458801e+02 ]
noOfLandmarkPoint: 68
