%YAML:1.0
landmark: [ 2.91152679e+02, 1.36773361e+02, 2.87965271e+02,
    1.65450653e+02, 2.88272003e+02, 1.95929077e+02, 2.87565338e+02,
    2.19338181e+02, 2.91086487e+02, 2.44428131e+02, 3.01343231e+02,
    2.64875427e+02, 3.15679779e+02, 2.85096344e+02, 3.30074585e+02,
    3.02290833e+02, 3.61166443e+02, 3.14135193e+02, 3.90697693e+02,
    3.19989807e+02, 4.17255066e+02, 3.10800507e+02, 4.38102264e+02,
    2.95074188e+02, 4.54054199e+02, 2.78415619e+02, 4.67699707e+02,
    2.59955902e+02, 4.79077972e+02, 2.35106476e+02, 4.88682129e+02,
    2.09896255e+02, 4.95805542e+02, 1.88553024e+02, 3.26285889e+02,
    8.96876068e+01, 3.43452545e+02, 7.83363876e+01, 3.63417023e+02,
    7.31957779e+01, 3.84424469e+02, 7.84010773e+01, 4.05843048e+02,
    8.58029251e+01, 4.28609100e+02, 9.38100815e+01, 4.50589966e+02,
    9.48504868e+01, 4.69236115e+02, 1.01919823e+02, 4.85001587e+02,
    1.15018097e+02, 4.89042938e+02, 1.33171082e+02, 4.08749573e+02,
    1.11245064e+02, 4.05655548e+02, 1.23766800e+02, 4.02356995e+02,
    1.35350861e+02, 3.98761536e+02, 1.47545563e+02, 3.70836792e+02,
    1.65050720e+02, 3.80320709e+02, 1.69825760e+02, 3.92165100e+02,
    1.74080597e+02, 4.04036499e+02, 1.74321121e+02, 4.14160889e+02,
    1.73800919e+02, 3.38184357e+02, 1.08441917e+02, 3.53423035e+02,
    9.74746857e+01, 3.71182648e+02, 1.01132050e+02, 3.79253265e+02,
    1.12576492e+02, 3.66127960e+02, 1.12149513e+02, 3.51593445e+02,
    1.10743210e+02, 4.33501587e+02, 1.24754631e+02, 4.47547028e+02,
    1.17712334e+02, 4.62392365e+02, 1.24114166e+02, 4.72278656e+02,
    1.37390747e+02, 4.60404785e+02, 1.35345123e+02, 4.47519989e+02,
    1.30690338e+02, 3.38370789e+02, 2.18511261e+02, 3.55995483e+02,
    1.96125427e+02, 3.84386261e+02, 1.88432770e+02, 3.91151733e+02,
    1.92994324e+02, 4.06517242e+02, 1.94729279e+02, 4.20616791e+02,
    2.08894989e+02, 4.29192657e+02, 2.34571335e+02, 4.07813141e+02,
    2.52856689e+02, 3.88340057e+02, 2.61793335e+02, 3.72292084e+02,
    2.61967712e+02, 3.61791992e+02, 2.58031677e+02, 3.43545776e+02,
    2.41132584e+02, 3.42799988e+02, 2.19644882e+02, 3.80558411e+02,
    2.01344589e+02, 3.88550720e+02, 2.04159088e+02, 4.02716431e+02,
    2.07400574e+02, 4.22643524e+02, 2.33476852e+02, 3.93220428e+02,
    2.42720230e+02, 3.77923401e+02, 2.42685791e+02, 3.67793884e+02,
    2.40651520e+02 ]
noOfLandmarkPoint: 68
