%YAML:1.0
landmark: [ 3.16376434e+02, 1.15564514e+02, 3.18009338e+02,
    1.31553299e+02, 3.27016144e+02, 1.46532257e+02, 3.34779938e+02,
    1.60644882e+02, 3.42112915e+02, 1.75951614e+02, 3.50419189e+02,
    1.90825104e+02, 3.63535339e+02, 2.03649368e+02, 3.78991028e+02,
    2.15986023e+02, 3.98754425e+02, 2.18431168e+02, 4.17790710e+02,
    2.11614243e+02, 4.34342499e+02, 2.02516968e+02, 4.52358917e+02,
    1.90317947e+02, 4.66537170e+02, 1.76647110e+02, 4.72000275e+02,
    1.55289017e+02, 4.71823120e+02, 1.26877823e+02, 4.68925385e+02,
    1.03232109e+02, 4.63661285e+02, 8.07258072e+01, 3.09397766e+02,
    8.81790848e+01, 3.16528473e+02, 8.30782700e+01, 3.25909515e+02,
    8.40215988e+01, 3.35796906e+02, 8.44086914e+01, 3.46115112e+02,
    8.55699844e+01, 3.73297913e+02, 7.38300476e+01, 3.85523224e+02,
    6.76216507e+01, 3.98254150e+02, 6.30102882e+01, 4.12354553e+02,
    5.92583427e+01, 4.25835175e+02, 6.51522980e+01, 3.63454346e+02,
    1.00190620e+02, 3.65185974e+02, 1.12236214e+02, 3.66666107e+02,
    1.23719444e+02, 3.68447540e+02, 1.36127441e+02, 3.62902252e+02,
    1.45889542e+02, 3.69657806e+02, 1.47065140e+02, 3.76974701e+02,
    1.47837357e+02, 3.82841919e+02, 1.43871445e+02, 3.87718384e+02,
    1.39524719e+02, 3.25865784e+02, 1.07634499e+02, 3.30852325e+02,
    1.00457016e+02, 3.42869751e+02, 9.67908173e+01, 3.52065918e+02,
    1.03973488e+02, 3.44512054e+02, 1.08618652e+02, 3.34005737e+02,
    1.10753151e+02, 3.91015778e+02, 9.30548553e+01, 3.98209137e+02,
    8.28603058e+01, 4.06294403e+02, 8.03277740e+01, 4.18946136e+02,
    8.46077118e+01, 4.12387390e+02, 9.04032288e+01, 4.01725800e+02,
    9.27695541e+01, 3.62086670e+02, 1.77554688e+02, 3.65116333e+02,
    1.69735580e+02, 3.73144135e+02, 1.65822479e+02, 3.78833923e+02,
    1.64892883e+02, 3.85292755e+02, 1.63420181e+02, 3.99370422e+02,
    1.63619202e+02, 4.16323975e+02, 1.64924820e+02, 4.03951538e+02,
    1.75590317e+02, 3.90805115e+02, 1.80956558e+02, 3.83966431e+02,
    1.83051498e+02, 3.77001038e+02, 1.83677032e+02, 3.68436646e+02,
    1.82655731e+02, 3.66366608e+02, 1.75785416e+02, 3.75016144e+02,
    1.73629028e+02, 3.80579803e+02, 1.72312469e+02, 3.87062012e+02,
    1.70974045e+02, 4.11667877e+02, 1.66086121e+02, 3.87062012e+02,
    1.70974045e+02, 3.80579803e+02, 1.72312469e+02, 3.75016144e+02,
    1.73629028e+02 ]
noOfLandmarkPoint: 68
