%YAML:1.0
landmark: [ 2.42846039e+02, 1.44917252e+02, 2.46651840e+02,
    1.62924850e+02, 2.51959427e+02, 1.80428894e+02, 2.57216705e+02,
    1.96334534e+02, 2.64504456e+02, 2.11676910e+02, 2.79564087e+02,
    2.21809738e+02, 2.97973511e+02, 2.31331512e+02, 3.14004333e+02,
    2.36097427e+02, 3.34181091e+02, 2.36890671e+02, 3.51609344e+02,
    2.32428131e+02, 3.63212799e+02, 2.20194901e+02, 3.70832947e+02,
    2.05524689e+02, 3.75515930e+02, 1.89978210e+02, 3.76785767e+02,
    1.74182816e+02, 3.79443024e+02, 1.59047150e+02, 3.78655518e+02,
    1.43012955e+02, 3.74486725e+02, 1.27284584e+02, 2.60881470e+02,
    1.10823364e+02, 2.71901855e+02, 1.04009178e+02, 2.86473633e+02,
    1.03046364e+02, 3.00391632e+02, 1.03777557e+02, 3.12973480e+02,
    1.07884026e+02, 3.34677307e+02, 1.04931198e+02, 3.44228271e+02,
    1.01012695e+02, 3.52732391e+02, 9.65189896e+01, 3.62648743e+02,
    9.57177582e+01, 3.69725159e+02, 1.00938766e+02, 3.26128052e+02,
    1.23364594e+02, 3.29292786e+02, 1.34374481e+02, 3.32317139e+02,
    1.44262772e+02, 3.35625092e+02, 1.53747589e+02, 3.19778229e+02,
    1.66476501e+02, 3.27285614e+02, 1.67989273e+02, 3.34216034e+02,
    1.68747711e+02, 3.38640381e+02, 1.67696304e+02, 3.42640137e+02,
    1.65429245e+02, 2.79088135e+02, 1.32274185e+02, 2.86711334e+02,
    1.25097122e+02, 2.95012756e+02, 1.24616287e+02, 3.03473328e+02,
    1.30616669e+02, 2.95412476e+02, 1.32597244e+02, 2.86924805e+02,
    1.33527435e+02, 3.41710480e+02, 1.28037613e+02, 3.49002197e+02,
    1.20253563e+02, 3.56577423e+02, 1.19185081e+02, 3.63034760e+02,
    1.24622208e+02, 3.58096191e+02, 1.28515656e+02, 3.49723785e+02,
    1.28597015e+02, 3.10766052e+02, 1.97518372e+02, 3.19945557e+02,
    1.87039413e+02, 3.29962708e+02, 1.81049683e+02, 3.35864044e+02,
    1.82827759e+02, 3.42710022e+02, 1.79411423e+02, 3.49176636e+02,
    1.83105759e+02, 3.55900635e+02, 1.94016251e+02, 3.50311829e+02,
    2.01204086e+02, 3.44215576e+02, 2.03498077e+02, 3.36820343e+02,
    2.03952042e+02, 3.30370178e+02, 2.04142899e+02, 3.21462189e+02,
    2.02855148e+02, 3.14121613e+02, 1.96243835e+02, 3.29919037e+02,
    1.92859390e+02, 3.36004486e+02, 1.92766953e+02, 3.42828491e+02,
    1.90763901e+02, 3.52487213e+02, 1.93781296e+02, 3.42828491e+02,
    1.90763901e+02, 3.36004486e+02, 1.92766953e+02, 3.29919037e+02,
    1.92859390e+02 ]
noOfLandmarkPoint: 68
