%YAML:1.0
landmark: [ 5.09129601e+01, 2.01666367e+02, 5.99555626e+01,
    2.36031342e+02, 7.33713760e+01, 2.76520874e+02, 8.28106079e+01,
    3.09811859e+02, 9.93762665e+01, 3.46049255e+02, 1.27132492e+02,
    3.74279358e+02, 1.57400681e+02, 3.94285095e+02, 1.96988251e+02,
    4.07099121e+02, 2.33410767e+02, 4.01600342e+02, 2.65628967e+02,
    3.94335510e+02, 2.93969177e+02, 3.67034698e+02, 3.13153351e+02,
    3.37327118e+02, 3.25992493e+02, 3.00828522e+02, 3.26515320e+02,
    2.70159363e+02, 3.21767792e+02, 2.32226456e+02, 3.16910583e+02,
    1.93894135e+02, 3.15018250e+02, 1.59261383e+02, 7.42634659e+01,
    1.67717972e+02, 9.13237381e+01, 1.46525177e+02, 1.15004105e+02,
    1.43057358e+02, 1.37152176e+02, 1.44046585e+02, 1.63273071e+02,
    1.49823059e+02, 2.03856003e+02, 1.35648788e+02, 2.25833298e+02,
    1.23757591e+02, 2.47051361e+02, 1.12022919e+02, 2.71338257e+02,
    1.11160339e+02, 2.90058838e+02, 1.18923561e+02, 1.95116013e+02,
    1.73402176e+02, 2.03137192e+02, 1.95206009e+02, 2.10542618e+02,
    2.21534775e+02, 2.18436768e+02, 2.47690659e+02, 1.91505219e+02,
    2.70114655e+02, 2.04387390e+02, 2.72577759e+02, 2.17169617e+02,
    2.74009766e+02, 2.28239151e+02, 2.67918671e+02, 2.36125351e+02,
    2.62741913e+02, 1.03914307e+02, 1.91462204e+02, 1.17335266e+02,
    1.76251266e+02, 1.41021698e+02, 1.72824463e+02, 1.56901779e+02,
    1.87707092e+02, 1.39512955e+02, 1.97712952e+02, 1.19047981e+02,
    2.00141663e+02, 2.25887711e+02, 1.73382141e+02, 2.36259262e+02,
    1.55623215e+02, 2.55353653e+02, 1.46612610e+02, 2.72919037e+02,
    1.52955811e+02, 2.68927002e+02, 1.66536453e+02, 2.49139374e+02,
    1.74615814e+02, 1.63887543e+02, 3.27291840e+02, 1.82139755e+02,
    3.08116516e+02, 2.02690338e+02, 3.00704834e+02, 2.17663254e+02,
    3.04963928e+02, 2.34391632e+02, 2.95737793e+02, 2.59016998e+02,
    2.96903595e+02, 2.70881805e+02, 3.04475433e+02, 2.60972717e+02,
    3.17823273e+02, 2.43687714e+02, 3.30213257e+02, 2.24981674e+02,
    3.34955444e+02, 2.09133987e+02, 3.36909424e+02, 1.88201370e+02,
    3.37885437e+02, 1.70457657e+02, 3.24863129e+02, 2.06130783e+02,
    3.19038940e+02, 2.19778702e+02, 3.17065521e+02, 2.38596497e+02,
    3.11642822e+02, 2.62681396e+02, 3.07102448e+02, 2.38596497e+02,
    3.11642822e+02, 2.19778702e+02, 3.17065521e+02, 2.06130783e+02,
    3.19038940e+02 ]
noOfLandmarkPoint: 68
