%YAML:1.0
landmark: [ 6.22489815e+01, 1.33456039e+02, 6.49788971e+01,
    1.57929199e+02, 6.91322784e+01, 1.83026596e+02, 7.65309219e+01,
    2.07008881e+02, 9.06722031e+01, 2.27595718e+02, 1.09586769e+02,
    2.43872437e+02, 1.31316589e+02, 2.55945358e+02, 1.56042923e+02,
    2.63363556e+02, 1.77410355e+02, 2.65874390e+02, 1.93738052e+02,
    2.58623993e+02, 1.99701981e+02, 2.40017471e+02, 2.07042923e+02,
    2.20451309e+02, 2.11059052e+02, 2.03223099e+02, 2.15205933e+02,
    1.87226868e+02, 2.20917480e+02, 1.68954071e+02, 2.22547424e+02,
    1.52887817e+02, 2.20163300e+02, 1.35918350e+02, 1.10454430e+02,
    1.25602119e+02, 1.25135612e+02, 1.18422165e+02, 1.39881332e+02,
    1.13030792e+02, 1.55919266e+02, 1.14859268e+02, 1.69735260e+02,
    1.17310760e+02, 1.89405930e+02, 1.15180603e+02, 2.00822372e+02,
    1.09468430e+02, 2.13388245e+02, 1.05672005e+02, 2.21778046e+02,
    1.11002853e+02, 2.21144974e+02, 1.21537834e+02, 1.82322098e+02,
    1.28703751e+02, 1.86045364e+02, 1.41429764e+02, 1.89561737e+02,
    1.54584274e+02, 1.93723328e+02, 1.68576172e+02, 1.70733597e+02,
    1.82385712e+02, 1.79086212e+02, 1.82169006e+02, 1.85227600e+02,
    1.85207809e+02, 1.90270737e+02, 1.82159195e+02, 1.95732559e+02,
    1.79952881e+02, 1.28391769e+02, 1.35501465e+02, 1.38347046e+02,
    1.30818741e+02, 1.47977127e+02, 1.30003998e+02, 1.53749146e+02,
    1.34492096e+02, 1.45966354e+02, 1.37336411e+02, 1.34522079e+02,
    1.38565414e+02, 1.88845444e+02, 1.31391495e+02, 1.95553619e+02,
    1.24888283e+02, 2.05616028e+02, 1.24867821e+02, 2.11610580e+02,
    1.29911255e+02, 2.06457916e+02, 1.34005005e+02, 1.97189270e+02,
    1.33561096e+02, 1.51225891e+02, 2.16574692e+02, 1.66619583e+02,
    2.07514374e+02, 1.77776062e+02, 2.03319855e+02, 1.84192444e+02,
    2.05611160e+02, 1.90676559e+02, 2.02472473e+02, 1.95631851e+02,
    2.05389587e+02, 1.99879440e+02, 2.09576294e+02, 1.95842529e+02,
    2.22314011e+02, 1.89652283e+02, 2.23950424e+02, 1.83738342e+02,
    2.24711517e+02, 1.77058701e+02, 2.24145615e+02, 1.65838486e+02,
    2.22474838e+02, 1.56042511e+02, 2.15269547e+02, 1.77229904e+02,
    2.11541367e+02, 1.83515060e+02, 2.11918228e+02, 1.90612198e+02,
    2.10240540e+02, 1.96156174e+02, 2.10891251e+02, 1.90612198e+02,
    2.10240540e+02, 1.83515060e+02, 2.11918228e+02, 1.77229904e+02,
    2.11541367e+02 ]
noOfLandmarkPoint: 68
