%YAML:1.0
landmark: [ 1.98774078e+02, 1.22084129e+02, 1.95143845e+02,
    1.34268509e+02, 1.95535461e+02, 1.49442871e+02, 1.96958954e+02,
    1.66614960e+02, 1.99626587e+02, 1.81316040e+02, 2.01673859e+02,
    1.98140762e+02, 2.06113739e+02, 2.11095184e+02, 2.11300171e+02,
    2.25899231e+02, 2.25857803e+02, 2.30172607e+02, 2.46394424e+02,
    2.27044327e+02, 2.64197784e+02, 2.18645203e+02, 2.83355774e+02,
    2.05898331e+02, 3.01779755e+02, 1.94440002e+02, 3.15608887e+02,
    1.78625031e+02, 3.19060120e+02, 1.60386368e+02, 3.19856567e+02,
    1.39245209e+02, 3.20523193e+02, 1.17686043e+02, 1.96149307e+02,
    9.45295868e+01, 2.01607849e+02, 9.07563400e+01, 2.06962326e+02,
    9.30502625e+01, 2.13303650e+02, 9.57874527e+01, 2.20564987e+02,
    1.00092590e+02, 2.37613129e+02, 1.01816444e+02, 2.52446487e+02,
    9.70113373e+01, 2.68102692e+02, 9.62148895e+01, 2.83075562e+02,
    9.99312210e+01, 2.92595123e+02, 1.11269493e+02, 2.27984802e+02,
    1.16435638e+02, 2.25617188e+02, 1.25614983e+02, 2.22432297e+02,
    1.35416290e+02, 2.19336533e+02, 1.45503540e+02, 2.13766220e+02,
    1.53800949e+02, 2.18896561e+02, 1.56285309e+02, 2.23976685e+02,
    1.58478851e+02, 2.32647430e+02, 1.56338104e+02, 2.39845505e+02,
    1.56036530e+02, 2.04611053e+02, 1.16038147e+02, 2.08463486e+02,
    1.12394714e+02, 2.15358734e+02, 1.12773140e+02, 2.22801804e+02,
    1.18075478e+02, 2.14927505e+02, 1.19681580e+02, 2.07092804e+02,
    1.19694778e+02, 2.51572128e+02, 1.18574310e+02, 2.57758789e+02,
    1.13711281e+02, 2.65735687e+02, 1.14995178e+02, 2.73951752e+02,
    1.20090225e+02, 2.65377228e+02, 1.21792793e+02, 2.58396881e+02,
    1.21315582e+02, 2.05055466e+02, 1.84623108e+02, 2.10175308e+02,
    1.77505249e+02, 2.17369659e+02, 1.77532059e+02, 2.21875534e+02,
    1.79738800e+02, 2.27923721e+02, 1.78968750e+02, 2.39126831e+02,
    1.82807999e+02, 2.54600586e+02, 1.88419815e+02, 2.39139954e+02,
    1.94725082e+02, 2.28129013e+02, 1.95055557e+02, 2.22128922e+02,
    1.95227966e+02, 2.16225464e+02, 1.94753876e+02, 2.09843018e+02,
    1.91634781e+02, 2.07510818e+02, 1.83461426e+02, 2.17121048e+02,
    1.85824387e+02, 2.21692932e+02, 1.86451431e+02, 2.27571686e+02,
    1.85890381e+02, 2.48580841e+02, 1.88893585e+02, 2.27571686e+02,
    1.85890381e+02, 2.21692932e+02, 1.86451431e+02, 2.17121048e+02,
    1.85824387e+02 ]
noOfLandmarkPoint: 68
