%YAML:1.0
landmark: [ 9.56978531e+01, 1.29427261e+02, 9.57563095e+01,
    1.40100998e+02, 9.80516434e+01, 1.50659531e+02, 1.01265114e+02,
    1.62595261e+02, 1.04592049e+02, 1.73153793e+02, 1.07979172e+02,
    1.85607040e+02, 1.12851257e+02, 1.96097000e+02, 1.19410233e+02,
    2.08293701e+02, 1.29450546e+02, 2.16338318e+02, 1.46245560e+02,
    2.16520065e+02, 1.63806168e+02, 2.10268082e+02, 1.78349564e+02,
    2.01202454e+02, 1.92152802e+02, 1.91386703e+02, 2.02663818e+02,
    1.79682114e+02, 2.08741699e+02, 1.62638184e+02, 2.06506546e+02,
    1.40723373e+02, 2.04269684e+02, 1.19093956e+02, 8.88695450e+01,
    1.09018654e+02, 9.44544601e+01, 1.07066017e+02, 1.00097282e+02,
    1.07093857e+02, 1.06715561e+02, 1.07830048e+02, 1.13207947e+02,
    1.09408478e+02, 1.27378616e+02, 1.04405548e+02, 1.39429550e+02,
    1.02111946e+02, 1.52977417e+02, 1.01706078e+02, 1.66022278e+02,
    1.05049850e+02, 1.77234100e+02, 1.11221123e+02, 1.19425720e+02,
    1.20794350e+02, 1.16849846e+02, 1.30523041e+02, 1.14247101e+02,
    1.40538193e+02, 1.11615021e+02, 1.50444016e+02, 1.12489746e+02,
    1.58600876e+02, 1.17218613e+02, 1.58888687e+02, 1.22214638e+02,
    1.59161118e+02, 1.27810158e+02, 1.56292358e+02, 1.33923416e+02,
    1.54865707e+02, 9.79472351e+01, 1.20540947e+02, 1.03094284e+02,
    1.16846710e+02, 1.09915123e+02, 1.16713242e+02, 1.14652222e+02,
    1.19740234e+02, 1.09850464e+02, 1.23804062e+02, 1.02586487e+02,
    1.24569572e+02, 1.42958572e+02, 1.18901321e+02, 1.47858154e+02,
    1.13515503e+02, 1.55774078e+02, 1.13622940e+02, 1.62678833e+02,
    1.16814980e+02, 1.56363220e+02, 1.20736885e+02, 1.48866867e+02,
    1.20666039e+02, 1.14252716e+02, 1.80519119e+02, 1.16339653e+02,
    1.75250854e+02, 1.20642357e+02, 1.73445419e+02, 1.24490395e+02,
    1.73813187e+02, 1.28633286e+02, 1.72389633e+02, 1.39504578e+02,
    1.73903702e+02, 1.50465271e+02, 1.75871719e+02, 1.40701569e+02,
    1.81366135e+02, 1.30654984e+02, 1.83573456e+02, 1.26636612e+02,
    1.84641724e+02, 1.22214622e+02, 1.85096664e+02, 1.17731316e+02,
    1.84857391e+02, 1.16263947e+02, 1.79606796e+02, 1.21148445e+02,
    1.77945450e+02, 1.25084526e+02, 1.77419556e+02, 1.29600143e+02,
    1.77492599e+02, 1.47158600e+02, 1.76374359e+02, 1.29600143e+02,
    1.77492599e+02, 1.25073906e+02, 1.77442505e+02, 1.21148445e+02,
    1.77945450e+02 ]
noOfLandmarkPoint: 68
