%YAML:1.0
landmark: [ 2.35811806e+01, 2.46849243e+02, 2.38765736e+01,
    2.57390259e+02, 2.52588654e+01, 2.69018158e+02, 2.72743607e+01,
    2.79126678e+02, 2.83188400e+01, 2.89604065e+02, 2.93421097e+01,
    2.99554291e+02, 3.23808746e+01, 3.09008392e+02, 3.85241013e+01,
    3.18722900e+02, 4.51564064e+01, 3.27582458e+02, 5.79215508e+01,
    3.30128143e+02, 7.33858185e+01, 3.30609772e+02, 8.65808945e+01,
    3.22744049e+02, 9.88470001e+01, 3.13305878e+02, 1.10738594e+02,
    3.00988220e+02, 1.18253799e+02, 2.86811157e+02, 1.20402893e+02,
    2.66560120e+02, 1.22157501e+02, 2.47413177e+02, 2.58708591e+01,
    2.32520370e+02, 3.16954174e+01, 2.31338806e+02, 3.79683342e+01,
    2.33029205e+02, 4.48427086e+01, 2.35601562e+02, 5.10997505e+01,
    2.38007126e+02, 6.67995300e+01, 2.38819839e+02, 7.48713455e+01,
    2.36487747e+02, 8.31863022e+01, 2.36508957e+02, 9.10051498e+01,
    2.35833328e+02, 9.86770706e+01, 2.37605682e+02, 5.86774902e+01,
    2.50889709e+02, 5.66903229e+01, 2.61001465e+02, 5.46735268e+01,
    2.71077271e+02, 5.26216087e+01, 2.80921143e+02, 4.56941643e+01,
    2.82667786e+02, 4.96755104e+01, 2.86754181e+02, 5.44693298e+01,
    2.88725311e+02, 5.93558350e+01, 2.87238678e+02, 6.38159027e+01,
    2.86179688e+02, 3.36219788e+01, 2.46125458e+02, 3.80533943e+01,
    2.44878235e+02, 4.34627419e+01, 2.45402237e+02, 4.86575661e+01,
    2.49209641e+02, 4.28484230e+01, 2.48959412e+02, 3.78153687e+01,
    2.48189117e+02, 7.48940964e+01, 2.52357193e+02, 8.03172150e+01,
    2.49909210e+02, 8.67537689e+01, 2.49750916e+02, 9.18795624e+01,
    2.52393082e+02, 8.61417694e+01, 2.53422882e+02, 8.01589127e+01,
    2.53285797e+02, 4.01907959e+01, 2.97675842e+02, 4.56130028e+01,
    2.99364929e+02, 5.00255928e+01, 3.01229767e+02, 5.48785858e+01,
    3.03000763e+02, 6.05462112e+01, 3.03174927e+02, 6.86893082e+01,
    3.03613586e+02, 7.72716141e+01, 3.03743561e+02, 6.81931915e+01,
    3.10127869e+02, 5.94245415e+01, 3.09589355e+02, 5.35265236e+01,
    3.08819031e+02, 4.86517715e+01, 3.06782349e+02, 4.49372139e+01,
    3.02827240e+02, 4.16668510e+01, 2.99027130e+02, 4.93273926e+01,
    3.03828400e+02, 5.43827934e+01, 3.05082275e+02, 6.02372589e+01,
    3.05226562e+02, 7.48310165e+01, 3.04089325e+02, 6.02372589e+01,
    3.05226562e+02, 5.43827934e+01, 3.05082275e+02, 4.93273926e+01,
    3.03828400e+02 ]
noOfLandmarkPoint: 68
