%YAML:1.0
landmark: [ 1.56479416e+02, 1.39509705e+02, 1.60729996e+02,
    1.53009415e+02, 1.64922104e+02, 1.66778748e+02, 1.68653748e+02,
    1.78876755e+02, 1.72385391e+02, 1.92511261e+02, 1.82616364e+02,
    2.02587128e+02, 1.92982132e+02, 2.13202209e+02, 2.10633347e+02,
    2.23489227e+02, 2.27249130e+02, 2.25353821e+02, 2.42111618e+02,
    2.22244675e+02, 2.55920151e+02, 2.12399094e+02, 2.68691925e+02,
    2.01605286e+02, 2.77422119e+02, 1.88970474e+02, 2.79576630e+02,
    1.73509521e+02, 2.80845947e+02, 1.57356644e+02, 2.80904419e+02,
    1.41778748e+02, 2.82073730e+02, 1.25941086e+02, 1.66636124e+02,
    1.19014877e+02, 1.72310287e+02, 1.11280251e+02, 1.81093521e+02,
    1.08690964e+02, 1.90390579e+02, 1.09930435e+02, 1.99513885e+02,
    1.13393158e+02, 2.26750977e+02, 1.13058052e+02, 2.36168213e+02,
    1.09137100e+02, 2.45334503e+02, 1.05652443e+02, 2.55947968e+02,
    1.08349152e+02, 2.64324097e+02, 1.13551376e+02, 2.15611130e+02,
    1.27685143e+02, 2.15736023e+02, 1.38138138e+02, 2.15843445e+02,
    1.47852737e+02, 2.15820175e+02, 1.58409058e+02, 2.04885071e+02,
    1.62104034e+02, 2.11541977e+02, 1.64885757e+02, 2.17706650e+02,
    1.65878693e+02, 2.23377914e+02, 1.63297119e+02, 2.29038239e+02,
    1.60700912e+02, 1.82657333e+02, 1.32571960e+02, 1.87880005e+02,
    1.28836288e+02, 1.94647568e+02, 1.28287415e+02, 2.01511215e+02,
    1.31711411e+02, 1.94536407e+02, 1.33746109e+02, 1.87997421e+02,
    1.33813309e+02, 2.31550491e+02, 1.31498215e+02, 2.37756760e+02,
    1.27024124e+02, 2.44831848e+02, 1.25828568e+02, 2.52005692e+02,
    1.29588226e+02, 2.45798569e+02, 1.32042313e+02, 2.38503815e+02,
    1.31984009e+02, 1.94640182e+02, 1.79237106e+02, 2.00762451e+02,
    1.74837708e+02, 2.08835526e+02, 1.73287094e+02, 2.17844101e+02,
    1.75688141e+02, 2.26378204e+02, 1.72097397e+02, 2.38245026e+02,
    1.73523651e+02, 2.47248703e+02, 1.76230515e+02, 2.42018723e+02,
    1.84685028e+02, 2.29865570e+02, 1.93050720e+02, 2.20231232e+02,
    1.94228714e+02, 2.11165894e+02, 1.94732590e+02, 2.01670288e+02,
    1.89445511e+02, 1.96781570e+02, 1.79253342e+02, 2.09179306e+02,
    1.76838547e+02, 2.18202713e+02, 1.77747696e+02, 2.26876297e+02,
    1.75563339e+02, 2.44905136e+02, 1.76794220e+02, 2.28967545e+02,
    1.87146042e+02, 2.19787613e+02, 1.88137634e+02, 2.10635681e+02,
    1.87903656e+02 ]
noOfLandmarkPoint: 68
