%YAML:1.0
landmark: [ 1.94612793e+02, 2.15900375e+02, 1.94962631e+02,
    2.28514313e+02, 1.95872437e+02, 2.41002808e+02, 1.97586044e+02,
    2.54150818e+02, 2.01321243e+02, 2.67861908e+02, 2.08200302e+02,
    2.80435272e+02, 2.18334152e+02, 2.88955597e+02, 2.29460144e+02,
    2.96271179e+02, 2.41028214e+02, 2.97590698e+02, 2.52448166e+02,
    2.96856873e+02, 2.61673462e+02, 2.87781952e+02, 2.67532684e+02,
    2.78413055e+02, 2.73829468e+02, 2.62897736e+02, 2.79538330e+02,
    2.51183807e+02, 2.82760803e+02, 2.39615738e+02, 2.85689270e+02,
    2.27457458e+02, 2.88617767e+02, 2.15743530e+02, 2.01270477e+02,
    2.11675964e+02, 2.10316528e+02, 2.07382339e+02, 2.19782059e+02,
    2.08984833e+02, 2.29442169e+02, 2.12752792e+02, 2.39371124e+02,
    2.16312088e+02, 2.53350952e+02, 2.15234421e+02, 2.62530365e+02,
    2.11468842e+02, 2.70816162e+02, 2.07315491e+02, 2.79578522e+02,
    2.06905762e+02, 2.85684113e+02, 2.11728882e+02, 2.45947250e+02,
    2.21996109e+02, 2.45713791e+02, 2.33592621e+02, 2.45859650e+02,
    2.45158447e+02, 2.46005508e+02, 2.56134064e+02, 2.33807556e+02,
    2.56585205e+02, 2.39704193e+02, 2.59657257e+02, 2.45565674e+02,
    2.62439880e+02, 2.51135422e+02, 2.59953491e+02, 2.54945831e+02,
    2.56154358e+02, 2.13206497e+02, 2.18530655e+02, 2.18188293e+02,
    2.15898407e+02, 2.24332474e+02, 2.16333725e+02, 2.29018051e+02,
    2.19991516e+02, 2.23455063e+02, 2.21748611e+02, 2.17743958e+02,
    2.21748611e+02, 2.59300110e+02, 2.19501663e+02, 2.63433014e+02,
    2.16450745e+02, 2.68432373e+02, 2.16178070e+02, 2.72731781e+02,
    2.17930283e+02, 2.69090332e+02, 2.21177933e+02, 2.64417084e+02,
    2.21212280e+02, 2.25416733e+02, 2.69695007e+02, 2.30629272e+02,
    2.67430695e+02, 2.37803497e+02, 2.68449463e+02, 2.43516861e+02,
    2.70060699e+02, 2.48790375e+02, 2.68449463e+02, 2.52897018e+02,
    2.68303619e+02, 2.59856354e+02, 2.68943726e+02, 2.52890503e+02,
    2.75511444e+02, 2.49155136e+02, 2.80637634e+02, 2.43217346e+02,
    2.80421997e+02, 2.37639023e+02, 2.79612823e+02, 2.30659988e+02,
    2.72999603e+02, 2.29013535e+02, 2.69771240e+02, 2.37945129e+02,
    2.71079590e+02, 2.43536728e+02, 2.72469971e+02, 2.48768097e+02,
    2.71423676e+02, 2.56846527e+02, 2.69919342e+02, 2.48768097e+02,
    2.71423676e+02, 2.43536728e+02, 2.72469971e+02, 2.37945129e+02,
    2.71079590e+02 ]
noOfLandmarkPoint: 68
