%YAML:1.0
landmark: [ 3.61459579e+01, 1.82322556e+02, 3.82588844e+01,
    2.01863861e+02, 4.13057556e+01, 2.20633423e+02, 4.57339249e+01,
    2.40134613e+02, 5.26813812e+01, 2.56669189e+02, 6.52752380e+01,
    2.71741333e+02, 8.08348618e+01, 2.82629486e+02, 9.68008575e+01,
    2.91445709e+02, 1.14513527e+02, 2.94208313e+02, 1.34151093e+02,
    2.93129913e+02, 1.49004913e+02, 2.83888702e+02, 1.64727615e+02,
    2.73001404e+02, 1.79761383e+02, 2.58864075e+02, 1.83213760e+02,
    2.37738266e+02, 1.87804977e+02, 2.18887604e+02, 1.89348480e+02,
    1.97842926e+02, 1.91380310e+02, 1.76838348e+02, 5.88721046e+01,
    1.57746780e+02, 6.90546036e+01, 1.50919006e+02, 7.81141205e+01,
    1.52666550e+02, 8.71736374e+01, 1.50350449e+02, 9.77365265e+01,
    1.52260193e+02, 1.36207886e+02, 1.50837906e+02, 1.46446381e+02,
    1.47750061e+02, 1.57334534e+02, 1.48643890e+02, 1.68707260e+02,
    1.49000366e+02, 1.76632538e+02, 1.54535309e+02, 1.18560287e+02,
    1.75701492e+02, 1.20329460e+02, 1.88402740e+02, 1.21001831e+02,
    2.00492783e+02, 1.22081535e+02, 2.13490799e+02, 1.05184845e+02,
    2.21555603e+02, 1.13537895e+02, 2.24239243e+02, 1.20693901e+02,
    2.27081635e+02, 1.28584961e+02, 2.24993729e+02, 1.35576874e+02,
    2.22931366e+02, 7.20576477e+01, 1.76923233e+02, 7.82871170e+01,
    1.72317368e+02, 8.79149551e+01, 1.72068207e+02, 9.57535324e+01,
    1.77319519e+02, 8.79344864e+01, 1.80732742e+02, 7.95214005e+01,
    1.80651657e+02, 1.38774979e+02, 1.76587433e+02, 1.45961472e+02,
    1.71020966e+02, 1.57700775e+02, 1.70379227e+02, 1.66353928e+02,
    1.74929474e+02, 1.57456619e+02, 1.79682907e+02, 1.48135437e+02,
    1.79639420e+02, 9.83870621e+01, 2.48625565e+02, 1.07589218e+02,
    2.42982407e+02, 1.15717468e+02, 2.40939911e+02, 1.21988297e+02,
    2.42640884e+02, 1.27062859e+02, 2.40209732e+02, 1.37784882e+02,
    2.42799652e+02, 1.47544250e+02, 2.48422394e+02, 1.39291916e+02,
    2.54191269e+02, 1.27903091e+02, 2.56881714e+02, 1.21941879e+02,
    2.57345825e+02, 1.15506561e+02, 2.56903839e+02, 1.07416893e+02,
    2.53209549e+02, 1.03018410e+02, 2.48625565e+02, 1.15775330e+02,
    2.47366364e+02, 1.21583923e+02, 2.48179092e+02, 1.27542465e+02,
    2.47486176e+02, 1.43116074e+02, 2.48747650e+02, 1.27542465e+02,
    2.47486176e+02, 1.21583923e+02, 2.48179092e+02, 1.15775330e+02,
    2.47366364e+02 ]
noOfLandmarkPoint: 68
