%YAML:1.0
landmark: [ 1.65757294e+02, 2.24087296e+02, 1.65292175e+02,
    2.34592041e+02, 1.68453979e+02, 2.45198166e+02, 1.75062531e+02,
    2.59862549e+02, 1.83797897e+02, 2.75517334e+02, 1.90504929e+02,
    2.87622681e+02, 1.98594986e+02, 3.01106140e+02, 2.06593521e+02,
    3.13097748e+02, 2.17852783e+02, 3.15890930e+02, 2.32553406e+02,
    3.13001282e+02, 2.49013107e+02, 3.00163574e+02, 2.63812653e+02,
    2.84720734e+02, 2.77028625e+02, 2.66789398e+02, 2.86215027e+02,
    2.44196564e+02, 2.81019501e+02, 2.22602875e+02, 2.75259949e+02,
    2.00655777e+02, 2.72464325e+02, 1.81865570e+02, 1.55618744e+02,
    2.00267441e+02, 1.59428757e+02, 1.96452499e+02, 1.65569275e+02,
    1.98780548e+02, 1.70688019e+02, 2.02778580e+02, 1.77667221e+02,
    2.07147720e+02, 1.89121887e+02, 2.03785583e+02, 1.97214417e+02,
    1.94302628e+02, 2.08560303e+02, 1.89656387e+02, 2.20556854e+02,
    1.85942841e+02, 2.32360458e+02, 1.89104645e+02, 1.87341766e+02,
    2.16207092e+02, 1.87108246e+02, 2.29462463e+02, 1.86601837e+02,
    2.41998611e+02, 1.86136948e+02, 2.55840576e+02, 1.81200134e+02,
    2.61195221e+02, 1.86962158e+02, 2.65099243e+02, 1.94490646e+02,
    2.65470337e+02, 2.00074509e+02, 2.60732544e+02, 2.07704376e+02,
    2.57939392e+02, 1.69280365e+02, 2.20727631e+02, 1.68637070e+02,
    2.16917618e+02, 1.74401566e+02, 2.17103180e+02, 1.81017776e+02,
    2.17945862e+02, 1.77744644e+02, 2.21542282e+02, 1.72630173e+02,
    2.23513412e+02, 2.07892395e+02, 2.14493103e+02, 2.11529160e+02,
    2.11796417e+02, 2.18597458e+02, 2.11425308e+02, 2.27427277e+02,
    2.10962662e+02, 2.19713242e+02, 2.15611359e+02, 2.14035370e+02,
    2.17006699e+02, 1.93097763e+02, 2.84077454e+02, 1.93290695e+02,
    2.80448059e+02, 1.96266953e+02, 2.79050262e+02, 2.00549469e+02,
    2.79696014e+02, 2.04745361e+02, 2.77560913e+02, 2.19891403e+02,
    2.78120026e+02, 2.30213058e+02, 2.77009155e+02, 2.22499008e+02,
    2.85104156e+02, 2.10138733e+02, 2.91610870e+02, 2.04735519e+02,
    2.92452026e+02, 2.00262512e+02, 2.91798889e+02, 1.96076477e+02,
    2.89935944e+02, 1.95517349e+02, 2.84263000e+02, 1.98315430e+02,
    2.83518341e+02, 2.01333221e+02, 2.83535095e+02, 2.06232254e+02,
    2.82122986e+02, 2.26309036e+02, 2.78496063e+02, 2.06232254e+02,
    2.82122986e+02, 2.01333221e+02, 2.83535095e+02, 1.98315430e+02,
    2.83518341e+02 ]
noOfLandmarkPoint: 68
