%YAML:1.0
landmark: [ 1.59406799e+02, 1.29453400e+02, 1.56925247e+02,
    1.42550491e+02, 1.57806793e+02, 1.55329132e+02, 1.63773788e+02,
    1.71307770e+02, 1.69100006e+02, 1.84845627e+02, 1.74948547e+02,
    1.98742722e+02, 1.82156311e+02, 2.11639801e+02, 1.89053391e+02,
    2.22610687e+02, 2.06354370e+02, 2.24851456e+02, 2.29655334e+02,
    2.20606796e+02, 2.47556305e+02, 2.13280579e+02, 2.64934937e+02,
    2.04987381e+02, 2.75950470e+02, 1.91971848e+02, 2.84839813e+02,
    1.75311646e+02, 2.89966034e+02, 1.54969910e+02, 2.91406799e+02,
    1.35983490e+02, 2.90766022e+02, 1.17360191e+02, 1.55480576e+02,
    9.76592255e+01, 1.59525238e+02, 9.22922363e+01, 1.64757523e+02,
    8.87453995e+01, 1.74226212e+02, 8.81660156e+01, 1.82956314e+02,
    9.20883484e+01, 2.06359314e+02, 9.28073502e+01, 2.18239807e+02,
    8.40398026e+01, 2.32859222e+02, 8.15582504e+01, 2.47874756e+02,
    8.46805801e+01, 2.60127197e+02, 8.98475723e+01, 1.95014175e+02,
    1.11683830e+02, 1.92975235e+02, 1.22024132e+02, 1.91394150e+02,
    1.32369385e+02, 1.89831573e+02, 1.42656143e+02, 1.87872208e+02,
    1.58590988e+02, 1.90494171e+02, 1.59654373e+02, 1.94471191e+02,
    1.60385834e+02, 1.99298065e+02, 1.58129120e+02, 2.05305832e+02,
    1.56247574e+02, 1.65133011e+02, 1.20200974e+02, 1.69059219e+02,
    1.08593201e+02, 1.76352356e+02, 1.06662857e+02, 1.86649582e+02,
    1.16918045e+02, 1.78348541e+02, 1.18923302e+02, 1.70659225e+02,
    1.20804855e+02, 2.19288055e+02, 1.14179459e+02, 2.27451462e+02,
    1.02585434e+02, 2.36063110e+02, 1.00863106e+02, 2.45671555e+02,
    1.09624847e+02, 2.37958374e+02, 1.13397469e+02, 2.29618607e+02,
    1.14866730e+02, 1.79588089e+02, 1.87521408e+02, 1.81732864e+02,
    1.76187576e+02, 1.88356796e+02, 1.71513062e+02, 1.93173492e+02,
    1.72086960e+02, 1.98382935e+02, 1.70588028e+02, 2.10427673e+02,
    1.75383774e+02, 2.23566025e+02, 1.84600967e+02, 2.12307251e+02,
    1.91584183e+02, 2.02993378e+02, 1.93707382e+02, 1.97359528e+02,
    1.93745895e+02, 1.91150818e+02, 1.93902115e+02, 1.84838470e+02,
    1.91036804e+02, 1.82756317e+02, 1.86385925e+02, 1.89404861e+02,
    1.82560196e+02, 1.94280365e+02, 1.82235962e+02, 1.99946609e+02,
    1.81641754e+02, 2.19002914e+02, 1.84800964e+02, 1.99946609e+02,
    1.81641754e+02, 1.94280365e+02, 1.82235962e+02, 1.89404861e+02,
    1.82560196e+02 ]
noOfLandmarkPoint: 68
