%YAML:1.0
landmark: [ 6.61688995e+01, 5.85123352e+02, 7.07736740e+01,
    6.25301819e+02, 7.99332275e+01, 6.67659363e+02, 9.12219162e+01,
    7.07491272e+02, 1.10545624e+02, 7.39895569e+02, 1.31628662e+02,
    7.65820251e+02, 1.55514130e+02, 7.95716370e+02, 1.86233780e+02,
    8.17132996e+02, 2.22252960e+02, 8.21749268e+02, 2.62319794e+02,
    8.17569031e+02, 2.97467896e+02, 7.91656250e+02, 3.25783630e+02,
    7.58933411e+02, 3.51208160e+02, 7.27518066e+02, 3.69823822e+02,
    6.95484558e+02, 3.78315308e+02, 6.51419373e+02, 3.79429871e+02,
    6.08393799e+02, 3.81212463e+02, 5.67050781e+02, 7.49319458e+01,
    5.54326050e+02, 9.75343094e+01, 5.42715820e+02, 1.23626892e+02,
    5.45513000e+02, 1.47961868e+02, 5.50117798e+02, 1.70464249e+02,
    5.64103638e+02, 2.26519440e+02, 5.64127625e+02, 2.52758301e+02,
    5.50909424e+02, 2.80653900e+02, 5.41947815e+02, 3.11226257e+02,
    5.37368042e+02, 3.41898651e+02, 5.44744995e+02, 2.08817612e+02,
    5.86579895e+02, 2.10344299e+02, 6.16956238e+02, 2.12506119e+02,
    6.46861694e+02, 2.15783722e+02, 6.77680969e+02, 1.87594910e+02,
    6.82431580e+02, 1.99315765e+02, 6.89365967e+02, 2.14645020e+02,
    6.94984924e+02, 2.31957596e+02, 6.89259521e+02, 2.43200760e+02,
    6.83449524e+02, 1.07558472e+02, 5.77324890e+02, 1.21819290e+02,
    5.69897949e+02, 1.43332092e+02, 5.70244507e+02, 1.56849884e+02,
    5.81161682e+02, 1.38134262e+02, 5.87549011e+02, 1.20804718e+02,
    5.86806030e+02, 2.55254349e+02, 5.80815125e+02, 2.72583893e+02,
    5.70937561e+02, 2.92710602e+02, 5.69897949e+02, 3.07960999e+02,
    5.74824280e+02, 2.96200836e+02, 5.84033813e+02, 2.74291504e+02,
    5.84751892e+02, 1.65493561e+02, 7.30536133e+02, 1.86085800e+02,
    7.24462891e+02, 2.02912643e+02, 7.23333008e+02, 2.15560623e+02,
    7.27526489e+02, 2.30501740e+02, 7.24517273e+02, 2.47897125e+02,
    7.27884949e+02, 2.69265228e+02, 7.32865845e+02, 2.49374222e+02,
    7.49393494e+02, 2.32792038e+02, 7.54526062e+02, 2.16573578e+02,
    7.55326965e+02, 2.02346512e+02, 7.54101196e+02, 1.86493591e+02,
    7.47479004e+02, 1.72155685e+02, 7.31212463e+02, 2.02602570e+02,
    7.32848755e+02, 2.15870270e+02, 7.35504822e+02, 2.30929443e+02,
    7.33582031e+02, 2.62209808e+02, 7.33558899e+02, 2.30929443e+02,
    7.33582031e+02, 2.15870270e+02, 7.35504822e+02, 2.02602570e+02,
    7.32848755e+02 ]
noOfLandmarkPoint: 68
