%YAML:1.0
landmark: [ 2.01656219e+02, 8.88328857e+01, 2.08492111e+02,
    1.05290245e+02, 2.16203171e+02, 1.22281242e+02, 2.25920700e+02,
    1.38124924e+02, 2.38175659e+02, 1.51606949e+02, 2.56170990e+02,
    1.55035995e+02, 2.72554810e+02, 1.57161606e+02, 2.90943329e+02,
    1.57212173e+02, 3.07735229e+02, 1.54156876e+02, 3.18177917e+02,
    1.48725052e+02, 3.22052612e+02, 1.37921249e+02, 3.23977295e+02,
    1.26197296e+02, 3.23576202e+02, 1.14927727e+02, 3.23138641e+02,
    1.03550591e+02, 3.22263458e+02, 9.17358704e+01, 3.20075562e+02,
    7.99211578e+01, 3.15699738e+02, 6.94191818e+01, 2.25582581e+02,
    6.62360916e+01, 2.34871841e+02, 5.73022232e+01, 2.44086960e+02,
    5.08125992e+01, 2.56308685e+02, 4.87163544e+01, 2.68969055e+02,
    4.76322937e+01, 2.89882385e+02, 4.94024811e+01, 2.96718292e+02,
    4.30895538e+01, 3.03991760e+02, 4.08963051e+01, 3.12583313e+02,
    4.26519737e+01, 3.18090454e+02, 4.94238396e+01, 2.83497833e+02,
    6.32197342e+01, 2.88803589e+02, 6.93771744e+01, 2.94882721e+02,
    7.51325226e+01, 3.00318909e+02, 8.03226852e+01, 2.84682068e+02,
    9.48458328e+01, 2.91979584e+02, 9.40091629e+01, 2.97758881e+02,
    9.30486221e+01, 3.01259521e+02, 9.15651093e+01, 3.03447449e+02,
    8.99855423e+01, 2.45254349e+02, 7.46755066e+01, 2.50808823e+02,
    6.57882080e+01, 2.58261780e+02, 6.48391876e+01, 2.64661469e+02,
    7.06967392e+01, 2.59609192e+02, 7.31866608e+01, 2.51812744e+02,
    7.49423294e+01, 2.94232635e+02, 6.52906113e+01, 2.99242371e+02,
    5.88318329e+01, 3.05101715e+02, 5.83088722e+01, 3.07545746e+02,
    6.25939713e+01, 3.05368530e+02, 6.55770035e+01, 2.99977295e+02,
    6.56300964e+01, 2.79224304e+02, 1.23641029e+02, 2.87602142e+02,
    1.12405022e+02, 2.94891022e+02, 1.07697105e+02, 2.98414917e+02,
    1.08663902e+02, 3.01417053e+02, 1.06454636e+02, 3.07936462e+02,
    1.08271309e+02, 3.13769440e+02, 1.19592064e+02, 3.10679413e+02,
    1.21952873e+02, 3.06091797e+02, 1.23687897e+02, 3.01981293e+02,
    1.24494888e+02, 2.97567535e+02, 1.25245972e+02, 2.91037659e+02,
    1.25503761e+02, 2.82842590e+02, 1.21363625e+02, 2.95668762e+02,
    1.12731964e+02, 2.98884460e+02, 1.11707092e+02, 3.02700256e+02,
    1.11694481e+02, 3.07847961e+02, 1.17568863e+02, 3.03883118e+02,
    1.18588730e+02, 3.00602509e+02, 1.20031250e+02, 2.96900360e+02,
    1.20830063e+02 ]
noOfLandmarkPoint: 68
