%YAML:1.0
landmark: [ 1.54180130e+02, 1.30543564e+02, 1.58468658e+02,
    1.45111099e+02, 1.59968826e+02, 1.59927277e+02, 1.68124817e+02,
    1.69699661e+02, 1.77897278e+02, 1.76909042e+02, 1.90124542e+02,
    1.81183777e+02, 2.00546555e+02, 1.85177612e+02, 2.10857391e+02,
    1.86435745e+02, 2.21360168e+02, 1.84895264e+02, 2.30703812e+02,
    1.81961777e+02, 2.39539108e+02, 1.77128342e+02, 2.45660828e+02,
    1.70021515e+02, 2.50242767e+02, 1.61445740e+02, 2.54283401e+02,
    1.49979187e+02, 2.54153137e+02, 1.38639175e+02, 2.51350143e+02,
    1.29060928e+02, 2.48769180e+02, 1.19113457e+02, 1.63809662e+02,
    1.15139114e+02, 1.69144165e+02, 1.08434082e+02, 1.76340988e+02,
    1.03486595e+02, 1.84757812e+02, 1.02416595e+02, 1.92137680e+02,
    1.01946388e+02, 2.10052322e+02, 1.01161499e+02, 2.15742401e+02,
    9.60630646e+01, 2.22701126e+02, 9.47586670e+01, 2.29996918e+02,
    9.48135605e+01, 2.35123184e+02, 9.81898651e+01, 2.03229767e+02,
    1.10093170e+02, 2.05421051e+02, 1.17808060e+02, 2.07478348e+02,
    1.25718285e+02, 2.09835800e+02, 1.33340332e+02, 2.02386948e+02,
    1.43211594e+02, 2.06772858e+02, 1.44689163e+02, 2.10702332e+02,
    1.46058472e+02, 2.14991913e+02, 1.43332703e+02, 2.19084991e+02,
    1.40648529e+02, 1.74302216e+02, 1.19872551e+02, 1.78463898e+02,
    1.16458931e+02, 1.84597580e+02, 1.14361992e+02, 1.88965103e+02,
    1.16631187e+02, 1.85332855e+02, 1.18573586e+02, 1.79938873e+02,
    1.19768066e+02, 2.15917130e+02, 1.11456329e+02, 2.20426224e+02,
    1.08194580e+02, 2.26363388e+02, 1.06537895e+02, 2.30519577e+02,
    1.09011482e+02, 2.26669037e+02, 1.10936569e+02, 2.21810959e+02,
    1.11947800e+02, 1.96062439e+02, 1.62618835e+02, 2.02670761e+02,
    1.59040649e+02, 2.08121689e+02, 1.56129395e+02, 2.13961761e+02,
    1.55912872e+02, 2.18540771e+02, 1.53958389e+02, 2.23903931e+02,
    1.54610855e+02, 2.30562057e+02, 1.54762939e+02, 2.25464142e+02,
    1.59226517e+02, 2.21560287e+02, 1.61644684e+02, 2.16589203e+02,
    1.63294891e+02, 2.11337234e+02, 1.64728577e+02, 2.04279984e+02,
    1.64816345e+02, 1.98676727e+02, 1.61737289e+02, 2.09034561e+02,
    1.59233765e+02, 2.14482559e+02, 1.58648575e+02, 2.19409760e+02,
    1.56954498e+02, 2.28036987e+02, 1.55558914e+02, 2.19409760e+02,
    1.56954498e+02, 2.14482559e+02, 1.58648575e+02, 2.09034561e+02,
    1.59233765e+02 ]
noOfLandmarkPoint: 68
