%YAML:1.0
landmark: [ 8.67416077e+01, 1.20298660e+02, 8.85859375e+01,
    1.37211411e+02, 9.20624924e+01, 1.54483856e+02, 9.75281067e+01,
    1.72580292e+02, 1.03971062e+02, 1.88413971e+02, 1.13826088e+02,
    2.02338821e+02, 1.29219696e+02, 2.11859604e+02, 1.47676117e+02,
    2.16433334e+02, 1.68831421e+02, 2.17995056e+02, 1.85337524e+02,
    2.14508194e+02, 1.99245010e+02, 2.04753616e+02, 2.08284988e+02,
    1.90749832e+02, 2.14156158e+02, 1.75616913e+02, 2.15112000e+02,
    1.60167297e+02, 2.16277069e+02, 1.42301575e+02, 2.16891830e+02,
    1.26658501e+02, 2.15197983e+02, 1.13622116e+02, 1.07469116e+02,
    1.11117149e+02, 1.16414162e+02, 9.86153107e+01, 1.30231537e+02,
    9.23228302e+01, 1.47012436e+02, 9.46529465e+01, 1.60150558e+02,
    9.85723114e+01, 1.78639679e+02, 9.69830704e+01, 1.90400635e+02,
    9.04785004e+01, 2.00786606e+02, 8.74588547e+01, 2.10310242e+02,
    9.16000824e+01, 2.16430481e+02, 1.01678368e+02, 1.73826080e+02,
    1.09383179e+02, 1.76220703e+02, 1.19936089e+02, 1.78741409e+02,
    1.31866150e+02, 1.81919891e+02, 1.42929230e+02, 1.64161652e+02,
    1.52977722e+02, 1.70647598e+02, 1.54948151e+02, 1.75756393e+02,
    1.56451416e+02, 1.80419510e+02, 1.54736069e+02, 1.85334839e+02,
    1.52510544e+02, 1.23066338e+02, 1.16016731e+02, 1.30986786e+02,
    1.09924980e+02, 1.41718796e+02, 1.08322731e+02, 1.49305313e+02,
    1.14639580e+02, 1.43136078e+02, 1.18411339e+02, 1.32561661e+02,
    1.19004616e+02, 1.84541031e+02, 1.10819145e+02, 1.90126938e+02,
    1.04529472e+02, 1.98687912e+02, 1.03957687e+02, 2.04379562e+02,
    1.08995712e+02, 2.00069412e+02, 1.13367233e+02, 1.92064926e+02,
    1.13271935e+02, 1.42736267e+02, 1.77012695e+02, 1.61739807e+02,
    1.74532089e+02, 1.71213638e+02, 1.72964355e+02, 1.76429916e+02,
    1.73471649e+02, 1.82048874e+02, 1.73111954e+02, 1.88365723e+02,
    1.73831329e+02, 1.95804642e+02, 1.74427490e+02, 1.88715729e+02,
    1.77406311e+02, 1.82315521e+02, 1.82005539e+02, 1.76416855e+02,
    1.82795425e+02, 1.71175491e+02, 1.82436646e+02, 1.61725479e+02,
    1.81494293e+02, 1.46083847e+02, 1.76419418e+02, 1.71146271e+02,
    1.76822098e+02, 1.76527847e+02, 1.76654755e+02, 1.82174973e+02,
    1.76016724e+02, 1.91863785e+02, 1.75020767e+02, 1.82174973e+02,
    1.76016724e+02, 1.76527847e+02, 1.76654755e+02, 1.71146271e+02,
    1.76822098e+02 ]
noOfLandmarkPoint: 68
