%YAML:1.0
landmark: [ 1.05946457e+02, 1.49203613e+02, 1.09219620e+02,
    1.68940521e+02, 1.14764847e+02, 1.86479355e+02, 1.21914001e+02,
    2.04775558e+02, 1.33019684e+02, 2.23779037e+02, 1.42025238e+02,
    2.37100204e+02, 1.55116470e+02, 2.46085556e+02, 1.70899612e+02,
    2.50008102e+02, 1.90210083e+02, 2.48783585e+02, 2.06086304e+02,
    2.44501083e+02, 2.20203888e+02, 2.38055038e+02, 2.31371262e+02,
    2.29165436e+02, 2.40293457e+02, 2.11432358e+02, 2.46894226e+02,
    1.92413345e+02, 2.49854813e+02, 1.74146027e+02, 2.50264877e+02,
    1.52937119e+02, 2.49779861e+02, 1.34472504e+02, 1.11937569e+02,
    1.35405518e+02, 1.18574173e+02, 1.16405838e+02, 1.32485184e+02,
    1.07542763e+02, 1.46910034e+02, 1.06123413e+02, 1.62229568e+02,
    1.07015862e+02, 1.89946762e+02, 1.00113853e+02, 2.02911621e+02,
    9.49785233e+01, 2.14932053e+02, 9.61074295e+01, 2.26588593e+02,
    9.97952271e+01, 2.35769012e+02, 1.07123322e+02, 1.74229202e+02,
    1.27267982e+02, 1.74990692e+02, 1.38838745e+02, 1.75513000e+02,
    1.51225021e+02, 1.76145721e+02, 1.64428375e+02, 1.64921112e+02,
    1.71460861e+02, 1.71167526e+02, 1.74240646e+02, 1.77556854e+02,
    1.76470428e+02, 1.84275574e+02, 1.73507065e+02, 1.90858673e+02,
    1.71101578e+02, 1.33259338e+02, 1.35775116e+02, 1.37113617e+02,
    1.29392822e+02, 1.45811020e+02, 1.26692276e+02, 1.56914352e+02,
    1.33233032e+02, 1.48511948e+02, 1.37490997e+02, 1.39805328e+02,
    1.39196243e+02, 1.93927505e+02, 1.31490204e+02, 2.00226593e+02,
    1.23001198e+02, 2.09802475e+02, 1.21461555e+02, 2.17749527e+02,
    1.27272255e+02, 2.11784439e+02, 1.32590347e+02, 2.03226547e+02,
    1.33811310e+02, 1.56460358e+02, 2.08212433e+02, 1.62186707e+02,
    1.98831116e+02, 1.72818024e+02, 1.95476944e+02, 1.80734970e+02,
    1.96176422e+02, 1.89507751e+02, 1.94823380e+02, 1.98980637e+02,
    1.95229111e+02, 2.09792007e+02, 2.03253006e+02, 2.02549149e+02,
    2.12888489e+02, 1.91741074e+02, 2.14144852e+02, 1.83374283e+02,
    2.14959076e+02, 1.74629257e+02, 2.16067429e+02, 1.64058060e+02,
    2.14599289e+02, 1.60031158e+02, 2.07755432e+02, 1.73083084e+02,
    2.01954239e+02, 1.81785202e+02, 2.01327591e+02, 1.90076218e+02,
    2.00114456e+02, 2.05116943e+02, 2.02427292e+02, 1.90442520e+02,
    2.06457962e+02, 1.82464325e+02, 2.07224533e+02, 1.73930008e+02,
    2.07718048e+02 ]
noOfLandmarkPoint: 68
