%YAML:1.0
landmark: [ 2.77185333e+02, 1.31537552e+02, 2.87754242e+02,
    1.49103470e+02, 2.98323181e+02, 1.66666534e+02, 3.08461090e+02,
    1.81882004e+02, 3.23061554e+02, 1.96669342e+02, 3.42285675e+02,
    2.02344757e+02, 3.61291412e+02, 2.07841858e+02, 3.81799927e+02,
    2.08882172e+02, 3.99660767e+02, 2.01871216e+02, 4.14114624e+02,
    1.91837662e+02, 4.21667999e+02, 1.76276245e+02, 4.31173737e+02,
    1.59793518e+02, 4.36234131e+02, 1.39942932e+02, 4.33679626e+02,
    1.23517410e+02, 4.27762970e+02, 1.05158134e+02, 4.20355011e+02,
    8.61323624e+01, 4.11490021e+02, 6.86121902e+01, 2.87521606e+02,
    1.07295944e+02, 2.93432526e+02, 9.52500000e+01, 3.03805969e+02,
    8.80575256e+01, 3.15854767e+02, 8.44655838e+01, 3.27463989e+02,
    8.55230408e+01, 3.44309418e+02, 7.88867188e+01, 3.53287445e+02,
    6.62507324e+01, 3.65080414e+02, 5.86694717e+01, 3.77219055e+02,
    5.35774956e+01, 3.89208832e+02, 5.71453362e+01, 3.43448364e+02,
    9.47513657e+01, 3.49995911e+02, 1.08672836e+02, 3.55419159e+02,
    1.22272537e+02, 3.62044464e+02, 1.35849701e+02, 3.51438141e+02,
    1.47574631e+02, 3.59059631e+02, 1.47291458e+02, 3.67720551e+02,
    1.46469055e+02, 3.72585022e+02, 1.40431885e+02, 3.76445160e+02,
    1.34256348e+02, 3.05081787e+02, 1.18270119e+02, 3.10136444e+02,
    1.09833282e+02, 3.20277252e+02, 1.05600571e+02, 3.29984192e+02,
    1.08350548e+02, 3.22584808e+02, 1.13416649e+02, 3.13932465e+02,
    1.17640793e+02, 3.65434143e+02, 9.16889420e+01, 3.71380737e+02,
    8.30085754e+01, 3.78972748e+02, 7.81551056e+01, 3.88048462e+02,
    7.87825241e+01, 3.84053162e+02, 8.40574646e+01, 3.75182465e+02,
    8.97671967e+01, 3.54705414e+02, 1.78252884e+02, 3.59661987e+02,
    1.68232574e+02, 3.66563965e+02, 1.61778244e+02, 3.73136566e+02,
    1.61321686e+02, 3.77972961e+02, 1.56604080e+02, 3.86696167e+02,
    1.56038757e+02, 3.99268616e+02, 1.54597702e+02, 3.92053955e+02,
    1.64150391e+02, 3.86139313e+02, 1.70086472e+02, 3.80633881e+02,
    1.73364639e+02, 3.74183746e+02, 1.75787552e+02, 3.65926544e+02,
    1.78143341e+02, 3.58943848e+02, 1.75925308e+02, 3.70283081e+02,
    1.68299225e+02, 3.76675446e+02, 1.66651733e+02, 3.81256500e+02,
    1.62660461e+02, 3.95461182e+02, 1.56928131e+02, 3.81256500e+02,
    1.62660461e+02, 3.76675446e+02, 1.66651733e+02, 3.70283081e+02,
    1.68299225e+02 ]
noOfLandmarkPoint: 68
