%YAML:1.0
landmark: [ 3.87263214e+02, 4.26814026e+02, 3.85076721e+02,
    4.58242676e+02, 3.92935211e+02, 4.94546753e+02, 4.07355164e+02,
    5.30289124e+02, 4.19924927e+02, 5.66226562e+02, 4.32024536e+02,
    6.02698181e+02, 4.47508087e+02, 6.39139465e+02, 4.68262695e+02,
    6.66332275e+02, 5.01385986e+02, 6.72435486e+02, 5.46015442e+02,
    6.66966614e+02, 5.95687805e+02, 6.38186035e+02, 6.42838745e+02,
    6.06488342e+02, 6.84419250e+02, 5.69950806e+02, 7.17278748e+02,
    5.20943054e+02, 7.21555481e+02, 4.61819122e+02, 7.20393677e+02,
    4.10223969e+02, 7.18404968e+02, 3.63869568e+02, 3.62926849e+02,
    3.62281799e+02, 3.75894226e+02, 3.49781281e+02, 3.94396423e+02,
    3.45139252e+02, 4.09716675e+02, 3.45113159e+02, 4.32532532e+02,
    3.48139252e+02, 4.75426208e+02, 3.31578461e+02, 5.05764252e+02,
    3.16490540e+02, 5.38258484e+02, 3.10986023e+02, 5.74224609e+02,
    3.12105957e+02, 6.07853455e+02, 3.22429260e+02, 4.50694214e+02,
    3.74513275e+02, 4.46285614e+02, 4.04587585e+02, 4.42206696e+02,
    4.31942596e+02, 4.36103455e+02, 4.65334930e+02, 4.35743469e+02,
    4.91462189e+02, 4.53418823e+02, 4.97397919e+02, 4.69866394e+02,
    4.98757568e+02, 4.86613342e+02, 4.88575409e+02, 5.03780884e+02,
    4.79423218e+02, 3.94102356e+02, 4.05881287e+02, 4.00362457e+02,
    3.91326141e+02, 4.18864655e+02, 3.86684113e+02, 4.35651031e+02,
    3.91637238e+02, 4.23308899e+02, 4.04952881e+02, 4.06531647e+02,
    4.12116394e+02, 5.17539490e+02, 3.73620483e+02, 5.32094604e+02,
    3.59329102e+02, 5.54741699e+02, 3.53956482e+02, 5.74106323e+02,
    3.61317780e+02, 5.60048401e+02, 3.70967163e+02, 5.36173584e+02,
    3.76836945e+02, 4.43668793e+02, 5.66797729e+02, 4.55114227e+02,
    5.50888367e+02, 4.68435516e+02, 5.46106262e+02, 4.81032288e+02,
    5.47765320e+02, 4.99199493e+02, 5.41829529e+02, 5.25893311e+02,
    5.40633057e+02, 5.60344604e+02, 5.44765137e+02, 5.33185852e+02,
    5.64157227e+02, 5.09294403e+02, 5.74980957e+02, 4.88704071e+02,
    5.80822998e+02, 4.75486053e+02, 5.83965454e+02, 4.60708038e+02,
    5.81260620e+02, 4.52900116e+02, 5.64111389e+02, 4.70139465e+02,
    5.56159668e+02, 4.82802002e+02, 5.55531860e+02, 5.01593140e+02,
    5.50012939e+02, 5.49039368e+02, 5.48094971e+02, 5.05140930e+02,
    5.60124695e+02, 4.84570312e+02, 5.63714478e+02, 4.71113525e+02,
    5.61763550e+02 ]
noOfLandmarkPoint: 68
