%YAML:1.0
landmark: [ 1.11646042e+02, 1.05204651e+02, 1.11956116e+02,
    1.19285156e+02, 1.13113106e+02, 1.35577881e+02, 1.16584053e+02,
    1.48728149e+02, 1.24849594e+02, 1.60142944e+02, 1.36094254e+02,
    1.70860886e+02, 1.49709824e+02, 1.79113953e+02, 1.64003830e+02,
    1.84949005e+02, 1.76913864e+02, 1.86216751e+02, 1.84971100e+02,
    1.83252579e+02, 1.90445938e+02, 1.76579086e+02, 1.95383957e+02,
    1.66184677e+02, 2.00477005e+02, 1.57197220e+02, 2.05941910e+02,
    1.46278275e+02, 2.06883835e+02, 1.35072479e+02, 2.06597366e+02,
    1.24343048e+02, 2.05779617e+02, 1.16943741e+02, 1.45781357e+02,
    9.37750702e+01, 1.54621094e+02, 8.86483154e+01, 1.62833359e+02,
    8.80698166e+01, 1.70353760e+02, 9.02704163e+01, 1.77605743e+02,
    9.40097809e+01, 1.96046860e+02, 9.70149002e+01, 2.01230072e+02,
    9.58350143e+01, 2.06177673e+02, 9.68495941e+01, 2.10114670e+02,
    9.96512756e+01, 2.10919907e+02, 1.03969131e+02, 1.89378708e+02,
    1.04778740e+02, 1.90961533e+02, 1.15779579e+02, 1.92635422e+02,
    1.25817703e+02, 1.94067535e+02, 1.36555435e+02, 1.80146454e+02,
    1.39317245e+02, 1.84959488e+02, 1.40825958e+02, 1.88657181e+02,
    1.43378296e+02, 1.92903336e+02, 1.43688370e+02, 1.96344238e+02,
    1.42418015e+02, 1.53810776e+02, 1.05240501e+02, 1.59358429e+02,
    1.02781929e+02, 1.65276382e+02, 1.03524391e+02, 1.69682465e+02,
    1.06894753e+02, 1.64610504e+02, 1.08555405e+02, 1.59290695e+02,
    1.08090286e+02, 1.93545822e+02, 1.10665855e+02, 1.97955093e+02,
    1.08055473e+02, 2.02339783e+02, 1.09260269e+02, 2.05209473e+02,
    1.12578026e+02, 2.02000214e+02, 1.13475479e+02, 1.97622299e+02,
    1.13392143e+02, 1.62616470e+02, 1.53301102e+02, 1.72103226e+02,
    1.52585129e+02, 1.79925903e+02, 1.52466034e+02, 1.84349319e+02,
    1.53529526e+02, 1.88136444e+02, 1.53255676e+02, 1.92009186e+02,
    1.54406158e+02, 1.93874893e+02, 1.56934967e+02, 1.90365448e+02,
    1.61222260e+02, 1.86913864e+02, 1.61970337e+02, 1.83088409e+02,
    1.61735138e+02, 1.78485901e+02, 1.60973358e+02, 1.70219482e+02,
    1.59051834e+02, 1.65612442e+02, 1.54017899e+02, 1.79209396e+02,
    1.56415192e+02, 1.83825729e+02, 1.57220444e+02, 1.87761795e+02,
    1.57178772e+02, 1.91954666e+02, 1.57292160e+02, 1.87761795e+02,
    1.57178772e+02, 1.83825729e+02, 1.57220444e+02, 1.79209396e+02,
    1.56415192e+02 ]
noOfLandmarkPoint: 68
