%YAML:1.0
landmark: [ 1.18780067e+02, 2.00913406e+02, 1.22228767e+02,
    2.25338409e+02, 1.25805931e+02, 2.50243515e+02, 1.31391541e+02,
    2.76108765e+02, 1.41899872e+02, 2.99674896e+02, 1.65337540e+02,
    3.17074036e+02, 1.87307785e+02, 3.27264526e+02, 2.11431442e+02,
    3.35439636e+02, 2.33696609e+02, 3.37643890e+02, 2.48777893e+02,
    3.31550110e+02, 2.63259064e+02, 3.12515320e+02, 2.77195526e+02,
    2.93980865e+02, 2.87311615e+02, 2.74439758e+02, 2.91451630e+02,
    2.54472519e+02, 2.93779327e+02, 2.34624435e+02, 2.93697357e+02,
    2.15645386e+02, 2.93456909e+02, 1.96291550e+02, 1.55086472e+02,
    1.93515671e+02, 1.69315323e+02, 1.84028061e+02, 1.84960541e+02,
    1.78328751e+02, 2.01482361e+02, 1.77029083e+02, 2.19471283e+02,
    1.82098312e+02, 2.48317169e+02, 1.85280014e+02, 2.60049957e+02,
    1.76991592e+02, 2.72293854e+02, 1.72918976e+02, 2.84579651e+02,
    1.72337173e+02, 2.91968109e+02, 1.77950394e+02, 2.36509430e+02,
    2.03016556e+02, 2.40147522e+02, 2.19969376e+02, 2.44076309e+02,
    2.35454758e+02, 2.47653473e+02, 2.51704330e+02, 2.22944382e+02,
    2.56566132e+02, 2.33033554e+02, 2.60427399e+02, 2.43318726e+02,
    2.65052826e+02, 2.50757156e+02, 2.60745239e+02, 2.55673279e+02,
    2.53056503e+02, 1.80214386e+02, 2.06397720e+02, 1.90021454e+02,
    2.00114502e+02, 2.01154205e+02, 2.00052826e+02, 2.08987335e+02,
    2.05951401e+02, 1.99114868e+02, 2.08460052e+02, 1.89616089e+02,
    2.08695755e+02, 2.50791290e+02, 2.02851929e+02, 2.57764923e+02,
    1.94924454e+02, 2.67737854e+02, 1.94371704e+02, 2.76454285e+02,
    1.98990540e+02, 2.68984924e+02, 2.03108139e+02, 2.60553955e+02,
    2.03744476e+02, 1.89762558e+02, 2.75020142e+02, 2.06486359e+02,
    2.74278412e+02, 2.26123917e+02, 2.73990082e+02, 2.36255692e+02,
    2.74651917e+02, 2.45187546e+02, 2.73287994e+02, 2.53652603e+02,
    2.72587158e+02, 2.63720245e+02, 2.70584106e+02, 2.55588196e+02,
    2.92856293e+02, 2.47169403e+02, 2.99446503e+02, 2.36761459e+02,
    3.03143066e+02, 2.25178940e+02, 3.01738892e+02, 2.05221069e+02,
    2.92760742e+02, 1.93055618e+02, 2.75757141e+02, 2.25577255e+02,
    2.78912964e+02, 2.36150818e+02, 2.79371582e+02, 2.45146271e+02,
    2.77666718e+02, 2.56319275e+02, 2.75962585e+02, 2.46052216e+02,
    2.86561188e+02, 2.36555374e+02, 2.89739838e+02, 2.25642792e+02,
    2.90185608e+02 ]
noOfLandmarkPoint: 68
