%YAML:1.0
landmark: [ 3.34981903e+02, 2.40365723e+02, 3.25838837e+02,
    2.69444519e+02, 3.24641998e+02, 2.98976044e+02, 3.24491058e+02,
    3.32666718e+02, 3.22992371e+02, 3.68193024e+02, 3.25838837e+02,
    4.00721954e+02, 3.30857880e+02, 4.29498932e+02, 3.41092468e+02,
    4.50189240e+02, 3.58599396e+02, 4.58588196e+02, 3.83936676e+02,
    4.64210907e+02, 4.16177277e+02, 4.65354950e+02, 4.55821228e+02,
    4.57412598e+02, 4.90042847e+02, 4.47868622e+02, 5.20686523e+02,
    4.28524139e+02, 5.44814209e+02, 4.00566223e+02, 5.61644897e+02,
    3.66454102e+02, 5.76106567e+02, 3.27097565e+02, 3.42103302e+02,
    2.10195389e+02, 3.59936676e+02, 2.13564835e+02, 3.76514648e+02,
    2.24705521e+02, 3.93644104e+02, 2.36623901e+02, 4.11762970e+02,
    2.48909744e+02, 4.42768158e+02, 2.55503540e+02, 4.64388611e+02,
    2.55875595e+02, 4.87135712e+02, 2.57002228e+02, 5.09394928e+02,
    2.67121002e+02, 5.27530151e+02, 2.79900238e+02, 4.15356903e+02,
    2.69086731e+02, 4.04522034e+02, 2.92737488e+02, 3.93196045e+02,
    3.16398804e+02, 3.80449249e+02, 3.40570099e+02, 3.65489166e+02,
    3.37313721e+02, 3.70136169e+02, 3.50429871e+02, 3.81939667e+02,
    3.62082458e+02, 4.03152954e+02, 3.63395142e+02, 4.21439056e+02,
    3.64255035e+02, 3.50915924e+02, 2.48598694e+02, 3.68068909e+02,
    2.51716461e+02, 3.82381927e+02, 2.54678741e+02, 3.92927002e+02,
    2.62299377e+02, 3.76352051e+02, 2.62997009e+02, 3.60729401e+02,
    2.59450958e+02, 4.57384583e+02, 2.85052002e+02, 4.69895508e+02,
    2.87021637e+02, 4.82674744e+02, 2.93841217e+02, 4.91968719e+02,
    3.01973450e+02, 4.79725616e+02, 2.98297363e+02, 4.67930756e+02,
    2.93293579e+02, 3.47273254e+02, 3.67403351e+02, 3.61214233e+02,
    3.76430603e+02, 3.78071899e+02, 3.84562836e+02, 3.83775299e+02,
    3.89511658e+02, 3.92627014e+02, 3.92252777e+02, 4.10647583e+02,
    4.00743988e+02, 4.34997498e+02, 4.05182922e+02, 4.04953461e+02,
    4.19078308e+02, 3.82129059e+02, 4.14692810e+02, 3.73250702e+02,
    4.11069672e+02, 3.64945496e+02, 4.05518524e+02, 3.51920258e+02,
    3.86967010e+02, 3.52257202e+02, 3.71376434e+02, 3.74621765e+02,
    3.90185547e+02, 3.81249664e+02, 3.95379761e+02, 3.89292664e+02,
    3.98514282e+02, 4.29305450e+02, 4.04893311e+02, 3.89292664e+02,
    3.98514282e+02, 3.81249664e+02, 3.95379761e+02, 3.74621765e+02,
    3.90185547e+02 ]
noOfLandmarkPoint: 68
