%YAML:1.0
landmark: [ 3.66956299e+02, 1.99461166e+02, 3.64393219e+02,
    2.25092239e+02, 3.63111664e+02, 2.55849518e+02, 3.61653961e+02,
    2.78597687e+02, 3.63047943e+02, 3.04421112e+02, 3.67277283e+02,
    3.31141357e+02, 3.78234222e+02, 3.55410950e+02, 3.94631317e+02,
    3.72354034e+02, 4.21166260e+02, 3.84438232e+02, 4.48719666e+02,
    3.88074310e+02, 4.79733002e+02, 3.81826447e+02, 5.06004852e+02,
    3.67985443e+02, 5.30490906e+02, 3.54061432e+02, 5.51436279e+02,
    3.37243195e+02, 5.69378052e+02, 3.15584229e+02, 5.82513367e+02,
    2.89904480e+02, 5.92076355e+02, 2.60508698e+02, 3.82463593e+02,
    1.81070999e+02, 4.00746643e+02, 1.81142044e+02, 4.16772980e+02,
    1.85284058e+02, 4.36524872e+02, 1.93391693e+02, 4.56416626e+02,
    2.04046997e+02, 4.71426086e+02, 2.10556366e+02, 4.92869537e+02,
    2.06685837e+02, 5.14015137e+02, 2.08591934e+02, 5.35752869e+02,
    2.14711182e+02, 5.57058411e+02, 2.19949799e+02, 4.59596619e+02,
    2.27446762e+02, 4.54550354e+02, 2.44411713e+02, 4.47966461e+02,
    2.63811127e+02, 4.41286407e+02, 2.82762146e+02, 4.18859222e+02,
    2.82121368e+02, 4.26548553e+02, 2.90451447e+02, 4.36544891e+02,
    2.98493011e+02, 4.51907318e+02, 2.97307648e+02, 4.66356659e+02,
    2.95833740e+02, 3.99507294e+02, 2.07230438e+02, 4.13235901e+02,
    2.07502731e+02, 4.25859100e+02, 2.11251221e+02, 4.34141693e+02,
    2.21327515e+02, 4.20044586e+02, 2.23233627e+02, 4.05402924e+02,
    2.18043686e+02, 4.91443115e+02, 2.33213745e+02, 5.02416260e+02,
    2.28744537e+02, 5.15696472e+02, 2.34767609e+02, 5.23530640e+02,
    2.41191605e+02, 5.14238770e+02, 2.45132431e+02, 5.02047791e+02,
    2.44475433e+02, 4.01740967e+02, 3.14005066e+02, 4.15207275e+02,
    3.11204071e+02, 4.24386414e+02, 3.14054199e+02, 4.34848846e+02,
    3.21304565e+02, 4.49248016e+02, 3.21464813e+02, 4.64434326e+02,
    3.27504089e+02, 4.79332092e+02, 3.35033539e+02, 4.60752319e+02,
    3.48800720e+02, 4.41494995e+02, 3.49210571e+02, 4.26468597e+02,
    3.44645172e+02, 4.14373779e+02, 3.39150482e+02, 4.05675201e+02,
    3.28881836e+02, 4.05130615e+02, 3.15521698e+02, 4.21817871e+02,
    3.21708588e+02, 4.33228607e+02, 3.26238770e+02, 4.47149567e+02,
    3.28898071e+02, 4.74284241e+02, 3.34786346e+02, 4.47149567e+02,
    3.28898071e+02, 4.33228607e+02, 3.26238770e+02, 4.21817871e+02,
    3.21708588e+02 ]
noOfLandmarkPoint: 68
