%YAML:1.0
landmark: [ 4.21570770e+02, 3.43501099e+02, 4.07005127e+02,
    3.93127777e+02, 4.03495514e+02, 4.53905548e+02, 4.10618347e+02,
    5.07785156e+02, 4.34208527e+02, 5.66280823e+02, 4.77205048e+02,
    6.21439880e+02, 5.27281250e+02, 6.64462341e+02, 5.66465637e+02,
    6.89513428e+02, 6.07577698e+02, 6.91700439e+02, 6.34599609e+02,
    6.89824707e+02, 6.62823120e+02, 6.66122192e+02, 6.95731873e+02,
    6.24794006e+02, 7.27274780e+02, 5.80033997e+02, 7.46490967e+02,
    5.43339111e+02, 7.69095703e+02, 5.08623779e+02, 7.81327332e+02,
    4.79985474e+02, 7.86972046e+02, 4.33168060e+02, 4.86852081e+02,
    3.59544891e+02, 5.25733948e+02, 3.57617218e+02, 5.66707764e+02,
    3.56441620e+02, 5.99521362e+02, 3.69261047e+02, 6.29836792e+02,
    3.87137390e+02, 6.88704102e+02, 3.91883026e+02, 7.18716980e+02,
    3.80619568e+02, 7.46516907e+02, 3.71845642e+02, 7.80955688e+02,
    3.78104126e+02, 8.01580811e+02, 3.93136505e+02, 6.52579773e+02,
    4.32830841e+02, 6.51309082e+02, 4.67641266e+02, 6.51732666e+02,
    5.02996307e+02, 6.51637573e+02, 5.38187134e+02, 6.07491333e+02,
    5.46649780e+02, 6.23975952e+02, 5.52389587e+02, 6.38204346e+02,
    5.60247253e+02, 6.53305908e+02, 5.57048889e+02, 6.66877380e+02,
    5.48767639e+02, 5.20279480e+02, 4.02515472e+02, 5.41561584e+02,
    3.91485413e+02, 5.75386597e+02, 3.97648773e+02, 5.92458984e+02,
    4.23097443e+02, 5.67762329e+02, 4.29329956e+02, 5.37420959e+02,
    4.25284454e+02, 6.84753723e+02, 4.29753540e+02, 7.08724243e+02,
    4.06301636e+02, 7.38546936e+02, 4.07926788e+02, 7.52066528e+02,
    4.26131592e+02, 7.37604675e+02, 4.43394165e+02, 7.13781128e+02,
    4.43515198e+02, 5.52072998e+02, 5.97478027e+02, 5.93167847e+02,
    5.95031738e+02, 6.19697021e+02, 5.90986206e+02, 6.31055542e+02,
    5.97573120e+02, 6.45897766e+02, 5.91409790e+02, 6.63609863e+02,
    5.99267395e+02, 6.77648071e+02, 6.03641418e+02, 6.61725403e+02,
    6.17377136e+02, 6.45283997e+02, 6.33299866e+02, 6.30588806e+02,
    6.33464111e+02, 6.14882263e+02, 6.32055115e+02, 5.88396240e+02,
    6.23825806e+02, 5.63388367e+02, 5.98817871e+02, 6.17086487e+02,
    6.09541077e+02, 6.29822693e+02, 6.10552429e+02, 6.45734619e+02,
    6.08182861e+02, 6.69980652e+02, 6.05240601e+02, 6.45734619e+02,
    6.08182861e+02, 6.29822693e+02, 6.10552429e+02, 6.17086487e+02,
    6.09541077e+02 ]
noOfLandmarkPoint: 68
