%YAML:1.0
landmark: [ 1.58562927e+02, 1.25009239e+02, 1.59640457e+02,
    1.39336014e+02, 1.61488678e+02, 1.53782822e+02, 1.63017853e+02,
    1.68109528e+02, 1.67619339e+02, 1.82156097e+02, 1.75360504e+02,
    1.95263199e+02, 1.85921509e+02, 2.06786530e+02, 1.99303253e+02,
    2.18269073e+02, 2.16162201e+02, 2.20303406e+02, 2.32045410e+02,
    2.19424942e+02, 2.46854172e+02, 2.08393860e+02, 2.59345978e+02,
    1.97635422e+02, 2.68362885e+02, 1.85289948e+02, 2.71845978e+02,
    1.68297867e+02, 2.73098267e+02, 1.52582108e+02, 2.75293640e+02,
    1.37426453e+02, 2.76995148e+02, 1.22437538e+02, 1.64941025e+02,
    1.15819305e+02, 1.72763458e+02, 1.07911308e+02, 1.84138123e+02,
    1.05637398e+02, 1.94413010e+02, 1.08086395e+02, 2.04492401e+02,
    1.13074562e+02, 2.25212448e+02, 1.13927231e+02, 2.38125641e+02,
    1.08997437e+02, 2.48992233e+02, 1.06889534e+02, 2.60654236e+02,
    1.08827179e+02, 2.68521057e+02, 1.15202545e+02, 2.16719635e+02,
    1.21709084e+02, 2.16715439e+02, 1.32272491e+02, 2.15858093e+02,
    1.43127609e+02, 2.15393692e+02, 1.54616699e+02, 2.05202164e+02,
    1.60231659e+02, 2.10555038e+02, 1.63020798e+02, 2.16591537e+02,
    1.65666962e+02, 2.22122025e+02, 1.63243073e+02, 2.27158371e+02,
    1.60977814e+02, 1.78025620e+02, 1.24989929e+02, 1.84389969e+02,
    1.20351524e+02, 1.94040741e+02, 1.20408920e+02, 2.01455856e+02,
    1.27145996e+02, 1.93334061e+02, 1.28702957e+02, 1.84643112e+02,
    1.28125961e+02, 2.31596893e+02, 1.26777153e+02, 2.36854919e+02,
    1.20772499e+02, 2.47320267e+02, 1.20248268e+02, 2.53658844e+02,
    1.24752373e+02, 2.48629532e+02, 1.28445755e+02, 2.40129578e+02,
    1.28685104e+02, 1.94225906e+02, 1.82508499e+02, 2.03234955e+02,
    1.77720810e+02, 2.10785141e+02, 1.74787430e+02, 2.16564087e+02,
    1.77126923e+02, 2.23312088e+02, 1.74927994e+02, 2.32581268e+02,
    1.77662384e+02, 2.40888229e+02, 1.81150284e+02, 2.32983322e+02,
    1.89558640e+02, 2.24076157e+02, 1.93560196e+02, 2.16602127e+02,
    1.94221237e+02, 2.10931213e+02, 1.93669403e+02, 2.02839508e+02,
    1.90884827e+02, 1.99276596e+02, 1.83510620e+02, 2.10976318e+02,
    1.79696762e+02, 2.16784393e+02, 1.80140854e+02, 2.23705139e+02,
    1.79365479e+02, 2.34626389e+02, 1.82127609e+02, 2.23856796e+02,
    1.85072159e+02, 2.16623871e+02, 1.85346710e+02, 2.10805435e+02,
    1.85848648e+02 ]
noOfLandmarkPoint: 68
