%YAML:1.0
landmark: [ 1.86007050e+02, 3.48251953e+02, 1.80223587e+02,
    3.85160217e+02, 1.86234161e+02, 4.21711182e+02, 2.00302246e+02,
    4.61738281e+02, 2.16221954e+02, 4.95689728e+02, 2.35878189e+02,
    5.24475403e+02, 2.53975021e+02, 5.54658447e+02, 2.70543213e+02,
    5.84756897e+02, 3.14471344e+02, 6.01801331e+02, 3.59176727e+02,
    5.97123047e+02, 4.05604980e+02, 5.75127686e+02, 4.44657104e+02,
    5.45074829e+02, 4.78835663e+02, 5.12812988e+02, 5.04210266e+02,
    4.77562500e+02, 5.11065643e+02, 4.20477234e+02, 5.07816620e+02,
    3.63814362e+02, 5.02682678e+02, 3.11667725e+02, 1.80322861e+02,
    2.86064087e+02, 1.96151047e+02, 2.77231018e+02, 2.14909119e+02,
    2.74625214e+02, 2.35115555e+02, 2.76202911e+02, 2.48289917e+02,
    2.88536774e+02, 3.17849152e+02, 2.78009949e+02, 3.48097321e+02,
    2.67613312e+02, 3.78637695e+02, 2.63357452e+02, 4.11647400e+02,
    2.68588318e+02, 4.40855469e+02, 2.89608704e+02, 2.85374329e+02,
    3.21534821e+02, 2.82829254e+02, 3.52348236e+02, 2.80646912e+02,
    3.81919678e+02, 2.78281952e+02, 4.10951263e+02, 2.54950012e+02,
    4.28274353e+02, 2.70285309e+02, 4.34707336e+02, 2.87894623e+02,
    4.42050201e+02, 3.11579620e+02, 4.31035889e+02, 3.32633270e+02,
    4.24960205e+02, 2.05753433e+02, 3.39762177e+02, 2.18625992e+02,
    3.27843842e+02, 2.38707260e+02, 3.27514160e+02, 2.55163483e+02,
    3.37845764e+02, 2.36531128e+02, 3.43152588e+02, 2.18408997e+02,
    3.44955048e+02, 3.37473572e+02, 3.34086945e+02, 3.57552216e+02,
    3.19661560e+02, 3.80262207e+02, 3.17679749e+02, 3.99983551e+02,
    3.28076385e+02, 3.83219025e+02, 3.38668304e+02, 3.60443939e+02,
    3.38538116e+02, 2.39972046e+02, 4.82239319e+02, 2.50011368e+02,
    4.71193176e+02, 2.70078094e+02, 4.67937531e+02, 2.89206818e+02,
    4.72191010e+02, 3.10590240e+02, 4.67288544e+02, 3.46682343e+02,
    4.69678711e+02, 3.73420959e+02, 4.75400269e+02, 3.51032074e+02,
    4.99252106e+02, 3.16250000e+02, 5.21431274e+02, 2.89252411e+02,
    5.21776978e+02, 2.70914948e+02, 5.19188965e+02, 2.49612579e+02,
    4.88290955e+02, 2.55412338e+02, 4.88592224e+02, 2.70901550e+02,
    4.87762421e+02, 2.89420776e+02, 4.91564056e+02, 3.13889526e+02,
    4.84910706e+02, 3.64186981e+02, 4.80425140e+02, 3.13889526e+02,
    4.90384399e+02, 2.89420776e+02, 4.91564056e+02, 2.70901550e+02,
    4.87762421e+02 ]
noOfLandmarkPoint: 68
