%YAML:1.0
landmark: [ 4.19936981e+02, 3.32929749e+02, 4.05809418e+02,
    3.81726471e+02, 4.01257141e+02, 4.38121857e+02, 4.04492920e+02,
    4.92020844e+02, 4.30844116e+02, 5.60375366e+02, 4.67303619e+02,
    6.11289246e+02, 5.12203674e+02, 6.54072144e+02, 5.65949768e+02,
    6.88898804e+02, 6.08293701e+02, 6.92643433e+02, 6.44032776e+02,
    6.87085815e+02, 6.69782532e+02, 6.57535339e+02, 7.05504333e+02,
    6.11998962e+02, 7.26586243e+02, 5.75516785e+02, 7.52285278e+02,
    5.30543396e+02, 7.77984375e+02, 4.76391785e+02, 7.83491333e+02,
    4.38760986e+02, 7.90833923e+02, 4.05719330e+02, 4.85825195e+02,
    3.60282288e+02, 5.26209412e+02, 3.54493073e+02, 5.64956421e+02,
    3.54372375e+02, 6.00739807e+02, 3.70366516e+02, 6.32511963e+02,
    3.90922699e+02, 6.89543274e+02, 3.92646851e+02, 7.17802917e+02,
    3.80283783e+02, 7.47628784e+02, 3.71045868e+02, 7.81084229e+02,
    3.78803192e+02, 8.02104248e+02, 3.91482361e+02, 6.56468689e+02,
    4.20885132e+02, 6.54094482e+02, 4.60379486e+02, 6.53526672e+02,
    4.97477600e+02, 6.52170837e+02, 5.36648682e+02, 6.04515625e+02,
    5.46146423e+02, 6.22207764e+02, 5.50251282e+02, 6.40181335e+02,
    5.60476746e+02, 6.56471375e+02, 5.53184875e+02, 6.71286011e+02,
    5.45228577e+02, 5.22344849e+02, 4.02511047e+02, 5.45375244e+02,
    3.93644531e+02, 5.75221313e+02, 3.96928497e+02, 5.91564697e+02,
    4.23005920e+02, 5.68033447e+02, 4.28946411e+02, 5.38685120e+02,
    4.23732635e+02, 6.84086121e+02, 4.29455750e+02, 7.10956909e+02,
    4.07058228e+02, 7.39299194e+02, 4.09515137e+02, 7.56460815e+02,
    4.22430023e+02, 7.37590210e+02, 4.38321320e+02, 7.10881836e+02,
    4.39577423e+02, 5.52628662e+02, 5.95932434e+02, 5.88687195e+02,
    5.95889038e+02, 6.20022644e+02, 5.90534180e+02, 6.33798706e+02,
    5.96203430e+02, 6.45586914e+02, 5.91018433e+02, 6.62591980e+02,
    5.98974670e+02, 6.79063416e+02, 6.03009888e+02, 6.65066101e+02,
    6.11279846e+02, 6.49350342e+02, 6.31339050e+02, 6.31466431e+02,
    6.33020020e+02, 6.14078613e+02, 6.31239990e+02, 5.84737183e+02,
    6.22539673e+02, 5.60669373e+02, 5.99029846e+02, 6.17449280e+02,
    6.09453613e+02, 6.32084717e+02, 6.09369263e+02, 6.47884155e+02,
    6.06390625e+02, 6.69348938e+02, 6.04836487e+02, 6.47884155e+02,
    6.06390625e+02, 6.32084717e+02, 6.09369263e+02, 6.17449280e+02,
    6.09453613e+02 ]
noOfLandmarkPoint: 68
