%YAML:1.0
landmark: [ 2.57322662e+02, 1.37212387e+02, 2.58054993e+02,
    1.52268433e+02, 2.59734924e+02, 1.66806244e+02, 2.63007874e+02,
    1.80891495e+02, 2.68235901e+02, 1.94520050e+02, 2.76691956e+02,
    2.07998749e+02, 2.87683136e+02, 2.20353622e+02, 2.99709717e+02,
    2.29396729e+02, 3.18294891e+02, 2.31913406e+02, 3.33866211e+02,
    2.30411682e+02, 3.46993378e+02, 2.21106155e+02, 3.57215485e+02,
    2.10133194e+02, 3.66153351e+02, 1.95815018e+02, 3.70768005e+02,
    1.78162384e+02, 3.71953339e+02, 1.62663208e+02, 3.71744324e+02,
    1.48618622e+02, 3.72619781e+02, 1.36288177e+02, 2.65477783e+02,
    1.28725494e+02, 2.72288452e+02, 1.21116577e+02, 2.84172577e+02,
    1.18836678e+02, 2.95670868e+02, 1.21505219e+02, 3.06024933e+02,
    1.24796837e+02, 3.23626007e+02, 1.22550949e+02, 3.33969299e+02,
    1.18331657e+02, 3.43659149e+02, 1.17025108e+02, 3.54578857e+02,
    1.19044792e+02, 3.61224823e+02, 1.24907127e+02, 3.12794647e+02,
    1.35088486e+02, 3.13411682e+02, 1.47055527e+02, 3.13888092e+02,
    1.59266113e+02, 3.14706268e+02, 1.70653336e+02, 3.03185516e+02,
    1.74066162e+02, 3.08920105e+02, 1.76079544e+02, 3.15182678e+02,
    1.78389816e+02, 3.22240784e+02, 1.75489929e+02, 3.27931824e+02,
    1.71569901e+02, 2.77954041e+02, 1.36707413e+02, 2.83454041e+02,
    1.32316544e+02, 2.91118958e+02, 1.31553940e+02, 2.98442169e+02,
    1.36440170e+02, 2.91651489e+02, 1.38801941e+02, 2.84503082e+02,
    1.39364212e+02, 3.29666382e+02, 1.33986374e+02, 3.35590668e+02,
    1.29482574e+02, 3.43763184e+02, 1.30918243e+02, 3.50007690e+02,
    1.34520569e+02, 3.44161041e+02, 1.37931610e+02, 3.36870850e+02,
    1.37022202e+02, 2.91289703e+02, 1.89197067e+02, 2.98965881e+02,
    1.86654907e+02, 3.06376465e+02, 1.85452896e+02, 3.13910706e+02,
    1.87935532e+02, 3.22248718e+02, 1.85721649e+02, 3.30736237e+02,
    1.85038834e+02, 3.40296478e+02, 1.83714371e+02, 3.30566681e+02,
    1.94120132e+02, 3.23832581e+02, 1.99026901e+02, 3.14574890e+02,
    2.00688354e+02, 3.06243225e+02, 1.99511658e+02, 2.99096161e+02,
    1.95295563e+02, 2.95655060e+02, 1.90424332e+02, 3.05882324e+02,
    1.91615356e+02, 3.13820770e+02, 1.91340912e+02, 3.22613647e+02,
    1.90217209e+02, 3.37140381e+02, 1.86158081e+02, 3.22613647e+02,
    1.90217209e+02, 3.13820770e+02, 1.91340912e+02, 3.05882324e+02,
    1.91615356e+02 ]
noOfLandmarkPoint: 68
