%YAML:1.0
landmark: [ 2.30597931e+02, 1.42943497e+02, 2.29302307e+02,
    1.57050186e+02, 2.30550552e+02, 1.71845078e+02, 2.33411453e+02,
    1.87348404e+02, 2.37005630e+02, 2.00038208e+02, 2.43098221e+02,
    2.13319153e+02, 2.50278290e+02, 2.26134537e+02, 2.58475739e+02,
    2.37640594e+02, 2.74988220e+02, 2.42073578e+02, 2.91209351e+02,
    2.41907623e+02, 3.10258850e+02, 2.37464203e+02, 3.28171753e+02,
    2.27697525e+02, 3.43067810e+02, 2.15419937e+02, 3.52561218e+02,
    1.98082230e+02, 3.58527008e+02, 1.79435638e+02, 3.61426056e+02,
    1.59791214e+02, 3.63217041e+02, 1.41243347e+02, 2.31743225e+02,
    1.21096840e+02, 2.38288666e+02, 1.16176674e+02, 2.46144241e+02,
    1.14869118e+02, 2.53890533e+02, 1.16794533e+02, 2.62121765e+02,
    1.19891960e+02, 2.80684601e+02, 1.21844582e+02, 2.94020233e+02,
    1.16999756e+02, 3.07144287e+02, 1.15549744e+02, 3.22231354e+02,
    1.17620865e+02, 3.36754852e+02, 1.24350739e+02, 2.71836517e+02,
    1.34166779e+02, 2.70197601e+02, 1.43302277e+02, 2.67790222e+02,
    1.52798935e+02, 2.65119232e+02, 1.63391769e+02, 2.58731995e+02,
    1.75667816e+02, 2.64273071e+02, 1.79182327e+02, 2.69956177e+02,
    1.81392212e+02, 2.77479462e+02, 1.79348114e+02, 2.84240356e+02,
    1.75881866e+02, 2.40093994e+02, 1.36472214e+02, 2.46648575e+02,
    1.30061523e+02, 2.56470886e+02, 1.31107391e+02, 2.63394257e+02,
    1.39855728e+02, 2.54053436e+02, 1.40364594e+02, 2.44853012e+02,
    1.39907181e+02, 2.93801788e+02, 1.40018661e+02, 2.99925537e+02,
    1.33215744e+02, 3.09222321e+02, 1.31113495e+02, 3.19267883e+02,
    1.38702530e+02, 3.11535767e+02, 1.40026947e+02, 3.02755280e+02,
    1.40704559e+02, 2.50777542e+02, 1.94659454e+02, 2.57977264e+02,
    1.91178024e+02, 2.64294586e+02, 1.89797272e+02, 2.70389740e+02,
    1.91721375e+02, 2.77410187e+02, 1.89424820e+02, 2.90226105e+02,
    1.92523727e+02, 3.04538422e+02, 1.97047516e+02, 2.90318115e+02,
    2.03690613e+02, 2.78130890e+02, 2.06719345e+02, 2.70464111e+02,
    2.07166626e+02, 2.63707520e+02, 2.05672302e+02, 2.57480225e+02,
    2.02265045e+02, 2.55188614e+02, 1.96452316e+02, 2.64024658e+02,
    1.94572937e+02, 2.70469147e+02, 1.95287964e+02, 2.77599976e+02,
    1.94526749e+02, 2.92353394e+02, 1.97568588e+02, 2.77599976e+02,
    1.98765854e+02, 2.70492615e+02, 1.99273605e+02, 2.64141907e+02,
    1.98420425e+02 ]
noOfLandmarkPoint: 68
