%YAML:1.0
landmark: [ 8.78808670e+01, 1.66724289e+02, 8.85588074e+01,
    1.87615097e+02, 9.06221390e+01, 2.09434402e+02, 9.87275391e+01,
    2.29444687e+02, 1.08829575e+02, 2.50348511e+02, 1.17126534e+02,
    2.69957214e+02, 1.29850067e+02, 2.84240082e+02, 1.45230316e+02,
    2.92917053e+02, 1.65308395e+02, 2.98057007e+02, 1.85382523e+02,
    2.91353729e+02, 2.02772156e+02, 2.79988312e+02, 2.15929886e+02,
    2.63024933e+02, 2.25964966e+02, 2.43842987e+02, 2.34006516e+02,
    2.21052628e+02, 2.38704361e+02, 1.98519058e+02, 2.40038666e+02,
    1.77809525e+02, 2.39126648e+02, 1.58635513e+02, 9.32546768e+01,
    1.56902740e+02, 9.92828674e+01, 1.42157913e+02, 1.12902557e+02,
    1.32999146e+02, 1.28077606e+02, 1.36350784e+02, 1.40785263e+02,
    1.42592102e+02, 1.76891769e+02, 1.41767990e+02, 1.91612061e+02,
    1.30703766e+02, 2.07477692e+02, 1.27055550e+02, 2.19461975e+02,
    1.34609985e+02, 2.25542679e+02, 1.45075363e+02, 1.60652008e+02,
    1.56099625e+02, 1.61107422e+02, 1.70203857e+02, 1.61536499e+02,
    1.83795593e+02, 1.61600006e+02, 1.98894302e+02, 1.45072800e+02,
    2.09519165e+02, 1.52999115e+02, 2.11678146e+02, 1.60682449e+02,
    2.14408508e+02, 1.69808105e+02, 2.11344147e+02, 1.78005753e+02,
    2.08910919e+02, 1.10868774e+02, 1.65819855e+02, 1.19534485e+02,
    1.58422012e+02, 1.30071136e+02, 1.58201340e+02, 1.39873245e+02,
    1.63767563e+02, 1.30284256e+02, 1.68453506e+02, 1.18231842e+02,
    1.70016815e+02, 1.81138702e+02, 1.62658279e+02, 1.90141510e+02,
    1.55363831e+02, 2.01775726e+02, 1.55052505e+02, 2.11235992e+02,
    1.61537094e+02, 2.03238098e+02, 1.65772980e+02, 1.91631775e+02,
    1.65559860e+02, 1.30489441e+02, 2.48070938e+02, 1.41910416e+02,
    2.40270294e+02, 1.52166550e+02, 2.36492401e+02, 1.60618484e+02,
    2.38955826e+02, 1.70854782e+02, 2.36950394e+02, 1.81114883e+02,
    2.39848007e+02, 1.91615906e+02, 2.45181274e+02, 1.81525269e+02,
    2.60163025e+02, 1.71948181e+02, 2.63253937e+02, 1.61253891e+02,
    2.65050201e+02, 1.51471619e+02, 2.64161987e+02, 1.42246414e+02,
    2.60888947e+02, 1.34512207e+02, 2.48746033e+02, 1.52146713e+02,
    2.49429062e+02, 1.61269760e+02, 2.49643295e+02, 1.70684799e+02,
    2.47704575e+02, 1.86708893e+02, 2.46073456e+02, 1.70684799e+02,
    2.47704575e+02, 1.61269760e+02, 2.49643295e+02, 1.52146713e+02,
    2.49429062e+02 ]
noOfLandmarkPoint: 68
