%YAML:1.0
landmark: [ 1.52576950e+02, 1.44536758e+02, 1.56078491e+02,
    1.63292755e+02, 1.62855026e+02, 1.82001144e+02, 1.66656677e+02,
    2.03376373e+02, 1.73785858e+02, 2.26502518e+02, 1.88603409e+02,
    2.44294968e+02, 2.04600372e+02, 2.59067932e+02, 2.22040176e+02,
    2.70610748e+02, 2.46787552e+02, 2.71401123e+02, 2.69123322e+02,
    2.62127899e+02, 2.88800446e+02, 2.48007431e+02, 3.05194641e+02,
    2.27544022e+02, 3.13101868e+02, 2.07218506e+02, 3.12607910e+02,
    1.85271912e+02, 3.12347198e+02, 1.64242493e+02, 3.10238770e+02,
    1.44146790e+02, 3.09884766e+02, 1.25987572e+02, 1.66510345e+02,
    1.33332611e+02, 1.75956940e+02, 1.23462524e+02, 1.88195282e+02,
    1.20199043e+02, 1.99499557e+02, 1.21812202e+02, 2.11656723e+02,
    1.22860909e+02, 2.39201599e+02, 1.19819298e+02, 2.54335068e+02,
    1.12682419e+02, 2.66829590e+02, 1.08306374e+02, 2.81086853e+02,
    1.10426247e+02, 2.92091644e+02, 1.18962860e+02, 2.29600159e+02,
    1.35990585e+02, 2.31605591e+02, 1.51005447e+02, 2.34050797e+02,
    1.65388245e+02, 2.36483063e+02, 1.81626724e+02, 2.20869003e+02,
    1.88254883e+02, 2.28319336e+02, 1.90629990e+02, 2.37767929e+02,
    1.92370270e+02, 2.45606766e+02, 1.86940933e+02, 2.51723984e+02,
    1.81433746e+02, 1.80427856e+02, 1.42765320e+02, 1.90786682e+02,
    1.36686615e+02, 2.01714554e+02, 1.36320557e+02, 2.10917313e+02,
    1.42517776e+02, 2.02518127e+02, 1.46353683e+02, 1.89886337e+02,
    1.47174927e+02, 2.50719604e+02, 1.37066940e+02, 2.57873352e+02,
    1.29263306e+02, 2.69500519e+02, 1.26428131e+02, 2.77616119e+02,
    1.30299988e+02, 2.71986084e+02, 1.35979492e+02, 2.61226532e+02,
    1.37684753e+02, 2.00186722e+02, 2.05739273e+02, 2.11374557e+02,
    2.00318069e+02, 2.25705887e+02, 2.01032471e+02, 2.37975708e+02,
    2.03520508e+02, 2.49348358e+02, 1.99317078e+02, 2.63445190e+02,
    1.95201584e+02, 2.78343719e+02, 1.95947357e+02, 2.66539215e+02,
    2.19015030e+02, 2.51779846e+02, 2.27909882e+02, 2.39536285e+02,
    2.29701904e+02, 2.25788956e+02, 2.28770538e+02, 2.10973221e+02,
    2.22395706e+02, 2.05082687e+02, 2.07226730e+02, 2.26058670e+02,
    2.06152542e+02, 2.38574051e+02, 2.07656769e+02, 2.49603470e+02,
    2.03981964e+02, 2.74890625e+02, 1.99141113e+02, 2.50900558e+02,
    2.19145294e+02, 2.38667191e+02, 2.21536713e+02, 2.25611374e+02,
    2.21014496e+02 ]
noOfLandmarkPoint: 68
