%YAML:1.0
landmark: [ 1.77728699e+02, 1.82881073e+02, 1.79487747e+02,
    2.09709015e+02, 1.82506973e+02, 2.37252945e+02, 1.88352173e+02,
    2.66556305e+02, 1.95575150e+02, 2.94479919e+02, 2.04295944e+02,
    3.19473755e+02, 2.18498672e+02, 3.42675537e+02, 2.36549194e+02,
    3.59334747e+02, 2.65354004e+02, 3.67736115e+02, 2.91962219e+02,
    3.63109802e+02, 3.18723663e+02, 3.47128906e+02, 3.35722809e+02,
    3.24141479e+02, 3.50226288e+02, 2.99362946e+02, 3.60903076e+02,
    2.70070404e+02, 3.65264893e+02, 2.41949234e+02, 3.66891632e+02,
    2.16173569e+02, 3.68257751e+02, 1.93459427e+02, 1.87828156e+02,
    1.76991653e+02, 2.00807907e+02, 1.63373276e+02, 2.18617355e+02,
    1.63575012e+02, 2.35852570e+02, 1.69980499e+02, 2.49849579e+02,
    1.78981033e+02, 2.78859497e+02, 1.75839462e+02, 2.95788452e+02,
    1.70952362e+02, 3.13303406e+02, 1.69247635e+02, 3.30028107e+02,
    1.72745148e+02, 3.42763611e+02, 1.82175385e+02, 2.62856415e+02,
    1.89976669e+02, 2.61463348e+02, 2.11203476e+02, 2.60213104e+02,
    2.34866928e+02, 2.59621979e+02, 2.55426910e+02, 2.44394196e+02,
    2.62781586e+02, 2.53049149e+02, 2.65906158e+02, 2.60927612e+02,
    2.69200317e+02, 2.72770416e+02, 2.65579712e+02, 2.80712158e+02,
    2.60046539e+02, 2.08266510e+02, 1.88869064e+02, 2.17177475e+02,
    1.81988907e+02, 2.26347366e+02, 1.83810349e+02, 2.36365143e+02,
    1.91114014e+02, 2.26390137e+02, 1.95302872e+02, 2.15191605e+02,
    1.93189041e+02, 2.92548340e+02, 1.94725540e+02, 3.02021606e+02,
    1.87257095e+02, 3.13240692e+02, 1.87746140e+02, 3.21402466e+02,
    1.94171982e+02, 3.13899750e+02, 1.97992294e+02, 3.01533264e+02,
    1.97190231e+02, 2.31894730e+02, 2.96769226e+02, 2.41266830e+02,
    2.91094757e+02, 2.54810364e+02, 2.88425537e+02, 2.64963165e+02,
    2.90312897e+02, 2.74786682e+02, 2.88359680e+02, 2.87156067e+02,
    2.91094757e+02, 2.95181671e+02, 2.96742767e+02, 2.87775146e+02,
    3.08230408e+02, 2.75790771e+02, 3.11154358e+02, 2.64441681e+02,
    3.12076721e+02, 2.54283905e+02, 3.11573517e+02, 2.41349411e+02,
    3.05960846e+02, 2.35997070e+02, 2.96888519e+02, 2.54549759e+02,
    2.99947235e+02, 2.65307709e+02, 3.00608643e+02, 2.75573334e+02,
    2.99587067e+02, 2.92099365e+02, 2.97996826e+02, 2.75573334e+02,
    2.99587067e+02, 2.65307709e+02, 3.00608643e+02, 2.54549759e+02,
    2.99947235e+02 ]
noOfLandmarkPoint: 68
