%YAML:1.0
landmark: [ 8.65826187e+01, 1.54416763e+02, 8.68730011e+01,
    1.76609406e+02, 8.92187119e+01, 2.00933548e+02, 9.33621140e+01,
    2.28530380e+02, 1.02306648e+02, 2.42880844e+02, 1.20142075e+02,
    2.57796326e+02, 1.41574036e+02, 2.72857574e+02, 1.64424042e+02,
    2.83370270e+02, 1.80911957e+02, 2.85276093e+02, 1.96873840e+02,
    2.79002563e+02, 2.09185638e+02, 2.66093628e+02, 2.22114914e+02,
    2.52884842e+02, 2.32819504e+02, 2.37199982e+02, 2.39080902e+02,
    2.24493271e+02, 2.43095932e+02, 2.05055038e+02, 2.46936462e+02,
    1.84037827e+02, 2.47876190e+02, 1.61837067e+02, 1.16016083e+02,
    1.35970688e+02, 1.31288269e+02, 1.28721634e+02, 1.46895111e+02,
    1.30200241e+02, 1.62925125e+02, 1.33847595e+02, 1.75364426e+02,
    1.44328812e+02, 1.95777649e+02, 1.41665100e+02, 2.11332153e+02,
    1.35081177e+02, 2.27087753e+02, 1.34421371e+02, 2.40365784e+02,
    1.34831421e+02, 2.43166565e+02, 1.45429077e+02, 1.86178665e+02,
    1.55975143e+02, 1.86840836e+02, 1.72776627e+02, 1.87214279e+02,
    1.89004791e+02, 1.87162460e+02, 2.04968491e+02, 1.66660538e+02,
    2.08048004e+02, 1.74626511e+02, 2.12080017e+02, 1.83599457e+02,
    2.16969849e+02, 1.91181946e+02, 2.13033401e+02, 1.99028915e+02,
    2.09257782e+02, 1.32871292e+02, 1.57558350e+02, 1.42351379e+02,
    1.53748062e+02, 1.52828506e+02, 1.55313950e+02, 1.59797775e+02,
    1.60907333e+02, 1.51246140e+02, 1.61869797e+02, 1.40842789e+02,
    1.61502213e+02, 2.03315765e+02, 1.63840073e+02, 2.12929398e+02,
    1.58251602e+02, 2.22915161e+02, 1.57856110e+02, 2.29518448e+02,
    1.63493011e+02, 2.22708862e+02, 1.65094498e+02, 2.13096100e+02,
    1.65287018e+02, 1.47356857e+02, 2.34002045e+02, 1.57772614e+02,
    2.30795593e+02, 1.72420395e+02, 2.27487717e+02, 1.79161224e+02,
    2.29524094e+02, 1.87618378e+02, 2.27574478e+02, 1.95596817e+02,
    2.29042175e+02, 2.05597122e+02, 2.32862946e+02, 1.96047989e+02,
    2.46021667e+02, 1.87869049e+02, 2.49564926e+02, 1.79358994e+02,
    2.51655396e+02, 1.72394989e+02, 2.50263565e+02, 1.56990448e+02,
    2.43361603e+02, 1.49970245e+02, 2.34429306e+02, 1.72628922e+02,
    2.31976868e+02, 1.79224548e+02, 2.32704727e+02, 1.87938873e+02,
    2.32413696e+02, 2.00127869e+02, 2.33913498e+02, 1.87605042e+02,
    2.40727203e+02, 1.78954361e+02, 2.41145493e+02, 1.72231476e+02,
    2.40961578e+02 ]
noOfLandmarkPoint: 68
