%YAML:1.0
landmark: [ 1.70101685e+02, 1.06870804e+02, 1.70590973e+02,
    1.22762741e+02, 1.75166519e+02, 1.39317978e+02, 1.80300964e+02,
    1.56013107e+02, 1.86867096e+02, 1.72288574e+02, 1.95109924e+02,
    1.87935532e+02, 2.05343323e+02, 2.00858307e+02, 2.20131897e+02,
    2.15204407e+02, 2.38564285e+02, 2.19233963e+02, 2.58996582e+02,
    2.14058365e+02, 2.78019165e+02, 2.00094437e+02, 2.90321442e+02,
    1.83180496e+02, 2.97637451e+02, 1.66540390e+02, 3.03645325e+02,
    1.45889084e+02, 3.07224243e+02, 1.25871117e+02, 3.06910339e+02,
    1.06626503e+02, 3.05897644e+02, 8.54267731e+01, 1.67485016e+02,
    8.79330444e+01, 1.74032120e+02, 8.14774475e+01, 1.83937241e+02,
    8.04635696e+01, 1.93640167e+02, 8.08737030e+01, 2.03291672e+02,
    8.24679031e+01, 2.35317047e+02, 7.67322845e+01, 2.48985031e+02,
    7.20225067e+01, 2.60792786e+02, 6.96148376e+01, 2.73355255e+02,
    6.89303131e+01, 2.84450958e+02, 7.51412048e+01, 2.20218689e+02,
    9.61883698e+01, 2.20640884e+02, 1.10676620e+02, 2.21478897e+02,
    1.24996300e+02, 2.21968170e+02, 1.39036865e+02, 2.08486496e+02,
    1.43438385e+02, 2.15506454e+02, 1.47594254e+02, 2.24203735e+02,
    1.51750137e+02, 2.33436386e+02, 1.45673737e+02, 2.41951904e+02,
    1.41210876e+02, 1.81418945e+02, 1.02165482e+02, 1.87530121e+02,
    9.80982971e+01, 1.95259186e+02, 9.75104065e+01, 2.02990311e+02,
    1.00503731e+02, 1.96410172e+02, 1.04000092e+02, 1.88700562e+02,
    1.04632050e+02, 2.45289062e+02, 9.47838440e+01, 2.52455917e+02,
    9.01884232e+01, 2.59642578e+02, 8.89882278e+01, 2.65869049e+02,
    9.12500153e+01, 2.60335144e+02, 9.48117599e+01, 2.53351242e+02,
    9.57225876e+01, 2.09176605e+02, 1.66647827e+02, 2.19145584e+02,
    1.68071442e+02, 2.25180969e+02, 1.67851578e+02, 2.31154083e+02,
    1.68026276e+02, 2.38279785e+02, 1.66489487e+02, 2.48973358e+02,
    1.66084183e+02, 2.62366669e+02, 1.63693344e+02, 2.50818359e+02,
    1.74522125e+02, 2.39999268e+02, 1.78782501e+02, 2.32298782e+02,
    1.80092667e+02, 2.26052872e+02, 1.79511032e+02, 2.19171402e+02,
    1.77129898e+02, 2.12607574e+02, 1.68411133e+02, 2.25572647e+02,
    1.70359894e+02, 2.31363586e+02, 1.70052338e+02, 2.38356415e+02,
    1.68875305e+02, 2.57527740e+02, 1.66102936e+02, 2.39222870e+02,
    1.73125900e+02, 2.31712967e+02, 1.73684799e+02, 2.25774658e+02,
    1.72986008e+02 ]
noOfLandmarkPoint: 68
