%YAML:1.0
landmark: [ 1.68162491e+02, 1.96564545e+02, 1.70671310e+02,
    2.28785339e+02, 1.75976395e+02, 2.61449066e+02, 1.81473480e+02,
    2.96035980e+02, 1.99117416e+02, 3.23020844e+02, 2.25583328e+02,
    3.42221588e+02, 2.54795105e+02, 3.54060608e+02, 2.84028137e+02,
    3.64835419e+02, 3.16979218e+02, 3.64623322e+02, 3.40431152e+02,
    3.58157776e+02, 3.61854584e+02, 3.39004944e+02, 3.82171326e+02,
    3.18536713e+02, 3.93538422e+02, 2.93160370e+02, 3.95142426e+02,
    2.65393738e+02, 3.94247375e+02, 2.38178619e+02, 3.97880188e+02,
    2.06058990e+02, 3.96723175e+02, 1.80650208e+02, 2.00623001e+02,
    1.69461823e+02, 2.18573288e+02, 1.51155746e+02, 2.44387512e+02,
    1.54365524e+02, 2.66125092e+02, 1.58546799e+02, 2.88360077e+02,
    1.68283142e+02, 3.23528717e+02, 1.62755692e+02, 3.39971741e+02,
    1.53762299e+02, 3.56520813e+02, 1.45756332e+02, 3.76690826e+02,
    1.43485291e+02, 3.87826172e+02, 1.55807098e+02, 3.06035980e+02,
    1.87043320e+02, 3.08962402e+02, 2.04049850e+02, 3.12167206e+02,
    2.23378876e+02, 3.16384491e+02, 2.44144745e+02, 2.88310638e+02,
    2.56529358e+02, 3.00513977e+02, 2.59634796e+02, 3.13660828e+02,
    2.62303772e+02, 3.21430725e+02, 2.60036316e+02, 3.28751038e+02,
    2.56538666e+02, 2.23498840e+02, 1.91975525e+02, 2.34924240e+02,
    1.82907196e+02, 2.51530304e+02, 1.82907196e+02, 2.65811829e+02,
    1.94539642e+02, 2.51530304e+02, 1.97437500e+02, 2.34924240e+02,
    1.97956436e+02, 3.32362274e+02, 1.87718109e+02, 3.41779907e+02,
    1.76914383e+02, 3.55801361e+02, 1.76622803e+02, 3.67755249e+02,
    1.84472763e+02, 3.58431824e+02, 1.89653412e+02, 3.47986603e+02,
    1.91857269e+02, 2.57598633e+02, 2.96546173e+02, 2.76737427e+02,
    2.93421112e+02, 3.00774048e+02, 2.87114105e+02, 3.13606689e+02,
    2.88629333e+02, 3.24624023e+02, 2.86255127e+02, 3.42272949e+02,
    2.91714355e+02, 3.52113068e+02, 2.93044373e+02, 3.42626556e+02,
    3.01598358e+02, 3.27486481e+02, 3.11720612e+02, 3.14501465e+02,
    3.12486053e+02, 2.99628723e+02, 3.14410889e+02, 2.76176056e+02,
    3.07647247e+02, 2.64643646e+02, 2.97065125e+02, 3.00796783e+02,
    2.99844940e+02, 3.13905945e+02, 2.99076569e+02, 3.25470032e+02,
    2.97560059e+02, 3.48449951e+02, 2.93105469e+02, 3.25470032e+02,
    2.97560059e+02, 3.13905945e+02, 2.99076569e+02, 3.00796783e+02,
    2.99844940e+02 ]
noOfLandmarkPoint: 68
