%YAML:1.0
landmark: [ 1.10960144e+02, 1.67947845e+02, 1.07646828e+02,
    1.83723022e+02, 1.09315620e+02, 1.98222382e+02, 1.14122093e+02,
    2.10908569e+02, 1.19949799e+02, 2.26744385e+02, 1.26883469e+02,
    2.41214523e+02, 1.32077957e+02, 2.55104935e+02, 1.38431900e+02,
    2.68392548e+02, 1.55056061e+02, 2.73369843e+02, 1.75921310e+02,
    2.72532990e+02, 1.93861252e+02, 2.63860107e+02, 2.09763702e+02,
    2.54677933e+02, 2.22724152e+02, 2.42907578e+02, 2.34458145e+02,
    2.26489639e+02, 2.38470108e+02, 2.06430832e+02, 2.39675690e+02,
    1.88250641e+02, 2.37959564e+02, 1.70070450e+02, 1.09195496e+02,
    1.47728958e+02, 1.15636948e+02, 1.44088104e+02, 1.24245567e+02,
    1.46288086e+02, 1.32016113e+02, 1.49864716e+02, 1.38760635e+02,
    1.54501343e+02, 1.55992630e+02, 1.55754181e+02, 1.68122604e+02,
    1.49268402e+02, 1.80380219e+02, 1.46599747e+02, 1.93929337e+02,
    1.47163696e+02, 2.07559174e+02, 1.51788254e+02, 1.47997482e+02,
    1.66241257e+02, 1.45852005e+02, 1.77931900e+02, 1.42744751e+02,
    1.90500366e+02, 1.39869171e+02, 2.02094925e+02, 1.35881302e+02,
    2.09468903e+02, 1.41377701e+02, 2.13226120e+02, 1.46664444e+02,
    2.15150848e+02, 1.53250076e+02, 2.12321411e+02, 1.59139618e+02,
    2.09700592e+02, 1.18605698e+02, 1.61435196e+02, 1.23085823e+02,
    1.57552292e+02, 1.32116547e+02, 1.59200043e+02, 1.37455841e+02,
    1.64112396e+02, 1.30084900e+02, 1.66552399e+02, 1.21698219e+02,
    1.66844177e+02, 1.70351822e+02, 1.68147964e+02, 1.77821365e+02,
    1.61051422e+02, 1.88098999e+02, 1.62384491e+02, 1.95231018e+02,
    1.67520386e+02, 1.88157455e+02, 1.70640121e+02, 1.78896667e+02,
    1.70723221e+02, 1.29357513e+02, 2.23720657e+02, 1.35679840e+02,
    2.23553207e+02, 1.42033905e+02, 2.24013870e+02, 1.47029648e+02,
    2.26489426e+02, 1.54672318e+02, 2.24908005e+02, 1.68865707e+02,
    2.26739655e+02, 1.83731827e+02, 2.28197189e+02, 1.69680405e+02,
    2.36506378e+02, 1.56084824e+02, 2.40899155e+02, 1.48401871e+02,
    2.41169708e+02, 1.42652740e+02, 2.40538483e+02, 1.35980103e+02,
    2.36613251e+02, 1.33629028e+02, 2.26508942e+02, 1.42225494e+02,
    2.30026077e+02, 1.47050232e+02, 2.31088470e+02, 1.55264847e+02,
    2.31161270e+02, 1.77961380e+02, 2.29519135e+02, 1.55264847e+02,
    2.31161270e+02, 1.47050232e+02, 2.31088470e+02, 1.42225494e+02,
    2.30026077e+02 ]
noOfLandmarkPoint: 68
