%YAML:1.0
landmark: [ 5.72216370e+02, 2.89465118e+02, 5.75670349e+02,
    3.31522064e+02, 5.83763428e+02, 3.67348541e+02, 5.89748840e+02,
    4.04958435e+02, 5.97951904e+02, 4.43979401e+02, 6.19352966e+02,
    4.80787811e+02, 6.45833374e+02, 5.10891602e+02, 6.80914917e+02,
    5.36152954e+02, 7.22836548e+02, 5.44821655e+02, 7.67084656e+02,
    5.35609192e+02, 8.00429932e+02, 5.07809113e+02, 8.28323730e+02,
    4.79724854e+02, 8.47997498e+02, 4.48380554e+02, 8.59742249e+02,
    4.11471436e+02, 8.64652283e+02, 3.71615326e+02, 8.70341187e+02,
    3.39242859e+02, 8.74540100e+02, 3.01384674e+02, 5.96758423e+02,
    2.64081879e+02, 6.20791504e+02, 2.50130630e+02, 6.50175842e+02,
    2.47337418e+02, 6.79873108e+02, 2.51984863e+02, 7.07380371e+02,
    2.62068420e+02, 7.63471436e+02, 2.61122253e+02, 7.90843933e+02,
    2.54055679e+02, 8.15660950e+02, 2.52234314e+02, 8.41184143e+02,
    2.55895386e+02, 8.61807556e+02, 2.68978149e+02, 7.32531860e+02,
    2.96523041e+02, 7.33044922e+02, 3.25482941e+02, 7.34315735e+02,
    3.55293701e+02, 7.34857544e+02, 3.84923309e+02, 6.97225952e+02,
    3.96030243e+02, 7.13053162e+02, 4.03846649e+02, 7.29115845e+02,
    4.11112976e+02, 7.47623718e+02, 4.04631287e+02, 7.63428772e+02,
    3.97280243e+02, 6.30019531e+02, 2.95898956e+02, 6.48643921e+02,
    2.82726471e+02, 6.72821655e+02, 2.84216400e+02, 6.88872498e+02,
    3.00876678e+02, 6.69536987e+02, 3.05989929e+02, 6.46036560e+02,
    3.05244965e+02, 7.68787842e+02, 3.03619537e+02, 7.80639709e+02,
    2.88990967e+02, 8.04952942e+02, 2.86044952e+02, 8.22053589e+02,
    2.98506317e+02, 8.09185730e+02, 3.07039703e+02, 7.87242859e+02,
    3.07242859e+02, 6.58075073e+02, 4.37936340e+02, 6.88669128e+02,
    4.36190979e+02, 7.15477417e+02, 4.33140472e+02, 7.29935181e+02,
    4.37797882e+02, 7.46237366e+02, 4.32032104e+02, 7.66713257e+02,
    4.35178375e+02, 7.94590942e+02, 4.38730682e+02, 7.67602722e+02,
    4.66497681e+02, 7.47427979e+02, 4.73497253e+02, 7.30276245e+02,
    4.76108246e+02, 7.16266846e+02, 4.74861755e+02, 6.87788635e+02,
    4.64804626e+02, 6.65711487e+02, 4.42099518e+02, 7.15767151e+02,
    4.45692017e+02, 7.30536560e+02, 4.46287018e+02, 7.45931152e+02,
    4.45556549e+02, 7.83257629e+02, 4.42201080e+02, 7.45958252e+02,
    4.51519592e+02, 7.30157959e+02, 4.53632965e+02, 7.15977600e+02,
    4.51807892e+02 ]
noOfLandmarkPoint: 68
