%YAML:1.0
landmark: [ 1.35281631e+02, 2.18984314e+02, 1.35216568e+02,
    2.44433212e+02, 1.38597290e+02, 2.69906494e+02, 1.40573807e+02,
    2.94237457e+02, 1.43799164e+02, 3.18622620e+02, 1.55407974e+02,
    3.39755341e+02, 1.69199692e+02, 3.55262939e+02, 1.83800354e+02,
    3.72236237e+02, 2.08815155e+02, 3.77079468e+02, 2.35698059e+02,
    3.78328339e+02, 2.60550262e+02, 3.69396576e+02, 2.86772491e+02,
    3.57634766e+02, 3.06895782e+02, 3.40727570e+02, 3.22879181e+02,
    3.19879211e+02, 3.31438202e+02, 2.89430573e+02, 3.35396912e+02,
    2.61591949e+02, 3.37881775e+02, 2.35306030e+02, 1.46800369e+02,
    1.87708435e+02, 1.59851181e+02, 1.80003143e+02, 1.77583130e+02,
    1.75455673e+02, 1.95409164e+02, 1.81835495e+02, 2.07946564e+02,
    1.91830551e+02, 2.44542984e+02, 1.95119934e+02, 2.61826233e+02,
    1.87819214e+02, 2.80406982e+02, 1.86597443e+02, 2.99078186e+02,
    1.93045746e+02, 3.13516754e+02, 2.02574829e+02, 2.25227646e+02,
    2.15085754e+02, 2.21594818e+02, 2.33406479e+02, 2.17556702e+02,
    2.52199203e+02, 2.13537292e+02, 2.70973785e+02, 2.01563110e+02,
    2.82908020e+02, 2.07383896e+02, 2.85411102e+02, 2.12870331e+02,
    2.88271881e+02, 2.22642609e+02, 2.86406067e+02, 2.30246490e+02,
    2.85158813e+02, 1.64825668e+02, 2.11594666e+02, 1.76413086e+02,
    2.05799728e+02, 1.90608688e+02, 2.08689880e+02, 1.99907959e+02,
    2.20811172e+02, 1.83552429e+02, 2.24487015e+02, 1.73067352e+02,
    2.22087967e+02, 2.54225800e+02, 2.25818436e+02, 2.66562775e+02,
    2.14573090e+02, 2.80792725e+02, 2.15456848e+02, 2.95735291e+02,
    2.26365112e+02, 2.82022095e+02, 2.33440155e+02, 2.70138306e+02,
    2.33102951e+02, 1.76252960e+02, 3.15603668e+02, 1.92978622e+02,
    3.11041901e+02, 2.03571869e+02, 3.07941345e+02, 2.09374771e+02,
    3.10775940e+02, 2.16509949e+02, 3.09530151e+02, 2.33577530e+02,
    3.16778259e+02, 2.51077011e+02, 3.26585052e+02, 2.31575272e+02,
    3.35397278e+02, 2.16132278e+02, 3.36293823e+02, 2.08254562e+02,
    3.35701172e+02, 2.00677963e+02, 3.34328735e+02, 1.91748947e+02,
    3.30333588e+02, 1.87438065e+02, 3.20603943e+02, 2.02969589e+02,
    3.20744751e+02, 2.08679657e+02, 3.21621948e+02, 2.15147110e+02,
    3.22088959e+02, 2.44339706e+02, 3.27868683e+02, 2.15147110e+02,
    3.22088959e+02, 2.08679657e+02, 3.21621948e+02, 2.02969589e+02,
    3.20744751e+02 ]
noOfLandmarkPoint: 68
