%YAML:1.0
landmark: [ 1.70234161e+02, 2.13024231e+02, 1.74164597e+02,
    2.48959625e+02, 1.82586960e+02, 2.88825470e+02, 1.94939758e+02,
    3.29252808e+02, 2.15130219e+02, 3.67437042e+02, 2.36710114e+02,
    4.00299347e+02, 2.63918030e+02, 4.27344574e+02, 3.00500000e+02,
    4.44919861e+02, 3.30640564e+02, 452., 3.66313232e+02, 4.44979980e+02,
    3.97160431e+02, 4.23005127e+02, 4.23271912e+02, 3.94156708e+02,
    4.45926086e+02, 3.60696259e+02, 4.62209320e+02, 3.21953430e+02,
    4.74562103e+02, 2.82649078e+02, 4.83545959e+02, 2.42783234e+02,
    4.88599365e+02, 2.01794403e+02, 2.05608078e+02, 1.54067703e+02,
    2.22540894e+02, 1.57464249e+02, 2.41807770e+02, 1.60921295e+02,
    2.62197632e+02, 1.66624298e+02, 2.81139740e+02, 1.74749466e+02,
    3.60018005e+02, 1.73125488e+02, 3.84486908e+02, 1.62280975e+02,
    4.05586853e+02, 1.58675323e+02, 4.25150940e+02, 1.51260254e+02,
    4.49856537e+02, 1.52944717e+02, 3.22913391e+02, 2.15678452e+02,
    3.26890076e+02, 2.47836639e+02, 3.29697510e+02, 2.79841614e+02,
    3.31381989e+02, 3.08477631e+02, 3.08713257e+02, 3.22157227e+02,
    3.19766876e+02, 3.25762848e+02, 3.32681183e+02, 3.29869476e+02,
    3.47604706e+02, 3.24639862e+02, 3.60282318e+02, 3.20236053e+02,
    2.22452789e+02, 2.10778259e+02, 2.40420502e+02, 1.98425461e+02,
    2.61757141e+02, 2.00109940e+02, 2.82033417e+02, 2.15553833e+02,
    2.61195648e+02, 2.16393173e+02, 2.41543472e+02, 2.17516144e+02,
    3.64333740e+02, 2.14351013e+02, 3.83600616e+02, 1.94495026e+02,
    4.03252808e+02, 1.93372055e+02, 4.26273926e+02, 1.98986954e+02,
    4.01568329e+02, 2.11339752e+02, 3.85285095e+02, 2.13024231e+02,
    2.77478882e+02, 3.62942230e+02, 2.98040283e+02, 3.54834320e+02,
    3.17218445e+02, 3.50853729e+02, 3.33551331e+02, 3.56041870e+02,
    3.51237976e+02, 3.49317871e+02, 3.66093079e+02, 3.52178040e+02,
    3.87118286e+02, 3.59649384e+02, 3.71011139e+02, 3.81526642e+02,
    3.52982941e+02, 3.91842560e+02, 3.36226318e+02, 3.93939911e+02,
    3.18490021e+02, 3.94440918e+02, 2.99608429e+02, 3.86018555e+02,
    2.83655273e+02, 3.64065216e+02, 3.17306549e+02, 3.66603088e+02,
    3.34448456e+02, 3.66927887e+02, 3.52449036e+02, 3.65215790e+02,
    3.79785889e+02, 3.61934967e+02, 3.52449036e+02, 3.65215790e+02,
    3.34448456e+02, 3.66927887e+02, 3.17306549e+02, 3.66603088e+02 ]
noOfLandmarkPoint: 68
