%YAML:1.0
landmark: [ 1.01676765e+02, 1.68451553e+02, 1.07149696e+02,
    1.93677643e+02, 1.15738014e+02, 2.18878250e+02, 1.22452812e+02,
    2.34330017e+02, 1.35091537e+02, 2.48767654e+02, 1.48572968e+02,
    2.61597107e+02, 1.62843246e+02, 2.71887299e+02, 1.76492416e+02,
    2.78733734e+02, 1.92772842e+02, 2.79391113e+02, 2.03864410e+02,
    2.73446655e+02, 2.13124268e+02, 2.59666718e+02, 2.20413727e+02,
    2.46290771e+02, 2.27512039e+02, 2.31818756e+02, 2.33145370e+02,
    2.15012894e+02, 2.36541626e+02, 1.98817657e+02, 2.36607422e+02,
    1.76342880e+02, 2.35993866e+02, 1.56264206e+02, 1.22164558e+02,
    1.74577103e+02, 1.34692886e+02, 1.70566483e+02, 1.46156662e+02,
    1.72103455e+02, 1.58947479e+02, 1.75092636e+02, 1.67818344e+02,
    1.81120972e+02, 1.85760468e+02, 1.75999283e+02, 1.95839264e+02,
    1.69790909e+02, 2.05147964e+02, 1.63733658e+02, 2.15952255e+02,
    1.60834915e+02, 2.25316940e+02, 1.59364502e+02, 1.80263763e+02,
    1.88026489e+02, 1.81543182e+02, 2.02276123e+02, 1.82601288e+02,
    2.17261642e+02, 1.83664352e+02, 2.31372040e+02, 1.69190994e+02,
    2.32375748e+02, 1.77673798e+02, 2.35724762e+02, 1.84308304e+02,
    2.39200836e+02, 1.90800766e+02, 2.34809006e+02, 1.96487732e+02,
    2.28710892e+02, 1.34897171e+02, 1.89630875e+02, 1.42203400e+02,
    1.88913574e+02, 1.50338608e+02, 1.87476196e+02, 1.58284271e+02,
    1.88416229e+02, 1.51167572e+02, 1.92979889e+02, 1.42021317e+02,
    1.92284683e+02, 1.96870590e+02, 1.84033829e+02, 2.00317596e+02,
    1.80977676e+02, 2.08287582e+02, 1.79222427e+02, 2.16185669e+02,
    1.78778351e+02, 2.11920883e+02, 1.84259750e+02, 2.04654694e+02,
    1.85760452e+02, 1.64824020e+02, 2.53357574e+02, 1.73055695e+02,
    2.49928665e+02, 1.80591446e+02, 2.47119766e+02, 1.85818344e+02,
    2.47275009e+02, 1.90180817e+02, 2.44965057e+02, 1.96444336e+02,
    2.45034103e+02, 2.04963684e+02, 2.46082855e+02, 1.98994293e+02,
    2.55741562e+02, 1.93943237e+02, 2.58386749e+02, 1.88894058e+02,
    2.61168091e+02, 1.82570541e+02, 2.61664703e+02, 1.74905930e+02,
    2.59759735e+02, 1.68638031e+02, 2.54037598e+02, 1.81145004e+02,
    2.51304276e+02, 1.86222870e+02, 2.51167709e+02, 1.91224091e+02,
    2.49350342e+02, 2.01254196e+02, 2.47375687e+02, 1.91224091e+02,
    2.49350342e+02, 1.86222870e+02, 2.51167709e+02, 1.81145004e+02,
    2.51304276e+02 ]
noOfLandmarkPoint: 68
