%YAML:1.0
landmark: [ 8.00752335e+01, 2.26001129e+02, 8.61668701e+01,
    2.66108734e+02, 9.63065796e+01, 3.04697754e+02, 1.10568115e+02,
    3.40067413e+02, 1.32980301e+02, 3.60862335e+02, 1.57065613e+02,
    3.79708221e+02, 1.82565689e+02, 3.93959290e+02, 2.12208176e+02,
    4.02463287e+02, 2.41377731e+02, 4.02957916e+02, 2.64347198e+02,
    3.91408112e+02, 2.79415741e+02, 3.72625549e+02, 2.91911407e+02,
    3.52584778e+02, 3.03934143e+02, 3.27580444e+02, 3.08993134e+02,
    2.96870605e+02, 3.13492462e+02, 2.70985504e+02, 3.16785583e+02,
    2.39264755e+02, 3.15321777e+02, 2.05979675e+02, 1.15335968e+02,
    2.06687088e+02, 1.31845459e+02, 1.96137360e+02, 1.53600052e+02,
    1.94974579e+02, 1.72156982e+02, 1.97256775e+02, 1.92813873e+02,
    2.01152985e+02, 2.34570206e+02, 1.96848923e+02, 2.53795303e+02,
    1.88453400e+02, 2.71879303e+02, 1.80196716e+02, 2.87792145e+02,
    1.74969055e+02, 3.00072540e+02, 1.83739532e+02, 2.19045868e+02,
    2.23929367e+02, 2.22425156e+02, 2.45183838e+02, 2.26080841e+02,
    2.66323792e+02, 2.28885727e+02, 2.88281219e+02, 2.05466400e+02,
    2.98367493e+02, 2.18097961e+02, 3.01620453e+02, 2.30588730e+02,
    3.05472992e+02, 2.39969391e+02, 2.98968018e+02, 2.49477493e+02,
    2.93198090e+02, 1.42202103e+02, 2.29697754e+02, 1.58099365e+02,
    2.22152634e+02, 1.74934692e+02, 2.20777985e+02, 1.86913376e+02,
    2.31871201e+02, 1.71793320e+02, 2.35270355e+02, 1.55548157e+02,
    2.35897873e+02, 2.46455902e+02, 2.22352859e+02, 2.58814636e+02,
    2.10673004e+02, 2.71513489e+02, 2.09621918e+02, 2.83546173e+02,
    2.16096863e+02, 2.74220367e+02, 2.21529373e+02, 2.61541229e+02,
    2.24814392e+02, 1.92983078e+02, 3.43607849e+02, 2.09496445e+02,
    3.31810730e+02, 2.23058533e+02, 3.24430450e+02, 2.31470367e+02,
    3.25439301e+02, 2.38719299e+02, 3.21664062e+02, 2.52340790e+02,
    3.24470062e+02, 2.64399261e+02, 3.31025421e+02, 2.57239716e+02,
    3.46398987e+02, 2.45632874e+02, 3.56146606e+02, 2.37721680e+02,
    3.59716400e+02, 2.26557434e+02, 3.60134277e+02, 2.13994888e+02,
    3.56606384e+02, 2.02424240e+02, 3.43069855e+02, 2.24497986e+02,
    3.34016388e+02, 2.32412964e+02, 3.34582886e+02, 2.40701630e+02,
    3.31409241e+02, 2.57596069e+02, 3.32973541e+02, 2.42215118e+02,
    3.39195343e+02, 2.33455139e+02, 3.42197754e+02, 2.25588943e+02,
    3.43629547e+02 ]
noOfLandmarkPoint: 68
