%YAML:1.0
landmark: [ 1.22735191e+02, 1.56986298e+02, 1.28626709e+02,
    1.75685715e+02, 1.33033066e+02, 1.92508255e+02, 1.38105301e+02,
    2.09911758e+02, 1.45602661e+02, 2.28852585e+02, 1.56977585e+02,
    2.43318512e+02, 1.71802536e+02, 2.53515137e+02, 1.89121155e+02,
    2.62259338e+02, 2.08130508e+02, 2.62327850e+02, 2.27531601e+02,
    2.59475189e+02, 2.47001221e+02, 2.47639984e+02, 2.62645447e+02,
    2.33617966e+02, 2.71458191e+02, 2.14233231e+02, 2.74549194e+02,
    1.95498001e+02, 2.75864563e+02, 1.74132034e+02, 2.75198700e+02,
    1.53859482e+02, 2.75130157e+02, 1.33861069e+02, 1.31200165e+02,
    1.23950417e+02, 1.38903961e+02, 1.11606682e+02, 1.51502304e+02,
    1.05646545e+02, 1.65307831e+02, 1.04359634e+02, 1.79303802e+02,
    1.09864494e+02, 2.00990540e+02, 1.07075562e+02, 2.15584259e+02,
    1.00039970e+02, 2.29157166e+02, 9.67078705e+01, 2.45629715e+02,
    1.00093460e+02, 2.56604431e+02, 1.10447540e+02, 1.91458023e+02,
    1.19243263e+02, 1.92123444e+02, 1.30495956e+02, 1.92780640e+02,
    1.41245041e+02, 1.93554108e+02, 1.52367767e+02, 1.79590393e+02,
    1.61852936e+02, 1.87378235e+02, 1.64124649e+02, 1.95303146e+02,
    1.66344193e+02, 2.04269302e+02, 1.62365372e+02, 2.12125687e+02,
    1.58608505e+02, 1.48034760e+02, 1.32111099e+02, 1.56046982e+02,
    1.24801903e+02, 1.64752441e+02, 1.23294472e+02, 1.74452881e+02,
    1.30077576e+02, 1.67324234e+02, 1.30894180e+02, 1.55995941e+02,
    1.31843994e+02, 2.14491745e+02, 1.25322853e+02, 2.21232712e+02,
    1.17870522e+02, 2.31929306e+02, 1.17105545e+02, 2.40100143e+02,
    1.22605797e+02, 2.32119156e+02, 1.24559669e+02, 2.23510345e+02,
    1.25363762e+02, 1.63502243e+02, 2.00860718e+02, 1.67686661e+02,
    1.85934525e+02, 1.85805099e+02, 1.75499573e+02, 1.96328033e+02,
    1.74047150e+02, 2.10059570e+02, 1.72424942e+02, 2.27394531e+02,
    1.76984726e+02, 2.40904114e+02, 1.93379715e+02, 2.31441879e+02,
    2.15463699e+02, 2.16006287e+02, 2.25794769e+02, 2.02181885e+02,
    2.28168213e+02, 1.91647537e+02, 2.27795624e+02, 1.71358627e+02,
    2.15310287e+02, 1.66270050e+02, 1.99972900e+02, 1.86660202e+02,
    1.82040588e+02, 1.97421448e+02, 1.81015717e+02, 2.10931015e+02,
    1.79853775e+02, 2.38273392e+02, 1.93960678e+02, 2.14784012e+02,
    2.16439438e+02, 2.01768127e+02, 2.18977081e+02, 1.90472031e+02,
    2.19380051e+02 ]
noOfLandmarkPoint: 68
