%YAML:1.0
landmark: [ 1.28343277e+02, 1.92684448e+02, 1.31562592e+02,
    2.19879257e+02, 1.32935577e+02, 2.43184418e+02, 1.38111481e+02,
    2.64947235e+02, 1.48582275e+02, 2.84642639e+02, 1.64630249e+02,
    3.01840668e+02, 1.82774796e+02, 3.14436218e+02, 2.00110657e+02,
    3.24992035e+02, 2.21811768e+02, 3.32484863e+02, 2.44267349e+02,
    3.26290375e+02, 2.64363678e+02, 3.10424225e+02, 2.83484406e+02,
    2.92784821e+02, 2.97339935e+02, 2.72694031e+02, 3.03034668e+02,
    2.49674149e+02, 3.04612366e+02, 2.26016861e+02, 3.04015472e+02,
    2.02908707e+02, 3.02914734e+02, 1.80902145e+02, 1.41074829e+02,
    1.77248825e+02, 1.48719498e+02, 1.62631317e+02, 1.63138550e+02,
    1.53751114e+02, 1.80481781e+02, 1.52148163e+02, 1.94672180e+02,
    1.57755112e+02, 2.29974136e+02, 1.58056259e+02, 2.44122803e+02,
    1.49458710e+02, 2.60543549e+02, 1.46576141e+02, 2.76503174e+02,
    1.52206436e+02, 2.86463074e+02, 1.67507843e+02, 2.15116394e+02,
    1.77091354e+02, 2.15950638e+02, 1.88404724e+02, 2.17684830e+02,
    2.00161331e+02, 2.19192993e+02, 2.12593613e+02, 2.04557892e+02,
    2.27001526e+02, 2.11920624e+02, 2.28824158e+02, 2.19784851e+02,
    2.30757278e+02, 2.27379303e+02, 2.27796402e+02, 2.35142319e+02,
    2.26084854e+02, 1.61081787e+02, 1.87669846e+02, 1.70554810e+02,
    1.82849686e+02, 1.82267746e+02, 1.81566971e+02, 1.90371231e+02,
    1.85744446e+02, 1.81198456e+02, 1.89324966e+02, 1.70932480e+02,
    1.89703217e+02, 2.39626190e+02, 1.82571777e+02, 2.46319916e+02,
    1.75790543e+02, 2.54875854e+02, 1.74460709e+02, 2.64847229e+02,
    1.78963577e+02, 2.56820831e+02, 1.82143753e+02, 2.47298126e+02,
    1.82357010e+02, 1.81068756e+02, 2.60740021e+02, 1.91675186e+02,
    2.48868118e+02, 2.07239151e+02, 2.42444550e+02, 2.21137909e+02,
    2.45034271e+02, 2.31551941e+02, 2.41962830e+02, 2.45758362e+02,
    2.45323029e+02, 2.60053131e+02, 2.57746216e+02, 2.49172211e+02,
    2.71870361e+02, 2.35631622e+02, 2.82799347e+02, 2.23875992e+02,
    2.85198792e+02, 2.10944611e+02, 2.84109619e+02, 1.90946732e+02,
    2.71757507e+02, 1.84270187e+02, 2.60952728e+02, 2.08561615e+02,
    2.52753357e+02, 2.20466339e+02, 2.50646805e+02, 2.31798584e+02,
    2.50278748e+02, 2.55932755e+02, 2.58574799e+02, 2.33089813e+02,
    2.67661621e+02, 2.21704895e+02, 2.69204071e+02, 2.10086761e+02,
    2.70333923e+02 ]
noOfLandmarkPoint: 68
