%YAML:1.0
landmark: [ 9.42565689e+01, 2.16957153e+02, 9.72077026e+01,
    2.28436050e+02, 1.01544014e+02, 2.38782776e+02, 1.07527321e+02,
    2.47909546e+02, 1.13777748e+02, 2.54481522e+02, 1.21440628e+02,
    2.59193237e+02, 1.29960419e+02, 2.62777405e+02, 1.38728531e+02,
    2.64352753e+02, 1.47804184e+02, 2.65093018e+02, 1.57579559e+02,
    2.62777405e+02, 1.67066101e+02, 2.58771942e+02, 1.75064850e+02,
    2.53811905e+02, 1.82318634e+02, 2.48070328e+02, 1.86151138e+02,
    2.40952896e+02, 1.87438553e+02, 2.32098175e+02, 1.87998337e+02,
    2.22928482e+02, 1.88423294e+02, 2.13017059e+02, 1.07377350e+02,
    1.91048248e+02, 1.12244804e+02, 1.85870392e+02, 1.19077591e+02,
    1.83234863e+02, 1.27965050e+02, 1.83693680e+02, 1.35857544e+02,
    1.85692307e+02, 1.59009689e+02, 1.85216675e+02, 1.66673752e+02,
    1.82469147e+02, 1.73503983e+02, 1.82811279e+02, 1.78197601e+02,
    1.85854767e+02, 1.82827087e+02, 1.90752319e+02, 1.45537155e+02,
    1.92783661e+02, 1.45977966e+02, 1.96304535e+02, 1.46548187e+02,
    1.99655899e+02, 1.47114517e+02, 2.03909454e+02, 1.40675446e+02,
    2.13654068e+02, 1.43515900e+02, 2.14266098e+02, 1.47019318e+02,
    2.14785294e+02, 1.50930176e+02, 2.13882645e+02, 1.54036102e+02,
    2.13444077e+02, 1.17828392e+02, 1.99840790e+02, 1.21711838e+02,
    1.96761002e+02, 1.26505058e+02, 1.96248123e+02, 1.31369812e+02,
    1.99510696e+02, 1.27188896e+02, 1.99337128e+02, 1.22397644e+02,
    1.99236862e+02, 1.60184189e+02, 1.98062485e+02, 1.63494232e+02,
    1.95386093e+02, 1.68285797e+02, 1.94951752e+02, 1.72911087e+02,
    1.98277618e+02, 1.68076004e+02, 1.98164597e+02, 1.63746567e+02,
    1.98018494e+02, 1.26027084e+02, 2.32431549e+02, 1.35478622e+02,
    2.26531021e+02, 1.42062531e+02, 2.23087616e+02, 1.46247818e+02,
    2.23504135e+02, 1.50516068e+02, 2.23330200e+02, 1.58281403e+02,
    2.25353714e+02, 1.65962051e+02, 2.31845474e+02, 1.59097855e+02,
    2.38802017e+02, 1.51569839e+02, 2.41562225e+02, 1.46604599e+02,
    2.41816010e+02, 1.42332169e+02, 2.41582581e+02, 1.35253693e+02,
    2.39735245e+02, 1.28970367e+02, 2.33114014e+02, 1.42088654e+02,
    2.26971451e+02, 1.46246719e+02, 2.27425278e+02, 1.50579620e+02,
    2.26868988e+02, 1.63965408e+02, 2.31828888e+02, 1.51405670e+02,
    2.37231445e+02, 1.46365616e+02, 2.37374039e+02, 1.42157028e+02,
    2.37238602e+02 ]
noOfLandmarkPoint: 68
