%YAML:1.0
landmark: [ 3.58483673e+02, 1.75593369e+02, 3.59096741e+02,
    1.85822250e+02, 3.61355438e+02, 1.94857132e+02, 3.65437408e+02,
    2.04327728e+02, 3.68583496e+02, 2.14685684e+02, 3.73391388e+02,
    2.23930450e+02, 3.78796204e+02, 2.30642181e+02, 3.86379150e+02,
    2.35191940e+02, 3.94058838e+02, 2.36595612e+02, 4.03529419e+02,
    2.34578888e+02, 4.12225555e+02, 2.29932373e+02, 4.21912567e+02,
    2.25299057e+02, 4.31756622e+02, 2.17232391e+02, 4.39376404e+02,
    2.07868805e+02, 4.45329834e+02, 1.95335190e+02, 4.46430023e+02,
    1.80513336e+02, 4.43817810e+02, 1.66347839e+02, 3.56321716e+02,
    1.59007660e+02, 3.59420746e+02, 1.56450333e+02, 3.64164795e+02,
    1.56189957e+02, 3.69577789e+02, 1.57139496e+02, 3.74520538e+02,
    1.58901230e+02, 3.90170624e+02, 1.56152039e+02, 3.97656799e+02,
    1.51327972e+02, 4.06401428e+02, 1.48924011e+02, 4.15162201e+02,
    1.48714340e+02, 4.23551941e+02, 1.52844788e+02, 3.82816925e+02,
    1.66376495e+02, 3.82142517e+02, 1.72413376e+02, 3.81076263e+02,
    1.78963348e+02, 3.80262451e+02, 1.85708694e+02, 3.79154480e+02,
    1.93301376e+02, 3.82186737e+02, 1.94111450e+02, 3.84974731e+02,
    1.94860031e+02, 3.88282959e+02, 1.93905334e+02, 3.91429047e+02,
    1.92663055e+02, 3.63302765e+02, 1.70246750e+02, 3.65415833e+02,
    1.66164230e+02, 3.70855011e+02, 1.66085114e+02, 3.75691223e+02,
    1.69363846e+02, 3.71245605e+02, 1.71753418e+02, 3.66470001e+02,
    1.72544037e+02, 3.98923615e+02, 1.65854370e+02, 4.01914856e+02,
    1.61436813e+02, 4.08243530e+02, 1.60371185e+02, 4.13764435e+02,
    1.63979706e+02, 4.09476807e+02, 1.66666245e+02, 4.04134644e+02,
    1.67363968e+02, 3.76320374e+02, 2.14415436e+02, 3.76532013e+02,
    2.07602203e+02, 3.80784576e+02, 2.03322205e+02, 3.83963287e+02,
    2.04118103e+02, 3.88116516e+02, 2.02671021e+02, 3.97120270e+02,
    2.06120346e+02, 4.03986511e+02, 2.10357956e+02, 3.97931976e+02,
    2.15165131e+02, 3.90896088e+02, 2.19205185e+02, 3.86558746e+02,
    2.19701035e+02, 3.82574707e+02, 2.19688278e+02, 3.78529449e+02,
    2.17969360e+02, 3.77828247e+02, 2.13120834e+02, 3.82103699e+02,
    2.10442566e+02, 3.85378876e+02, 2.10458725e+02, 3.89605835e+02,
    2.10200577e+02, 4.01448273e+02, 2.10184402e+02, 3.89605835e+02,
    2.10200577e+02, 3.85378876e+02, 2.10458725e+02, 3.82103699e+02,
    2.10442566e+02 ]
noOfLandmarkPoint: 68
