%YAML:1.0
landmark: [ 2.34361160e+02, 1.42931900e+02, 2.32813034e+02,
    1.57207794e+02, 2.32583755e+02, 1.73558441e+02, 2.34131882e+02,
    1.89164551e+02, 2.39945297e+02, 2.07855545e+02, 2.46401123e+02,
    2.23736313e+02, 2.56904297e+02, 2.38940643e+02, 2.71066711e+02,
    2.53216537e+02, 2.84287048e+02, 2.56873474e+02, 3.00751221e+02,
    2.52698990e+02, 3.23317078e+02, 2.38112106e+02, 3.43267914e+02,
    2.26038086e+02, 3.61107697e+02, 2.10443344e+02, 3.77574127e+02,
    1.93611450e+02, 3.85371490e+02, 1.74772888e+02, 3.88306580e+02,
    1.53194473e+02, 3.89257690e+02, 1.30687622e+02, 2.29235550e+02,
    1.08911720e+02, 2.33226166e+02, 1.06194550e+02, 2.39268845e+02,
    1.08201218e+02, 2.47054871e+02, 1.10666412e+02, 2.55540054e+02,
    1.13590141e+02, 2.75867737e+02, 1.11252060e+02, 2.89707794e+02,
    1.02560310e+02, 3.03596344e+02, 9.76554413e+01, 3.18040710e+02,
    9.71073685e+01, 3.30682343e+02, 1.05943726e+02, 2.68542480e+02,
    1.32190338e+02, 2.65882080e+02, 1.40387238e+02, 2.62740417e+02,
    1.50225327e+02, 2.59868683e+02, 1.59420486e+02, 2.56062744e+02,
    1.74141739e+02, 2.61359314e+02, 1.75314056e+02, 2.66661499e+02,
    1.75762726e+02, 2.75743256e+02, 1.74096786e+02, 2.84228760e+02,
    1.72535507e+02, 2.36803650e+02, 1.33450180e+02, 2.39524109e+02,
    1.27256599e+02, 2.47489563e+02, 1.27800850e+02, 2.55031677e+02,
    1.32630585e+02, 2.47765381e+02, 1.35238937e+02, 2.40851028e+02,
    1.35490906e+02, 2.96451874e+02, 1.27614067e+02, 3.00261505e+02,
    1.20567299e+02, 3.08488861e+02, 1.21050400e+02, 3.17357941e+02,
    1.24749878e+02, 3.09634552e+02, 1.27717957e+02, 3.02517639e+02,
    1.29058365e+02, 2.58005249e+02, 2.07281250e+02, 2.55758820e+02,
    1.97572311e+02, 2.61678070e+02, 1.91094116e+02, 2.66351471e+02,
    1.92943100e+02, 2.71901367e+02, 1.90998398e+02, 2.88844147e+02,
    1.95419479e+02, 3.07356842e+02, 2.02591476e+02, 2.96256653e+02,
    2.14826660e+02, 2.82897827e+02, 2.20857986e+02, 2.74723633e+02,
    2.22910049e+02, 2.69266602e+02, 2.22875992e+02, 2.60229828e+02,
    2.20951050e+02, 2.61812012e+02, 2.06616150e+02, 2.62972321e+02,
    1.97659866e+02, 2.67825684e+02, 1.97783234e+02, 2.74517273e+02,
    1.96743744e+02, 2.97850189e+02, 2.03256577e+02, 2.79411163e+02,
    2.11249161e+02, 2.72119965e+02, 2.12406860e+02, 2.67580017e+02,
    2.12154892e+02 ]
noOfLandmarkPoint: 68
