%YAML:1.0
landmark: [ 2.38539459e+02, 2.32307419e+02, 2.39228943e+02,
    2.62829803e+02, 2.46087204e+02, 2.97565582e+02, 2.53380981e+02,
    3.31437683e+02, 2.65688751e+02, 3.65608948e+02, 2.86162811e+02,
    3.93649933e+02, 3.07756897e+02, 4.12717987e+02, 3.31372589e+02,
    4.19970245e+02, 3.57656708e+02, 4.19786743e+02, 3.86675110e+02,
    4.16054718e+02, 4.12563934e+02, 4.00147766e+02, 4.39855133e+02,
    3.85671478e+02, 4.67268677e+02, 3.62451111e+02, 4.78408264e+02,
    3.28999481e+02, 4.80441345e+02, 2.93152374e+02, 4.83142700e+02,
    2.63837402e+02, 4.84785126e+02, 2.33397675e+02, 2.45070404e+02,
    1.94105774e+02, 2.54115707e+02, 1.78777695e+02, 2.68836700e+02,
    1.67332245e+02, 2.84348328e+02, 1.60927109e+02, 3.02716553e+02,
    1.58164581e+02, 3.51402191e+02, 1.59684662e+02, 3.84434906e+02,
    1.58286926e+02, 4.08718872e+02, 1.59835266e+02, 4.31760376e+02,
    1.69854736e+02, 4.46297852e+02, 1.88434769e+02, 3.29135437e+02,
    1.96109497e+02, 3.27638550e+02, 2.08667038e+02, 3.25981171e+02,
    2.22934921e+02, 3.24399200e+02, 2.35495911e+02, 3.13935638e+02,
    2.65626129e+02, 3.22896637e+02, 2.68181396e+02, 3.32355316e+02,
    2.68916290e+02, 3.44032776e+02, 2.66859497e+02, 3.55252350e+02,
    2.63133331e+02, 2.66775360e+02, 2.15354248e+02, 2.73542877e+02,
    2.04454727e+02, 2.93092407e+02, 2.02543991e+02, 3.06782715e+02,
    2.11589310e+02, 2.91482910e+02, 2.16417831e+02, 2.76121887e+02,
    2.18935669e+02, 3.68311523e+02, 2.03574661e+02, 3.80938263e+02,
    1.90218475e+02, 3.96377960e+02, 1.88048798e+02, 4.08440735e+02,
    1.96730942e+02, 3.99212402e+02, 2.02421646e+02, 3.82820740e+02,
    2.04365295e+02, 3.07929260e+02, 3.39249817e+02, 3.13360535e+02,
    3.10307465e+02, 3.24486725e+02, 2.96323151e+02, 3.40338806e+02,
    2.97216431e+02, 3.54237213e+02, 2.91798248e+02, 3.80029938e+02,
    3.06692078e+02, 3.91953125e+02, 3.24561401e+02, 3.84925140e+02,
    3.47946167e+02, 3.61959808e+02, 3.57957367e+02, 3.48638519e+02,
    3.59333588e+02, 3.33551849e+02, 3.61989166e+02, 3.18102112e+02,
    3.54956909e+02, 3.15526825e+02, 3.38110626e+02, 3.28506805e+02,
    3.17762177e+02, 3.42070221e+02, 3.12747009e+02, 3.57006622e+02,
    3.11784363e+02, 3.80269989e+02, 3.30886627e+02, 3.60475769e+02,
    3.44972260e+02, 3.47090088e+02, 3.46757202e+02, 3.30887817e+02,
    3.46002930e+02 ]
noOfLandmarkPoint: 68
