%YAML:1.0
landmark: [ 1.09425812e+02, 2.25600967e+02, 1.14507439e+02,
    2.49490433e+02, 1.21800995e+02, 2.70828339e+02, 1.25584801e+02,
    2.97015259e+02, 1.33538177e+02, 3.20492004e+02, 1.44436569e+02,
    3.38160126e+02, 1.61923431e+02, 3.51261353e+02, 1.82367111e+02,
    3.64438080e+02, 2.06836792e+02, 3.67773834e+02, 2.28305801e+02,
    3.62535706e+02, 2.55072388e+02, 3.46223694e+02, 2.74988281e+02,
    3.30520935e+02, 2.88716217e+02, 3.13312012e+02, 2.94014771e+02,
    2.91601013e+02, 2.92306458e+02, 2.66274200e+02, 2.89467743e+02,
    2.37887100e+02, 2.90177429e+02, 2.10919357e+02, 1.22236984e+02,
    2.13678986e+02, 1.30401093e+02, 2.01970108e+02, 1.42488358e+02,
    1.96054398e+02, 1.55428162e+02, 1.98548767e+02, 1.69613266e+02,
    1.97072113e+02, 2.00543381e+02, 1.94220825e+02, 2.16218277e+02,
    1.88232697e+02, 2.31927078e+02, 1.85443100e+02, 2.47182144e+02,
    1.84984146e+02, 2.58377930e+02, 1.90893127e+02, 1.87540726e+02,
    2.12269867e+02, 1.90202469e+02, 2.28367661e+02, 1.91645737e+02,
    2.43908264e+02, 1.93899963e+02, 2.60361176e+02, 1.80673767e+02,
    2.72625488e+02, 1.88570663e+02, 2.73543945e+02, 1.97500168e+02,
    2.75047455e+02, 2.05019745e+02, 2.71217834e+02, 2.11863144e+02,
    2.66928986e+02, 1.39870514e+02, 2.20772308e+02, 1.50613754e+02,
    2.14082748e+02, 1.59557220e+02, 2.13708954e+02, 1.69562149e+02,
    2.19476273e+02, 1.58880173e+02, 2.21355103e+02, 1.48896790e+02,
    2.21733765e+02, 2.16435699e+02, 2.13001694e+02, 2.24982437e+02,
    2.05705338e+02, 2.34566498e+02, 2.04540070e+02, 2.45478165e+02,
    2.09873398e+02, 2.36272293e+02, 2.12302933e+02, 2.25875336e+02,
    2.12706848e+02, 1.63090378e+02, 2.98961761e+02, 1.68485992e+02,
    2.91887604e+02, 1.84565887e+02, 2.88224335e+02, 1.98125000e+02,
    2.90179016e+02, 2.10224350e+02, 2.85014618e+02, 2.26589081e+02,
    2.83497192e+02, 2.43627686e+02, 2.88319122e+02, 2.32383926e+02,
    3.07272156e+02, 2.13811340e+02, 3.17985260e+02, 1.98284180e+02,
    3.21108765e+02, 1.87048386e+02, 3.21047913e+02, 1.71289490e+02,
    3.13853241e+02, 1.67667953e+02, 3.00131165e+02, 1.85212570e+02,
    2.95938110e+02, 1.98600327e+02, 2.95940582e+02, 2.11260666e+02,
    2.92724548e+02, 2.39369629e+02, 2.89494446e+02, 2.12630707e+02,
    3.07481018e+02, 1.98721664e+02, 3.10710968e+02, 1.86331329e+02,
    3.09520386e+02 ]
noOfLandmarkPoint: 68
