%YAML:1.0
landmark: [ 1.28423447e+02, 1.47494751e+02, 1.28162796e+02,
    1.66385757e+02, 1.30795486e+02, 1.83499130e+02, 1.34471359e+02,
    2.00839325e+02, 1.40426346e+02, 2.16997360e+02, 1.49059326e+02,
    2.31747406e+02, 1.59731964e+02, 2.43366470e+02, 1.72661102e+02,
    2.54117447e+02, 1.90455383e+02, 2.56636871e+02, 2.06646683e+02,
    2.51757996e+02, 2.18921219e+02, 2.42480988e+02, 2.30595795e+02,
    2.30500381e+02, 2.39034454e+02, 2.16646851e+02, 2.45560791e+02,
    2.02452759e+02, 2.50600571e+02, 1.88454102e+02, 2.54260941e+02,
    1.73680786e+02, 2.57164520e+02, 1.58524536e+02, 1.40412155e+02,
    1.37657516e+02, 1.50708328e+02, 1.32212097e+02, 1.62988693e+02,
    1.30268982e+02, 1.75687866e+02, 1.33061646e+02, 1.85695038e+02,
    1.39090027e+02, 2.08071564e+02, 1.41452515e+02, 2.18370819e+02,
    1.35847519e+02, 2.29659882e+02, 1.33606644e+02, 2.40773224e+02,
    1.36632004e+02, 2.49184662e+02, 1.44426987e+02, 1.96758438e+02,
    1.53435486e+02, 1.96429352e+02, 1.66980865e+02, 1.95771194e+02,
    1.80680786e+02, 1.95174545e+02, 1.94513748e+02, 1.80661911e+02,
    1.95800079e+02, 1.86945969e+02, 2.00058136e+02, 1.94248810e+02,
    2.03565002e+02, 2.01294067e+02, 2.00603271e+02, 2.07239059e+02,
    1.97600021e+02, 1.52818390e+02, 1.49755936e+02, 1.60840088e+02,
    1.46081772e+02, 1.69727783e+02, 1.47373184e+02, 1.78312210e+02,
    1.55915421e+02, 1.69930511e+02, 1.56458755e+02, 1.59338043e+02,
    1.55421112e+02, 2.12470963e+02, 1.58548950e+02, 2.21536728e+02,
    1.51361267e+02, 2.30448425e+02, 1.51748749e+02, 2.37153961e+02,
    1.57002792e+02, 2.30067856e+02, 1.60787933e+02, 2.21898102e+02,
    1.60517181e+02, 1.67014725e+02, 2.11754395e+02, 1.77048904e+02,
    2.09920334e+02, 1.86428680e+02, 2.09647141e+02, 1.92458893e+02,
    2.11441879e+02, 1.99597046e+02, 2.09805527e+02, 2.08548019e+02,
    2.11675156e+02, 2.16040131e+02, 2.13578979e+02, 2.09018570e+02,
    2.21049393e+02, 1.99985382e+02, 2.27179443e+02, 1.92472733e+02,
    2.27751114e+02, 1.85928040e+02, 2.27205612e+02, 1.76969299e+02,
    2.22234329e+02, 1.69353394e+02, 2.12719193e+02, 1.86097565e+02,
    2.17662750e+02, 1.92428299e+02, 2.18223511e+02, 1.99815048e+02,
    2.17445755e+02, 2.13318756e+02, 2.14531906e+02, 1.99815048e+02,
    2.17445755e+02, 1.92428299e+02, 2.18223511e+02, 1.86097565e+02,
    2.17662750e+02 ]
noOfLandmarkPoint: 68
