%YAML:1.0
landmark: [ 2.00542389e+02, 1.27250977e+02, 2.02519363e+02,
    1.39620834e+02, 2.03561813e+02, 1.52641693e+02, 2.06265442e+02,
    1.64840607e+02, 2.09901520e+02, 1.77885284e+02, 2.16927246e+02,
    1.90046341e+02, 2.27883957e+02, 1.99052444e+02, 2.35789993e+02,
    2.08174316e+02, 2.48117081e+02, 2.08683685e+02, 2.62950714e+02,
    2.07779419e+02, 2.76288757e+02, 2.00062714e+02, 2.92812317e+02,
    1.91271118e+02, 3.05676239e+02, 1.78514847e+02, 3.19022064e+02,
    1.62070480e+02, 3.20427246e+02, 1.46694305e+02, 3.20308777e+02,
    1.26634048e+02, 3.17051971e+02, 1.07534882e+02, 1.98849701e+02,
    1.18391914e+02, 2.04865860e+02, 1.13757896e+02, 2.11152069e+02,
    1.17233307e+02, 2.17931992e+02, 1.19936951e+02, 2.25130875e+02,
    1.22262634e+02, 2.49481262e+02, 1.19912224e+02, 2.58578430e+02,
    1.14299370e+02, 2.65941895e+02, 1.08752213e+02, 2.74838196e+02,
    1.07648506e+02, 2.81335236e+02, 1.12573524e+02, 2.36016861e+02,
    1.28488724e+02, 2.35556458e+02, 1.38569031e+02, 2.34836853e+02,
    1.48639999e+02, 2.34347809e+02, 1.59014603e+02, 2.27185120e+02,
    1.61123962e+02, 2.32309921e+02, 1.65057510e+02, 2.38410995e+02,
    1.66935898e+02, 2.45125153e+02, 1.64015320e+02, 2.51188965e+02,
    1.62197754e+02, 2.10757156e+02, 1.27275703e+02, 2.16107208e+02,
    1.25352707e+02, 2.22353058e+02, 1.25730667e+02, 2.26640823e+02,
    1.28742142e+02, 2.21751663e+02, 1.30946411e+02, 2.15269012e+02,
    1.30600479e+02, 2.56191925e+02, 1.27895561e+02, 2.60033020e+02,
    1.22665314e+02, 2.68021027e+02, 1.21794243e+02, 2.74382446e+02,
    1.24257088e+02, 2.70501648e+02, 1.29182510e+02, 2.62605255e+02,
    1.29535675e+02, 2.27943481e+02, 1.78476379e+02, 2.30702759e+02,
    1.76674500e+02, 2.35775436e+02, 1.76886230e+02, 2.40503738e+02,
    1.78309372e+02, 2.47332794e+02, 1.76933304e+02, 2.58709808e+02,
    1.76378494e+02, 2.66599701e+02, 1.76575638e+02, 2.59587494e+02,
    1.82155304e+02, 2.48197296e+02, 1.84755859e+02, 2.41094269e+02,
    1.85489090e+02, 2.36064240e+02, 1.85422653e+02, 2.30728653e+02,
    1.84090897e+02, 2.30653305e+02, 1.79090607e+02, 2.35850861e+02,
    1.79882233e+02, 2.40532837e+02, 1.80648849e+02, 2.47818558e+02,
    1.79722473e+02, 2.63698151e+02, 1.77520844e+02, 2.47818558e+02,
    1.79722473e+02, 2.40532837e+02, 1.80648849e+02, 2.35850861e+02,
    1.79882233e+02 ]
noOfLandmarkPoint: 68
