%YAML:1.0
landmark: [ 1.32227905e+02, 9.58664856e+01, 1.32350769e+02,
    1.08020515e+02, 1.32627411e+02, 1.22249046e+02, 1.32843948e+02,
    1.36099655e+02, 1.37212891e+02, 1.48905609e+02, 1.44580688e+02,
    1.59819748e+02, 1.52652176e+02, 1.71927307e+02, 1.65405701e+02,
    1.85919235e+02, 1.77415070e+02, 1.88333450e+02, 1.88086487e+02,
    1.86894302e+02, 1.99791977e+02, 1.78138229e+02, 2.09224152e+02,
    1.68128265e+02, 2.18635239e+02, 1.53709167e+02, 2.24100174e+02,
    1.41035217e+02, 2.26006378e+02, 1.26544655e+02, 2.27763992e+02,
    1.12096870e+02, 2.29666809e+02, 9.79923630e+01, 1.36636108e+02,
    9.21117172e+01, 1.44022156e+02, 9.00798950e+01, 1.50854111e+02,
    9.02003098e+01, 1.58226974e+02, 9.30967026e+01, 1.66140686e+02,
    9.61837082e+01, 1.87443954e+02, 9.68669510e+01, 1.95276627e+02,
    9.31425476e+01, 2.03291656e+02, 9.07772293e+01, 2.11795563e+02,
    9.14411697e+01, 2.19626480e+02, 9.41622772e+01, 1.77508636e+02,
    1.03856163e+02, 1.77472610e+02, 1.11770309e+02, 1.77435379e+02,
    1.19692017e+02, 1.77648407e+02, 1.27476883e+02, 1.67271530e+02,
    1.33516937e+02, 1.72633484e+02, 1.34737747e+02, 1.78049286e+02,
    1.35831879e+02, 1.83116776e+02, 1.34822891e+02, 1.87605759e+02,
    1.33744888e+02, 1.48214157e+02, 1.01589157e+02, 1.53093582e+02,
    9.94583130e+01, 1.60456161e+02, 1.00084030e+02, 1.64558777e+02,
    1.03401222e+02, 1.59410110e+02, 1.04496925e+02, 1.53248581e+02,
    1.04372925e+02, 1.92463547e+02, 1.05162971e+02, 1.97457733e+02,
    1.00681328e+02, 2.03536316e+02, 1.00775917e+02, 2.10156418e+02,
    1.03105690e+02, 2.04713135e+02, 1.05335922e+02, 1.98870300e+02,
    1.05817085e+02, 1.53072983e+02, 1.41355026e+02, 1.62000336e+02,
    1.40081284e+02, 1.71471024e+02, 1.40913712e+02, 1.76806183e+02,
    1.41466003e+02, 1.84361374e+02, 1.40949219e+02, 1.93031662e+02,
    1.41619461e+02, 2.02408829e+02, 1.42658417e+02, 1.93521576e+02,
    1.58512207e+02, 1.84392273e+02, 1.65266739e+02, 1.77518311e+02,
    1.65450317e+02, 1.70664978e+02, 1.64255508e+02, 1.60792068e+02,
    1.57156891e+02, 1.55200546e+02, 1.43230469e+02, 1.71458603e+02,
    1.44501678e+02, 1.76837173e+02, 1.44953018e+02, 1.84445602e+02,
    1.44736221e+02, 1.99841568e+02, 1.44420944e+02, 1.84070892e+02,
    1.57969604e+02, 1.77299561e+02, 1.58717560e+02, 1.70963867e+02,
    1.58289917e+02 ]
noOfLandmarkPoint: 68
