%YAML:1.0
landmark: [ 1.90337738e+02, 1.76306351e+02, 1.91252075e+02,
    2.01112488e+02, 1.96103455e+02, 2.27251556e+02, 2.04112457e+02,
    2.50852371e+02, 2.14670990e+02, 2.74773163e+02, 2.31213837e+02,
    2.95193390e+02, 2.50986572e+02, 3.10121277e+02, 2.73557739e+02,
    3.24066681e+02, 2.97772308e+02, 3.27549866e+02, 3.18227814e+02,
    3.22105316e+02, 3.34249084e+02, 3.07200684e+02, 3.49416321e+02,
    2.89291107e+02, 3.59140411e+02, 2.69474030e+02, 3.65921143e+02,
    2.46294159e+02, 3.67867218e+02, 2.24879425e+02, 3.67384613e+02,
    2.05757629e+02, 3.63679199e+02, 1.85845779e+02, 2.23442581e+02,
    1.64695831e+02, 2.35301636e+02, 1.54438034e+02, 2.50459061e+02,
    1.50627670e+02, 2.67430237e+02, 1.54896851e+02, 2.81384003e+02,
    1.61959167e+02, 3.19715027e+02, 1.62416946e+02, 3.30986816e+02,
    1.55973572e+02, 3.42529266e+02, 1.52981415e+02, 3.53033508e+02,
    1.50836929e+02, 3.61337097e+02, 1.55872574e+02, 3.03557922e+02,
    1.80254776e+02, 3.04885803e+02, 1.93567703e+02, 3.07861511e+02,
    2.09938553e+02, 3.09935516e+02, 2.25358383e+02, 2.89023346e+02,
    2.37621658e+02, 2.98204681e+02, 2.39457916e+02, 3.06943359e+02,
    2.41564819e+02, 3.12386414e+02, 2.39712112e+02, 3.17485474e+02,
    2.37162582e+02, 2.42066483e+02, 1.81557007e+02, 2.51855392e+02,
    1.77721680e+02, 2.63143616e+02, 1.79812149e+02, 2.72037872e+02,
    1.86460388e+02, 2.61175812e+02, 1.88772171e+02, 2.49986237e+02,
    1.87583405e+02, 3.20071228e+02, 1.82808533e+02, 3.28912811e+02,
    1.77279068e+02, 3.38790955e+02, 1.76598679e+02, 3.48242920e+02,
    1.80238327e+02, 3.41168488e+02, 1.85730682e+02, 3.31339661e+02,
    1.86443954e+02, 2.68258087e+02, 2.76530762e+02, 2.83407349e+02,
    2.65042328e+02, 2.95787659e+02, 2.61942566e+02, 3.03734344e+02,
    2.63838470e+02, 3.13286102e+02, 2.60995087e+02, 3.22605652e+02,
    2.63691925e+02, 3.30522186e+02, 2.73741455e+02, 3.23343201e+02,
    2.84175415e+02, 3.14286926e+02, 2.87689178e+02, 3.03455902e+02,
    2.88153595e+02, 2.94905060e+02, 2.88760071e+02, 2.82552521e+02,
    2.86841461e+02, 2.74513733e+02, 2.76482849e+02, 2.94904785e+02,
    2.72541840e+02, 3.03406128e+02, 2.72602173e+02, 3.12966309e+02,
    2.71765045e+02, 3.24732910e+02, 2.73063812e+02, 3.12966309e+02,
    2.71765045e+02, 3.03406128e+02, 2.72602173e+02, 2.94904785e+02,
    2.72541840e+02 ]
noOfLandmarkPoint: 68
