%YAML:1.0
landmark: [ 7.03003616e+01, 2.24414352e+02, 7.56079636e+01,
    2.49625458e+02, 8.09155579e+01, 2.73509644e+02, 8.82135086e+01,
    2.98720734e+02, 1.00155609e+02, 3.20614594e+02, 1.20090416e+02,
    3.34541748e+02, 1.41475616e+02, 3.47301270e+02, 1.66121429e+02,
    3.55419189e+02, 1.93228210e+02, 3.57117249e+02, 2.14815552e+02,
    3.52546814e+02, 2.35960175e+02, 3.36900482e+02, 2.54153687e+02,
    3.19356750e+02, 2.68192657e+02, 2.99282318e+02, 2.70753265e+02,
    2.74290680e+02, 2.72251526e+02, 2.48391281e+02, 2.71188263e+02,
    2.24010071e+02, 2.70246918e+02, 1.99284805e+02, 9.44389343e+01,
    1.91270828e+02, 1.05434143e+02, 1.78968964e+02, 1.23314888e+02,
    1.76864975e+02, 1.42424072e+02, 1.77194717e+02, 1.60523621e+02,
    1.84678360e+02, 1.89032150e+02, 1.77384521e+02, 2.05601685e+02,
    1.69425888e+02, 2.21733398e+02, 1.66185211e+02, 2.38882935e+02,
    1.66650589e+02, 2.52616898e+02, 1.74775955e+02, 1.79644257e+02,
    2.01930634e+02, 1.81783997e+02, 2.20032516e+02, 1.83349167e+02,
    2.38696564e+02, 1.84588638e+02, 2.57209778e+02, 1.62140274e+02,
    2.64670380e+02, 1.74805557e+02, 2.68187561e+02, 1.86416122e+02,
    2.72870239e+02, 1.95867279e+02, 2.65798553e+02, 2.04754456e+02,
    2.59815460e+02, 1.14443146e+02, 2.09949661e+02, 1.25948006e+02,
    2.01508270e+02, 1.38508606e+02, 2.01505005e+02, 1.49238205e+02,
    2.08555222e+02, 1.38198013e+02, 2.10808960e+02, 1.25131836e+02,
    2.12071960e+02, 2.04654312e+02, 2.02513550e+02, 2.13997055e+02,
    1.94766739e+02, 2.25942947e+02, 1.93106796e+02, 2.36898712e+02,
    1.99445511e+02, 2.28332184e+02, 2.02991119e+02, 2.15767456e+02,
    2.03342010e+02, 1.52755051e+02, 3.02212891e+02, 1.67813538e+02,
    2.94858978e+02, 1.78336060e+02, 2.89858459e+02, 1.87132690e+02,
    2.92043915e+02, 1.97339066e+02, 2.88254730e+02, 2.09720078e+02,
    2.90323364e+02, 2.21334564e+02, 2.92114380e+02, 2.11029068e+02,
    2.99044922e+02, 2.00318069e+02, 3.04956329e+02, 1.89004196e+02,
    3.08340424e+02, 1.81022568e+02, 3.08563477e+02, 1.69029922e+02,
    3.07052246e+02, 1.58487839e+02, 3.02300323e+02, 1.79332581e+02,
    2.99313843e+02, 1.87997238e+02, 2.98994598e+02, 1.98466049e+02,
    2.95357239e+02, 2.15133133e+02, 2.93738220e+02, 1.98466049e+02,
    2.95357239e+02, 1.87997238e+02, 2.98994598e+02, 1.79332581e+02,
    2.99313843e+02 ]
noOfLandmarkPoint: 68
