%YAML:1.0
landmark: [ 2.47559204e+02, 1.89164474e+02, 2.49730270e+02,
    2.00888153e+02, 2.53203949e+02, 2.13046051e+02, 2.58396973e+02,
    2.23467102e+02, 2.63779449e+02, 2.32946899e+02, 2.68835541e+02,
    2.44752167e+02, 2.78412781e+02, 2.56157440e+02, 2.91439545e+02,
    2.68061218e+02, 3.04235168e+02, 2.68399719e+02, 3.15592407e+02,
    2.66329498e+02, 3.29881561e+02, 2.56994293e+02, 3.44960541e+02,
    2.46993698e+02, 3.61087311e+02, 2.36440765e+02, 3.65772888e+02,
    2.21707413e+02, 3.68000763e+02, 2.06202301e+02, 3.67376068e+02,
    1.91000290e+02, 3.65661987e+02, 1.73158112e+02, 2.45396912e+02,
    1.66585526e+02, 2.52335526e+02, 1.61809204e+02, 2.60316589e+02,
    1.60841827e+02, 2.67967102e+02, 1.63111847e+02, 2.75258331e+02,
    1.67707474e+02, 2.95756592e+02, 1.63111847e+02, 3.06611847e+02,
    1.57032898e+02, 3.19203949e+02, 1.53559204e+02, 3.30927643e+02,
    1.55296051e+02, 3.40046051e+02, 1.57901321e+02, 2.88194794e+02,
    1.80286285e+02, 2.87725769e+02, 1.91565964e+02, 2.87342590e+02,
    2.03181335e+02, 2.87077026e+02, 2.14585831e+02, 2.82965607e+02,
    2.18427460e+02, 2.86873505e+02, 2.20335190e+02, 2.90716949e+02,
    2.21268066e+02, 2.96611023e+02, 2.18690796e+02, 3.02061432e+02,
    2.16264603e+02, 2.57111847e+02, 1.83266205e+02, 2.63840240e+02,
    1.78645233e+02, 2.72001953e+02, 1.77805847e+02, 2.78607391e+02,
    1.83845627e+02, 2.71708130e+02, 1.86419861e+02, 2.64312744e+02,
    1.86468872e+02, 3.07464386e+02, 1.79507050e+02, 3.15296051e+02,
    1.72230270e+02, 3.23980255e+02, 1.71361847e+02, 3.31361847e+02,
    1.74491653e+02, 3.25717102e+02, 1.80046051e+02, 3.16598694e+02,
    1.80914474e+02, 2.81351990e+02, 2.41966385e+02, 2.78433624e+02,
    2.38995285e+02, 2.88945618e+02, 2.31583679e+02, 2.92811005e+02,
    2.33059891e+02, 2.97952667e+02, 2.31087906e+02, 3.11656921e+02,
    2.34384644e+02, 3.20235565e+02, 2.36755692e+02, 3.13696075e+02,
    2.44761002e+02, 3.02322235e+02, 2.49647919e+02, 2.96225800e+02,
    2.50361908e+02, 2.90980255e+02, 2.50370667e+02, 2.82042511e+02,
    2.47928574e+02, 2.83971741e+02, 2.41406845e+02, 2.90202179e+02,
    2.39352219e+02, 2.93620514e+02, 2.39180283e+02, 2.99201172e+02,
    2.38909256e+02, 3.16761871e+02, 2.37877640e+02, 2.99201172e+02,
    2.38909256e+02, 2.93620514e+02, 2.39180283e+02, 2.90202179e+02,
    2.39352219e+02 ]
noOfLandmarkPoint: 68
