%YAML:1.0
landmark: [ 1.08003609e+02, 2.59642059e+02, 1.07762627e+02,
    2.97000458e+02, 1.15924110e+02, 3.28923462e+02, 1.31355576e+02,
    3.61386932e+02, 1.46546051e+02, 3.95106842e+02, 1.63585007e+02,
    4.22214294e+02, 1.79009521e+02, 4.49139252e+02, 1.99445953e+02,
    4.72914673e+02, 2.28980011e+02, 4.77327637e+02, 2.56497009e+02,
    4.74959503e+02, 2.96309784e+02, 4.52134125e+02, 3.30687195e+02,
    4.29432709e+02, 3.63639587e+02, 4.01485321e+02, 3.90169647e+02,
    3.69114868e+02, 4.02867310e+02, 3.23742950e+02, 3.98323425e+02,
    2.76192108e+02, 3.94926666e+02, 2.39975693e+02, 9.84515076e+01,
    2.21717453e+02, 1.11842758e+02, 2.08959183e+02, 1.35721436e+02,
    2.02907974e+02, 1.58400055e+02, 2.09608948e+02, 1.77389389e+02,
    2.19333984e+02, 2.28752930e+02, 2.18645218e+02, 2.56576355e+02,
    2.04346252e+02, 2.85714752e+02, 1.95286301e+02, 3.15751587e+02,
    1.98208771e+02, 3.41573273e+02, 2.06737717e+02, 2.09638916e+02,
    2.49315948e+02, 2.07320160e+02, 2.78089081e+02, 2.04023560e+02,
    3.08804413e+02, 2.01182709e+02, 3.37515106e+02, 1.89807877e+02,
    3.52516388e+02, 1.96420364e+02, 3.57937866e+02, 2.05590378e+02,
    3.61094391e+02, 2.17200912e+02, 3.55132416e+02, 2.31499878e+02,
    3.53166931e+02, 1.30223068e+02, 2.50392700e+02, 1.42133087e+02,
    2.39491211e+02, 1.66923981e+02, 2.40207199e+02, 1.81997437e+02,
    2.58502625e+02, 1.62986038e+02, 2.62075623e+02, 1.42133087e+02,
    2.62550629e+02, 2.56247833e+02, 2.54111038e+02, 2.74182526e+02,
    2.33381302e+02, 2.99636169e+02, 2.32946259e+02, 3.15072662e+02,
    2.44825058e+02, 2.96495880e+02, 2.57555817e+02, 2.77506256e+02,
    2.58722137e+02, 1.65134003e+02, 3.90459869e+02, 1.77167984e+02,
    3.94039795e+02, 1.96335938e+02, 3.86112701e+02, 2.06021744e+02,
    3.91262665e+02, 2.18020020e+02, 3.88494354e+02, 2.35943542e+02,
    3.97437286e+02, 2.76603241e+02, 4.00528320e+02, 2.39193405e+02,
    4.25247223e+02, 2.20975540e+02, 4.28638458e+02, 2.06836807e+02,
    4.28649841e+02, 1.94009659e+02, 4.24620880e+02, 1.79849472e+02,
    4.08273315e+02, 1.70555496e+02, 3.95106842e+02, 1.96056870e+02,
    4.03618225e+02, 2.06614609e+02, 4.05745819e+02, 2.18779312e+02,
    4.06351410e+02, 2.69574249e+02, 4.02135834e+02, 2.18779312e+02,
    4.06351410e+02, 2.06614609e+02, 4.05745819e+02, 1.96056870e+02,
    4.03618225e+02 ]
noOfLandmarkPoint: 68
