%YAML:1.0
landmark: [ 1.40555984e+02, 1.81087250e+02, 1.42086624e+02,
    2.03959564e+02, 1.45118866e+02, 2.27253677e+02, 1.48327072e+02,
    2.51370956e+02, 1.55214813e+02, 2.73209198e+02, 1.67932327e+02,
    2.91491364e+02, 1.86303116e+02, 3.07937714e+02, 2.02048859e+02,
    3.23470856e+02, 2.25588074e+02, 3.29106049e+02, 2.47132004e+02,
    3.26679626e+02, 2.64320374e+02, 3.12888519e+02, 2.80666901e+02,
    2.97401367e+02, 2.95033844e+02, 2.79064972e+02, 3.04665375e+02,
    2.58087555e+02, 3.09254608e+02, 2.34081894e+02, 3.14548828e+02,
    2.10962524e+02, 3.19200409e+02, 1.87664749e+02, 1.63018402e+02,
    1.61273193e+02, 1.74226303e+02, 1.55836441e+02, 1.86115143e+02,
    1.50871368e+02, 1.99458038e+02, 1.50477661e+02, 2.11071243e+02,
    1.55355743e+02, 2.51358002e+02, 1.53839020e+02, 2.68386536e+02,
    1.50559250e+02, 2.83121979e+02, 1.51900742e+02, 2.98116089e+02,
    1.56724686e+02, 3.06780365e+02, 1.68406433e+02, 2.33461411e+02,
    1.76387848e+02, 2.33064789e+02, 1.95335266e+02, 2.31500748e+02,
    2.11795242e+02, 2.30479614e+02, 2.27928635e+02, 2.13783020e+02,
    2.32539719e+02, 2.21005722e+02, 2.36963882e+02, 2.29706467e+02,
    2.42290939e+02, 2.38065018e+02, 2.38256561e+02, 2.46408905e+02,
    2.34846527e+02, 1.80951187e+02, 1.75199341e+02, 1.89980209e+02,
    1.68852936e+02, 2.02026062e+02, 1.70118134e+02, 2.08496170e+02,
    1.77330627e+02, 1.99347839e+02, 1.79360336e+02, 1.88057877e+02,
    1.79997726e+02, 2.55306793e+02, 1.80685852e+02, 2.64237488e+02,
    1.72892685e+02, 2.75271271e+02, 1.73448914e+02, 2.82507233e+02,
    1.79704651e+02, 2.75458374e+02, 1.83457428e+02, 2.65269104e+02,
    1.83145752e+02, 1.97194458e+02, 2.65759796e+02, 2.08577484e+02,
    2.59723511e+02, 2.18404221e+02, 2.58698151e+02, 2.27845291e+02,
    2.62360291e+02, 2.38861786e+02, 2.59279694e+02, 2.48832748e+02,
    2.63574860e+02, 2.59262177e+02, 2.69158264e+02, 2.48486069e+02,
    2.79436279e+02, 2.38950317e+02, 2.81826233e+02, 2.27716858e+02,
    2.83449158e+02, 2.17166428e+02, 2.81306488e+02, 2.07687424e+02,
    2.75872772e+02, 2.03736465e+02, 2.66096069e+02, 2.18038879e+02,
    2.66224823e+02, 2.28225937e+02, 2.67580902e+02, 2.38519196e+02,
    2.68148834e+02, 2.53862991e+02, 2.68882446e+02, 2.38458984e+02,
    2.70328278e+02, 2.28185959e+02, 2.71619385e+02, 2.17886093e+02,
    2.68372589e+02 ]
noOfLandmarkPoint: 68
