%YAML:1.0
landmark: [ 1.33050339e+02, 1.22714767e+02, 1.33453018e+02,
    1.40658157e+02, 1.35880173e+02, 1.58572098e+02, 1.37882553e+02,
    1.75078476e+02, 1.43113770e+02, 1.93986252e+02, 1.55164871e+02,
    2.07681213e+02, 1.75214355e+02, 2.19205475e+02, 1.96889069e+02,
    2.27601776e+02, 2.17869965e+02, 2.31222733e+02, 2.30586182e+02,
    2.25574402e+02, 2.44445465e+02, 2.11973938e+02, 2.55286819e+02,
    1.96567276e+02, 2.63987518e+02, 1.78770309e+02, 2.68377014e+02,
    1.62020981e+02, 2.71682953e+02, 1.44583633e+02, 2.70779510e+02,
    1.29320419e+02, 2.67140625e+02, 1.15459084e+02, 1.51789459e+02,
    1.01130936e+02, 1.62238251e+02, 9.07398682e+01, 1.76600540e+02,
    8.63009796e+01, 1.90061417e+02, 8.96025620e+01, 2.02651306e+02,
    9.49839630e+01, 2.33104568e+02, 9.71755753e+01, 2.41764130e+02,
    9.19369965e+01, 2.52451828e+02, 8.95098495e+01, 2.60596130e+02,
    8.94053574e+01, 2.67450897e+02, 9.32236404e+01, 2.22062027e+02,
    1.10623184e+02, 2.23473267e+02, 1.26553146e+02, 2.25287186e+02,
    1.41873566e+02, 2.26495239e+02, 1.57386124e+02, 2.07147980e+02,
    1.60578156e+02, 2.16819763e+02, 1.63201126e+02, 2.24256546e+02,
    1.65628265e+02, 2.31892838e+02, 1.61996750e+02, 2.37748322e+02,
    1.58767914e+02, 1.70491730e+02, 1.12920265e+02, 1.77759369e+02,
    1.05809372e+02, 1.87216934e+02, 1.04996643e+02, 1.96892395e+02,
    1.14476295e+02, 1.88530396e+02, 1.16146843e+02, 1.78205612e+02,
    1.15961845e+02, 2.34461472e+02, 1.16138931e+02, 2.41365128e+02,
    1.07630653e+02, 2.52060181e+02, 1.07017426e+02, 2.57269318e+02,
    1.11646461e+02, 2.52267044e+02, 1.16282852e+02, 2.43600128e+02,
    1.17708809e+02, 1.84192688e+02, 1.78588882e+02, 1.97384476e+02,
    1.76193604e+02, 2.14852036e+02, 1.72902603e+02, 2.21790405e+02,
    1.74254669e+02, 2.29415634e+02, 1.72531708e+02, 2.37482788e+02,
    1.73734955e+02, 2.43806992e+02, 1.77291412e+02, 2.36730042e+02,
    1.91206131e+02, 2.29297012e+02, 1.98250534e+02, 2.21514938e+02,
    2.00942566e+02, 2.12263763e+02, 2.00061554e+02, 1.96450653e+02,
    1.93529221e+02, 1.87434326e+02, 1.80499573e+02, 2.14244781e+02,
    1.79145325e+02, 2.21851105e+02, 1.78801224e+02, 2.29148468e+02,
    1.78255173e+02, 2.38848343e+02, 1.78480209e+02, 2.28717270e+02,
    1.88972794e+02, 2.21291321e+02, 1.92406845e+02, 2.11796875e+02,
    1.91632553e+02 ]
noOfLandmarkPoint: 68
