%YAML:1.0
landmark: [ 1.53872803e+02, 1.07176399e+02, 1.54633881e+02,
    1.21401665e+02, 1.57237686e+02, 1.38072662e+02, 1.55814926e+02,
    1.53016190e+02, 1.58167908e+02, 1.65193695e+02, 1.66037262e+02,
    1.78260025e+02, 1.75806152e+02, 1.87843979e+02, 1.89181091e+02,
    1.95490952e+02, 2.04614838e+02, 1.97539490e+02, 2.20063629e+02,
    1.97570969e+02, 2.32780106e+02, 1.90253494e+02, 2.44161194e+02,
    1.80434814e+02, 2.51859344e+02, 1.68737518e+02, 2.54269409e+02,
    1.51905273e+02, 2.56747894e+02, 1.38534149e+02, 2.60929626e+02,
    1.25110031e+02, 2.61464203e+02, 1.09931190e+02, 1.66707230e+02,
    9.49998093e+01, 1.74889099e+02, 9.12773666e+01, 1.84665924e+02,
    9.09520187e+01, 1.94088318e+02, 9.27780380e+01, 2.01299896e+02,
    9.67712479e+01, 2.20889282e+02, 9.81827927e+01, 2.30563446e+02,
    9.60859070e+01, 2.39102112e+02, 9.58720551e+01, 2.47139893e+02,
    9.78343964e+01, 2.52490952e+02, 1.02211449e+02, 2.09927780e+02,
    1.07784279e+02, 2.09019135e+02, 1.16970016e+02, 2.07947998e+02,
    1.26180489e+02, 2.06711960e+02, 1.35644485e+02, 1.97972382e+02,
    1.43843765e+02, 2.01930359e+02, 1.45542557e+02, 2.06902267e+02,
    1.47379211e+02, 2.12683533e+02, 1.45391373e+02, 2.17615387e+02,
    1.44199539e+02, 1.75874588e+02, 1.07322624e+02, 1.81323456e+02,
    1.03471832e+02, 1.89679260e+02, 1.03934799e+02, 1.94905960e+02,
    1.09090836e+02, 1.88390823e+02, 1.11048737e+02, 1.81296860e+02,
    1.10776154e+02, 2.24248993e+02, 1.11473167e+02, 2.29420380e+02,
    1.06157204e+02, 2.36772049e+02, 1.06302979e+02, 2.41751511e+02,
    1.10316406e+02, 2.37280228e+02, 1.13234146e+02, 2.30894638e+02,
    1.13260071e+02, 1.85332962e+02, 1.61737686e+02, 1.93167511e+02,
    1.57551987e+02, 2.00479050e+02, 1.56984619e+02, 2.06853638e+02,
    1.58918228e+02, 2.15664917e+02, 1.56758667e+02, 2.24448563e+02,
    1.59047699e+02, 2.27370773e+02, 1.63209824e+02, 2.23955582e+02,
    1.68628738e+02, 2.16375275e+02, 1.69429092e+02, 2.07049942e+02,
    1.70025879e+02, 2.00542114e+02, 1.69325104e+02, 1.93010986e+02,
    1.67379562e+02, 1.88429413e+02, 1.62992081e+02, 2.00579895e+02,
    1.63277115e+02, 2.06719482e+02, 1.64527725e+02, 2.16048004e+02,
    1.63266708e+02, 2.23734482e+02, 1.64641876e+02, 2.16048004e+02,
    1.63266708e+02, 2.06719482e+02, 1.64527725e+02, 2.00579895e+02,
    1.63277115e+02 ]
noOfLandmarkPoint: 68
