%YAML:1.0
landmark: [ 7.71836243e+01, 9.54745483e+01, 7.82010117e+01,
    1.11627014e+02, 8.08067627e+01, 1.28192108e+02, 8.46071625e+01,
    1.45713211e+02, 9.41821594e+01, 1.58398605e+02, 1.11056404e+02,
    1.72018753e+02, 1.32761765e+02, 1.83735733e+02, 1.52905197e+02,
    1.91718292e+02, 1.66170212e+02, 1.89700699e+02, 1.74884277e+02,
    1.82620850e+02, 1.77299072e+02, 1.69991104e+02, 1.80173828e+02,
    1.56793533e+02, 1.85903580e+02, 1.42682312e+02, 1.90742126e+02,
    1.27834023e+02, 1.91915787e+02, 1.13289757e+02, 1.90180893e+02,
    1.00817581e+02, 1.86711105e+02, 9.01896057e+01, 9.84089966e+01,
    1.02875183e+02, 1.06323219e+02, 9.53108749e+01, 1.18975914e+02,
    9.42930450e+01, 1.30786575e+02, 9.54071655e+01, 1.43489136e+02,
    9.50415955e+01, 1.59946762e+02, 9.30537186e+01, 1.67550018e+02,
    8.73641815e+01, 1.74555283e+02, 8.28994522e+01, 1.81107025e+02,
    7.88503036e+01, 1.86961853e+02, 8.04467926e+01, 1.53738892e+02,
    1.02776726e+02, 1.57273514e+02, 1.13972130e+02, 1.61698303e+02,
    1.25491936e+02, 1.65945236e+02, 1.37041611e+02, 1.49827866e+02,
    1.42199966e+02, 1.54934372e+02, 1.43235764e+02, 1.59841858e+02,
    1.43660965e+02, 1.65142380e+02, 1.41824982e+02, 1.69458389e+02,
    1.38745972e+02, 1.12825722e+02, 1.08603401e+02, 1.18823235e+02,
    1.04380150e+02, 1.26788055e+02, 1.03518753e+02, 1.33798981e+02,
    1.07891289e+02, 1.27710205e+02, 1.10847458e+02, 1.19925972e+02,
    1.11724236e+02, 1.62754684e+02, 1.02032486e+02, 1.66359711e+02,
    9.55075150e+01, 1.72478806e+02, 9.27713699e+01, 1.78296829e+02,
    9.38151703e+01, 1.75685287e+02, 9.73863144e+01, 1.70298187e+02,
    1.00320534e+02, 1.24097588e+02, 1.53515671e+02, 1.43598618e+02,
    1.50662918e+02, 1.54015778e+02, 1.48026230e+02, 1.59263596e+02,
    1.48586365e+02, 1.63802200e+02, 1.45471024e+02, 1.69378098e+02,
    1.43247116e+02, 1.76752167e+02, 1.39515839e+02, 1.72584579e+02,
    1.59735825e+02, 1.66697235e+02, 1.66206131e+02, 1.62009750e+02,
    1.68487961e+02, 1.56706924e+02, 1.69137802e+02, 1.45987381e+02,
    1.68900681e+02, 1.27629959e+02, 1.53810333e+02, 1.54709732e+02,
    1.52338867e+02, 1.59664978e+02, 1.51810333e+02, 1.64071991e+02,
    1.49066437e+02, 1.72095428e+02, 1.45496765e+02, 1.65491898e+02,
    1.58886368e+02, 1.60861191e+02, 1.61892609e+02, 1.56247711e+02,
    1.62421143e+02 ]
noOfLandmarkPoint: 68
