%YAML:1.0
landmark: [ 1.53141922e+02, 1.82253052e+02, 1.53912964e+02,
    2.11199585e+02, 1.58301956e+02, 2.40908005e+02, 1.65763977e+02,
    2.65036163e+02, 1.74357498e+02, 2.90128845e+02, 1.88456589e+02,
    3.16933777e+02, 2.19034790e+02, 3.37545258e+02, 2.46878983e+02,
    3.50343323e+02, 2.69235138e+02, 3.49884735e+02, 2.89358154e+02,
    3.42774139e+02, 2.99511871e+02, 3.26367188e+02, 3.09939728e+02,
    3.03355591e+02, 3.18333862e+02, 2.80588257e+02, 3.23991425e+02,
    2.56504974e+02, 3.29863342e+02, 2.31275192e+02, 3.31316376e+02,
    2.09547150e+02, 3.31316376e+02, 1.92574448e+02, 1.92810577e+02,
    1.86797318e+02, 2.04863739e+02, 1.80505661e+02, 2.16969589e+02,
    1.87049271e+02, 2.32702621e+02, 1.90141907e+02, 2.45622803e+02,
    1.93857956e+02, 2.85338074e+02, 1.90784943e+02, 2.98195892e+02,
    1.84424561e+02, 3.08623779e+02, 1.80937790e+02, 3.19617371e+02,
    1.77054764e+02, 3.28073853e+02, 1.82512939e+02, 2.69065948e+02,
    2.05360291e+02, 2.72230865e+02, 2.25817032e+02, 2.75274017e+02,
    2.49439194e+02, 2.78775726e+02, 2.72343597e+02, 2.51115967e+02,
    2.73385437e+02, 2.59450317e+02, 2.78828674e+02, 2.67769714e+02,
    2.83843201e+02, 2.77953339e+02, 2.82175812e+02, 2.85200989e+02,
    2.74791077e+02, 1.99808319e+02, 2.07966812e+02, 2.11565948e+02,
    1.99888382e+02, 2.26115494e+02, 2.00739273e+02, 2.36957108e+02,
    2.07972000e+02, 2.25496964e+02, 2.13331207e+02, 2.11174789e+02,
    2.13904449e+02, 2.88012268e+02, 2.02129974e+02, 2.97370972e+02,
    1.92925858e+02, 3.08349640e+02, 1.91457870e+02, 3.15353058e+02,
    1.96442505e+02, 3.10383362e+02, 2.03445938e+02, 2.98975403e+02,
    2.06303070e+02, 2.31177414e+02, 3.00741180e+02, 2.48346970e+02,
    3.01795410e+02, 2.59710571e+02, 3.01113678e+02, 2.69888092e+02,
    3.01694366e+02, 2.78816833e+02, 2.97903564e+02, 2.87279572e+02,
    2.96504181e+02, 2.97479675e+02, 2.92203308e+02, 2.88464111e+02,
    3.05447540e+02, 2.80031250e+02, 3.09965576e+02, 2.69915833e+02,
    3.12108215e+02, 2.59526886e+02, 3.12250183e+02, 2.48079819e+02,
    3.11637146e+02, 2.35947708e+02, 3.03034088e+02, 2.59645752e+02,
    3.04773682e+02, 2.69885559e+02, 3.05260925e+02, 2.79502197e+02,
    3.01395355e+02, 2.93839355e+02, 2.96030670e+02, 2.79502197e+02,
    3.01395355e+02, 2.69885559e+02, 3.05260925e+02, 2.59645752e+02,
    3.04773682e+02 ]
noOfLandmarkPoint: 68
