%YAML:1.0
landmark: [ 9.67823105e+01, 1.92654327e+02, 9.79012756e+01,
    2.10337921e+02, 9.93099670e+01, 2.28416168e+02, 1.03246323e+02,
    2.44785965e+02, 1.10774323e+02, 2.60771149e+02, 1.23657410e+02,
    2.79338928e+02, 1.31914734e+02, 2.95618866e+02, 1.42120285e+02,
    3.08157227e+02, 1.60683075e+02, 3.13647156e+02, 1.79084534e+02,
    3.12144775e+02, 1.94012146e+02, 2.97512085e+02, 2.06790298e+02,
    2.80163177e+02, 2.18354568e+02, 2.63543579e+02, 2.30564301e+02,
    2.43763626e+02, 2.33135605e+02, 2.26358948e+02, 2.35860229e+02,
    2.12315536e+02, 2.38202560e+02, 1.92804550e+02, 1.05334381e+02,
    1.78222717e+02, 1.17003586e+02, 1.74770905e+02, 1.27469170e+02,
    1.78218079e+02, 1.36746796e+02, 1.83048401e+02, 1.48392197e+02,
    1.88847610e+02, 1.78846191e+02, 1.90526337e+02, 1.90505371e+02,
    1.84496918e+02, 2.02654099e+02, 1.80995148e+02, 2.15826904e+02,
    1.78907089e+02, 2.27690948e+02, 1.83667679e+02, 1.64525986e+02,
    2.05778397e+02, 1.62697937e+02, 2.25857529e+02, 1.60858978e+02,
    2.42550827e+02, 1.59686432e+02, 2.59946320e+02, 1.42459961e+02,
    2.53053329e+02, 1.49513458e+02, 2.60296631e+02, 1.59419235e+02,
    2.65252014e+02, 1.70838654e+02, 2.60291595e+02, 1.80954315e+02,
    2.55770782e+02, 1.20355476e+02, 1.95811401e+02, 1.27688660e+02,
    1.91630264e+02, 1.37214844e+02, 1.93283737e+02, 1.43429047e+02,
    2.00721848e+02, 1.35304260e+02, 2.03511993e+02, 1.25580803e+02,
    2.01366653e+02, 1.88640381e+02, 2.03918106e+02, 1.94461990e+02,
    1.97590652e+02, 2.03180496e+02, 1.96885178e+02, 2.11945526e+02,
    2.01935730e+02, 2.05386612e+02, 2.06746262e+02, 1.97324112e+02,
    2.07135910e+02, 1.34247574e+02, 2.60191681e+02, 1.50213486e+02,
    2.69350525e+02, 1.57146912e+02, 2.72050781e+02, 1.62764725e+02,
    2.73525085e+02, 1.68570099e+02, 2.72866943e+02, 1.77436203e+02,
    2.70728333e+02, 1.90420502e+02, 2.65881439e+02, 1.78767319e+02,
    2.80379395e+02, 1.68357956e+02, 2.83684113e+02, 1.62562546e+02,
    2.84155701e+02, 1.56160019e+02, 2.82531433e+02, 1.49041748e+02,
    2.77528809e+02, 1.38868317e+02, 2.64717529e+02, 1.56655563e+02,
    2.75394165e+02, 1.62496536e+02, 2.76655334e+02, 1.68383972e+02,
    2.76358734e+02, 1.84875610e+02, 2.70796906e+02, 1.68383972e+02,
    2.76358734e+02, 1.62496536e+02, 2.76655334e+02, 1.56655563e+02,
    2.75394165e+02 ]
noOfLandmarkPoint: 68
