%YAML:1.0
landmark: [ 3.25363159e+02, 1.30764847e+02, 3.23005005e+02,
    1.52153137e+02, 3.22039978e+02, 1.70146790e+02, 3.20308929e+02,
    1.91294662e+02, 3.21442932e+02, 2.14541565e+02, 3.29947876e+02,
    2.34386475e+02, 3.46957825e+02, 2.51396408e+02, 3.67140656e+02,
    2.67561523e+02, 3.92047760e+02, 2.71911316e+02, 4.15286713e+02,
    2.69540314e+02, 4.35698608e+02, 2.60070343e+02, 4.52683075e+02,
    2.48301392e+02, 4.65308624e+02, 2.32047760e+02, 4.72841736e+02,
    2.13708878e+02, 4.76086914e+02, 1.94482895e+02, 4.79513000e+02,
    1.75996964e+02, 4.79394775e+02, 1.56309311e+02, 3.46027832e+02,
    1.21548073e+02, 3.58295441e+02, 1.13700676e+02, 3.72664764e+02,
    1.11413399e+02, 3.86727600e+02, 1.14280373e+02, 4.01937988e+02,
    1.22721184e+02, 4.27631775e+02, 1.27731163e+02, 4.41573547e+02,
    1.23806938e+02, 4.53129761e+02, 1.22751587e+02, 4.65108673e+02,
    1.25111923e+02, 4.75365540e+02, 1.32932007e+02, 4.13651642e+02,
    1.46302948e+02, 4.12623535e+02, 1.59422775e+02, 4.11555389e+02,
    1.73186996e+02, 4.10205261e+02, 1.87412292e+02, 3.89716064e+02,
    1.92682877e+02, 3.97938843e+02, 1.95353806e+02, 4.05696472e+02,
    1.99123779e+02, 4.14013947e+02, 1.98480240e+02, 4.20843628e+02,
    1.97417877e+02, 3.64324493e+02, 1.35927567e+02, 3.71527191e+02,
    1.32285645e+02, 3.80547180e+02, 1.32940170e+02, 3.88472260e+02,
    1.41271133e+02, 3.77973724e+02, 1.42529419e+02, 3.68390808e+02,
    1.40406982e+02, 4.31280762e+02, 1.48575195e+02, 4.38527161e+02,
    1.42326019e+02, 4.48315308e+02, 1.42287155e+02, 4.56707031e+02,
    1.48637741e+02, 4.49157135e+02, 1.49692429e+02, 4.39898529e+02,
    1.49956055e+02, 3.58785950e+02, 2.05976486e+02, 3.78992432e+02,
    2.06540665e+02, 3.95022064e+02, 2.08515945e+02, 4.01183228e+02,
    2.10636078e+02, 4.12123047e+02, 2.10582794e+02, 4.25250305e+02,
    2.12847641e+02, 4.37165619e+02, 2.18327408e+02, 4.23886505e+02,
    2.34319199e+02, 4.07638611e+02, 2.38767120e+02, 3.97142792e+02,
    2.37818512e+02, 3.88392151e+02, 2.36161194e+02, 3.72463287e+02,
    2.26841476e+02, 3.64118011e+02, 2.08105576e+02, 3.94439026e+02,
    2.11407181e+02, 4.00750305e+02, 2.13113571e+02, 4.11652496e+02,
    2.13234833e+02, 4.33543823e+02, 2.18517166e+02, 4.08865051e+02,
    2.30380280e+02, 3.98415680e+02, 2.29373657e+02, 3.90093140e+02,
    2.27804413e+02 ]
noOfLandmarkPoint: 68
