%YAML:1.0
landmark: [ 9.67714310e+01, 1.64682297e+02, 9.66270142e+01,
    1.78978455e+02, 9.75112686e+01, 1.93273636e+02, 9.99582825e+01,
    2.08253052e+02, 1.04776329e+02, 2.22323944e+02, 1.14933372e+02,
    2.34085693e+02, 1.30047470e+02, 2.41871582e+02, 1.45825241e+02,
    2.47203629e+02, 1.59403076e+02, 2.49570511e+02, 1.69763672e+02,
    2.48827972e+02, 1.77990005e+02, 2.42373978e+02, 1.85364594e+02,
    2.33747833e+02, 1.92607010e+02, 2.24298981e+02, 1.96097382e+02,
    2.11327393e+02, 2.00410446e+02, 1.99473877e+02, 2.03636505e+02,
    1.86765289e+02, 2.03538040e+02, 1.72245438e+02, 1.19508362e+02,
    1.49926773e+02, 1.30369049e+02, 1.46877762e+02, 1.41882950e+02,
    1.47454590e+02, 1.52210846e+02, 1.50262878e+02, 1.61789612e+02,
    1.53305618e+02, 1.70255203e+02, 1.53335602e+02, 1.79640060e+02,
    1.48990967e+02, 1.90326569e+02, 1.48558578e+02, 1.98233795e+02,
    1.51354507e+02, 2.01232742e+02, 1.56756546e+02, 1.66268661e+02,
    1.60262390e+02, 1.67388062e+02, 1.66649734e+02, 1.68902618e+02,
    1.73991928e+02, 1.69034775e+02, 1.82058365e+02, 1.58136139e+02,
    1.93251083e+02, 1.61889511e+02, 1.93744705e+02, 1.65512024e+02,
    1.95456192e+02, 1.69297791e+02, 1.94962570e+02, 1.72326920e+02,
    1.94336792e+02, 1.31714630e+02, 1.61711075e+02, 1.36383911e+02,
    1.58771301e+02, 1.41983353e+02, 1.58360062e+02, 1.48048676e+02,
    1.63233215e+02, 1.41698883e+02, 1.65558441e+02, 1.35814377e+02,
    1.65243378e+02, 1.75985672e+02, 1.63217209e+02, 1.81287308e+02,
    1.59459106e+02, 1.86830750e+02, 1.59076813e+02, 1.90815613e+02,
    1.62764389e+02, 1.86992218e+02, 1.65522125e+02, 1.81123840e+02,
    1.65587143e+02, 1.39893982e+02, 2.11101456e+02, 1.49453400e+02,
    2.07701813e+02, 1.59313919e+02, 2.03086685e+02, 1.63040192e+02,
    2.06066940e+02, 1.68375473e+02, 2.05737061e+02, 1.75504929e+02,
    2.09166992e+02, 1.79201675e+02, 2.16027664e+02, 1.72869080e+02,
    2.19881989e+02, 1.65041672e+02, 2.22043335e+02, 1.59540604e+02,
    2.21466385e+02, 1.55227417e+02, 2.20274841e+02, 1.48190689e+02,
    2.15274918e+02, 1.43649979e+02, 2.11490616e+02, 1.58118683e+02,
    2.10035965e+02, 1.61547318e+02, 2.11329971e+02, 1.67118225e+02,
    2.11576691e+02, 1.76833862e+02, 2.15832169e+02, 1.67118225e+02,
    2.11576691e+02, 1.61547318e+02, 2.11329971e+02, 1.58118683e+02,
    2.10035965e+02 ]
noOfLandmarkPoint: 68
