%YAML:1.0
landmark: [ 1.14376045e+02, 2.01910645e+02, 1.13335823e+02,
    2.29138062e+02, 1.20223213e+02, 2.56484253e+02, 1.20361786e+02,
    2.82421295e+02, 1.27387749e+02, 3.10564728e+02, 1.44073517e+02,
    3.33209869e+02, 1.67674576e+02, 3.52151123e+02, 1.97346466e+02,
    3.69602814e+02, 2.23595367e+02, 3.73886566e+02, 2.49156982e+02,
    3.65173279e+02, 2.60767670e+02, 3.46925537e+02, 2.72751770e+02,
    3.22897949e+02, 2.81437042e+02, 3.00338928e+02, 2.87323792e+02,
    2.76271759e+02, 2.90761200e+02, 2.52085815e+02, 2.93520111e+02,
    2.29848938e+02, 2.91031158e+02, 2.07210724e+02, 1.45524521e+02,
    1.89393372e+02, 1.54975998e+02, 1.77521088e+02, 1.69885468e+02,
    1.68630905e+02, 1.87776123e+02, 1.67011200e+02, 2.04639160e+02,
    1.71199051e+02, 2.50792023e+02, 1.72239273e+02, 2.62756317e+02,
    1.67221756e+02, 2.73950348e+02, 1.67261353e+02, 2.82925385e+02,
    1.69809708e+02, 2.89641785e+02, 1.76526123e+02, 2.26008362e+02,
    2.02991760e+02, 2.27819321e+02, 2.20973969e+02, 2.29493988e+02,
    2.37383011e+02, 2.31379349e+02, 2.53849014e+02, 2.02888062e+02,
    2.65518646e+02, 2.16880600e+02, 2.68317169e+02, 2.30313431e+02,
    2.73505646e+02, 2.42664383e+02, 2.67218292e+02, 2.56750793e+02,
    2.62180237e+02, 1.67800217e+02, 2.09268509e+02, 1.77310272e+02,
    2.02890244e+02, 1.89488586e+02, 2.02861771e+02, 1.99068405e+02,
    2.09988266e+02, 1.88682190e+02, 2.13640533e+02, 1.77138321e+02,
    2.13444962e+02, 2.46868378e+02, 2.08584061e+02, 2.55497406e+02,
    2.01147110e+02, 2.67132355e+02, 1.99986786e+02, 2.77508301e+02,
    2.06124374e+02, 2.69137054e+02, 2.09578262e+02, 2.57537781e+02,
    2.11000488e+02, 1.97192062e+02, 3.08016388e+02, 2.09656677e+02,
    2.98211700e+02, 2.22832291e+02, 2.95906769e+02, 2.31330032e+02,
    2.97937469e+02, 2.39835983e+02, 2.94845398e+02, 2.49185333e+02,
    2.96580780e+02, 2.59378326e+02, 3.06047516e+02, 2.50732941e+02,
    3.17704041e+02, 2.41664093e+02, 3.22813080e+02, 2.32629654e+02,
    3.23005768e+02, 2.23551758e+02, 3.22420990e+02, 2.08464371e+02,
    3.16996490e+02, 2.03269608e+02, 3.08016388e+02, 2.23227188e+02,
    3.07181732e+02, 2.31660065e+02, 3.07170074e+02, 2.40298508e+02,
    3.06529327e+02, 2.54130447e+02, 3.07937195e+02, 2.40298508e+02,
    3.06529327e+02, 2.31660065e+02, 3.07170074e+02, 2.23227188e+02,
    3.07181732e+02 ]
noOfLandmarkPoint: 68
