%YAML:1.0
landmark: [ 1.37974808e+02, 1.26516052e+02, 1.37459961e+02,
    1.43349182e+02, 1.39529129e+02, 1.64761414e+02, 1.44954071e+02,
    1.84773361e+02, 1.52917419e+02, 2.03654358e+02, 1.62043625e+02,
    2.19716568e+02, 1.75332214e+02, 2.33050339e+02, 1.93005157e+02,
    2.42189804e+02, 2.12659592e+02, 2.44773361e+02, 2.32368546e+02,
    2.42547302e+02, 2.50231537e+02, 2.35063751e+02, 2.67569580e+02,
    2.22177856e+02, 2.81357697e+02, 2.04981354e+02, 2.89460144e+02,
    1.84270340e+02, 2.93460968e+02, 1.62947403e+02, 2.95067688e+02,
    1.41719894e+02, 2.95338623e+02, 1.20458054e+02, 1.44638199e+02,
    1.04229858e+02, 1.55801956e+02, 9.53749771e+01, 1.70112442e+02,
    9.35701675e+01, 1.82052628e+02, 9.73335648e+01, 1.93874374e+02,
    1.05780434e+02, 2.23729370e+02, 1.01672966e+02, 2.36021835e+02,
    9.41367035e+01, 2.49393204e+02, 9.02679901e+01, 2.63335480e+02,
    9.12185974e+01, 2.74779297e+02, 9.80581055e+01, 2.08300903e+02,
    1.16919846e+02, 2.07604141e+02, 1.29408325e+02, 2.07493591e+02,
    1.42319824e+02, 2.06955322e+02, 1.56019760e+02, 1.96429932e+02,
    1.67457932e+02, 2.01149200e+02, 1.70534531e+02, 2.07956558e+02,
    1.72665009e+02, 2.13944748e+02, 1.70344482e+02, 2.21070801e+02,
    1.67715744e+02, 1.59645081e+02, 1.20723961e+02, 1.67353500e+02,
    1.13948326e+02, 1.79008377e+02, 1.15061890e+02, 1.88386932e+02,
    1.22834412e+02, 1.77841644e+02, 1.26309296e+02, 1.65871475e+02,
    1.25834488e+02, 2.32275253e+02, 1.21597305e+02, 2.40332367e+02,
    1.13808769e+02, 2.50602097e+02, 1.13608139e+02, 2.59278107e+02,
    1.20007370e+02, 2.52502777e+02, 1.24773369e+02, 2.41820343e+02,
    1.25836548e+02, 1.81889618e+02, 1.98480545e+02, 1.91662888e+02,
    1.92059128e+02, 2.00917435e+02, 1.87580917e+02, 2.07383270e+02,
    1.91103439e+02, 2.15836273e+02, 1.88071121e+02, 2.26476105e+02,
    1.93374619e+02, 2.37983551e+02, 1.99527817e+02, 2.26741119e+02,
    2.05088516e+02, 2.17307510e+02, 2.07526978e+02, 2.08091873e+02,
    2.08973907e+02, 2.00828156e+02, 2.07738525e+02, 1.92194351e+02,
    2.05073776e+02, 1.86755371e+02, 1.98371979e+02, 2.00941269e+02,
    1.96778702e+02, 2.07737030e+02, 1.97211411e+02, 2.16202744e+02,
    1.97066544e+02, 2.33273621e+02, 1.98889908e+02, 2.16202744e+02,
    1.97066544e+02, 2.07737030e+02, 1.97211411e+02, 2.00941269e+02,
    1.96778702e+02 ]
noOfLandmarkPoint: 68
