%YAML:1.0
landmark: [ 5.54243469e+01, 1.75121185e+02, 5.38652916e+01,
    1.95268021e+02, 5.90757561e+01, 2.14954407e+02, 6.32036171e+01,
    2.34959915e+02, 6.77758865e+01, 2.52768158e+02, 7.64235687e+01,
    2.70204834e+02, 8.89431305e+01, 2.88292664e+02, 9.84679794e+01,
    3.01979950e+02, 1.14508331e+02, 3.09876343e+02, 1.34816910e+02,
    3.09678162e+02, 1.55000168e+02, 3.00250946e+02, 1.70009384e+02,
    2.87685242e+02, 1.88629211e+02, 2.69557892e+02, 2.03529144e+02,
    2.47161346e+02, 2.15646088e+02, 2.22975540e+02, 2.17205139e+02,
    1.91438843e+02, 2.17790894e+02, 1.60273697e+02, 5.68420715e+01,
    1.43046814e+02, 6.60026398e+01, 1.40671799e+02, 7.66173553e+01,
    1.42000641e+02, 8.91262512e+01, 1.46217392e+02, 9.89614334e+01,
    1.51799408e+02, 1.28990753e+02, 1.45838379e+02, 1.43670013e+02,
    1.41095795e+02, 1.59106567e+02, 1.37961838e+02, 1.72747192e+02,
    1.35126205e+02, 1.86496048e+02, 1.41063751e+02, 1.11579735e+02,
    1.64941422e+02, 1.09717491e+02, 1.81090775e+02, 1.07928215e+02,
    1.98454605e+02, 1.06086487e+02, 2.15818436e+02, 9.42842636e+01,
    2.19401367e+02, 1.01530243e+02, 2.25088287e+02, 1.10549469e+02,
    2.30048141e+02, 1.20437111e+02, 2.23387894e+02, 1.31140717e+02,
    2.19914261e+02, 7.01317062e+01, 1.67811172e+02, 7.67469635e+01,
    1.64018738e+02, 8.58178787e+01, 1.63939178e+02, 9.45116043e+01,
    1.69053085e+02, 8.65033340e+01, 1.72117325e+02, 7.70367889e+01,
    1.72379242e+02, 1.40813461e+02, 1.67384598e+02, 1.48387985e+02,
    1.62285233e+02, 1.56700851e+02, 1.61694656e+02, 1.65493118e+02,
    1.63632401e+02, 1.58546448e+02, 1.68707230e+02, 1.49809906e+02,
    1.69504440e+02, 8.94817734e+01, 2.45182678e+02, 9.91391983e+01,
    2.48508606e+02, 1.07148682e+02, 2.50459610e+02, 1.14331573e+02,
    2.50624481e+02, 1.23224487e+02, 2.50001175e+02, 1.34361725e+02,
    2.50035477e+02, 1.51889160e+02, 2.47998489e+02, 1.35951675e+02,
    2.62091187e+02, 1.23850594e+02, 2.63836670e+02, 1.15000816e+02,
    2.63984650e+02, 1.07152939e+02, 2.61760590e+02, 9.91916504e+01,
    2.55890533e+02, 9.36985168e+01, 2.48070572e+02, 1.06963753e+02,
    2.53205002e+02, 1.14619621e+02, 2.52982346e+02, 1.23419403e+02,
    2.52680405e+02, 1.43773911e+02, 2.50456360e+02, 1.23548973e+02,
    2.55025375e+02, 1.14715309e+02, 2.54903198e+02, 1.06963753e+02,
    2.53205002e+02 ]
noOfLandmarkPoint: 68
