%YAML:1.0
landmark: [ 1.54674194e+02, 1.78404663e+02, 1.54437683e+02,
    1.91974976e+02, 1.55787155e+02, 2.06208878e+02, 1.60651550e+02,
    2.21953979e+02, 1.67685211e+02, 2.37627472e+02, 1.80469269e+02,
    2.51678558e+02, 1.94151718e+02, 2.62320862e+02, 2.09745926e+02,
    2.68806580e+02, 2.24483398e+02, 2.70104523e+02, 2.36846313e+02,
    2.69059204e+02, 2.44865051e+02, 2.58830780e+02, 2.52248413e+02,
    2.48122147e+02, 2.56795074e+02, 2.35229660e+02, 2.61524078e+02,
    2.22825714e+02, 2.66353638e+02, 2.08471283e+02, 2.66770081e+02,
    1.95291275e+02, 2.66521423e+02, 1.82515625e+02, 1.84772888e+02,
    1.66464340e+02, 1.94505264e+02, 1.61130264e+02, 2.05778992e+02,
    1.60047348e+02, 2.15725555e+02, 1.62457443e+02, 2.25101868e+02,
    1.67870422e+02, 2.45809418e+02, 1.69163818e+02, 2.51780029e+02,
    1.64932861e+02, 2.58710388e+02, 1.62684509e+02, 2.65063324e+02,
    1.63504272e+02, 2.70241913e+02, 1.67750153e+02, 2.35589828e+02,
    1.83797531e+02, 2.37207718e+02, 1.92016068e+02, 2.38860062e+02,
    2.00455856e+02, 2.40657959e+02, 2.09171249e+02, 2.26299133e+02,
    2.17028427e+02, 2.32096420e+02, 2.17608154e+02, 2.36734238e+02,
    2.16448700e+02, 2.42531525e+02, 2.15289246e+02, 2.44270706e+02,
    2.14129791e+02, 1.95095413e+02, 1.81934372e+02, 2.00701950e+02,
    1.78201065e+02, 2.08739365e+02, 1.77471054e+02, 2.14201660e+02,
    1.83072281e+02, 2.09364273e+02, 1.85777100e+02, 2.01623291e+02,
    1.85114731e+02, 2.44435013e+02, 1.83520172e+02, 2.49536865e+02,
    1.79104370e+02, 2.55623703e+02, 1.79011612e+02, 2.58894348e+02,
    1.83681641e+02, 2.56104645e+02, 1.87503021e+02, 2.50828552e+02,
    1.87788971e+02, 2.05428757e+02, 2.34390717e+02, 2.19213577e+02,
    2.32373749e+02, 2.28811615e+02, 2.30854782e+02, 2.32905930e+02,
    2.31918655e+02, 2.37139236e+02, 2.31060699e+02, 2.42173126e+02,
    2.32401077e+02, 2.45201248e+02, 2.37216537e+02, 2.40947876e+02,
    2.43461243e+02, 2.36755585e+02, 2.46588150e+02, 2.32459290e+02,
    2.46633545e+02, 2.27864761e+02, 2.46426300e+02, 2.19599762e+02,
    2.42474304e+02, 2.08653976e+02, 2.35449783e+02, 2.28811584e+02,
    2.36936157e+02, 2.32643463e+02, 2.37165802e+02, 2.37175491e+02,
    2.36403732e+02, 2.42287247e+02, 2.37165802e+02, 2.37175491e+02,
    2.36403732e+02, 2.32643463e+02, 2.37165802e+02, 2.28811584e+02,
    2.36936157e+02 ]
noOfLandmarkPoint: 68
