%YAML:1.0
landmark: [ 6.45258102e+01, 1.74009537e+02, 6.72421646e+01,
    2.05078735e+02, 7.38327866e+01, 2.29381348e+02, 8.32357407e+01,
    2.55252853e+02, 9.61235046e+01, 2.77250092e+02, 1.16188850e+02,
    2.95810516e+02, 1.28062668e+02, 3.16089355e+02, 1.46526489e+02,
    3.31222931e+02, 1.74137451e+02, 3.34074005e+02, 2.02881729e+02,
    3.25033020e+02, 2.23378754e+02, 3.06328247e+02, 2.36079453e+02,
    2.82303802e+02, 2.46817184e+02, 2.61404419e+02, 2.55650543e+02,
    2.36165451e+02, 2.55859039e+02, 2.06564789e+02, 2.54322098e+02,
    1.79514893e+02, 2.48346924e+02, 1.53959747e+02, 7.13331604e+01,
    1.61915909e+02, 8.08658524e+01, 1.48467072e+02, 9.56539688e+01,
    1.45647781e+02, 1.12626511e+02, 1.45653793e+02, 1.28363953e+02,
    1.50267151e+02, 1.67262497e+02, 1.45302460e+02, 1.82572327e+02,
    1.35408264e+02, 1.99763611e+02, 1.32478775e+02, 2.18670242e+02,
    1.30181625e+02, 2.32337311e+02, 1.41927139e+02, 1.51119766e+02,
    1.74190033e+02, 1.53889008e+02, 1.93970154e+02, 1.56349579e+02,
    2.12894867e+02, 1.58410309e+02, 2.30953140e+02, 1.35636612e+02,
    2.38903107e+02, 1.45447998e+02, 2.41147308e+02, 1.59698639e+02,
    2.43786316e+02, 1.72609528e+02, 2.38119827e+02, 1.83203705e+02,
    2.30909866e+02, 9.36719055e+01, 1.82770294e+02, 1.00485634e+02,
    1.76030655e+02, 1.12661057e+02, 1.73904922e+02, 1.25752159e+02,
    1.81358536e+02, 1.14614502e+02, 1.86376175e+02, 1.01685883e+02,
    1.87201523e+02, 1.80851624e+02, 1.74414993e+02, 1.90468079e+02,
    1.65844482e+02, 2.02896866e+02, 1.62215698e+02, 2.13756744e+02,
    1.66794434e+02, 2.07785065e+02, 1.75151459e+02, 1.94555832e+02,
    1.77963791e+02, 1.24380363e+02, 2.70493958e+02, 1.35904724e+02,
    2.63760834e+02, 1.50249847e+02, 2.60037018e+02, 1.61416962e+02,
    2.60142365e+02, 1.74002289e+02, 2.57263641e+02, 1.88967224e+02,
    2.56375061e+02, 2.04466873e+02, 2.60107758e+02, 1.93502228e+02,
    2.75958832e+02, 1.78640823e+02, 2.87638885e+02, 1.66685944e+02,
    2.91480133e+02, 1.54171753e+02, 2.91288177e+02, 1.41008896e+02,
    2.86861023e+02, 1.27374199e+02, 2.71491913e+02, 1.52761169e+02,
    2.72884094e+02, 1.63473877e+02, 2.73487061e+02, 1.76033524e+02,
    2.69001099e+02, 1.99316071e+02, 2.62430420e+02, 1.76033524e+02,
    2.69001099e+02, 1.63473877e+02, 2.73487061e+02, 1.52761169e+02,
    2.72884094e+02 ]
noOfLandmarkPoint: 68
