%YAML:1.0
landmark: [ 2.22254822e+02, 1.29532181e+02, 2.20752914e+02,
    1.43935211e+02, 2.20380585e+02, 1.60088989e+02, 2.22152771e+02,
    1.75723648e+02, 2.28373367e+02, 1.88907639e+02, 2.36049271e+02,
    2.00906586e+02, 2.42414520e+02, 2.11775589e+02, 2.50306000e+02,
    2.18411987e+02, 2.65561249e+02, 2.22792389e+02, 2.82258453e+02,
    2.18569260e+02, 2.95148834e+02, 2.09527527e+02, 3.07407349e+02,
    1.99153961e+02, 3.15206757e+02, 1.88182541e+02, 3.21076447e+02,
    1.76568497e+02, 3.22521027e+02, 1.61691086e+02, 3.23838715e+02,
    1.48150726e+02, 3.23685822e+02, 1.35541168e+02, 2.28646851e+02,
    1.18608711e+02, 2.33876083e+02, 1.12663818e+02, 2.42308990e+02,
    1.11149040e+02, 2.50666306e+02, 1.11486038e+02, 2.57802155e+02,
    1.14824173e+02, 2.81154938e+02, 1.15103714e+02, 2.89356445e+02,
    1.14053169e+02, 2.97650940e+02, 1.14512245e+02, 3.05396698e+02,
    1.16959381e+02, 3.11370422e+02, 1.21559502e+02, 2.67903137e+02,
    1.29500778e+02, 2.67543549e+02, 1.38656067e+02, 2.67191833e+02,
    1.48651321e+02, 2.66608032e+02, 1.59489120e+02, 2.57186371e+02,
    1.65954498e+02, 2.61693024e+02, 1.67150711e+02, 2.66116241e+02,
    1.68118530e+02, 2.71123932e+02, 1.66996658e+02, 2.76196594e+02,
    1.66801117e+02, 2.36032715e+02, 1.30478836e+02, 2.41341995e+02,
    1.26794685e+02, 2.48194504e+02, 1.27204826e+02, 2.53887695e+02,
    1.31842484e+02, 2.48512222e+02, 1.34547897e+02, 2.40710175e+02,
    1.34676407e+02, 2.84482361e+02, 1.33641907e+02, 2.90634125e+02,
    1.30051041e+02, 2.97324646e+02, 1.30370728e+02, 3.02513214e+02,
    1.34935364e+02, 2.97375092e+02, 1.36824951e+02, 2.90783173e+02,
    1.36277725e+02, 2.47012421e+02, 1.83317673e+02, 2.53436539e+02,
    1.79926300e+02, 2.62791687e+02, 1.78070724e+02, 2.66403534e+02,
    1.79537781e+02, 2.71544525e+02, 1.78572723e+02, 2.78920532e+02,
    1.81179153e+02, 2.85253296e+02, 1.84928467e+02, 2.79168762e+02,
    1.90839615e+02, 2.71449310e+02, 1.93082611e+02, 2.66124146e+02,
    1.93815079e+02, 2.61789886e+02, 1.93238083e+02, 2.52692200e+02,
    1.88424408e+02, 2.48867889e+02, 1.83079330e+02, 2.62081116e+02,
    1.84382050e+02, 2.66218628e+02, 1.85212250e+02, 2.71191620e+02,
    1.84685699e+02, 2.82252655e+02, 1.84738068e+02, 2.71191620e+02,
    1.84685699e+02, 2.66218628e+02, 1.85212250e+02, 2.62081116e+02,
    1.84382050e+02 ]
noOfLandmarkPoint: 68
