%YAML:1.0
landmark: [ 1.44008865e+02, 1.56486893e+02, 1.42682877e+02,
    1.75396698e+02, 1.42462799e+02, 1.94396225e+02, 1.48513412e+02,
    2.12268906e+02, 1.57743896e+02, 2.30062805e+02, 1.65702438e+02,
    2.45226227e+02, 1.76414627e+02, 2.58564026e+02, 1.90526825e+02,
    2.71922546e+02, 2.06541458e+02, 2.75978668e+02, 2.20981705e+02,
    2.73050598e+02, 2.36221954e+02, 2.63240845e+02, 2.50759750e+02,
    2.53056702e+02, 2.62923157e+02, 2.39170120e+02, 2.72532928e+02,
    2.23104263e+02, 2.77947083e+02, 2.06566055e+02, 2.80598175e+02,
    1.88842438e+02, 2.80839722e+02, 1.69990021e+02, 1.56974396e+02,
    1.33616470e+02, 1.70835373e+02, 1.33390854e+02, 1.80404221e+02,
    1.36283188e+02, 1.92139435e+02, 1.41057602e+02, 2.02981415e+02,
    1.46986038e+02, 2.29458771e+02, 1.49221329e+02, 2.40114426e+02,
    1.45560791e+02, 2.48942886e+02, 1.43859680e+02, 2.57969513e+02,
    1.42298172e+02, 2.67353668e+02, 1.42349396e+02, 2.14205841e+02,
    1.64871750e+02, 2.12900620e+02, 1.76875198e+02, 2.11964813e+02,
    1.88867737e+02, 2.10639389e+02, 2.00180725e+02, 1.97738235e+02,
    2.07408524e+02, 2.02835129e+02, 2.10182404e+02, 2.09091675e+02,
    2.11891891e+02, 2.15014069e+02, 2.11491486e+02, 2.20213943e+02,
    2.10393036e+02, 1.71184143e+02, 1.54235977e+02, 1.79117065e+02,
    1.50507935e+02, 1.87475616e+02, 1.52184753e+02, 1.94182922e+02,
    1.60266464e+02, 1.86303650e+02, 1.61048645e+02, 1.76701065e+02,
    1.59468033e+02, 2.33400635e+02, 1.65924698e+02, 2.40792252e+02,
    1.59917206e+02, 2.49247391e+02, 1.59609268e+02, 2.55769516e+02,
    1.63420120e+02, 2.49894272e+02, 1.66846771e+02, 2.41969452e+02,
    1.66672577e+02, 1.84749207e+02, 2.29204041e+02, 1.93078735e+02,
    2.25753738e+02, 2.01898407e+02, 2.23347946e+02, 2.08131668e+02,
    2.26253860e+02, 2.14989944e+02, 2.24667404e+02, 2.24520752e+02,
    2.29052917e+02, 2.31923615e+02, 2.34796051e+02, 2.23122772e+02,
    2.45914062e+02, 2.13557175e+02, 2.46876358e+02, 2.06347961e+02,
    2.46317932e+02, 1.99325546e+02, 2.44884613e+02, 1.90674759e+02,
    2.40780228e+02, 1.90217224e+02, 2.31569870e+02, 2.01591461e+02,
    2.28783264e+02, 2.07668015e+02, 2.30586594e+02, 2.14419144e+02,
    2.31151367e+02, 2.28511932e+02, 2.36310913e+02, 2.14322113e+02,
    2.35372589e+02, 2.07485519e+02, 2.34991257e+02, 2.00936813e+02,
    2.33736069e+02 ]
noOfLandmarkPoint: 68
