%YAML:1.0
landmark: [ 1.03771919e+02, 1.31908508e+02, 1.07807495e+02,
    1.38466324e+02, 1.12198700e+02, 1.46777161e+02, 1.17896439e+02,
    1.55708389e+02, 1.25760803e+02, 1.64193146e+02, 1.33922806e+02,
    1.72471085e+02, 1.42167877e+02, 1.80774139e+02, 1.51810349e+02,
    1.88497467e+02, 1.65405334e+02, 1.87223801e+02, 1.77007629e+02,
    1.81079575e+02, 1.85558136e+02, 1.73124359e+02, 1.93273666e+02,
    1.64135162e+02, 2.00162018e+02, 1.50366272e+02, 2.03899948e+02,
    1.35679321e+02, 2.00451874e+02, 1.20992378e+02, 1.94597519e+02,
    1.09927422e+02, 1.87825119e+02, 9.70436783e+01, 9.49644241e+01,
    1.14434563e+02, 9.99509277e+01, 1.12623573e+02, 1.05265442e+02,
    1.14269417e+02, 1.10569786e+02, 1.15412209e+02, 1.15663757e+02,
    1.16930794e+02, 1.28779694e+02, 1.12929016e+02, 1.36321320e+02,
    1.05957603e+02, 1.43383575e+02, 9.98133850e+01, 1.52051956e+02,
    9.62973328e+01, 1.62364151e+02, 9.65489655e+01, 1.26265160e+02,
    1.25516724e+02, 1.28259766e+02, 1.33256805e+02, 1.30056641e+02,
    1.41236435e+02, 1.31783768e+02, 1.49447052e+02, 1.32201843e+02,
    1.55204544e+02, 1.35022552e+02, 1.54972046e+02, 1.38165192e+02,
    1.55153763e+02, 1.40894226e+02, 1.53193939e+02, 1.44574173e+02,
    1.51680603e+02, 1.06541618e+02, 1.27012863e+02, 1.09315506e+02,
    1.24098778e+02, 1.13777122e+02, 1.23654594e+02, 1.18600143e+02,
    1.24644409e+02, 1.14779190e+02, 1.28351425e+02, 1.10053055e+02,
    1.28771973e+02, 1.44436157e+02, 1.17540833e+02, 1.48036545e+02,
    1.12526833e+02, 1.53071991e+02, 1.10619064e+02, 1.58895721e+02,
    1.11034157e+02, 1.56566574e+02, 1.14889328e+02, 1.50807190e+02,
    1.17362793e+02, 1.35766678e+02, 1.67699173e+02, 1.33947906e+02,
    1.64821320e+02, 1.38124344e+02, 1.61679474e+02, 1.43051605e+02,
    1.62768341e+02, 1.47095947e+02, 1.60391373e+02, 1.59069107e+02,
    1.57966415e+02, 1.66516342e+02, 1.55209793e+02, 1.62471451e+02,
    1.63687836e+02, 1.54144623e+02, 1.73316101e+02, 1.49107819e+02,
    1.75037903e+02, 1.43704758e+02, 1.75257935e+02, 1.38178482e+02,
    1.72201202e+02, 1.37544800e+02, 1.67459503e+02, 1.40243469e+02,
    1.67610092e+02, 1.45219666e+02, 1.66987930e+02, 1.49454239e+02,
    1.65242706e+02, 1.63795609e+02, 1.57845322e+02, 1.49454239e+02,
    1.65242706e+02, 1.45219666e+02, 1.66987930e+02, 1.40243469e+02,
    1.67610092e+02 ]
noOfLandmarkPoint: 68
