%YAML:1.0
landmark: [ 7.71303024e+01, 1.46942474e+02, 7.80985489e+01,
    1.65385895e+02, 8.11756134e+01, 1.85066238e+02, 8.30352631e+01,
    2.07766754e+02, 8.76408386e+01, 2.31495789e+02, 1.02810516e+02,
    2.50374115e+02, 1.18287086e+02, 2.69592987e+02, 1.29714569e+02,
    2.84401825e+02, 1.50568176e+02, 2.86961548e+02, 1.67676910e+02,
    2.86098206e+02, 1.86472351e+02, 2.73530090e+02, 2.02476288e+02,
    2.58233795e+02, 2.20802353e+02, 2.39571228e+02, 2.29417404e+02,
    2.19052185e+02, 2.32678070e+02, 1.95830521e+02, 2.33509476e+02,
    1.75216003e+02, 2.35469879e+02, 1.53947083e+02, 8.61260071e+01,
    1.50959595e+02, 9.44977417e+01, 1.41556931e+02, 1.07338196e+02,
    1.41279755e+02, 1.18546089e+02, 1.45433151e+02, 1.31856567e+02,
    1.49100616e+02, 1.61957321e+02, 1.49321182e+02, 1.76869080e+02,
    1.45230133e+02, 1.91483521e+02, 1.43161102e+02, 2.05149658e+02,
    1.46808746e+02, 2.15329590e+02, 1.55125961e+02, 1.45492294e+02,
    1.65490204e+02, 1.44188217e+02, 1.79013580e+02, 1.42883926e+02,
    1.92642838e+02, 1.41689087e+02, 2.06078598e+02, 1.31979553e+02,
    2.12957825e+02, 1.37756989e+02, 2.15949036e+02, 1.44483643e+02,
    2.17809723e+02, 1.52716385e+02, 2.15331863e+02, 1.60042358e+02,
    2.13783340e+02, 1.05177055e+02, 1.63965347e+02, 1.14187408e+02,
    1.58266342e+02, 1.25185265e+02, 1.58568237e+02, 1.30928116e+02,
    1.65274551e+02, 1.22551476e+02, 1.68093231e+02, 1.12507584e+02,
    1.68296051e+02, 1.67406479e+02, 1.66100845e+02, 1.74833420e+02,
    1.59833221e+02, 1.85101761e+02, 1.59926224e+02, 1.93472183e+02,
    1.66023560e+02, 1.86166183e+02, 1.69446335e+02, 1.76670425e+02,
    1.69007187e+02, 1.21292664e+02, 2.33135422e+02, 1.29654968e+02,
    2.35608261e+02, 1.38065582e+02, 2.34006683e+02, 1.44133667e+02,
    2.36594589e+02, 1.53200958e+02, 2.35319244e+02, 1.66988281e+02,
    2.35659668e+02, 1.78816193e+02, 2.33173996e+02, 1.67499680e+02,
    2.41630371e+02, 1.54114838e+02, 2.48158218e+02, 1.44205231e+02,
    2.48910812e+02, 1.37477966e+02, 2.48193756e+02, 1.29268616e+02,
    2.43609406e+02, 1.25274117e+02, 2.35755630e+02, 1.37756989e+02,
    2.38749084e+02, 1.44355225e+02, 2.40609634e+02, 1.53202072e+02,
    2.39294846e+02, 1.74240784e+02, 2.34860947e+02, 1.53202072e+02,
    2.39294846e+02, 1.44355225e+02, 2.40609634e+02, 1.37756989e+02,
    2.38749084e+02 ]
noOfLandmarkPoint: 68
