%YAML:1.0
landmark: [ 2.15856461e+02, 1.42990112e+02, 2.14528030e+02,
    1.55709229e+02, 2.15407959e+02, 1.68594086e+02, 2.21710739e+02,
    1.82634109e+02, 2.29583252e+02, 1.96480621e+02, 2.40012863e+02,
    2.08785126e+02, 2.54755737e+02, 2.21370331e+02, 2.71726227e+02,
    2.35806671e+02, 2.85554443e+02, 2.37345337e+02, 2.98545410e+02,
    2.32140747e+02, 3.13538147e+02, 2.16253052e+02, 3.27146118e+02,
    2.03540024e+02, 3.36941620e+02, 1.88547287e+02, 3.42107361e+02,
    1.72647491e+02, 3.43499451e+02, 1.55132507e+02, 3.41270660e+02,
    1.36448532e+02, 3.40261749e+02, 1.18792885e+02, 2.16971268e+02,
    1.20633965e+02, 2.21103653e+02, 1.15843452e+02, 2.28356049e+02,
    1.15257805e+02, 2.36696518e+02, 1.15573936e+02, 2.46648178e+02,
    1.18174873e+02, 2.72864502e+02, 1.15230835e+02, 2.84742706e+02,
    1.09032379e+02, 2.97607513e+02, 1.04221413e+02, 3.11940552e+02,
    1.05655518e+02, 3.21224640e+02, 1.13419029e+02, 2.65475555e+02,
    1.32528595e+02, 2.66877625e+02, 1.44764954e+02, 2.68450684e+02,
    1.57134521e+02, 2.70086975e+02, 1.69464371e+02, 2.58963043e+02,
    1.76256439e+02, 2.65482117e+02, 1.77140533e+02, 2.72588928e+02,
    1.78436188e+02, 2.79297729e+02, 1.74890778e+02, 2.86562347e+02,
    1.72028030e+02, 2.27998886e+02, 1.35918228e+02, 2.34184143e+02,
    1.32656998e+02, 2.41240982e+02, 1.32308395e+02, 2.48064529e+02,
    1.35920746e+02, 2.40256882e+02, 1.37514313e+02, 2.34139969e+02,
    1.37535736e+02, 2.87138641e+02, 1.29111572e+02, 2.90450043e+02,
    1.24524483e+02, 2.96876434e+02, 1.22578720e+02, 3.03987671e+02,
    1.23420181e+02, 3.00349365e+02, 1.27135727e+02, 2.94047546e+02,
    1.28742722e+02, 2.45764481e+02, 1.90179153e+02, 2.53912003e+02,
    1.86348694e+02, 2.64528351e+02, 1.84278229e+02, 2.73766022e+02,
    1.84161911e+02, 2.84590698e+02, 1.82853149e+02, 2.94984955e+02,
    1.80930756e+02, 3.10710388e+02, 1.81223083e+02, 2.99537170e+02,
    1.99060089e+02, 2.88264191e+02, 2.06092239e+02, 2.76523193e+02,
    2.08287476e+02, 2.66699341e+02, 2.08260620e+02, 2.54110626e+02,
    2.01066940e+02, 2.51365326e+02, 1.90255936e+02, 2.65111908e+02,
    1.90085526e+02, 2.74647430e+02, 1.89964859e+02, 2.85085693e+02,
    1.86722565e+02, 3.06170349e+02, 1.82544830e+02, 2.86626190e+02,
    1.98336395e+02, 2.75518402e+02, 1.99440308e+02, 2.65994476e+02,
    1.99308563e+02 ]
noOfLandmarkPoint: 68
