%YAML:1.0
landmark: [ 8.40211029e+01, 1.59210495e+02, 8.33791275e+01,
    1.76483154e+02, 8.57363892e+01, 1.94702408e+02, 9.14302292e+01,
    2.14686050e+02, 9.78457718e+01, 2.31734848e+02, 1.03266678e+02,
    2.49200745e+02, 1.13242653e+02, 2.65191559e+02, 1.24662025e+02,
    2.76402374e+02, 1.40588425e+02, 2.81117950e+02, 1.57476746e+02,
    2.77845764e+02, 1.71317780e+02, 2.68848083e+02, 1.84228592e+02,
    2.58631866e+02, 1.97268204e+02, 2.47148102e+02, 2.09490051e+02,
    2.34589966e+02, 2.17124084e+02, 2.19770645e+02, 2.21149628e+02,
    2.00283813e+02, 2.23940323e+02, 1.80106949e+02, 9.44503326e+01,
    1.30950027e+02, 1.04015564e+02, 1.28181091e+02, 1.14193024e+02,
    1.29124634e+02, 1.23877846e+02, 1.32571915e+02, 1.32724838e+02,
    1.37744293e+02, 1.70390503e+02, 1.43577286e+02, 1.80776077e+02,
    1.41488266e+02, 1.91428116e+02, 1.41287491e+02, 2.01718430e+02,
    1.43753510e+02, 2.10700333e+02, 1.49487198e+02, 1.50006332e+02,
    1.60612152e+02, 1.48150635e+02, 1.74101364e+02, 1.46268616e+02,
    1.88191208e+02, 1.44224579e+02, 2.02621170e+02, 1.32489273e+02,
    2.09185425e+02, 1.37958221e+02, 2.11141968e+02, 1.44153534e+02,
    2.12592072e+02, 1.49890762e+02, 2.12537323e+02, 1.55151169e+02,
    2.12280746e+02, 1.05023201e+02, 1.52610657e+02, 1.15855072e+02,
    1.51857117e+02, 1.26024323e+02, 1.55387222e+02, 1.27856552e+02,
    1.61354630e+02, 1.19055634e+02, 1.61915924e+02, 1.09750389e+02,
    1.58427933e+02, 1.71460403e+02, 1.66236969e+02, 1.80727890e+02,
    1.62082794e+02, 1.91173080e+02, 1.62955368e+02, 1.94039001e+02,
    1.68449966e+02, 1.87514679e+02, 1.69466812e+02, 1.78878784e+02,
    1.68116043e+02, 1.18214806e+02, 2.33338745e+02, 1.26553497e+02,
    2.27549545e+02, 1.34641815e+02, 2.26045090e+02, 1.41810242e+02,
    2.28229889e+02, 1.49863647e+02, 2.26083405e+02, 1.62081268e+02,
    2.32801437e+02, 1.68351273e+02, 2.40315491e+02, 1.60654602e+02,
    2.50378220e+02, 1.47067322e+02, 2.57669952e+02, 1.39193085e+02,
    2.57461426e+02, 1.31848358e+02, 2.55986359e+02, 1.23203316e+02,
    2.49122070e+02, 1.21727196e+02, 2.35055069e+02, 1.34189255e+02,
    2.33547272e+02, 1.41454254e+02, 2.33338745e+02, 1.49136337e+02,
    2.34204559e+02, 1.65721069e+02, 2.40475983e+02, 1.47676575e+02,
    2.49618866e+02, 1.39802322e+02, 2.49345917e+02, 1.33179291e+02,
    2.47197189e+02 ]
noOfLandmarkPoint: 68
