%YAML:1.0
landmark: [ 7.20455780e+01, 1.55514496e+02, 7.98081055e+01,
    1.73149673e+02, 9.03317795e+01, 1.92137299e+02, 1.01716690e+02,
    2.09106613e+02, 1.19129921e+02, 2.20429398e+02, 1.40688217e+02,
    2.25901611e+02, 1.61711472e+02, 2.31120209e+02, 1.82643280e+02,
    2.34073395e+02, 2.01705826e+02, 2.30241119e+02, 2.17756241e+02,
    2.21699219e+02, 2.27427048e+02, 2.07846008e+02, 2.33553055e+02,
    1.92853561e+02, 2.36334915e+02, 1.71465866e+02, 2.35225143e+02,
    1.55446503e+02, 2.35669052e+02, 1.41001511e+02, 2.32644531e+02,
    1.23407753e+02, 2.26275864e+02, 1.05370079e+02, 9.93580322e+01,
    1.12730125e+02, 1.08751221e+02, 9.79537735e+01, 1.22195854e+02,
    8.99130173e+01, 1.38503708e+02, 8.44250412e+01, 1.55092819e+02,
    8.44678116e+01, 1.77505737e+02, 8.05866623e+01, 1.88661346e+02,
    7.34997787e+01, 1.99636185e+02, 7.18977585e+01, 2.10978195e+02,
    7.28152237e+01, 2.18696838e+02, 8.07724380e+01, 1.72680267e+02,
    1.03421928e+02, 1.77448334e+02, 1.18210983e+02, 1.83171844e+02,
    1.29859268e+02, 1.88694122e+02, 1.41611115e+02, 1.75920517e+02,
    1.57118011e+02, 1.83225281e+02, 1.55957596e+02, 1.89539612e+02,
    1.55194656e+02, 1.93849106e+02, 1.53109497e+02, 1.97771164e+02,
    1.50579269e+02, 1.23944916e+02, 1.23289352e+02, 1.30653946e+02,
    1.16740143e+02, 1.41739914e+02, 1.13999718e+02, 1.50926407e+02,
    1.18047760e+02, 1.43327362e+02, 1.21391068e+02, 1.33106934e+02,
    1.24242752e+02, 1.89700348e+02, 1.09587212e+02, 1.97761810e+02,
    1.01525749e+02, 2.06891617e+02, 9.94304733e+01, 2.13136032e+02,
    1.03641731e+02, 2.07024506e+02, 1.07215515e+02, 1.99164627e+02,
    1.09329865e+02, 1.68001587e+02, 1.88921204e+02, 1.78123077e+02,
    1.78346436e+02, 1.86904297e+02, 1.72812027e+02, 1.93076157e+02,
    1.73202225e+02, 1.96564911e+02, 1.70474808e+02, 2.04337189e+02,
    1.72388580e+02, 2.12934082e+02, 1.77848038e+02, 2.10515610e+02,
    1.90230148e+02, 2.04832199e+02, 1.92611328e+02, 1.99589355e+02,
    1.95223755e+02, 1.94054825e+02, 1.96470016e+02, 1.83664917e+02,
    1.96557953e+02, 1.76811005e+02, 1.87173431e+02, 1.87895340e+02,
    1.79673386e+02, 1.94198288e+02, 1.79477005e+02, 1.99479874e+02,
    1.77436508e+02, 2.09873016e+02, 1.79734634e+02, 2.01681290e+02,
    1.83840973e+02, 1.97116989e+02, 1.86261124e+02, 1.90400070e+02,
    1.87097229e+02 ]
noOfLandmarkPoint: 68
