%YAML:1.0
landmark: [ 8.83668060e+01, 7.27109375e+01, 8.73585739e+01,
    8.65608978e+01, 8.68651199e+01, 9.93914261e+01, 8.63588943e+01,
    1.11896339e+02, 8.72389069e+01, 1.27110733e+02, 9.05868301e+01,
    1.39175781e+02, 9.85062561e+01, 1.48464523e+02, 1.12019653e+02,
    1.54937485e+02, 1.28445740e+02, 1.58392181e+02, 1.43637451e+02,
    1.59614822e+02, 1.60273804e+02, 1.57876083e+02, 1.76524582e+02,
    1.53218140e+02, 1.84942352e+02, 1.45582809e+02, 1.91265121e+02,
    1.34349426e+02, 1.94594528e+02, 1.19682915e+02, 2.00492645e+02,
    1.03825272e+02, 2.04158096e+02, 8.76827927e+01, 9.50264435e+01,
    5.69720230e+01, 1.02218201e+02, 4.71262894e+01, 1.12034851e+02,
    4.12351799e+01, 1.25245049e+02, 4.04259872e+01, 1.36142502e+02,
    4.64095001e+01, 1.57170151e+02, 4.86242485e+01, 1.69674759e+02,
    4.55890961e+01, 1.81538177e+02, 4.77338638e+01, 1.91615219e+02,
    5.52377586e+01, 1.98211914e+02, 6.48752136e+01, 1.42440125e+02,
    6.31404037e+01, 1.41178482e+02, 6.87649536e+01, 1.39957443e+02,
    7.46271210e+01, 1.38745560e+02, 8.09731674e+01, 1.29002609e+02,
    9.32219543e+01, 1.33194138e+02, 9.42915344e+01, 1.36804398e+02,
    9.50908966e+01, 1.41392395e+02, 9.51819153e+01, 1.45214325e+02,
    9.54535217e+01, 1.06345360e+02, 6.86103439e+01, 1.11329269e+02,
    6.28116341e+01, 1.19272751e+02, 6.21816368e+01, 1.28348846e+02,
    6.78624954e+01, 1.20613930e+02, 6.91423340e+01, 1.12676056e+02,
    7.06627121e+01, 1.60503555e+02, 7.22200012e+01, 1.66657501e+02,
    6.66447983e+01, 1.75409012e+02, 6.89105835e+01, 1.82005875e+02,
    7.46158371e+01, 1.75600174e+02, 7.53248749e+01, 1.67614777e+02,
    7.40179367e+01, 1.12942047e+02, 1.22590714e+02, 1.19565369e+02,
    1.07578514e+02, 1.29007507e+02, 1.03360542e+02, 1.33320816e+02,
    1.04762726e+02, 1.39621399e+02, 1.04609322e+02, 1.51351761e+02,
    1.13961533e+02, 1.55046082e+02, 1.23332367e+02, 1.48831314e+02,
    1.26870049e+02, 1.37764465e+02, 1.26181824e+02, 1.30790085e+02,
    1.25840218e+02, 1.25329918e+02, 1.24855721e+02, 1.18582230e+02,
    1.23987572e+02, 1.16243202e+02, 1.19995148e+02, 1.26982063e+02,
    1.12876770e+02, 1.32822113e+02, 1.13122643e+02, 1.38592850e+02,
    1.14489235e+02, 1.48811340e+02, 1.20196716e+02, 1.37803162e+02,
    1.18253181e+02, 1.32106628e+02, 1.17914764e+02, 1.26452332e+02,
    1.17308556e+02 ]
noOfLandmarkPoint: 68
