%YAML:1.0
landmark: [ 8.32700043e+01, 1.17569397e+02, 8.23391800e+01,
    1.32440308e+02, 8.33429184e+01, 1.47058929e+02, 8.69597397e+01,
    1.60718643e+02, 9.41372452e+01, 1.74316727e+02, 1.05845619e+02,
    1.87337296e+02, 1.20923996e+02, 2.00626938e+02, 1.34887238e+02,
    2.11109390e+02, 1.50323837e+02, 2.10770813e+02, 1.62214233e+02,
    2.08224213e+02, 1.69356506e+02, 1.98938873e+02, 1.74387421e+02,
    1.86077835e+02, 1.78552963e+02, 1.71278595e+02, 1.81893753e+02,
    1.57258942e+02, 1.85998413e+02, 1.43733765e+02, 1.90590912e+02,
    1.32558075e+02, 1.91106812e+02, 1.21735680e+02, 1.12673325e+02,
    1.14688255e+02, 1.21306946e+02, 1.10572845e+02, 1.31286057e+02,
    1.09770416e+02, 1.41228943e+02, 1.11718575e+02, 1.50521622e+02,
    1.15236481e+02, 1.70863922e+02, 1.13794235e+02, 1.76814774e+02,
    1.09758125e+02, 1.83022644e+02, 1.07023918e+02, 1.89196915e+02,
    1.06210693e+02, 1.93648788e+02, 1.08465561e+02, 1.60482712e+02,
    1.26125565e+02, 1.64101318e+02, 1.36573044e+02, 1.67157379e+02,
    1.48180435e+02, 1.70331223e+02, 1.59995285e+02, 1.48624802e+02,
    1.61245834e+02, 1.54097778e+02, 1.63298172e+02, 1.58937088e+02,
    1.65277573e+02, 1.67740707e+02, 1.66595261e+02, 1.73505051e+02,
    1.61542999e+02, 1.25736397e+02, 1.25366249e+02, 1.31809326e+02,
    1.22176659e+02, 1.40212296e+02, 1.21825943e+02, 1.44203598e+02,
    1.27290558e+02, 1.38681320e+02, 1.31263443e+02, 1.32526459e+02,
    1.30114197e+02, 1.68173203e+02, 1.26217484e+02, 1.73252884e+02,
    1.19819153e+02, 1.79287079e+02, 1.19847473e+02, 1.82979599e+02,
    1.23586609e+02, 1.80882156e+02, 1.28173584e+02, 1.75119629e+02,
    1.28427582e+02, 1.37147690e+02, 1.79993622e+02, 1.44127945e+02,
    1.76620651e+02, 1.52377350e+02, 1.75496170e+02, 1.57327316e+02,
    1.76646927e+02, 1.61415939e+02, 1.74486435e+02, 1.66108505e+02,
    1.74217117e+02, 1.66771759e+02, 1.76543472e+02, 1.65056183e+02,
    1.82045441e+02, 1.60679977e+02, 1.89306213e+02, 1.55737595e+02,
    1.90104980e+02, 1.50002197e+02, 1.90261169e+02, 1.42114517e+02,
    1.90342712e+02, 1.40956497e+02, 1.80230347e+02, 1.51954727e+02,
    1.78618607e+02, 1.57198242e+02, 1.79224213e+02, 1.61066681e+02,
    1.78447479e+02, 1.64209442e+02, 1.77195801e+02, 1.61066681e+02,
    1.78447479e+02, 1.56777969e+02, 1.82155975e+02, 1.50956665e+02,
    1.83974030e+02 ]
noOfLandmarkPoint: 68
