%YAML:1.0
landmark: [ 8.75710297e+00, 3.89745331e+02, 3.52667594e+00,
    4.05233276e+02, 2.20880008e+00, 4.24528015e+02, 2.76100111e+00,
    4.46822845e+02, 1.22683029e+01, 4.55445312e+02, 2.35009041e+01,
    4.62998352e+02, 3.64803543e+01, 4.68170197e+02, 4.94402809e+01,
    4.72513763e+02, 6.40157318e+01, 4.75472748e+02, 7.67211075e+01,
    4.75496338e+02, 8.13232498e+01, 4.68201874e+02, 8.19656982e+01,
    4.55522095e+02, 8.60270767e+01, 4.34271057e+02, 9.19605560e+01,
    4.24093689e+02, 9.43242493e+01, 4.13540558e+02, 9.49235992e+01,
    4.03132233e+02, 9.38602753e+01, 3.92596588e+02, 3.36587524e+01,
    3.72138153e+02, 4.27882767e+01, 3.67669342e+02, 5.23211746e+01,
    3.66457214e+02, 6.15779762e+01, 3.67520538e+02, 7.05351028e+01,
    3.69944824e+02, 8.30310516e+01, 3.70078186e+02, 8.83281479e+01,
    3.68713135e+02, 9.22016525e+01, 3.67158234e+02, 9.68408279e+01,
    3.65754150e+02, 9.84152756e+01, 3.69519897e+02, 7.57951736e+01,
    3.88186371e+02, 7.92006531e+01, 3.96315186e+02, 8.26472015e+01,
    4.04847412e+02, 8.61153030e+01, 4.13166138e+02, 6.89216003e+01,
    4.20210083e+02, 7.41580963e+01, 4.21741425e+02, 7.83723526e+01,
    4.24208832e+02, 8.32660751e+01, 4.22869415e+02, 8.66048737e+01,
    4.21465332e+02, 4.07888985e+01, 3.86694061e+02, 4.67243996e+01,
    3.82714844e+02, 5.30026741e+01, 3.82182190e+02, 5.58559494e+01,
    3.88244965e+02, 5.22174759e+01, 3.90332550e+02, 4.64287758e+01,
    3.90034912e+02, 7.96040268e+01, 3.87054352e+02, 8.18619995e+01,
    3.81436035e+02, 8.75214005e+01, 3.81860962e+02, 8.90116730e+01,
    3.86968140e+02, 8.65637970e+01, 3.87416656e+02, 8.32425003e+01,
    3.87565491e+02, 5.16612244e+01, 4.44426178e+02, 6.14271278e+01,
    4.38341858e+02, 7.25109024e+01, 4.36042786e+02, 7.66861038e+01,
    4.37403778e+02, 8.01151505e+01, 4.36595001e+02, 8.29664001e+01,
    4.38766785e+02, 8.27549515e+01, 4.44150085e+02, 8.08397522e+01,
    4.49341461e+02, 7.88383484e+01, 4.50109161e+02, 7.47924500e+01,
    4.50363708e+02, 7.07250061e+01, 4.50171783e+02, 5.99584007e+01,
    4.48554230e+02, 5.56189003e+01, 4.43384399e+02, 7.16004486e+01,
    4.43000549e+02, 7.56012268e+01, 4.43000549e+02, 7.90908737e+01,
    4.43000549e+02, 8.11158524e+01, 4.43490112e+02, 7.90908737e+01,
    4.43000549e+02, 7.56012268e+01, 4.43000549e+02, 7.16004486e+01,
    4.43000549e+02 ]
noOfLandmarkPoint: 68
