%YAML:1.0
landmark: [ 1.97340378e+02, 9.05776215e+01, 1.99459076e+02,
    1.15248245e+02, 2.03128952e+02, 1.36219971e+02, 2.08185837e+02,
    1.60240204e+02, 2.15084457e+02, 1.84115906e+02, 2.23284210e+02,
    2.07543777e+02, 2.35998734e+02, 2.26611877e+02, 2.55594193e+02,
    2.37989883e+02, 2.78925415e+02, 238., 2.99209869e+02, 2.32300888e+02,
    3.20509857e+02, 2.20429092e+02, 3.35737976e+02, 2.02858200e+02,
    3.45007294e+02, 1.85322983e+02, 3.45954590e+02, 1.59430054e+02,
    3.46106628e+02, 1.36300323e+02, 3.46066437e+02, 1.13544327e+02,
    3.46106628e+02, 9.35006866e+01, 1.93647278e+02, 6.22629585e+01,
    1.99336288e+02, 5.46776237e+01, 2.08185837e+02, 5.72060661e+01,
    2.16403290e+02, 6.22629585e+01, 2.26517075e+02, 6.73198471e+01,
    2.59804901e+02, 6.93379288e+01, 2.78480103e+02, 5.91601257e+01,
    2.98512421e+02, 5.48307419e+01, 3.20242188e+02, 5.89931755e+01,
    3.38258362e+02, 6.86029739e+01, 2.44888474e+02, 8.68983231e+01,
    2.42543945e+02, 1.03109123e+02, 2.39383392e+02, 1.18440506e+02,
    2.36958511e+02, 1.33892426e+02, 2.26570419e+02, 1.40801666e+02,
    2.33076660e+02, 1.42951614e+02, 2.39960205e+02, 1.46891815e+02,
    2.50544800e+02, 1.43940887e+02, 2.61915283e+02, 1.41276871e+02,
    2.08938492e+02, 8.32261887e+01, 2.16563995e+02, 7.80255585e+01,
    2.26149231e+02, 7.83300171e+01, 2.34510422e+02, 8.61796265e+01,
    2.23643997e+02, 8.88919830e+01, 2.12754364e+02, 8.84437943e+01,
    2.77242889e+02, 8.60282898e+01, 2.85293945e+02, 7.85339813e+01,
    2.96267090e+02, 7.70751724e+01, 3.06714844e+02, 8.07781067e+01,
    3.00657990e+02, 8.81795197e+01, 2.87591431e+02, 8.81795197e+01,
    2.24844833e+02, 1.83180130e+02, 2.28413406e+02, 1.76675095e+02,
    2.35590714e+02, 1.74451096e+02, 2.42319855e+02, 1.76675095e+02,
    2.51080887e+02, 1.73582932e+02, 2.73229767e+02, 1.76775497e+02,
    2.90992401e+02, 1.80732040e+02, 2.74878876e+02, 1.95704956e+02,
    2.53114899e+02, 2.02662552e+02, 2.43922485e+02, 2.02494965e+02,
    2.35854996e+02, 2.01591705e+02, 2.27781296e+02, 1.96270538e+02,
    2.29085693e+02, 1.82956024e+02, 2.35714417e+02, 1.83833572e+02,
    2.42793839e+02, 1.84817200e+02, 2.51726990e+02, 1.83775772e+02,
    2.84326660e+02, 1.81140045e+02, 2.51726990e+02, 1.83775772e+02,
    2.42793839e+02, 1.84817200e+02, 2.35714417e+02, 1.83833572e+02 ]
noOfLandmarkPoint: 68
