%YAML:1.0
landmark: [ 9.62696609e+01, 1.50136200e+02, 9.78314133e+01,
    1.69060059e+02, 1.02415665e+02, 1.88377563e+02, 1.07337563e+02,
    2.05134750e+02, 1.11924355e+02, 2.20927795e+02, 1.20020027e+02,
    2.36079147e+02, 1.31276840e+02, 2.46950287e+02, 1.45258560e+02,
    2.54353699e+02, 1.67234818e+02, 2.56114471e+02, 1.88553543e+02,
    2.55305222e+02, 2.07624695e+02, 2.49444443e+02, 2.21619064e+02,
    2.38649139e+02, 2.30884354e+02, 2.26235352e+02, 2.36488342e+02,
    2.12188416e+02, 2.42626358e+02, 1.91799042e+02, 2.46344223e+02,
    1.74084808e+02, 2.47730331e+02, 1.54371994e+02, 1.09069664e+02,
    1.28050964e+02, 1.20973961e+02, 1.18979919e+02, 1.34249405e+02,
    1.19891556e+02, 1.48494995e+02, 1.22961319e+02, 1.60357376e+02,
    1.28798111e+02, 1.87169083e+02, 1.27545502e+02, 2.02175034e+02,
    1.21583809e+02, 2.15006607e+02, 1.20799416e+02, 2.27443741e+02,
    1.22595322e+02, 2.36259460e+02, 1.33881302e+02, 1.72725067e+02,
    1.42412170e+02, 1.72563202e+02, 1.53953598e+02, 1.72131226e+02,
    1.64749939e+02, 1.71620178e+02, 1.76456238e+02, 1.59953003e+02,
    1.88938660e+02, 1.65301147e+02, 1.91000153e+02, 1.71035019e+02,
    1.92561920e+02, 1.77131653e+02, 1.91169846e+02, 1.82598114e+02,
    1.89940674e+02, 1.25009697e+02, 1.45172791e+02, 1.31962585e+02,
    1.38327698e+02, 1.40757706e+02, 1.38973633e+02, 1.50686081e+02,
    1.46589539e+02, 1.41552078e+02, 1.48433548e+02, 1.32412979e+02,
    1.48061661e+02, 1.96165924e+02, 1.48803711e+02, 2.04187057e+02,
    1.42677551e+02, 2.12815475e+02, 1.42277328e+02, 2.21160294e+02,
    1.47862534e+02, 2.15535339e+02, 1.50942139e+02, 2.06348022e+02,
    1.50891251e+02, 1.45425919e+02, 2.15830444e+02, 1.52961639e+02,
    2.07456314e+02, 1.63851135e+02, 2.02645126e+02, 1.69813171e+02,
    2.04960098e+02, 1.77446259e+02, 2.03232880e+02, 1.87082214e+02,
    2.10139511e+02, 1.94130142e+02, 2.16733063e+02, 1.86760239e+02,
    2.23813339e+02, 1.77215332e+02, 2.25937256e+02, 1.69291367e+02,
    2.25838318e+02, 1.62844254e+02, 2.25556107e+02, 1.53095261e+02,
    2.21785233e+02, 1.49627808e+02, 2.15746902e+02, 1.63327225e+02,
    2.12345871e+02, 1.69118088e+02, 2.13699158e+02, 1.76944473e+02,
    2.13554657e+02, 1.88977127e+02, 2.16533829e+02, 1.76944473e+02,
    2.13554657e+02, 1.69118088e+02, 2.13699158e+02, 1.63327225e+02,
    2.12345871e+02 ]
noOfLandmarkPoint: 68
