%YAML:1.0
landmark: [ 1.20840897e+02, 1.45820984e+02, 1.18173592e+02,
    1.66996033e+02, 1.20131218e+02, 1.89876114e+02, 1.21615730e+02,
    2.08685577e+02, 1.24046471e+02, 2.27731598e+02, 1.31110168e+02,
    2.48792374e+02, 1.41550842e+02, 2.68605194e+02, 1.55914795e+02,
    2.84853607e+02, 1.72790680e+02, 2.89894531e+02, 1.94748581e+02,
    2.92668091e+02, 2.23256973e+02, 2.83116516e+02, 2.44905136e+02,
    2.70065643e+02, 2.61161560e+02, 2.54877762e+02, 2.75623749e+02,
    2.34004425e+02, 2.83511383e+02, 2.11752823e+02, 2.86358124e+02,
    1.82812424e+02, 2.89025421e+02, 1.52868637e+02, 1.28385727e+02,
    1.17035950e+02, 1.37456161e+02, 1.10926506e+02, 1.48900223e+02,
    1.15902267e+02, 1.59275742e+02, 1.20412933e+02, 1.70311829e+02,
    1.28537140e+02, 1.97693542e+02, 1.29540512e+02, 2.15891556e+02,
    1.24026474e+02, 2.31373154e+02, 1.20290642e+02, 2.49158981e+02,
    1.20330841e+02, 2.62495300e+02, 1.32409332e+02, 1.83134140e+02,
    1.45878128e+02, 1.79039459e+02, 1.61889969e+02, 1.75719604e+02,
    1.79264038e+02, 1.71331238e+02, 1.96638092e+02, 1.62893875e+02,
    2.05430817e+02, 1.67987732e+02, 2.10157516e+02, 1.75382385e+02,
    2.13151566e+02, 1.83957108e+02, 2.11145142e+02, 1.91440384e+02,
    2.08854980e+02, 1.40767990e+02, 1.44915848e+02, 1.51207550e+02,
    1.44437347e+02, 1.61298523e+02, 1.44793564e+02, 1.68655914e+02,
    1.51318985e+02, 1.56738739e+02, 1.54287994e+02, 1.44870697e+02,
    1.51979538e+02, 2.07457626e+02, 1.55478821e+02, 2.19511993e+02,
    1.49531433e+02, 2.33208496e+02, 1.51188675e+02, 2.43118912e+02,
    1.56359894e+02, 2.33738739e+02, 1.62534485e+02, 2.20214783e+02,
    1.61351700e+02, 1.46945633e+02, 2.33666199e+02, 1.58037033e+02,
    2.27383118e+02, 1.65411499e+02, 2.25657501e+02, 1.70333435e+02,
    2.28556381e+02, 1.78227219e+02, 2.28047577e+02, 1.91728638e+02,
    2.31405701e+02, 2.08999268e+02, 2.39828186e+02, 1.92198761e+02,
    2.52216599e+02, 1.78567078e+02, 2.53402039e+02, 1.71858170e+02,
    2.53435760e+02, 1.66015182e+02, 2.52849686e+02, 1.58939514e+02,
    2.51618881e+02, 1.53198318e+02, 2.35342453e+02, 1.65652710e+02,
    2.36975769e+02, 1.71160049e+02, 2.37389984e+02, 1.78103333e+02,
    2.38284744e+02, 2.02539001e+02, 2.40953842e+02, 1.78103333e+02,
    2.38284744e+02, 1.71160049e+02, 2.37389984e+02, 1.65652710e+02,
    2.36975769e+02 ]
noOfLandmarkPoint: 68
