%YAML:1.0
landmark: [ 1.32371674e+02, 1.74162079e+02, 1.32371674e+02,
    1.94278305e+02, 1.35417374e+02, 2.13426453e+02, 1.37086716e+02,
    2.31915100e+02, 1.40927811e+02, 2.50681137e+02, 1.50237595e+02,
    2.69049500e+02, 1.60342773e+02, 2.86716553e+02, 1.73373337e+02,
    2.99998322e+02, 1.94918274e+02, 3.07706726e+02, 2.18279053e+02,
    3.06858948e+02, 2.37866669e+02, 2.96727600e+02, 2.56460052e+02,
    2.82001526e+02, 2.70769012e+02, 2.65097839e+02, 2.79328217e+02,
    2.43378250e+02, 2.88354126e+02, 2.20523956e+02, 2.91160797e+02,
    2.00794525e+02, 2.91518799e+02, 1.81095200e+02, 1.39656174e+02,
    1.52669495e+02, 1.48395584e+02, 1.44830200e+02, 1.62180832e+02,
    1.46227005e+02, 1.76433655e+02, 1.49278351e+02, 1.87718933e+02,
    1.55739548e+02, 2.18951065e+02, 1.53564880e+02, 2.33893814e+02,
    1.49062454e+02, 2.48837509e+02, 1.48641434e+02, 2.64075562e+02,
    1.52982529e+02, 2.75599030e+02, 1.63878098e+02, 2.00554077e+02,
    1.68973328e+02, 1.98341934e+02, 1.83396896e+02, 1.95909729e+02,
    1.97301788e+02, 1.93521255e+02, 2.11583405e+02, 1.81745468e+02,
    2.20770462e+02, 1.88503296e+02, 2.23326447e+02, 1.95944183e+02,
    2.26279190e+02, 2.05587845e+02, 2.23836304e+02, 2.14596725e+02,
    2.22944702e+02, 1.55467194e+02, 1.70053299e+02, 1.63407211e+02,
    1.65681519e+02, 1.72857956e+02, 1.65552872e+02, 1.81473068e+02,
    1.70664078e+02, 1.72311508e+02, 1.73557220e+02, 1.62796448e+02,
    1.73846573e+02, 2.28912827e+02, 1.74109711e+02, 2.38369095e+02,
    1.68918427e+02, 2.48275421e+02, 1.70043579e+02, 2.56235016e+02,
    1.75632568e+02, 2.49149368e+02, 1.79949905e+02, 2.37997574e+02,
    1.78479416e+02, 1.68961868e+02, 2.53501816e+02, 1.79396790e+02,
    2.45887558e+02, 1.89078308e+02, 2.41269257e+02, 1.96428894e+02,
    2.44037003e+02, 2.04019043e+02, 2.41610031e+02, 2.15321243e+02,
    2.46909531e+02, 2.26797073e+02, 2.57429138e+02, 2.15647324e+02,
    2.64644623e+02, 2.04907242e+02, 2.65336212e+02, 1.96902985e+02,
    2.65761597e+02, 1.89094864e+02, 2.64769714e+02, 1.79051453e+02,
    2.59818237e+02, 1.73755447e+02, 2.53371521e+02, 1.89156738e+02,
    2.52256821e+02, 1.96474777e+02, 2.53185593e+02, 2.04209930e+02,
    2.53491333e+02, 2.21868942e+02, 2.56620331e+02, 2.04209930e+02,
    2.53491333e+02, 1.96474777e+02, 2.53185593e+02, 1.89156738e+02,
    2.52256821e+02 ]
noOfLandmarkPoint: 68
