%YAML:1.0
landmark: [ 3.85499542e+02, 6.37808350e+02, 3.87676605e+02,
    6.99460876e+02, 3.88924835e+02, 7.60591187e+02, 3.91392120e+02,
    8.21721497e+02, 4.14700470e+02, 8.86538208e+02, 4.57979248e+02,
    9.41456543e+02, 5.00358215e+02, 9.78378723e+02, 5.38789734e+02,
    1.02159930e+03, 5.99803589e+02, 1.03840552e+03, 6.72515259e+02,
    1.03408044e+03, 7.48274719e+02, 9.94226990e+02, 8.06240784e+02,
    9.47261841e+02, 8.48939148e+02, 8.87350586e+02, 8.77762512e+02,
    8.24362549e+02, 8.98516235e+02, 7.61084290e+02, 8.95787842e+02,
    6.75891418e+02, 8.89111938e+02, 5.95574951e+02, 3.79084717e+02,
    5.81206909e+02, 4.01691864e+02, 5.67945312e+02, 4.34371246e+02,
    5.69119080e+02, 4.74236176e+02, 5.76679871e+02, 5.09030518e+02,
    5.91344849e+02, 5.90600830e+02, 5.95233337e+02, 6.40550598e+02,
    5.67104126e+02, 6.97482544e+02, 5.57619995e+02, 7.61096008e+02,
    5.50382568e+02, 8.28559509e+02, 5.66572388e+02, 5.64406555e+02,
    6.43123230e+02, 5.60636414e+02, 6.99855408e+02, 5.55730042e+02,
    7.60284058e+02, 5.51216431e+02, 8.13493958e+02, 5.17106201e+02,
    8.22389282e+02, 5.39805054e+02, 8.38324829e+02, 5.68715759e+02,
    8.44768738e+02, 5.95449402e+02, 8.30981140e+02, 6.21921936e+02,
    8.22099060e+02, 4.26020782e+02, 6.36473755e+02, 4.46943146e+02,
    6.20593079e+02, 4.84258636e+02, 6.18263428e+02, 5.18192688e+02,
    6.43637634e+02, 4.87419006e+02, 6.55282898e+02, 4.47754639e+02,
    6.53932129e+02, 6.49438904e+02, 6.41988770e+02, 6.82816589e+02,
    6.14894714e+02, 7.19826111e+02, 6.14721802e+02, 7.49095825e+02,
    6.27510132e+02, 7.25621155e+02, 6.48963074e+02, 6.85373962e+02,
    6.54818359e+02, 5.09723267e+02, 8.86747864e+02, 5.38934387e+02,
    8.95071838e+02, 5.64129578e+02, 8.98468018e+02, 5.86886658e+02,
    9.05492371e+02, 6.28858948e+02, 8.93243225e+02, 6.73908142e+02,
    8.87118591e+02, 7.21389343e+02, 8.68092773e+02, 6.80089478e+02,
    9.12268921e+02, 6.34962219e+02, 9.35712952e+02, 5.90992676e+02,
    9.41048096e+02, 5.65612244e+02, 9.38372131e+02, 5.38959717e+02,
    9.26525574e+02, 5.18093323e+02, 8.93881836e+02, 5.64100464e+02,
    9.11384949e+02, 5.87205933e+02, 9.15071350e+02, 6.29875183e+02,
    9.07618530e+02, 7.08264771e+02, 8.76477051e+02, 6.29875183e+02,
    9.07618530e+02, 5.87205933e+02, 9.15071350e+02, 5.64100464e+02,
    9.11384949e+02 ]
noOfLandmarkPoint: 68
