%YAML:1.0
landmark: [ 4.22055603e+02, 3.07676178e+02, 4.20684448e+02,
    3.28518585e+02, 4.25220215e+02, 3.51244507e+02, 4.33256378e+02,
    3.75904663e+02, 4.40043243e+02, 4.00158020e+02, 4.53121063e+02,
    4.25342102e+02, 4.74439178e+02, 4.46122223e+02, 4.98729553e+02,
    4.58071686e+02, 5.20491028e+02, 4.59026001e+02, 5.45379883e+02,
    4.50594391e+02, 5.73832153e+02, 4.36590057e+02, 5.99650879e+02,
    4.18060242e+02, 6.18743286e+02, 3.94760834e+02, 6.28289490e+02,
    3.69763153e+02, 6.33342102e+02, 3.39447357e+02, 6.33342102e+02,
    3.09131592e+02, 6.32500000e+02, 2.79657898e+02, 4.21966675e+02,
    2.74888306e+02, 4.30387726e+02, 2.67022797e+02, 4.44972504e+02,
    2.61970184e+02, 4.59008759e+02, 2.61407593e+02, 4.71654388e+02,
    2.66725739e+02, 5.07692383e+02, 2.59071960e+02, 5.24451782e+02,
    2.49016876e+02, 5.43211853e+02, 2.44463577e+02, 5.62848511e+02,
    2.47638824e+02, 5.79976379e+02, 2.58210907e+02, 4.89422150e+02,
    2.77999878e+02, 4.89153076e+02, 2.91562836e+02, 4.88343201e+02,
    3.06850159e+02, 4.86530273e+02, 3.23777557e+02, 4.80282410e+02,
    3.42225952e+02, 4.87763000e+02, 3.43668945e+02, 4.95857208e+02,
    3.45120972e+02, 5.05567261e+02, 3.40992035e+02, 5.16562622e+02,
    3.37924103e+02, 4.38246185e+02, 2.96489471e+02, 4.44472626e+02,
    2.88808868e+02, 4.53732269e+02, 2.86883240e+02, 4.64078949e+02,
    2.90601746e+02, 4.56531097e+02, 2.94144562e+02, 4.47274963e+02,
    2.96705475e+02, 5.34246216e+02, 2.79081299e+02, 5.40427490e+02,
    2.71792389e+02, 5.51098816e+02, 2.71792389e+02, 5.60921082e+02,
    2.75447357e+02, 5.52772522e+02, 2.79095306e+02, 5.43509338e+02,
    2.79091827e+02, 4.71619507e+02, 3.85611511e+02, 4.74843811e+02,
    3.76017822e+02, 4.88706207e+02, 3.70531708e+02, 5.00851868e+02,
    3.71428833e+02, 5.16760132e+02, 3.67104645e+02, 5.34083374e+02,
    3.69432922e+02, 5.55705444e+02, 3.74764954e+02, 5.37688110e+02,
    3.87904907e+02, 5.25687744e+02, 3.95952026e+02, 5.10776215e+02,
    3.99980072e+02, 4.96570465e+02, 4.00021881e+02, 4.81797333e+02,
    3.98052094e+02, 4.77770935e+02, 3.83495636e+02, 4.91813629e+02,
    3.79352142e+02, 5.02531830e+02, 3.78043457e+02, 5.18283569e+02,
    3.75671021e+02, 5.52393494e+02, 3.75180756e+02, 5.22334412e+02,
    3.85799438e+02, 5.04975494e+02, 3.88627991e+02, 4.93340454e+02,
    3.89248718e+02 ]
noOfLandmarkPoint: 68
