%YAML:1.0
landmark: [ 2.76020325e+02, 1.17691635e+02, 2.77789429e+02,
    1.34511551e+02, 2.77485779e+02, 1.49852798e+02, 2.79809448e+02,
    1.67504547e+02, 2.86133484e+02, 1.84879013e+02, 3.00009277e+02,
    1.99942993e+02, 3.17132812e+02, 2.16010300e+02, 3.39946564e+02,
    2.27364380e+02, 3.60925323e+02, 2.30796997e+02, 3.79276794e+02,
    2.22255081e+02, 3.91977539e+02, 2.08947037e+02, 4.04110565e+02,
    1.94780792e+02, 4.10843842e+02, 1.80244843e+02, 4.13793060e+02,
    1.64439072e+02, 4.13027161e+02, 1.47367493e+02, 4.11900574e+02,
    1.31585068e+02, 4.10787994e+02, 1.14996582e+02, 3.03005066e+02,
    1.00767761e+02, 3.12522888e+02, 9.21871185e+01, 3.22639740e+02,
    8.71209564e+01, 3.35243774e+02, 8.55931931e+01, 3.50771545e+02,
    8.88794174e+01, 3.70572906e+02, 8.63798294e+01, 3.80927246e+02,
    8.47265015e+01, 3.90868988e+02, 8.56323242e+01, 4.01062195e+02,
    9.14596024e+01, 4.07928619e+02, 1.00309349e+02, 3.60537659e+02,
    1.02707085e+02, 3.61441376e+02, 1.10267632e+02, 3.62693604e+02,
    1.18230476e+02, 3.63963104e+02, 1.27181686e+02, 3.46588287e+02,
    1.38313477e+02, 3.54776550e+02, 1.39870773e+02, 3.62590027e+02,
    1.43071838e+02, 3.69308472e+02, 1.40157394e+02, 3.75266022e+02,
    1.39583679e+02, 3.21592010e+02, 1.09788269e+02, 3.26547668e+02,
    1.05084610e+02, 3.34308258e+02, 1.05321114e+02, 3.39697144e+02,
    1.09646805e+02, 3.34741486e+02, 1.11560982e+02, 3.27942413e+02,
    1.11923485e+02, 3.75191223e+02, 1.09843529e+02, 3.80619873e+02,
    1.06676071e+02, 3.86592285e+02, 1.08559303e+02, 3.91839691e+02,
    1.12577751e+02, 3.86340302e+02, 1.12648483e+02, 3.80060638e+02,
    1.12159988e+02, 3.23994690e+02, 1.68084473e+02, 3.37309937e+02,
    1.55635696e+02, 3.50318298e+02, 1.52488235e+02, 3.62016754e+02,
    1.53704071e+02, 3.70764282e+02, 1.52651901e+02, 3.83802795e+02,
    1.56849182e+02, 3.89482147e+02, 1.72403458e+02, 3.83792358e+02,
    1.86445602e+02, 3.73029114e+02, 1.93414215e+02, 3.61704437e+02,
    1.94244080e+02, 3.49367554e+02, 1.93317688e+02, 3.36803741e+02,
    1.85558975e+02, 3.27162140e+02, 1.67847977e+02, 3.50464172e+02,
    1.58162338e+02, 3.62024689e+02, 1.58523193e+02, 3.70225555e+02,
    1.58893433e+02, 3.87400909e+02, 1.72051407e+02, 3.72259308e+02,
    1.84294296e+02, 3.61556030e+02, 1.85284515e+02, 3.49870087e+02,
    1.83114365e+02 ]
noOfLandmarkPoint: 68
