%YAML:1.0
landmark: [ 3.32798035e+02, 1.36988419e+02, 3.29517090e+02,
    1.46076050e+02, 3.29703674e+02, 1.59444611e+02, 3.29244019e+02,
    1.73267151e+02, 3.31289551e+02, 1.87567535e+02, 3.35738678e+02,
    2.04665405e+02, 3.44194122e+02, 2.19269730e+02, 3.53387665e+02,
    2.30874344e+02, 3.64057892e+02, 2.37563217e+02, 3.79919861e+02,
    2.39510681e+02, 4.00104279e+02, 2.36176437e+02, 4.19276764e+02,
    2.29065674e+02, 4.40581085e+02, 2.18349167e+02, 4.54784271e+02,
    2.04258453e+02, 4.57911285e+02, 1.85021088e+02, 4.59074371e+02,
    1.64484772e+02, 4.59538269e+02, 1.41012466e+02, 3.35468872e+02,
    1.15503677e+02, 3.42344330e+02, 1.11781517e+02, 3.51458557e+02,
    1.13838348e+02, 3.58238434e+02, 1.18497940e+02, 3.64080841e+02,
    1.22493057e+02, 3.76948975e+02, 1.20337517e+02, 3.88877441e+02,
    1.13721733e+02, 4.01909271e+02, 1.12963356e+02, 4.13786987e+02,
    1.14384277e+02, 4.25691895e+02, 1.17000671e+02, 3.69119507e+02,
    1.34704987e+02, 3.66465332e+02, 1.45278427e+02, 3.63220642e+02,
    1.55977890e+02, 3.59316498e+02, 1.68054245e+02, 3.51617584e+02,
    1.73605347e+02, 3.56172394e+02, 1.76581238e+02, 3.61373322e+02,
    1.79183990e+02, 3.67878540e+02, 1.77400253e+02, 3.73244812e+02,
    1.76299515e+02, 3.40053223e+02, 1.34282806e+02, 3.44030609e+02,
    1.31337097e+02, 3.50223846e+02, 1.31842484e+02, 3.56711182e+02,
    1.35979111e+02, 3.50512726e+02, 1.38592758e+02, 3.44008881e+02,
    1.38327972e+02, 3.90703552e+02, 1.38373322e+02, 3.96986298e+02,
    1.33067703e+02, 4.04642181e+02, 1.33693085e+02, 4.11499390e+02,
    1.38601379e+02, 4.04589630e+02, 1.41073441e+02, 3.96935303e+02,
    1.41042465e+02, 3.48373322e+02, 2.00342453e+02, 3.53941467e+02,
    1.94024124e+02, 3.58689148e+02, 1.91957458e+02, 3.62748688e+02,
    1.92824860e+02, 3.67655487e+02, 1.92352539e+02, 3.79375946e+02,
    1.95380341e+02, 3.92314789e+02, 1.99901352e+02, 3.80107025e+02,
    2.06734711e+02, 3.68982452e+02, 2.08240723e+02, 3.63209534e+02,
    2.09093048e+02, 3.58800232e+02, 2.08358032e+02, 3.54431702e+02,
    2.06057266e+02, 3.51435608e+02, 2.00624603e+02, 3.58770569e+02,
    1.99509781e+02, 3.63407196e+02, 1.99973907e+02, 3.68594360e+02,
    1.99696350e+02, 3.87650909e+02, 2.00342453e+02, 3.68594360e+02,
    1.99696350e+02, 3.63407196e+02, 1.99973907e+02, 3.58770569e+02,
    1.99509781e+02 ]
noOfLandmarkPoint: 68
