%YAML:1.0
landmark: [ 1.12454140e+02, 1.18904572e+02, 1.19764984e+02,
    1.36304367e+02, 1.25923584e+02, 1.53413696e+02, 1.28488663e+02,
    1.68531311e+02, 1.30038544e+02, 1.83349548e+02, 1.35044144e+02,
    1.97945236e+02, 1.44014023e+02, 2.09230453e+02, 1.57897919e+02,
    2.17840332e+02, 1.74720703e+02, 2.20527725e+02, 1.93696518e+02,
    2.19254837e+02, 2.05773651e+02, 2.09429337e+02, 2.15080475e+02,
    1.98532333e+02, 2.22294067e+02, 1.83844452e+02, 2.27124847e+02,
    1.69104645e+02, 2.29572830e+02, 1.52828232e+02, 2.32333435e+02,
    1.36486633e+02, 2.34052322e+02, 1.19728584e+02, 1.22122398e+02,
    1.03894012e+02, 1.31549774e+02, 9.73708649e+01, 1.43084534e+02,
    9.84683762e+01, 1.55455872e+02, 1.02688347e+02, 1.66002441e+02,
    1.07427155e+02, 1.88281143e+02, 1.04493202e+02, 2.00233246e+02,
    1.02217636e+02, 2.11930557e+02, 1.02393600e+02, 2.23427185e+02,
    1.02147408e+02, 2.31250214e+02, 1.06671646e+02, 1.78259552e+02,
    1.16622421e+02, 1.78464676e+02, 1.28172012e+02, 1.78306870e+02,
    1.39487900e+02, 1.78212479e+02, 1.51669281e+02, 1.66307678e+02,
    1.56338333e+02, 1.71093613e+02, 1.59776108e+02, 1.77264389e+02,
    1.62348816e+02, 1.84161469e+02, 1.59866470e+02, 1.91039749e+02,
    1.57365433e+02, 1.41067719e+02, 1.17449608e+02, 1.44935226e+02,
    1.13829552e+02, 1.52162079e+02, 1.13465012e+02, 1.58790192e+02,
    1.16590164e+02, 1.53503159e+02, 1.18426147e+02, 1.46523758e+02,
    1.18738785e+02, 1.96173813e+02, 1.18921051e+02, 2.01382401e+02,
    1.15613625e+02, 2.07502350e+02, 1.15496536e+02, 2.13309677e+02,
    1.18921051e+02, 2.07801712e+02, 1.20757034e+02, 2.01447571e+02,
    1.20691856e+02, 1.55184402e+02, 1.80467072e+02, 1.61768326e+02,
    1.78809250e+02, 1.68989746e+02, 1.79292694e+02, 1.75806915e+02,
    1.80791275e+02, 1.83456696e+02, 1.79873123e+02, 1.91039246e+02,
    1.80795685e+02, 1.99348511e+02, 1.82017303e+02, 1.91058411e+02,
    1.87156860e+02, 1.83412048e+02, 1.89083450e+02, 1.75778946e+02,
    1.89164520e+02, 1.69232819e+02, 1.87604538e+02, 1.61636902e+02,
    1.84658096e+02, 1.58190323e+02, 1.80289566e+02, 1.68839371e+02,
    1.82062729e+02, 1.75820938e+02, 1.83520218e+02, 1.83615936e+02,
    1.82927994e+02, 1.95910431e+02, 1.82514572e+02, 1.83615936e+02,
    1.82927994e+02, 1.75820938e+02, 1.83520218e+02, 1.68839371e+02,
    1.82062729e+02 ]
noOfLandmarkPoint: 68
