%YAML:1.0
landmark: [ 4.66711922e+01, 7.78647156e+01, 4.90599442e+01,
    8.93579102e+01, 5.08339119e+01, 9.96571579e+01, 5.43429756e+01,
    1.09663773e+02, 5.89847260e+01, 1.20404243e+02, 6.54119339e+01,
    1.30891266e+02, 7.34278793e+01, 1.40535629e+02, 8.20042953e+01,
    1.49066864e+02, 9.76024323e+01, 1.48456253e+02, 1.12934883e+02,
    1.46935440e+02, 1.28730942e+02, 1.29906860e+02, 1.37770966e+02,
    1.16739716e+02, 1.42723480e+02, 1.05070778e+02, 1.43927673e+02,
    9.25877533e+01, 1.43791962e+02, 7.92510071e+01, 1.42768661e+02,
    6.45630569e+01, 1.41575745e+02, 4.92815208e+01, 4.46400032e+01,
    6.67116776e+01, 4.93494225e+01, 5.03614807e+01, 5.90000572e+01,
    4.97056847e+01, 6.84301834e+01, 5.12886963e+01, 7.88723297e+01,
    5.42455063e+01, 9.64095230e+01, 5.33692017e+01, 1.05025558e+02,
    4.93042831e+01, 1.14127785e+02, 4.60308723e+01, 1.24411629e+02,
    4.92816963e+01, 1.30630554e+02, 5.49296227e+01, 8.70967102e+01,
    6.51826324e+01, 8.83466492e+01, 7.56971817e+01, 8.91224976e+01,
    8.55423431e+01, 8.96619568e+01, 9.50197678e+01, 7.92792892e+01,
    9.94456177e+01, 8.58996124e+01, 1.01989731e+02, 9.17765579e+01,
    1.02856766e+02, 9.70936432e+01, 1.00943825e+02, 1.02374054e+02,
    9.79135132e+01, 5.64785347e+01, 6.70564346e+01, 6.07978439e+01,
    6.22509232e+01, 6.82322693e+01, 6.17760162e+01, 7.35126801e+01,
    6.64967270e+01, 6.78421631e+01, 6.88203354e+01, 6.16854439e+01,
    6.89051285e+01, 1.04358467e+02, 6.31385193e+01, 1.08711662e+02,
    5.80164108e+01, 1.15914284e+02, 5.69818039e+01, 1.21669594e+02,
    6.01082077e+01, 1.17338989e+02, 6.31498146e+01, 1.10464272e+02,
    6.43427200e+01, 7.59269180e+01, 1.21890961e+02, 8.12949524e+01,
    1.16249260e+02, 8.84931259e+01, 1.14102432e+02, 9.33268967e+01,
    1.15605431e+02, 9.79809875e+01, 1.12871094e+02, 1.07020912e+02,
    1.14115196e+02, 1.14349655e+02, 1.17883301e+02, 1.08643127e+02,
    1.23705833e+02, 1.01103798e+02, 1.24780273e+02, 9.52233047e+01,
    1.25688339e+02, 9.03411713e+01, 1.27072868e+02, 8.37163391e+01,
    1.27404289e+02, 7.94551086e+01, 1.21256660e+02, 8.92713394e+01,
    1.19469238e+02, 9.39930801e+01, 1.19722321e+02, 9.93815536e+01,
    1.18081940e+02, 1.10411568e+02, 1.17989250e+02, 9.93815536e+01,
    1.18081940e+02, 9.39930801e+01, 1.19722321e+02, 8.92713394e+01,
    1.19469238e+02 ]
noOfLandmarkPoint: 68
