%YAML:1.0
landmark: [ 1.93870941e+02, 1.13499519e+02, 1.85870392e+02,
    1.31203278e+02, 1.80870056e+02, 1.51616455e+02, 1.78414413e+02,
    1.71537170e+02, 1.83004654e+02, 1.87166855e+02, 1.91796860e+02,
    2.03206635e+02, 2.00753799e+02, 2.16111740e+02, 2.13711014e+02,
    2.30136246e+02, 2.34019989e+02, 2.38182190e+02, 2.50380798e+02,
    2.37540115e+02, 2.64845673e+02, 2.25224976e+02, 2.76982330e+02,
    2.12183334e+02, 2.86713928e+02, 2.00938583e+02, 2.93588867e+02,
    1.86181915e+02, 3.00444061e+02, 1.72087524e+02, 3.05360199e+02,
    1.60226456e+02, 3.08354767e+02, 1.48532867e+02, 2.19824051e+02,
    1.06848625e+02, 2.33833420e+02, 1.09475693e+02, 2.45708206e+02,
    1.13371765e+02, 2.54955902e+02, 1.16521568e+02, 2.63322876e+02,
    1.22567368e+02, 2.81542664e+02, 1.29307343e+02, 2.91163483e+02,
    1.28613174e+02, 2.99448090e+02, 1.31426804e+02, 3.07628510e+02,
    1.32949615e+02, 3.12375793e+02, 1.37098099e+02, 2.69420624e+02,
    1.38835709e+02, 2.67863617e+02, 1.49987854e+02, 2.66472595e+02,
    1.61835495e+02, 2.65410858e+02, 1.73995163e+02, 2.47647537e+02,
    1.76268158e+02, 2.51621063e+02, 1.79822922e+02, 2.55673889e+02,
    1.84263519e+02, 2.62306091e+02, 1.82908905e+02, 2.67215668e+02,
    1.81590775e+02, 2.28108658e+02, 1.24649872e+02, 2.37398834e+02,
    1.23645851e+02, 2.45521637e+02, 1.27023140e+02, 2.51448105e+02,
    1.34442154e+02, 2.42998764e+02, 1.33001709e+02, 2.33307602e+02,
    1.30539032e+02, 2.75631317e+02, 1.41488022e+02, 2.83093811e+02,
    1.37542419e+02, 2.92367340e+02, 1.40870712e+02, 2.97007080e+02,
    1.46005081e+02, 2.91745026e+02, 1.46906891e+02, 2.84326019e+02,
    1.45772354e+02, 2.25243607e+02, 1.93595535e+02, 2.37346939e+02,
    1.92915329e+02, 2.47405106e+02, 1.94773071e+02, 2.50670593e+02,
    1.97891785e+02, 2.58647614e+02, 1.97328308e+02, 2.62950012e+02,
    1.99273880e+02, 2.67037872e+02, 2.03893738e+02, 2.58526245e+02,
    2.07759308e+02, 2.53062164e+02, 2.08708664e+02, 2.46209930e+02,
    2.08311371e+02, 2.40587677e+02, 2.06680252e+02, 2.32264587e+02,
    2.02487625e+02, 2.29448364e+02, 1.94354645e+02, 2.45349564e+02,
    1.98937805e+02, 2.49178009e+02, 2.00877899e+02, 2.57101135e+02,
    2.00956833e+02, 2.63778381e+02, 2.03310318e+02, 2.57101135e+02,
    2.00956833e+02, 2.49178009e+02, 2.00877899e+02, 2.45349564e+02,
    1.98937805e+02 ]
noOfLandmarkPoint: 68
