%YAML:1.0
landmark: [ 6.37709290e+02, 1.02084882e+03, 6.49374146e+02,
    1.11412231e+03, 6.75080627e+02, 1.21344373e+03, 7.17807190e+02,
    1.31584143e+03, 7.53856689e+02, 1.40866565e+03, 8.15065796e+02,
    1.49732971e+03, 8.84974426e+02, 1.57116455e+03, 9.70276978e+02,
    1.65718726e+03, 1.11095557e+03, 1.68232605e+03, 1.21894446e+03,
    1.65503979e+03, 1.31619055e+03, 1.57492102e+03, 1.39642310e+03,
    1.48290979e+03, 1.47467358e+03, 1.36615674e+03, 1.49453540e+03,
    1.26052966e+03, 1.49236047e+03, 1.12550000e+03, 1.49584888e+03,
    1.00689532e+03, 1.49236047e+03, 8.91779053e+02, 6.48556213e+02,
    9.58627625e+02, 6.96184998e+02, 9.13454590e+02, 7.70982422e+02,
    9.05242126e+02, 8.45015625e+02, 9.21513672e+02, 9.19197266e+02,
    9.46732849e+02, 1.03387903e+03, 9.33040405e+02, 1.11093115e+03,
    8.93363098e+02, 1.18701624e+03, 8.63838013e+02, 1.26859851e+03,
    8.45396484e+02, 1.35949377e+03, 8.55882385e+02, 9.92824158e+02,
    1.00539661e+03, 1.00199316e+03, 1.08479431e+03, 1.00676776e+03,
    1.16779089e+03, 1.01181195e+03, 1.25007690e+03, 9.44248230e+02,
    1.29250403e+03, 9.79569763e+02, 1.31038367e+03, 1.02433960e+03,
    1.32607422e+03, 1.07375586e+03, 1.29686804e+03, 1.11154895e+03,
    1.27695471e+03, 7.46637573e+02, 1.02386279e+03, 7.94000061e+02,
    9.85059998e+02, 8.61610535e+02, 9.84472839e+02, 9.06105042e+02,
    1.02631458e+03, 8.49046753e+02, 1.03990137e+03, 7.89418152e+02,
    1.04180981e+03, 1.12123206e+03, 1.00093231e+03, 1.15154248e+03,
    9.53211060e+02, 1.22297400e+03, 9.39400635e+02, 1.27335022e+03,
    9.63083801e+02, 1.23889294e+03, 9.96781677e+02, 1.17859265e+03,
    1.00757819e+03, 8.94203735e+02, 1.40386816e+03, 9.64722595e+02,
    1.39642041e+03, 1.00045612e+03, 1.38743054e+03, 1.04261462e+03,
    1.39072205e+03, 1.08912646e+03, 1.37878528e+03, 1.15219543e+03,
    1.37725281e+03, 1.23568054e+03, 1.36688672e+03, 1.16411108e+03,
    1.46284497e+03, 1.10798901e+03, 1.48721765e+03, 1.06624133e+03,
    1.49669763e+03, 1.01787073e+03, 1.49681458e+03, 9.62431702e+02,
    1.47805994e+03, 9.42804871e+02, 1.41664026e+03, 1.00413617e+03,
    1.41192004e+03, 1.04672754e+03, 1.41182056e+03, 1.09375562e+03,
    1.40812720e+03, 1.18384863e+03, 1.39128345e+03, 1.09750293e+03,
    1.42757251e+03, 1.05103113e+03, 1.43351550e+03, 1.00814301e+03,
    1.42900049e+03 ]
noOfLandmarkPoint: 68
