%YAML:1.0
landmark: [ 1.21670074e+02, 1.51042465e+02, 1.22443008e+02,
    1.71198822e+02, 1.21856995e+02, 1.88756775e+02, 1.21148094e+02,
    2.06015457e+02, 1.29124588e+02, 2.22116348e+02, 1.43893036e+02,
    2.37917984e+02, 1.61084030e+02, 2.50385086e+02, 1.78287521e+02,
    2.59300323e+02, 1.94016571e+02, 2.64736938e+02, 2.04582611e+02,
    2.58402557e+02, 2.11932129e+02, 2.50930130e+02, 2.17430908e+02,
    2.39143478e+02, 2.26114578e+02, 2.26362900e+02, 2.33046997e+02,
    2.13000687e+02, 2.37329361e+02, 1.98337158e+02, 2.42270660e+02,
    1.82319260e+02, 2.43059769e+02, 1.66544357e+02, 1.52707047e+02,
    1.42065628e+02, 1.67143265e+02, 1.34218002e+02, 1.82246078e+02,
    1.30608749e+02, 1.96548889e+02, 1.35633835e+02, 2.06430420e+02,
    1.42242493e+02, 2.24313354e+02, 1.41950348e+02, 2.32811737e+02,
    1.38886856e+02, 2.41183395e+02, 1.39862061e+02, 2.47872467e+02,
    1.43449356e+02, 2.49298035e+02, 1.51058334e+02, 2.16982010e+02,
    1.48386169e+02, 2.19976318e+02, 1.60676910e+02, 2.23651077e+02,
    1.73076309e+02, 2.27721252e+02, 1.87164322e+02, 2.02078156e+02,
    1.96337845e+02, 2.08773956e+02, 2.00053574e+02, 2.14272736e+02,
    2.05335007e+02, 2.20724472e+02, 2.03933151e+02, 2.25747620e+02,
    2.01768921e+02, 1.70197830e+02, 1.45708740e+02, 1.77402252e+02,
    1.42534668e+02, 1.85596069e+02, 1.43065491e+02, 1.91734329e+02,
    1.49748795e+02, 1.84452515e+02, 1.51408951e+02, 1.75686905e+02,
    1.49816498e+02, 2.22085373e+02, 1.53083328e+02, 2.29598740e+02,
    1.49095078e+02, 2.37730087e+02, 1.51212036e+02, 2.39534653e+02,
    1.56335938e+02, 2.35041641e+02, 1.58588425e+02, 2.28768661e+02,
    1.57139267e+02, 1.76026855e+02, 2.14443405e+02, 1.87344482e+02,
    2.14931870e+02, 2.03342346e+02, 2.15701981e+02, 2.07627594e+02,
    2.18287262e+02, 2.12354279e+02, 2.18373886e+02, 2.17635727e+02,
    2.19585159e+02, 2.17348969e+02, 2.22770065e+02, 2.14166367e+02,
    2.28375473e+02, 2.09166443e+02, 2.33107040e+02, 2.03616196e+02,
    2.32406128e+02, 1.97128342e+02, 2.31436813e+02, 1.82884094e+02,
    2.23913132e+02, 1.80546188e+02, 2.16740479e+02, 2.00936310e+02,
    2.21884186e+02, 2.06189301e+02, 2.22919693e+02, 2.10735092e+02,
    2.23069321e+02, 2.14205032e+02, 2.22198288e+02, 2.10735092e+02,
    2.23069321e+02, 2.06189301e+02, 2.22919693e+02, 2.00936310e+02,
    2.21884186e+02 ]
noOfLandmarkPoint: 68
