%YAML:1.0
landmark: [ 1.46649643e+02, 1.10161774e+02, 1.48075073e+02,
    1.22554962e+02, 1.50099197e+02, 1.33485260e+02, 1.53469894e+02,
    1.44147095e+02, 1.59410187e+02, 1.53321716e+02, 1.66556427e+02,
    1.61950897e+02, 1.76966858e+02, 1.70592865e+02, 1.87863022e+02,
    1.76149643e+02, 2.01230804e+02, 1.76959305e+02, 2.12033264e+02,
    1.75489151e+02, 2.19447968e+02, 1.66945160e+02, 2.24582870e+02,
    1.58848648e+02, 2.27561539e+02, 1.50066055e+02, 2.29990494e+02,
    1.40103088e+02, 2.33770294e+02, 1.29577621e+02, 2.35649521e+02,
    1.18106140e+02, 2.36537888e+02, 1.06395744e+02, 1.62648788e+02,
    9.42171555e+01, 1.71357849e+02, 9.72332077e+01, 1.80094681e+02,
    9.88151321e+01, 1.89831833e+02, 9.98932495e+01, 1.97370911e+02,
    1.00575020e+02, 2.12730835e+02, 9.97073059e+01, 2.19886917e+02,
    9.77327576e+01, 2.24872650e+02, 9.67867432e+01, 2.29462097e+02,
    9.65182800e+01, 2.33237625e+02, 9.46219864e+01, 2.05700958e+02,
    1.07026688e+02, 2.06237869e+02, 1.15387398e+02, 2.07179626e+02,
    1.23760902e+02, 2.08402634e+02, 1.32138672e+02, 1.98149887e+02,
    1.37674149e+02, 2.02176819e+02, 1.39434067e+02, 2.06489273e+02,
    1.40929810e+02, 2.10396912e+02, 1.39442596e+02, 2.13870667e+02,
    1.37086090e+02, 1.75515533e+02, 1.10943611e+02, 1.80301483e+02,
    1.08626961e+02, 1.86779877e+02, 1.08626274e+02, 1.91145996e+02,
    1.11620407e+02, 1.86327881e+02, 1.14613564e+02, 1.80261841e+02,
    1.14511902e+02, 2.13228714e+02, 1.11281181e+02, 2.17724014e+02,
    1.07543259e+02, 2.22915527e+02, 1.06812576e+02, 2.26015808e+02,
    1.09170181e+02, 2.23823227e+02, 1.12554588e+02, 2.18581039e+02,
    1.12699783e+02, 1.86887268e+02, 1.55652802e+02, 1.93036346e+02,
    1.53232925e+02, 2.02147339e+02, 1.50441818e+02, 2.06375412e+02,
    1.51451904e+02, 2.10958618e+02, 1.50387634e+02, 2.15600677e+02,
    1.51523590e+02, 2.17965820e+02, 1.54217392e+02, 2.15643982e+02,
    1.60109650e+02, 2.11220901e+02, 1.61831039e+02, 2.06340256e+02,
    1.63101013e+02, 2.01781357e+02, 1.62652252e+02, 1.92749802e+02,
    1.60077026e+02, 1.89935455e+02, 1.55840225e+02, 2.02034927e+02,
    1.54529266e+02, 2.06466675e+02, 1.54806259e+02, 2.10803223e+02,
    1.54806259e+02, 2.15463898e+02, 1.54777893e+02, 2.10803223e+02,
    1.54806259e+02, 2.06466675e+02, 1.54806259e+02, 2.02034927e+02,
    1.54529266e+02 ]
noOfLandmarkPoint: 68
