%YAML:1.0
landmark: [ 5.71545898e+02, 1.43663269e+02, 5.72107117e+02,
    1.57132660e+02, 5.75474487e+02, 1.70602036e+02, 5.80525513e+02,
    1.82948975e+02, 5.87821411e+02, 1.94734695e+02, 5.92872437e+02,
    2.07642853e+02, 5.98502197e+02, 2.20369766e+02, 6.04856689e+02,
    2.30819061e+02, 6.15663696e+02, 2.40929565e+02, 6.38125305e+02,
    2.40654770e+02, 6.58182190e+02, 2.33358673e+02, 6.74318298e+02,
    2.22163025e+02, 6.89919617e+02, 2.05400589e+02, 6.99496521e+02,
    1.91305344e+02, 7.01241028e+02, 1.69378845e+02, 7.02256897e+02,
    1.45861557e+02, 7.02063660e+02, 1.25131012e+02, 5.67219910e+02,
    1.22646812e+02, 5.72570923e+02, 1.20359329e+02, 5.78593201e+02,
    1.22726776e+02, 5.85060364e+02, 1.24951706e+02, 5.91905090e+02,
    1.26607841e+02, 6.12037598e+02, 1.26856720e+02, 6.21919678e+02,
    1.20916924e+02, 6.33221680e+02, 1.16869591e+02, 6.45148804e+02,
    1.14049622e+02, 6.56442078e+02, 1.15365875e+02, 6.03654175e+02,
    1.39632202e+02, 6.02856995e+02, 1.51512009e+02, 6.01691467e+02,
    1.63347824e+02, 6.00579224e+02, 1.76087128e+02, 5.97491089e+02,
    1.84329086e+02, 6.01548462e+02, 1.87281509e+02, 6.06780762e+02,
    1.87877686e+02, 6.13334167e+02, 1.83095276e+02, 6.21208801e+02,
    1.79727936e+02, 5.78313782e+02, 1.38920914e+02, 5.86043274e+02,
    1.33151291e+02, 5.93435791e+02, 1.35160690e+02, 5.98036194e+02,
    1.41175583e+02, 5.90656616e+02, 1.42702423e+02, 5.83254150e+02,
    1.42307404e+02, 6.27144043e+02, 1.38944443e+02, 6.31806274e+02,
    1.30463440e+02, 6.42285461e+02, 1.28662750e+02, 6.50558899e+02,
    1.33915283e+02, 6.44937988e+02, 1.39275620e+02, 6.36574524e+02,
    1.40136032e+02, 5.95294800e+02, 1.99204529e+02, 6.01149231e+02,
    1.97446533e+02, 6.06669250e+02, 1.95504166e+02, 6.11511169e+02,
    1.97180588e+02, 6.18452637e+02, 1.94054413e+02, 6.30838928e+02,
    1.93560822e+02, 6.46282654e+02, 1.94535965e+02, 6.32867004e+02,
    2.05797791e+02, 6.20579224e+02, 2.11146301e+02, 6.13346069e+02,
    2.12315567e+02, 6.07753845e+02, 2.12107254e+02, 6.01901978e+02,
    2.08456177e+02, 5.98567200e+02, 2.01526962e+02, 6.07460632e+02,
    2.02081909e+02, 6.12231628e+02, 2.02629440e+02, 6.19599915e+02,
    2.01343216e+02, 6.41085327e+02, 1.96599609e+02, 6.19599915e+02,
    2.01343216e+02, 6.12231628e+02, 2.02629440e+02, 6.07460632e+02,
    2.02081909e+02 ]
noOfLandmarkPoint: 68
