%YAML:1.0
landmark: [ 5.32106812e+02, 5.55374451e+02, 5.15749023e+02,
    6.34048218e+02, 5.07278198e+02, 7.13375793e+02, 5.32204590e+02,
    7.75663818e+02, 5.70233948e+02, 8.44461487e+02, 6.23981323e+02,
    8.98166992e+02, 6.81345337e+02, 9.42400024e+02, 7.43253174e+02,
    9.78845154e+02, 8.03764160e+02, 9.94411438e+02, 8.67388184e+02,
    9.93406738e+02, 9.14876038e+02, 9.51788696e+02, 9.52374207e+02,
    8.96052368e+02, 9.83253418e+02, 8.39265198e+02, 1.00398425e+03,
    7.84054260e+02, 1.02177557e+03, 7.25504700e+02, 1.03220154e+03,
    6.64184448e+02, 1.02779431e+03, 6.07439636e+02, 6.67156982e+02,
    5.02614685e+02, 7.13991089e+02, 4.79691437e+02, 7.63148254e+02,
    4.84587616e+02, 8.11300598e+02, 4.96946564e+02, 8.57377502e+02,
    5.20111511e+02, 9.48273315e+02, 5.32437256e+02, 9.79055542e+02,
    5.18346619e+02, 1.00582642e+03, 5.11933014e+02, 1.02912378e+03,
    5.12431641e+02, 1.04588794e+03, 5.19492798e+02, 9.03095032e+02,
    5.73335205e+02, 9.09704895e+02, 6.14454041e+02, 9.18892700e+02,
    6.56148132e+02, 9.31457764e+02, 6.98260742e+02, 8.55001465e+02,
    7.39978638e+02, 8.75697266e+02, 7.52077881e+02, 8.95647522e+02,
    7.61536072e+02, 9.13852539e+02, 7.57868347e+02, 9.29936890e+02,
    7.50145996e+02, 7.18474915e+02, 5.56291382e+02, 7.50698975e+02,
    5.45874084e+02, 7.88046692e+02, 5.49476746e+02, 8.06356628e+02,
    5.77341553e+02, 7.81495178e+02, 5.84849182e+02, 7.47430237e+02,
    5.79619202e+02, 9.36875000e+02, 5.92127014e+02, 9.64992859e+02,
    5.72413940e+02, 9.97416504e+02, 5.66516174e+02, 1.00890607e+03,
    5.90427063e+02, 9.94467651e+02, 6.02556396e+02, 9.65326721e+02,
    6.02556396e+02, 7.73533325e+02, 8.36629333e+02, 8.18769226e+02,
    8.23977966e+02, 8.65808289e+02, 8.14160706e+02, 8.83585388e+02,
    8.21378235e+02, 9.04766052e+02, 8.17042664e+02, 9.23520996e+02,
    8.25440369e+02, 9.34385010e+02, 8.43765076e+02, 9.20845947e+02,
    8.59748840e+02, 9.01707703e+02, 8.79224426e+02, 8.82070007e+02,
    8.82099548e+02, 8.59333313e+02, 8.77237915e+02, 8.18013977e+02,
    8.60912842e+02, 7.86164612e+02, 8.39595703e+02, 8.64853210e+02,
    8.42750427e+02, 8.83729736e+02, 8.43282166e+02, 9.01011108e+02,
    8.41581177e+02, 9.20721985e+02, 8.42642456e+02, 9.01011108e+02,
    8.41581177e+02, 8.83729736e+02, 8.43282166e+02, 8.64853210e+02,
    8.42750427e+02 ]
noOfLandmarkPoint: 68
