%YAML:1.0
landmark: [ 1.26832550e+02, 1.59444626e+02, 1.29323822e+02,
    1.73982803e+02, 1.28837265e+02, 1.88235611e+02, 1.31153168e+02,
    2.01476898e+02, 1.41312225e+02, 2.15083908e+02, 1.53622360e+02,
    2.26303940e+02, 1.64041214e+02, 2.38669022e+02, 1.75486374e+02,
    2.48761841e+02, 1.89544449e+02, 2.51642456e+02, 2.05504364e+02,
    2.49260010e+02, 2.22691116e+02, 2.37063110e+02, 2.36515854e+02,
    2.25956528e+02, 2.47420425e+02, 2.13468658e+02, 2.54657562e+02,
    2.02228729e+02, 2.57145294e+02, 1.88407547e+02, 2.59234192e+02,
    1.73408508e+02, 2.61637726e+02, 1.58672699e+02, 1.41475494e+02,
    1.45803665e+02, 1.51017639e+02, 1.41847977e+02, 1.60606079e+02,
    1.40044449e+02, 1.71879684e+02, 1.40730621e+02, 1.81537262e+02,
    1.44782196e+02, 2.08259277e+02, 1.43790649e+02, 2.18678131e+02,
    1.41529816e+02, 2.29210419e+02, 1.41730988e+02, 2.39373154e+02,
    1.44222260e+02, 2.47472656e+02, 1.50119431e+02, 1.93528549e+02,
    1.56854721e+02, 1.93304886e+02, 1.65970184e+02, 1.93278290e+02,
    1.76416672e+02, 1.93425705e+02, 1.85788925e+02, 1.81438507e+02,
    1.92330994e+02, 1.87084229e+02, 1.94203766e+02, 1.92731796e+02,
    1.95653000e+02, 1.98345917e+02, 1.94488190e+02, 2.03510422e+02,
    1.93792328e+02, 1.51650436e+02, 1.61994400e+02, 1.57028244e+02,
    1.57128845e+02, 1.66331299e+02, 1.56784973e+02, 1.74343079e+02,
    1.63197937e+02, 1.66730118e+02, 1.66230713e+02, 1.57313614e+02,
    1.65744156e+02, 2.12096786e+02, 1.64741791e+02, 2.18963501e+02,
    1.58932373e+02, 2.27578827e+02, 1.58731186e+02, 2.33070084e+02,
    1.63080948e+02, 2.28470627e+02, 1.68025726e+02, 2.19768234e+02,
    1.68206177e+02, 1.70094223e+02, 2.14667786e+02, 1.79732117e+02,
    2.10457581e+02, 1.87195587e+02, 2.09198624e+02, 1.92285736e+02,
    2.10550323e+02, 1.97153076e+02, 2.09853226e+02, 2.05632797e+02,
    2.12866821e+02, 2.13800690e+02, 2.17429916e+02, 2.06323395e+02,
    2.23256165e+02, 1.97439011e+02, 2.25440765e+02, 1.91766891e+02,
    2.25288330e+02, 1.87078262e+02, 2.25144897e+02, 1.78966415e+02,
    2.22754852e+02, 1.74174683e+02, 2.15180969e+02, 1.87076218e+02,
    2.15479996e+02, 1.92419418e+02, 2.15609802e+02, 1.97238007e+02,
    2.15648483e+02, 2.10202438e+02, 2.17287231e+02, 1.97238007e+02,
    2.15648483e+02, 1.92419418e+02, 2.15609802e+02, 1.87076218e+02,
    2.15479996e+02 ]
noOfLandmarkPoint: 68
