%YAML:1.0
landmark: [ 1.32800293e+02, 1.29616837e+02, 1.36456955e+02,
    1.48184402e+02, 1.42139008e+02, 1.65175629e+02, 1.50297852e+02,
    1.82448685e+02, 1.61437454e+02, 1.98172852e+02, 1.73532410e+02,
    2.11420242e+02, 1.89857941e+02, 2.23233322e+02, 2.08971771e+02,
    2.30220642e+02, 2.27084244e+02, 2.29719254e+02, 2.43248123e+02,
    2.23205826e+02, 2.54591537e+02, 2.11604156e+02, 2.62255066e+02,
    1.95696060e+02, 2.65068634e+02, 1.76257904e+02, 2.67488098e+02,
    1.59942596e+02, 2.68922363e+02, 1.44218430e+02, 2.68894897e+02,
    1.30155411e+02, 2.65941589e+02, 1.17611420e+02, 1.55792053e+02,
    1.13842987e+02, 1.67611923e+02, 1.06354897e+02, 1.79178879e+02,
    1.03923698e+02, 1.90712250e+02, 1.04268227e+02, 2.03191040e+02,
    1.07826172e+02, 2.19951477e+02, 1.05866768e+02, 2.30953857e+02,
    9.77412186e+01, 2.43081070e+02, 9.46811066e+01, 2.53692871e+02,
    9.24366226e+01, 2.60568848e+02, 9.68464966e+01, 2.16426743e+02,
    1.15691772e+02, 2.19667145e+02, 1.28633987e+02, 2.22929733e+02,
    1.41292618e+02, 2.25573715e+02, 1.54375183e+02, 2.06135544e+02,
    1.63095306e+02, 2.14434113e+02, 1.65008438e+02, 2.24109619e+02,
    1.65824081e+02, 2.31762115e+02, 1.60196960e+02, 2.37586273e+02,
    1.54851685e+02, 1.70331284e+02, 1.27253998e+02, 1.77902145e+02,
    1.22376129e+02, 1.85359482e+02, 1.20337875e+02, 1.94039047e+02,
    1.22055183e+02, 1.86789688e+02, 1.26273361e+02, 1.78846207e+02,
    1.27071182e+02, 2.31652237e+02, 1.14940666e+02, 2.38118256e+02,
    1.10964760e+02, 2.44799820e+02, 1.09872635e+02, 2.50798004e+02,
    1.11516968e+02, 2.46697449e+02, 1.15744011e+02, 2.39130814e+02,
    1.17027946e+02, 1.93029877e+02, 1.86505035e+02, 2.03294525e+02,
    1.84501541e+02, 2.13788040e+02, 1.83488846e+02, 2.22844940e+02,
    1.84052505e+02, 2.30749420e+02, 1.81857559e+02, 2.37613739e+02,
    1.82533478e+02, 2.46136826e+02, 1.81997284e+02, 2.38651520e+02,
    1.93757858e+02, 2.31562607e+02, 1.96522675e+02, 2.23359161e+02,
    1.97526962e+02, 2.14321930e+02, 1.96473022e+02, 2.04216492e+02,
    1.93244278e+02, 1.96607086e+02, 1.86457458e+02, 2.13760574e+02,
    1.86863678e+02, 2.22647903e+02, 1.87257767e+02, 2.30861679e+02,
    1.85711273e+02, 2.44083969e+02, 1.82812927e+02, 2.30861679e+02,
    1.85711273e+02, 2.22647903e+02, 1.87257767e+02, 2.13760574e+02,
    1.86863678e+02 ]
noOfLandmarkPoint: 68
