%YAML:1.0
landmark: [ 1.56144943e+02, 7.34300995e+01, 1.53379944e+02,
    9.03860168e+01, 1.52851639e+02, 1.08522034e+02, 1.54855057e+02,
    1.25244675e+02, 1.64220367e+02, 1.40734604e+02, 1.78513870e+02,
    1.51876083e+02, 1.93997589e+02, 1.60761795e+02, 2.08965851e+02,
    1.69038071e+02, 2.27390747e+02, 1.73072250e+02, 2.42077103e+02,
    1.72063232e+02, 2.53638153e+02, 1.62617065e+02, 2.62612274e+02,
    1.52250610e+02, 2.69445465e+02, 1.39519150e+02, 2.73976593e+02,
    1.25886139e+02, 2.77058258e+02, 1.14728966e+02, 2.79840515e+02,
    1.03760643e+02, 2.81722931e+02, 9.30428925e+01, 1.89611526e+02,
    5.80866432e+01, 2.02930496e+02, 5.48534927e+01, 2.14074341e+02,
    5.41610374e+01, 2.27243973e+02, 5.70791016e+01, 2.39118546e+02,
    6.38937263e+01, 2.57452484e+02, 6.70982056e+01, 2.66514374e+02,
    6.58962936e+01, 2.74228180e+02, 6.63872147e+01, 2.80736115e+02,
    6.86845932e+01, 2.84775543e+02, 7.37859955e+01, 2.47335495e+02,
    8.10686493e+01, 2.47105469e+02, 8.91334381e+01, 2.47297668e+02,
    9.73849792e+01, 2.47780823e+02, 1.06625397e+02, 2.33159607e+02,
    1.15712967e+02, 2.37881226e+02, 1.17632919e+02, 2.41837082e+02,
    1.19606308e+02, 2.46108871e+02, 1.19276199e+02, 2.49156097e+02,
    1.18680405e+02, 2.01686157e+02, 7.51699448e+01, 2.10398605e+02,
    7.47643890e+01, 2.18767487e+02, 7.65620956e+01, 2.23703064e+02,
    8.18054276e+01, 2.15834854e+02, 8.37892838e+01, 2.07434906e+02,
    8.21783905e+01, 2.55548203e+02, 8.72454224e+01, 2.60987488e+02,
    8.44947815e+01, 2.67133118e+02, 8.55007324e+01, 2.70634186e+02,
    8.91984024e+01, 2.65697937e+02, 9.17095490e+01, 2.60001617e+02,
    9.06211472e+01, 2.14667664e+02, 1.35639755e+02, 2.26099319e+02,
    1.30165161e+02, 2.35739914e+02, 1.28619675e+02, 2.39960114e+02,
    1.31019791e+02, 2.44628967e+02, 1.30301056e+02, 2.50697113e+02,
    1.36407898e+02, 2.53622025e+02, 1.42713394e+02, 2.48729340e+02,
    1.44978790e+02, 2.41875992e+02, 1.43682159e+02, 2.37410629e+02,
    1.43788940e+02, 2.32729340e+02, 1.42872803e+02, 2.24137695e+02,
    1.40370819e+02, 2.17814621e+02, 1.35110199e+02, 2.34559616e+02,
    1.35067169e+02, 2.38703262e+02, 1.36678024e+02, 2.42729263e+02,
    1.36391739e+02, 2.51060913e+02, 1.41682693e+02, 2.42729263e+02,
    1.36391739e+02, 2.38703262e+02, 1.36678024e+02, 2.34559616e+02,
    1.35067169e+02 ]
noOfLandmarkPoint: 68
