%YAML:1.0
landmark: [ 1.23670097e+02, 1.34457809e+02, 1.26542648e+02,
    1.61064560e+02, 1.31223724e+02, 1.86137421e+02, 1.37633804e+02,
    2.11272659e+02, 1.47549393e+02, 2.31155380e+02, 1.60126785e+02,
    2.47823715e+02, 1.78887344e+02, 2.62778473e+02, 2.00387802e+02,
    2.72462830e+02, 2.21881958e+02, 2.74126495e+02, 2.42033020e+02,
    2.65948883e+02, 2.57114716e+02, 2.50991348e+02, 2.69178650e+02,
    2.33193924e+02, 2.77015259e+02, 2.12642487e+02, 2.81619354e+02,
    1.91479507e+02, 2.85022156e+02, 1.70194107e+02, 2.86304260e+02,
    1.47280518e+02, 2.84810486e+02, 1.24087112e+02, 1.51775238e+02,
    1.25925430e+02, 1.60923050e+02, 1.13087990e+02, 1.72533585e+02,
    1.06402901e+02, 1.86920883e+02, 1.05271347e+02, 1.99739258e+02,
    1.07315781e+02, 2.36139801e+02, 9.90999146e+01, 2.49101715e+02,
    9.68514709e+01, 2.61848633e+02, 9.77504807e+01, 2.71894440e+02,
    1.01914818e+02, 2.79197418e+02, 1.09313164e+02, 2.20997192e+02,
    1.31781342e+02, 2.22702286e+02, 1.53924240e+02, 2.24544693e+02,
    1.73064346e+02, 2.27277527e+02, 1.92859375e+02, 2.10951828e+02,
    1.98798431e+02, 2.19063385e+02, 2.00417313e+02, 2.25984131e+02,
    2.01984467e+02, 2.33487122e+02, 1.99912689e+02, 2.38574661e+02,
    1.96467438e+02, 1.73484604e+02, 1.43792587e+02, 1.83692490e+02,
    1.40673233e+02, 1.92666885e+02, 1.40724487e+02, 1.96193649e+02,
    1.44890945e+02, 1.90422867e+02, 1.47822479e+02, 1.81045639e+02,
    1.47657410e+02, 2.44078201e+02, 1.38185120e+02, 2.50255417e+02,
    1.33049652e+02, 2.58317535e+02, 1.32347748e+02, 2.65582153e+02,
    1.34583405e+02, 2.60089569e+02, 1.40266281e+02, 2.51458786e+02,
    1.41389999e+02, 1.97609314e+02, 2.29576462e+02, 2.10034744e+02,
    2.24125793e+02, 2.17549820e+02, 2.19066757e+02, 2.26076569e+02,
    2.21308395e+02, 2.33692596e+02, 2.17029251e+02, 2.41792343e+02,
    2.20601181e+02, 2.48679398e+02, 2.25730499e+02, 2.42051407e+02,
    2.34649429e+02, 2.35432053e+02, 2.41276901e+02, 2.26782288e+02,
    2.43913788e+02, 2.19506607e+02, 2.43236191e+02, 2.10556030e+02,
    2.40689270e+02, 2.02753784e+02, 2.31343292e+02, 2.18007294e+02,
    2.28998596e+02, 2.25985947e+02, 2.29088837e+02, 2.34033463e+02,
    2.28150391e+02, 2.44358475e+02, 2.26822937e+02, 2.34033463e+02,
    2.28150391e+02, 2.25985947e+02, 2.29088837e+02, 2.18007294e+02,
    2.28998596e+02 ]
noOfLandmarkPoint: 68
