%YAML:1.0
landmark: [ 1.17402931e+02, 2.17814148e+02, 1.21242928e+02,
    2.31488785e+02, 1.27454346e+02, 2.44928787e+02, 1.36899902e+02,
    2.57762939e+02, 1.46385559e+02, 2.68980011e+02, 1.57831314e+02,
    2.79745667e+02, 1.70220001e+02, 2.92660004e+02, 1.81874405e+02,
    3.02657349e+02, 2.00858795e+02, 3.04876343e+02, 2.18150803e+02,
    2.97521179e+02, 2.30627289e+02, 2.82202423e+02, 2.39751816e+02,
    2.66747131e+02, 2.48300415e+02, 2.48743118e+02, 2.51614349e+02,
    2.29677170e+02, 2.49580002e+02, 2.08820007e+02, 2.46151321e+02,
    1.89842728e+02, 2.41179794e+02, 1.73048294e+02, 1.13605186e+02,
    2.04327774e+02, 1.18999268e+02, 1.97982285e+02, 1.28083939e+02,
    1.98154419e+02, 1.37878571e+02, 1.99257065e+02, 1.48440811e+02,
    2.00438522e+02, 1.71708725e+02, 1.94906937e+02, 1.82898193e+02,
    1.85926971e+02, 1.92723694e+02, 1.79252487e+02, 2.04703415e+02,
    1.73401047e+02, 2.16445541e+02, 1.72637817e+02, 1.63179993e+02,
    2.05619995e+02, 1.67020004e+02, 2.17779999e+02, 1.70220001e+02,
    2.29940002e+02, 1.72854248e+02, 2.42174240e+02, 1.63934341e+02,
    2.50460098e+02, 1.71351517e+02, 2.52380096e+02, 1.78014343e+02,
    2.53437363e+02, 1.83496246e+02, 2.47068832e+02, 1.90642502e+02,
    2.41103531e+02, 1.30122498e+02, 2.14342880e+02, 1.35477829e+02,
    2.07854767e+02, 1.45618362e+02, 2.05608398e+02, 1.53660202e+02,
    2.10254440e+02, 1.46059662e+02, 2.13958298e+02, 1.37517197e+02,
    2.16320114e+02, 1.84993912e+02, 2.01315582e+02, 1.88383041e+02,
    1.93967194e+02, 1.97144882e+02, 1.90171753e+02, 2.05830307e+02,
    1.91542007e+02, 2.01871262e+02, 1.97057724e+02, 1.93892120e+02,
    2.00731247e+02, 1.60224197e+02, 2.61039978e+02, 1.67627304e+02,
    2.59081604e+02, 1.77569855e+02, 2.57241089e+02, 1.83279083e+02,
    2.56517853e+02, 1.90113174e+02, 2.52725632e+02, 2.01162735e+02,
    2.46997269e+02, 2.16614166e+02, 2.43566238e+02, 2.11253235e+02,
    2.66305573e+02, 1.99256317e+02, 2.77455994e+02, 1.90859222e+02,
    2.80606567e+02, 1.84505386e+02, 2.81151611e+02, 1.74204147e+02,
    2.78986877e+02, 1.65417068e+02, 2.63723328e+02, 1.78683487e+02,
    2.61291870e+02, 1.84486725e+02, 2.59702911e+02, 1.91770340e+02,
    2.56626984e+02, 2.14915390e+02, 2.45765427e+02, 1.95847122e+02,
    2.69328003e+02, 1.88745789e+02, 2.72045898e+02, 1.81527359e+02,
    2.71908966e+02 ]
noOfLandmarkPoint: 68
