%YAML:1.0
landmark: [ 1.07919800e+02, 1.76903137e+02, 1.10970261e+02,
    2.01337372e+02, 1.15044899e+02, 2.24342514e+02, 1.21554131e+02,
    2.44906281e+02, 1.31726288e+02, 2.63021851e+02, 1.48346664e+02,
    2.77267975e+02, 1.70873383e+02, 2.88275391e+02, 1.95938950e+02,
    2.96599274e+02, 2.16488007e+02, 2.97359528e+02, 2.35838989e+02,
    2.93151367e+02, 2.48495972e+02, 2.76907593e+02, 2.60033630e+02,
    2.63559113e+02, 2.67759491e+02, 2.48675034e+02, 2.71475647e+02,
    2.31091782e+02, 2.74118134e+02, 2.13576767e+02, 2.75297821e+02,
    1.94692459e+02, 2.75390015e+02, 1.77184418e+02, 1.46624954e+02,
    1.67097748e+02, 1.61055191e+02, 1.58185272e+02, 1.75305389e+02,
    1.53498169e+02, 1.93230392e+02, 1.54313095e+02, 2.09316299e+02,
    1.57167892e+02, 2.34306519e+02, 1.59182510e+02, 2.45290710e+02,
    1.53361542e+02, 2.56210754e+02, 1.51213623e+02, 2.67034363e+02,
    1.54936447e+02, 2.73627960e+02, 1.62482529e+02, 2.22945526e+02,
    1.71821304e+02, 2.25796936e+02, 1.84652588e+02, 2.28444168e+02,
    1.97070465e+02, 2.31703888e+02, 2.10510834e+02, 2.08386963e+02,
    2.19546799e+02, 2.17242737e+02, 2.22716064e+02, 2.24361038e+02,
    2.25775009e+02, 2.33121094e+02, 2.24351013e+02, 2.39028046e+02,
    2.20070511e+02, 1.68593704e+02, 1.77726547e+02, 1.76861389e+02,
    1.71918930e+02, 1.88015381e+02, 1.72599106e+02, 1.95258377e+02,
    1.78949799e+02, 1.87388718e+02, 1.81907700e+02, 1.77243546e+02,
    1.82013138e+02, 2.34550186e+02, 1.77929016e+02, 2.42682373e+02,
    1.71512756e+02, 2.52347076e+02, 1.71028915e+02, 2.58365173e+02,
    1.76709167e+02, 2.53829529e+02, 1.80855194e+02, 2.43441132e+02,
    1.81568039e+02, 1.85372772e+02, 2.44396454e+02, 2.02121368e+02,
    2.42320450e+02, 2.15683975e+02, 2.41469421e+02, 2.24342590e+02,
    2.42557007e+02, 2.31396805e+02, 2.41170090e+02, 2.36743317e+02,
    2.42011047e+02, 2.43159164e+02, 2.44388977e+02, 2.36878464e+02,
    2.55046783e+02, 2.31312759e+02, 2.57308563e+02, 2.24510284e+02,
    2.59056519e+02, 2.15486099e+02, 2.58805145e+02, 2.00976151e+02,
    2.54314774e+02, 1.92204514e+02, 2.45932159e+02, 2.15636810e+02,
    2.48998108e+02, 2.23837616e+02, 2.49284576e+02, 2.31271530e+02,
    2.48809448e+02, 2.39331390e+02, 2.47448563e+02, 2.31271530e+02,
    2.48809448e+02, 2.23837616e+02, 2.49284576e+02, 2.15636810e+02,
    2.48998108e+02 ]
noOfLandmarkPoint: 68
