%YAML:1.0
landmark: [ 1.85211639e+02, 1.76844864e+02, 1.83793777e+02,
    2.04826569e+02, 1.85479645e+02, 2.31970398e+02, 1.87325226e+02,
    2.60274292e+02, 1.94742935e+02, 2.85304016e+02, 2.08270996e+02,
    3.08048615e+02, 2.29427368e+02, 3.29871002e+02, 2.58697205e+02,
    3.50200714e+02, 2.85850342e+02, 3.53392059e+02, 3.09633453e+02,
    3.49375519e+02, 3.31010254e+02, 3.34745453e+02, 3.54095978e+02,
    3.16449585e+02, 3.72578613e+02, 2.93345154e+02, 3.82404572e+02,
    2.65708374e+02, 3.87836243e+02, 2.40427109e+02, 3.95061523e+02,
    2.12793381e+02, 3.98857971e+02, 1.85399017e+02, 2.10579529e+02,
    1.48343369e+02, 2.27499435e+02, 1.37376617e+02, 2.46625717e+02,
    1.35525162e+02, 2.66951965e+02, 1.39736618e+02, 2.81625824e+02,
    1.49916779e+02, 3.18973663e+02, 1.53661530e+02, 3.37337738e+02,
    1.48633148e+02, 3.55598694e+02, 1.50549286e+02, 3.70930725e+02,
    1.55361755e+02, 3.82528168e+02, 1.64963089e+02, 2.99144928e+02,
    1.70354736e+02, 2.96981995e+02, 1.86331161e+02, 2.95111450e+02,
    2.02228287e+02, 2.93281982e+02, 2.20279541e+02, 2.75291199e+02,
    2.37592850e+02, 2.82421936e+02, 2.40795258e+02, 2.91026093e+02,
    2.45248932e+02, 2.98819733e+02, 2.43236832e+02, 3.06196686e+02,
    2.41015808e+02, 2.32737839e+02, 1.64860138e+02, 2.47100586e+02,
    1.59425964e+02, 2.62019958e+02, 1.62036758e+02, 2.69868927e+02,
    1.75577927e+02, 2.55941422e+02, 1.75555954e+02, 2.41061844e+02,
    1.73491364e+02, 3.22597900e+02, 1.81025131e+02, 3.34634277e+02,
    1.70536804e+02, 3.48406433e+02, 1.71471115e+02, 3.58511688e+02,
    1.78329086e+02, 3.48650635e+02, 1.85921722e+02, 3.35922882e+02,
    1.83428864e+02, 2.47575180e+02, 2.77857025e+02, 2.63552979e+02,
    2.72707733e+02, 2.80768127e+02, 2.70950867e+02, 2.88684235e+02,
    2.74711334e+02, 2.97264435e+02, 2.72637268e+02, 3.10603455e+02,
    2.77799866e+02, 3.23465027e+02, 2.83503754e+02, 3.09223236e+02,
    2.91112885e+02, 2.96588593e+02, 2.94425079e+02, 2.86299683e+02,
    2.94113861e+02, 2.76700348e+02, 2.93470215e+02, 2.61100555e+02,
    2.86887512e+02, 2.52284821e+02, 2.79264740e+02, 2.79292236e+02,
    2.80918915e+02, 2.87928711e+02, 2.82661041e+02, 2.97090149e+02,
    2.81889252e+02, 3.17648804e+02, 2.83248718e+02, 2.97090149e+02,
    2.81889252e+02, 2.87928711e+02, 2.82661041e+02, 2.79292236e+02,
    2.80918915e+02 ]
noOfLandmarkPoint: 68
