%YAML:1.0
landmark: [ 6.11927891e+00, 2.91288879e+02, 5.73276520e+00,
    3.20011871e+02, 6.67950106e+00, 3.44577484e+02, 8.91340923e+00,
    3.68657562e+02, 1.95269604e+01, 3.95287750e+02, 3.35095482e+01,
    4.10219391e+02, 5.30742455e+01, 4.27837891e+02, 7.62474136e+01,
    4.44099915e+02, 1.05419189e+02, 4.46677002e+02, 1.34950974e+02,
    4.44073822e+02, 1.60679855e+02, 4.26010345e+02, 1.80954147e+02,
    4.04841156e+02, 1.96813843e+02, 3.80363190e+02, 2.04753754e+02,
    3.59017670e+02, 2.07511520e+02, 3.32886047e+02, 2.11889252e+02,
    3.09547791e+02, 2.15355804e+02, 2.85025360e+02, 2.40550079e+01,
    2.60798248e+02, 4.30429192e+01, 2.49291565e+02, 6.53813705e+01,
    2.44425827e+02, 8.70046310e+01, 2.47193573e+02, 1.07532860e+02,
    2.49156662e+02, 1.29408478e+02, 2.49543503e+02, 1.50138977e+02,
    2.47426758e+02, 1.66104507e+02, 2.45479172e+02, 1.83588516e+02,
    2.46787842e+02, 2.00147720e+02, 2.54429550e+02, 1.17774445e+02,
    2.64836395e+02, 1.17362892e+02, 2.86899933e+02, 1.17720139e+02,
    3.07734131e+02, 1.18509438e+02, 3.28389984e+02, 9.52254181e+01,
    3.39986176e+02, 1.05720146e+02, 3.42925323e+02, 1.18243813e+02,
    3.46535522e+02, 1.27902901e+02, 3.43817230e+02, 1.38173721e+02,
    3.41752777e+02, 4.78909683e+01, 2.67441498e+02, 5.95575829e+01,
    2.64416199e+02, 7.20817719e+01, 2.64747101e+02, 8.25858459e+01,
    2.71654083e+02, 7.20051727e+01, 2.74414581e+02, 5.68150368e+01,
    2.74693542e+02, 1.43384537e+02, 2.72275757e+02, 1.54288559e+02,
    2.63786957e+02, 1.69270538e+02, 2.62882812e+02, 1.81485046e+02,
    2.68812012e+02, 1.68736572e+02, 2.76958038e+02, 1.55112823e+02,
    2.76211914e+02, 7.13501740e+01, 3.81230774e+02, 8.29706650e+01,
    3.73889130e+02, 1.07137489e+02, 3.67960602e+02, 1.13236275e+02,
    3.70586975e+02, 1.22127754e+02, 3.69524994e+02, 1.40031662e+02,
    3.77242401e+02, 1.53309784e+02, 3.82453644e+02, 1.41157639e+02,
    3.88580597e+02, 1.22098129e+02, 3.92725037e+02, 1.13541023e+02,
    3.93064301e+02, 1.06590958e+02, 3.92800354e+02, 8.41018372e+01,
    3.90323914e+02, 7.57100754e+01, 3.80149323e+02, 1.06769730e+02,
    3.77576416e+02, 1.13438812e+02, 3.78244263e+02, 1.22354630e+02,
    3.77324066e+02, 1.48480774e+02, 3.82054382e+02, 1.22354630e+02,
    3.77324066e+02, 1.13438812e+02, 3.78244263e+02, 1.06769730e+02,
    3.77576416e+02 ]
noOfLandmarkPoint: 68
