%YAML:1.0
landmark: [ 8.48829895e+02, 6.60151489e+02, 8.58468506e+02,
    7.29725220e+02, 8.81311462e+02, 7.98421753e+02, 9.05834717e+02,
    8.67276184e+02, 9.36029602e+02, 9.30256775e+02, 9.82099976e+02,
    9.78900024e+02, 1.03811597e+03, 1.01825677e+03, 1.09281360e+03,
    1.04032715e+03, 1.16802966e+03, 1.04388879e+03, 1.23809998e+03,
    1.02209998e+03, 1.29409998e+03, 9.84970398e+02, 1.33767639e+03,
    9.42398926e+02, 1.37184412e+03, 8.81659180e+02, 1.39051062e+03,
    8.05065735e+02, 1.39694519e+03, 7.38363831e+02, 1.39382166e+03,
    6.69652283e+02, 1.38701184e+03, 6.01074890e+02, 8.65894287e+02,
    6.10921570e+02, 8.97400085e+02, 5.81040344e+02, 9.37113220e+02,
    5.69017456e+02, 9.77422913e+02, 5.72830322e+02, 1.01056696e+03,
    5.86813354e+02, 1.14289636e+03, 5.77099365e+02, 1.18683020e+03,
    5.53833557e+02, 1.23049084e+03, 5.41054565e+02, 1.27760779e+03,
    5.42174744e+02, 1.32623474e+03, 5.50192322e+02, 1.09179175e+03,
    6.47902466e+02, 1.09417737e+03, 6.88952576e+02, 1.09582507e+03,
    7.31350342e+02, 1.09901794e+03, 7.76604004e+02, 1.05762085e+03,
    8.10753601e+02, 1.08034399e+03, 8.14648560e+02, 1.11157751e+03,
    8.26665588e+02, 1.13707507e+03, 8.09193848e+02, 1.16995007e+03,
    7.96655273e+02, 9.36301819e+02, 6.52124390e+02, 9.61536621e+02,
    6.34862305e+02, 9.96884827e+02, 6.34552246e+02, 1.03076733e+03,
    6.53270264e+02, 9.94900024e+02, 6.70132019e+02, 9.58083984e+02,
    6.70759216e+02, 1.17941626e+03, 6.39178955e+02, 1.20568140e+03,
    6.11625549e+02, 1.24289722e+03, 6.07093994e+02, 1.27220691e+03,
    6.18937866e+02, 1.24738635e+03, 6.41975220e+02, 1.21409998e+03,
    6.47402405e+02, 1.02292078e+03, 8.85358276e+02, 1.05878967e+03,
    8.70900696e+02, 1.09129309e+03, 8.65374207e+02, 1.11635828e+03,
    8.72237305e+02, 1.15775073e+03, 8.60635559e+02, 1.19480444e+03,
    8.61055481e+02, 1.23829114e+03, 8.55414246e+02, 1.20916968e+03,
    8.91720337e+02, 1.17487378e+03, 9.11550659e+02, 1.13149304e+03,
    9.24826294e+02, 1.10146729e+03, 9.24416443e+02, 1.06613147e+03,
    9.20090942e+02, 1.04227283e+03, 8.92202454e+02, 1.09411597e+03,
    8.89959229e+02, 1.12239062e+03, 8.92719788e+02, 1.16366064e+03,
    8.81336426e+02, 1.22277527e+03, 8.67543213e+02, 1.16366064e+03,
    8.81336426e+02, 1.12239062e+03, 8.92719788e+02, 1.09411597e+03,
    8.89959229e+02 ]
noOfLandmarkPoint: 68
