%YAML:1.0
landmark: [ 1.35554031e+02, 9.65840607e+01, 1.36578339e+02,
    1.09969116e+02, 1.36788422e+02, 1.23030182e+02, 1.37339920e+02,
    1.35058365e+02, 1.41419449e+02, 1.46911377e+02, 1.48501495e+02,
    1.55866592e+02, 1.55828506e+02, 1.65504684e+02, 1.64941422e+02,
    1.74144791e+02, 1.74736908e+02, 1.76298157e+02, 1.86581039e+02,
    1.73208038e+02, 1.97094635e+02, 1.63298325e+02, 2.07485733e+02,
    1.53887756e+02, 2.14226334e+02, 1.43925674e+02, 2.18594620e+02,
    1.33368301e+02, 2.18507050e+02, 1.22241951e+02, 2.18358215e+02,
    1.10327698e+02, 2.18314423e+02, 1.00724510e+02, 1.39475830e+02,
    8.77513351e+01, 1.45034729e+02, 8.28315430e+01, 1.50926163e+02,
    8.28315430e+01, 1.58157028e+02, 8.49937897e+01, 1.64678680e+02,
    8.81540222e+01, 1.78991287e+02, 9.00973129e+01, 1.86222153e+02,
    8.79788589e+01, 1.94319626e+02, 8.63506699e+01, 2.00613754e+02,
    8.51600647e+01, 2.07783386e+02, 8.74711380e+01, 1.72817657e+02,
    9.87030106e+01, 1.72619949e+02, 1.05257393e+02, 1.71984024e+02,
    1.11793449e+02, 1.71536499e+02, 1.18286530e+02, 1.64559158e+02,
    1.25661011e+02, 1.68451340e+02, 1.26770660e+02, 1.71723129e+02,
    1.27656395e+02, 1.75683487e+02, 1.27279533e+02, 1.79631866e+02,
    1.26234955e+02, 1.49700653e+02, 9.85362396e+01, 1.54130188e+02,
    9.62251663e+01, 1.58638412e+02, 9.62251663e+01, 1.63067947e+02,
    9.93416061e+01, 1.58445801e+02, 1.00952347e+02, 1.53639923e+02,
    1.00698486e+02, 1.85390533e+02, 1.00875420e+02, 1.89111069e+02,
    9.71968155e+01, 1.94599823e+02, 9.70917816e+01, 1.99256378e+02,
    1.00434250e+02, 1.95059677e+02, 1.03086357e+02, 1.89977066e+02,
    1.02765778e+02, 1.57401474e+02, 1.46664597e+02, 1.62773727e+02,
    1.40744812e+02, 1.66945969e+02, 1.37806702e+02, 1.70289932e+02,
    1.38743454e+02, 1.74316772e+02, 1.38043121e+02, 1.80730881e+02,
    1.41176468e+02, 1.85997192e+02, 1.46910919e+02, 1.80284531e+02,
    1.50358704e+02, 1.74868317e+02, 1.53490219e+02, 1.70421310e+02,
    1.53555191e+02, 1.67016098e+02, 1.53476501e+02, 1.62422699e+02,
    1.52147171e+02, 1.60331619e+02, 1.46033035e+02, 1.67050995e+02,
    1.41448318e+02, 1.70482544e+02, 1.41640945e+02, 1.74296768e+02,
    1.41947342e+02, 1.83588623e+02, 1.46778336e+02, 1.74337997e+02,
    1.47862518e+02, 1.70631378e+02, 1.48022644e+02, 1.67138580e+02,
    1.47961411e+02 ]
noOfLandmarkPoint: 68
