%YAML:1.0
landmark: [ 3.80624809e+01, 1.38544342e+02, 3.92198982e+01,
    1.51830795e+02, 3.97268677e+01, 1.63998093e+02, 4.12286453e+01,
    1.76614960e+02, 4.63844299e+01, 1.90284042e+02, 5.18176308e+01,
    2.03178329e+02, 5.76143265e+01, 2.12418610e+02, 6.27223053e+01,
    2.24997208e+02, 7.33495560e+01, 2.29866043e+02, 8.96395645e+01,
    2.30296478e+02, 1.00380058e+02, 2.22825562e+02, 1.11352379e+02,
    2.15248962e+02, 1.21445305e+02, 2.05320572e+02, 1.30275177e+02,
    1.93552811e+02, 1.40290970e+02, 1.77703094e+02, 1.42124619e+02,
    1.62355789e+02, 1.42798660e+02, 1.49321381e+02, 4.68026619e+01,
    1.28431656e+02, 5.32016945e+01, 1.23781891e+02, 6.08737106e+01,
    1.23815781e+02, 6.83824081e+01, 1.26191467e+02, 7.52155914e+01,
    1.30350983e+02, 8.88552399e+01, 1.31150208e+02, 1.00639908e+02,
    1.26664001e+02, 1.11611526e+02, 1.25305702e+02, 1.21387444e+02,
    1.29284927e+02, 1.27971825e+02, 1.35263992e+02, 8.14513855e+01,
    1.41064575e+02, 7.92808533e+01, 1.49617798e+02, 7.68095856e+01,
    1.58364487e+02, 7.43911514e+01, 1.67091660e+02, 6.61084900e+01,
    1.69593918e+02, 7.04894791e+01, 1.73142715e+02, 7.54466934e+01,
    1.76464325e+02, 8.14419556e+01, 1.75132324e+02, 8.76690826e+01,
    1.73812286e+02, 5.22605629e+01, 1.39351089e+02, 5.65280991e+01,
    1.35067154e+02, 6.45319977e+01, 1.36376801e+02, 6.95867844e+01,
    1.41364151e+02, 6.30256844e+01, 1.42835175e+02, 5.62761917e+01,
    1.42691910e+02, 9.62202377e+01, 1.45966766e+02, 1.03017418e+02,
    1.40546921e+02, 1.09709991e+02, 1.40587021e+02, 1.15588791e+02,
    1.44091400e+02, 1.11301491e+02, 1.48379608e+02, 1.04280090e+02,
    1.48190918e+02, 5.96039391e+01, 1.90064026e+02, 6.25214233e+01,
    1.83894302e+02, 6.99442368e+01, 1.83368195e+02, 7.48896027e+01,
    1.85070862e+02, 8.08734818e+01, 1.85251938e+02, 9.05674286e+01,
    1.89633591e+02, 9.70145721e+01, 1.96951202e+02, 9.02996140e+01,
    2.07970627e+02, 8.18899994e+01, 2.09439392e+02, 7.46695862e+01,
    2.08755005e+02, 6.89616470e+01, 2.05864777e+02, 6.30310059e+01,
    1.99308868e+02, 6.21196594e+01, 1.87682251e+02, 7.01259842e+01,
    1.86323944e+02, 7.47652664e+01, 1.87682251e+02, 8.09440460e+01,
    1.88714813e+02, 9.46231995e+01, 1.96444229e+02, 8.15567627e+01,
    2.03576370e+02, 7.50713501e+01, 2.03116577e+02, 6.93989944e+01,
    1.98720795e+02 ]
noOfLandmarkPoint: 68
