%YAML:1.0
landmark: [ 1.14625626e+02, 2.34266190e+02, 1.16338303e+02,
    2.63549347e+02, 1.22476303e+02, 2.97586975e+02, 1.25630890e+02,
    3.28784485e+02, 1.33475967e+02, 3.56199219e+02, 1.49728165e+02,
    3.77369781e+02, 1.76362930e+02, 3.92424438e+02, 2.03635803e+02,
    4.03973969e+02, 2.36949585e+02, 4.10789459e+02, 2.62224976e+02,
    4.04146149e+02, 2.85290436e+02, 3.83401276e+02, 3.05098145e+02,
    3.65185059e+02, 3.19832031e+02, 3.43470947e+02, 3.22181610e+02,
    3.17623077e+02, 3.20448090e+02, 2.87229797e+02, 3.22061859e+02,
    2.57808441e+02, 3.20732025e+02, 2.28177460e+02, 1.39295853e+02,
    2.23641876e+02, 1.53709732e+02, 2.10442551e+02, 1.70770645e+02,
    2.09941833e+02, 1.88632446e+02, 2.10534882e+02, 2.11973648e+02,
    2.16510498e+02, 2.48411057e+02, 2.14892792e+02, 2.64852478e+02,
    2.09478287e+02, 2.81777893e+02, 2.07261383e+02, 2.96196045e+02,
    2.05987640e+02, 3.10360535e+02, 2.12183212e+02, 2.33313950e+02,
    2.29564056e+02, 2.33513062e+02, 2.47960617e+02, 2.34226059e+02,
    2.65667542e+02, 2.34268005e+02, 2.85539886e+02, 2.12679550e+02,
    2.95586243e+02, 2.23226639e+02, 3.00063507e+02, 2.33734329e+02,
    3.05220856e+02, 2.44299881e+02, 2.98749939e+02, 2.53893616e+02,
    2.94979187e+02, 1.65575790e+02, 2.37113037e+02, 1.76050461e+02,
    2.30642181e+02, 1.89628098e+02, 2.29390305e+02, 1.99369476e+02,
    2.37181290e+02, 1.88582169e+02, 2.38750107e+02, 1.76050461e+02,
    2.38754532e+02, 2.56491180e+02, 2.35311691e+02, 2.69778381e+02,
    2.26621826e+02, 2.79757599e+02, 2.28174240e+02, 2.86138428e+02,
    2.32652359e+02, 2.79528717e+02, 2.35792999e+02, 2.69442017e+02,
    2.35757172e+02, 1.83153854e+02, 3.27640198e+02, 1.99521896e+02,
    3.20379578e+02, 2.15839798e+02, 3.18272919e+02, 2.32565002e+02,
    3.19669678e+02, 2.47286453e+02, 3.17135834e+02, 2.63415161e+02,
    3.17989258e+02, 2.78276825e+02, 3.24248688e+02, 2.64677185e+02,
    3.48244904e+02, 2.51169052e+02, 3.53844696e+02, 2.33520355e+02,
    3.54909973e+02, 2.16347382e+02, 3.54914764e+02, 1.98913818e+02,
    3.47349731e+02, 1.87491653e+02, 3.29047699e+02, 2.16468399e+02,
    3.24472229e+02, 2.32356934e+02, 3.26412140e+02, 2.47532394e+02,
    3.23506958e+02, 2.73562408e+02, 3.25269867e+02, 2.49569855e+02,
    3.40465302e+02, 2.33013794e+02, 3.42554199e+02, 2.16398514e+02,
    3.40639374e+02 ]
noOfLandmarkPoint: 68
