%YAML:1.0
landmark: [ 1.08797661e+02, 1.18571831e+02, 1.05613998e+02,
    1.34367661e+02, 1.03400497e+02, 1.51719345e+02, 1.02618904e+02,
    1.69149338e+02, 1.11165680e+02, 1.85918762e+02, 1.24188286e+02,
    2.01338669e+02, 1.37237045e+02, 2.13201492e+02, 1.54352127e+02,
    2.23011993e+02, 1.72775589e+02, 2.30445816e+02, 1.89290131e+02,
    2.27842590e+02, 2.04172272e+02, 2.15569717e+02, 2.13539215e+02,
    2.00293091e+02, 2.21324677e+02, 1.85868958e+02, 2.25053818e+02,
    1.68826385e+02, 2.27892059e+02, 1.52089798e+02, 2.29146942e+02,
    1.36998947e+02, 2.29901627e+02, 1.23557831e+02, 1.28343384e+02,
    1.01789978e+02, 1.39566422e+02, 9.08248749e+01, 1.54133499e+02,
    8.82808609e+01, 1.68244171e+02, 9.38432846e+01, 1.78386475e+02,
    1.04662674e+02, 1.94589340e+02, 1.07716759e+02, 2.04869537e+02,
    1.02996605e+02, 2.15358063e+02, 1.00696236e+02, 2.25759583e+02,
    1.03930901e+02, 2.28797943e+02, 1.12955482e+02, 1.88829590e+02,
    1.16779495e+02, 1.89332657e+02, 1.29261642e+02, 1.89900360e+02,
    1.41615234e+02, 1.89900360e+02, 1.54371262e+02, 1.72957184e+02,
    1.60021057e+02, 1.80046417e+02, 1.64060684e+02, 1.86791183e+02,
    1.67342499e+02, 1.92249283e+02, 1.66971375e+02, 1.96713379e+02,
    1.66260757e+02, 1.44051880e+02, 1.14903908e+02, 1.50541260e+02,
    1.10047714e+02, 1.59220108e+02, 1.12766716e+02, 1.65874985e+02,
    1.20546417e+02, 1.57484161e+02, 1.22276802e+02, 1.48992111e+02,
    1.21368172e+02, 1.98926163e+02, 1.26236153e+02, 2.04790054e+02,
    1.19029060e+02, 2.14707901e+02, 1.19400108e+02, 2.19101547e+02,
    1.25875160e+02, 2.13601578e+02, 1.28593552e+02, 2.06813843e+02,
    1.29037079e+02, 1.57758987e+02, 1.87666061e+02, 1.67888504e+02,
    1.83885117e+02, 1.75364716e+02, 1.82713455e+02, 1.81250870e+02,
    1.85640778e+02, 1.87062103e+02, 1.83783234e+02, 1.92265823e+02,
    1.86548752e+02, 1.97034439e+02, 1.91823578e+02, 1.91623184e+02,
    1.95380157e+02, 1.86585922e+02, 1.95836746e+02, 1.80481598e+02,
    1.95575851e+02, 1.74060577e+02, 1.94697098e+02, 1.67095184e+02,
    1.93365036e+02, 1.60888702e+02, 1.88068512e+02, 1.75053574e+02,
    1.88076874e+02, 1.81143921e+02, 1.88915085e+02, 1.86786621e+02,
    1.89087509e+02, 1.93799011e+02, 1.90594543e+02, 1.86786621e+02,
    1.89087509e+02, 1.81143921e+02, 1.88915085e+02, 1.75053574e+02,
    1.88076874e+02 ]
noOfLandmarkPoint: 68
