%YAML:1.0
landmark: [ 1.20663322e+02, 1.07874199e+02, 1.21850548e+02,
    1.20910179e+02, 1.23298431e+02, 1.35191696e+02, 1.23972870e+02,
    1.49462524e+02, 1.27819672e+02, 1.65306046e+02, 1.36220520e+02,
    1.76951645e+02, 1.51203598e+02, 1.86101883e+02, 1.69679184e+02,
    1.98181580e+02, 1.86203369e+02, 1.98768204e+02, 2.01798752e+02,
    1.97683945e+02, 2.16427444e+02, 1.84363297e+02, 2.27740341e+02,
    1.75815628e+02, 2.36698746e+02, 1.61723557e+02, 2.40145828e+02,
    1.46365448e+02, 2.42318481e+02, 1.31309219e+02, 2.44685684e+02,
    1.16184723e+02, 2.46236176e+02, 1.01047035e+02, 1.30993378e+02,
    8.87969666e+01, 1.37790466e+02, 7.82858963e+01, 1.48359863e+02,
    7.37894440e+01, 1.62449326e+02, 7.21949005e+01, 1.73317215e+02,
    7.74209518e+01, 1.97995651e+02, 7.51788788e+01, 2.10111130e+02,
    7.10160522e+01, 2.20741592e+02, 7.38242416e+01, 2.31599365e+02,
    7.67985229e+01, 2.37296829e+02, 8.61428528e+01, 1.85872787e+02,
    9.14194183e+01, 1.86044296e+02, 1.02096138e+02, 1.85709885e+02,
    1.12365402e+02, 1.85768387e+02, 1.23844429e+02, 1.77574615e+02,
    1.32928635e+02, 1.82192734e+02, 1.35178925e+02, 1.86929657e+02,
    1.36756683e+02, 1.92726074e+02, 1.34736801e+02, 1.96833481e+02,
    1.32172577e+02, 1.48108948e+02, 9.62834244e+01, 1.53668381e+02,
    9.20081406e+01, 1.62209198e+02, 9.14112701e+01, 1.69116058e+02,
    9.62333603e+01, 1.61986923e+02, 9.84309921e+01, 1.54276016e+02,
    9.88834686e+01, 2.02695374e+02, 9.62088013e+01, 2.09308014e+02,
    9.13927460e+01, 2.17027084e+02, 9.22396164e+01, 2.22399475e+02,
    9.51318741e+01, 2.17680557e+02, 9.81025162e+01, 2.10805649e+02,
    9.81287155e+01, 1.63291412e+02, 1.59152451e+02, 1.73772827e+02,
    1.52812958e+02, 1.80867828e+02, 1.49193359e+02, 1.86541595e+02,
    1.50639557e+02, 1.93364441e+02, 1.49195602e+02, 1.99644196e+02,
    1.53223633e+02, 2.07807022e+02, 1.59151855e+02, 2.00691986e+02,
    1.62782959e+02, 1.93919052e+02, 1.63913315e+02, 1.86984146e+02,
    1.63613754e+02, 1.80826416e+02, 1.63134827e+02, 1.74015167e+02,
    1.62999573e+02, 1.67834061e+02, 1.58973770e+02, 1.80802795e+02,
    1.56191223e+02, 1.86667130e+02, 1.57248764e+02, 1.93642380e+02,
    1.55970154e+02, 2.04826706e+02, 1.59076889e+02, 1.93642380e+02,
    1.55970154e+02, 1.86667130e+02, 1.57248764e+02, 1.80802795e+02,
    1.56191223e+02 ]
noOfLandmarkPoint: 68
