%YAML:1.0
landmark: [ 1.74175476e+02, 1.78154587e+02, 1.76968689e+02,
    1.96974350e+02, 1.80037949e+02, 2.19157074e+02, 1.82908112e+02,
    2.38871826e+02, 1.86805801e+02, 2.58982086e+02, 1.98943237e+02,
    2.71851410e+02, 2.17357162e+02, 2.83761353e+02, 2.33481903e+02,
    2.92564240e+02, 2.51063370e+02, 2.94070526e+02, 2.66302582e+02,
    2.93677612e+02, 2.84482269e+02, 2.83000580e+02, 3.01402527e+02,
    2.72502869e+02, 3.11528992e+02, 2.59476379e+02, 3.16958618e+02,
    2.41135498e+02, 3.18737915e+02, 2.22601120e+02, 3.21749573e+02,
    2.04712387e+02, 3.23862701e+02, 1.85070312e+02, 1.89355423e+02,
    1.66491348e+02, 2.00244232e+02, 1.57170090e+02, 2.14629227e+02,
    1.56201797e+02, 2.28946335e+02, 1.58489258e+02, 2.41062790e+02,
    1.64676178e+02, 2.68960815e+02, 1.64440720e+02, 2.81447571e+02,
    1.58938248e+02, 2.94317291e+02, 1.56344864e+02, 3.06700104e+02,
    1.58309799e+02, 3.15670929e+02, 1.65229813e+02, 2.54451080e+02,
    1.75221832e+02, 2.54513687e+02, 1.87831772e+02, 2.55132431e+02,
    2.01060440e+02, 2.55751175e+02, 2.13349350e+02, 2.40509430e+02,
    2.21310638e+02, 2.47335266e+02, 2.24892944e+02, 2.53549133e+02,
    2.28140106e+02, 2.60260773e+02, 2.25124969e+02, 2.66870636e+02,
    2.21158035e+02, 2.07531494e+02, 1.81112946e+02, 2.14824081e+02,
    1.76038422e+02, 2.24467331e+02, 1.76100571e+02, 2.33943069e+02,
    1.82337677e+02, 2.24377487e+02, 1.83070770e+02, 2.14687439e+02,
    1.82550354e+02, 2.72644470e+02, 1.82273438e+02, 2.80236511e+02,
    1.76259766e+02, 2.90889984e+02, 1.76031693e+02, 2.99082367e+02,
    1.81004181e+02, 2.91712708e+02, 1.83801758e+02, 2.82570312e+02,
    1.83753082e+02, 2.18229767e+02, 2.43942154e+02, 2.30530685e+02,
    2.40263199e+02, 2.41381760e+02, 2.37856750e+02, 2.51014359e+02,
    2.40279373e+02, 2.60970459e+02, 2.37912689e+02, 2.70126678e+02,
    2.39482437e+02, 2.83020538e+02, 2.44456680e+02, 2.71210205e+02,
    2.55176086e+02, 2.61451965e+02, 2.58229736e+02, 2.51227661e+02,
    2.58338135e+02, 2.40735489e+02, 2.57998718e+02, 2.30196564e+02,
    2.53751297e+02, 2.24367722e+02, 2.45115509e+02, 2.41252319e+02,
    2.46510391e+02, 2.51083511e+02, 2.47100952e+02, 2.61372070e+02,
    2.46760544e+02, 2.78326843e+02, 2.46204865e+02, 2.61372070e+02,
    2.46760544e+02, 2.51083511e+02, 2.47100952e+02, 2.41252319e+02,
    2.46510391e+02 ]
noOfLandmarkPoint: 68
