%YAML:1.0
landmark: [ 6.78902359e+01, 2.01523453e+02, 8.04687729e+01,
    2.30907104e+02, 9.48528671e+01, 2.59691864e+02, 1.10643036e+02,
    2.90321198e+02, 1.34106018e+02, 3.15975525e+02, 1.66278259e+02,
    3.29188599e+02, 1.97940201e+02, 3.34719055e+02, 2.43626709e+02,
    3.39404999e+02, 2.65400635e+02, 3.29782440e+02, 2.80155853e+02,
    3.15680847e+02, 2.85092041e+02, 2.93669495e+02, 2.91118500e+02,
    2.71419647e+02, 2.98635803e+02, 2.42254013e+02, 3.01013184e+02,
    2.15666245e+02, 2.98465088e+02, 1.85745926e+02, 2.89162781e+02,
    1.57957855e+02, 2.77006348e+02, 1.32037079e+02, 9.19792938e+01,
    1.86809448e+02, 1.02940460e+02, 1.65540039e+02, 1.22374527e+02,
    1.52209534e+02, 1.45389771e+02, 1.49495438e+02, 1.67745529e+02,
    1.51529556e+02, 2.09294235e+02, 1.29279800e+02, 2.23632141e+02,
    1.16481804e+02, 2.37851151e+02, 1.07653648e+02, 2.52958649e+02,
    1.01609901e+02, 2.65816467e+02, 1.13160423e+02, 2.00819839e+02,
    1.67969193e+02, 2.09345825e+02, 1.83140671e+02, 2.18713989e+02,
    1.98306091e+02, 2.28548813e+02, 2.14954254e+02, 2.08879150e+02,
    2.35692657e+02, 2.18655640e+02, 2.35455566e+02, 2.28076874e+02,
    2.36876572e+02, 2.35838547e+02, 2.29589081e+02, 2.41289215e+02,
    2.22598495e+02, 1.20241531e+02, 1.98602264e+02, 1.30136185e+02,
    1.85271011e+02, 1.47259262e+02, 1.79405273e+02, 1.64086182e+02,
    1.85567184e+02, 1.52591019e+02, 1.93981003e+02, 1.37363861e+02,
    2.00557266e+02, 2.22743637e+02, 1.60385529e+02, 2.31690720e+02,
    1.42077789e+02, 2.45081039e+02, 1.34612289e+02, 2.58886444e+02,
    1.36745300e+02, 2.53612289e+02, 1.48358612e+02, 2.39155472e+02,
    1.54934875e+02, 1.75485870e+02, 2.74772156e+02, 1.94778488e+02,
    2.64729553e+02, 2.17356216e+02, 2.53352066e+02, 2.31088379e+02,
    2.51341949e+02, 2.39610413e+02, 2.44885712e+02, 2.53888275e+02,
    2.39904800e+02, 2.70083954e+02, 2.32552979e+02, 2.67459869e+02,
    2.64796722e+02, 2.57987732e+02, 2.79157288e+02, 2.46008301e+02,
    2.84750000e+02, 2.31969772e+02, 2.89964600e+02, 2.05813599e+02,
    2.89111359e+02, 1.84374634e+02, 2.74238922e+02, 2.19867691e+02,
    2.62594177e+02, 2.33021027e+02, 2.58669281e+02, 2.43755463e+02,
    2.53457962e+02, 2.62085938e+02, 2.43039230e+02, 2.49125092e+02,
    2.64363312e+02, 2.38349884e+02, 2.70762604e+02, 2.24840057e+02,
    2.76802856e+02 ]
noOfLandmarkPoint: 68
