%YAML:1.0
landmark: [ 1.64918625e+02, 8.09456940e+01, 1.64173096e+02,
    9.95687485e+01, 1.63867462e+02, 1.19414322e+02, 1.65082672e+02,
    1.39013824e+02, 1.70666550e+02, 1.57114960e+02, 1.78181396e+02,
    1.72614319e+02, 1.87164825e+02, 1.87427704e+02, 1.96498810e+02,
    1.96955521e+02, 2.11863907e+02, 2.01152832e+02, 2.29488037e+02,
    2.00794952e+02, 2.44681763e+02, 1.92146942e+02, 2.58965912e+02,
    1.78108856e+02, 2.68083618e+02, 1.65815216e+02, 2.78006409e+02,
    1.48593887e+02, 2.81898071e+02, 1.29471375e+02, 2.83664978e+02,
    1.10326401e+02, 2.86095398e+02, 9.11516495e+01, 1.68196915e+02,
    7.63648682e+01, 1.74030136e+02, 6.59472961e+01, 1.84246475e+02,
    6.32726364e+01, 1.95342621e+02, 6.74074783e+01, 2.05479706e+02,
    7.39107971e+01, 2.27609070e+02, 7.43100739e+01, 2.41933762e+02,
    6.99711533e+01, 2.55040283e+02, 6.78810120e+01, 2.66246674e+02,
    7.20015640e+01, 2.74052765e+02, 8.02655563e+01, 2.17706711e+02,
    8.78950348e+01, 2.15704544e+02, 9.95502548e+01, 2.13709351e+02,
    1.11019806e+02, 2.11648956e+02, 1.23339279e+02, 1.98862778e+02,
    1.30899841e+02, 2.03798676e+02, 1.33390457e+02, 2.11696198e+02,
    1.35857498e+02, 2.19313141e+02, 1.34672958e+02, 2.27335999e+02,
    1.32766739e+02, 1.78272766e+02, 8.51880875e+01, 1.84565109e+02,
    8.11532364e+01, 1.93589645e+02, 8.27767944e+01, 2.00370697e+02,
    8.87807617e+01, 1.92459656e+02, 9.07373123e+01, 1.83622665e+02,
    9.02797089e+01, 2.35649918e+02, 9.15148087e+01, 2.43257751e+02,
    8.51508636e+01, 2.51435471e+02, 8.48668594e+01, 2.59221558e+02,
    8.97517471e+01, 2.52708237e+02, 9.33205338e+01, 2.44377090e+02,
    9.38887024e+01, 1.90363220e+02, 1.58376297e+02, 1.98192719e+02,
    1.51484955e+02, 2.05021423e+02, 1.49777710e+02, 2.11149490e+02,
    1.51068146e+02, 2.19529190e+02, 1.50047058e+02, 2.27920792e+02,
    1.53212646e+02, 2.40097702e+02, 1.60750946e+02, 2.27673553e+02,
    1.68680161e+02, 2.19433609e+02, 1.69199783e+02, 2.11802185e+02,
    1.69385757e+02, 2.04121994e+02, 1.68557602e+02, 1.97546326e+02,
    1.65790878e+02, 1.94997833e+02, 1.58984039e+02, 2.04209686e+02,
    1.58651428e+02, 2.11301559e+02, 1.59954300e+02, 2.19325760e+02,
    1.59210388e+02, 2.35016479e+02, 1.60448822e+02, 2.19325760e+02,
    1.59210388e+02, 2.11301559e+02, 1.59954300e+02, 2.04209686e+02,
    1.58651428e+02 ]
noOfLandmarkPoint: 68
