%YAML:1.0
landmark: [ 1.79568665e+02, 1.33038010e+02, 1.79346161e+02,
    1.50259613e+02, 1.85553116e+02, 1.68396072e+02, 1.91932236e+02,
    1.88107605e+02, 1.99538467e+02, 2.06990387e+02, 2.08759155e+02,
    2.21194595e+02, 2.20692307e+02, 2.34394226e+02, 2.33336884e+02,
    2.46648224e+02, 2.52960953e+02, 2.49492691e+02, 2.74929504e+02,
    2.42570953e+02, 2.91623627e+02, 2.25564560e+02, 3.05788452e+02,
    2.06990387e+02, 3.14442322e+02, 1.84875000e+02, 3.20559540e+02,
    1.64549911e+02, 3.23096161e+02, 1.46413467e+02, 3.23096161e+02,
    1.29105774e+02, 3.23096161e+02, 1.10355766e+02, 1.75589737e+02,
    1.10269684e+02, 1.83258057e+02, 1.04743752e+02, 1.93292801e+02,
    1.02884193e+02, 2.03801697e+02, 1.02100433e+02, 2.14674942e+02,
    1.04478386e+02, 2.45747467e+02, 1.00391426e+02, 2.57257812e+02,
    9.46076202e+01, 2.68879669e+02, 9.20556030e+01, 2.82432373e+02,
    9.01448822e+01, 2.95885895e+02, 9.46959991e+01, 2.31477554e+02,
    1.18504211e+02, 2.32582413e+02, 1.34222061e+02, 2.33500900e+02,
    1.50177185e+02, 2.34067764e+02, 1.65604843e+02, 2.19730774e+02,
    1.69971161e+02, 2.26113541e+02, 1.73250458e+02, 2.36428558e+02,
    1.78804474e+02, 2.44687729e+02, 1.72769684e+02, 2.53449188e+02,
    1.67536438e+02, 1.90889206e+02, 1.26174133e+02, 1.97296570e+02,
    1.22283470e+02, 2.05611771e+02, 1.20730209e+02, 2.12895279e+02,
    1.23810425e+02, 2.06853195e+02, 1.27886971e+02, 1.98336960e+02,
    1.28390137e+02, 2.58023071e+02, 1.17783981e+02, 2.65174438e+02,
    1.13412285e+02, 2.72952423e+02, 1.11736305e+02, 2.80608856e+02,
    1.13944984e+02, 2.75160736e+02, 1.17546021e+02, 2.67376862e+02,
    1.18257820e+02, 2.18861084e+02, 1.92875412e+02, 2.27774719e+02,
    1.95455566e+02, 2.34943222e+02, 1.95017853e+02, 2.41670334e+02,
    1.95060883e+02, 2.51942307e+02, 1.93399719e+02, 2.61967010e+02,
    1.93865601e+02, 2.74364380e+02, 1.92221085e+02, 2.64516022e+02,
    2.02200989e+02, 2.56183533e+02, 2.08736954e+02, 2.45034073e+02,
    2.11159729e+02, 2.37131622e+02, 2.09345657e+02, 2.28799316e+02,
    2.05001465e+02, 2.23333313e+02, 1.96007782e+02, 2.35030243e+02,
    1.97299316e+02, 2.42108063e+02, 1.97070053e+02, 2.52728027e+02,
    1.95889648e+02, 2.68140808e+02, 1.94301956e+02, 2.53822342e+02,
    2.00873169e+02, 2.43245422e+02, 2.02053558e+02, 2.35248169e+02,
    1.99696411e+02 ]
noOfLandmarkPoint: 68
