%YAML:1.0
landmark: [ 2.07293777e+02, 1.98149399e+02, 2.12820923e+02,
    2.21035049e+02, 2.17976028e+02, 2.42373520e+02, 2.24385376e+02,
    2.60507904e+02, 2.38310654e+02, 2.77605408e+02, 2.51110382e+02,
    2.91299164e+02, 2.69598175e+02, 3.04249115e+02, 2.91188477e+02,
    3.07457916e+02, 3.11443451e+02, 3.00037506e+02, 3.22105591e+02,
    2.85971680e+02, 3.31996552e+02, 2.69243835e+02, 3.40655670e+02,
    2.53192764e+02, 3.46537109e+02, 2.34098221e+02, 3.49384521e+02,
    2.12796310e+02, 3.49769531e+02, 1.93098129e+02, 3.50087250e+02,
    1.74040146e+02, 2.26239090e+02, 1.70845642e+02, 2.39522186e+02,
    1.63393845e+02, 2.55087997e+02, 1.62601669e+02, 2.70301697e+02,
    1.66145401e+02, 2.82716583e+02, 1.71090134e+02, 2.99600189e+02,
    1.72932587e+02, 3.11200073e+02, 1.67268448e+02, 3.22459808e+02,
    1.63756104e+02, 3.33514099e+02, 1.62115646e+02, 3.45562897e+02,
    1.64791931e+02, 2.95294830e+02, 1.87060165e+02, 2.96262878e+02,
    1.98351517e+02, 2.97531250e+02, 2.10690674e+02, 2.98309540e+02,
    2.22020050e+02, 2.75451477e+02, 2.28913895e+02, 2.85600525e+02,
    2.31711151e+02, 2.96406403e+02, 2.36235870e+02, 3.03968842e+02,
    2.31590912e+02, 3.10374634e+02, 2.26875153e+02, 2.41539520e+02,
    1.82088928e+02, 2.50978470e+02, 1.77617294e+02, 2.61993866e+02,
    1.77377365e+02, 2.70103333e+02, 1.84883850e+02, 2.60373077e+02,
    1.87233398e+02, 2.50043945e+02, 1.86990112e+02, 3.08079895e+02,
    1.83761246e+02, 3.15527588e+02, 1.77610809e+02, 3.25236786e+02,
    1.77736450e+02, 3.32383881e+02, 1.81254013e+02, 3.27183899e+02,
    1.84674118e+02, 3.17507904e+02, 1.85519760e+02, 2.54169312e+02,
    2.44622147e+02, 2.68015778e+02, 2.43762909e+02, 2.85355042e+02,
    2.42774216e+02, 2.92186066e+02, 2.44420624e+02, 3.02276611e+02,
    2.42827957e+02, 3.11584625e+02, 2.42685394e+02, 3.22928772e+02,
    2.43873428e+02, 3.12741364e+02, 2.63213898e+02, 3.02665283e+02,
    2.69958191e+02, 2.92024384e+02, 2.73234375e+02, 2.84635162e+02,
    2.71921295e+02, 2.67028168e+02, 2.64404236e+02, 2.56186432e+02,
    2.46496429e+02, 2.84901276e+02, 2.47735153e+02, 2.92210022e+02,
    2.47784576e+02, 3.02477051e+02, 2.47212524e+02, 3.20391968e+02,
    2.44824112e+02, 3.02169708e+02, 2.61803284e+02, 2.92282806e+02,
    2.63795898e+02, 2.85165161e+02, 2.63172394e+02, 0., 0. ]
noOfLandmarkPoint: 68
