%YAML:1.0
landmark: [ 1.03746903e+00, 3.32035614e+02, 1.03746903e+00,
    3.43813751e+02, 1.39438295e+00, 3.54164246e+02, 1.39438295e+00,
    3.64871674e+02, 4.60660505e+00, 3.75579071e+02, 1.46001854e+01,
    3.83074249e+02, 2.53075924e+01, 3.89141785e+02, 3.60149994e+01,
    3.93067841e+02, 4.92208023e+01, 3.94852417e+02, 5.95712967e+01,
    3.95209320e+02, 6.95648804e+01, 3.92354004e+02, 7.09925308e+01,
    3.81289703e+02, 7.34909286e+01, 3.72009949e+02, 7.52754974e+01,
    3.60231781e+02, 7.88446274e+01, 3.53093506e+02, 8.09861145e+01,
    3.43813751e+02, 8.13430252e+01, 3.32749451e+02, 2.85198154e+01,
    3.06694763e+02, 3.56580849e+01, 3.03482544e+02, 4.56516685e+01,
    3.03482544e+02, 5.31468506e+01, 3.03482544e+02, 5.92143822e+01,
    3.03839447e+02, 7.31340103e+01, 3.11334625e+02, 7.59893188e+01,
    3.08479309e+02, 7.84877167e+01, 3.06337830e+02, 8.09861145e+01,
    3.06337830e+02, 8.31275940e+01, 3.07408569e+02, 6.59957428e+01,
    3.23112793e+02, 6.88510513e+01, 3.29537231e+02, 7.27770996e+01,
    3.35961670e+02, 7.56324081e+01, 3.40601532e+02, 5.77867279e+01,
    3.49167480e+02, 6.56388245e+01, 3.49524384e+02, 7.17063599e+01,
    3.49881287e+02, 7.52754974e+01, 3.49881287e+02, 7.70600586e+01,
    3.48810547e+02, 3.28027763e+01, 3.20614380e+02, 3.88703079e+01,
    3.15974518e+02, 4.52947540e+01, 3.14189941e+02, 4.95777168e+01,
    3.18115997e+02, 4.52947540e+01, 3.22398956e+02, 3.92272224e+01,
    3.21685120e+02, 6.99217911e+01, 3.19543640e+02, 7.31340103e+01,
    3.15617584e+02, 7.63462372e+01, 3.15260681e+02, 7.84877167e+01,
    3.18115997e+02, 7.63462372e+01, 3.20257477e+02, 7.31340103e+01,
    3.20257477e+02, 4.20825310e+01, 3.68797729e+02, 4.95777168e+01,
    3.64871674e+02, 5.56452484e+01, 3.63444000e+02, 6.34973450e+01,
    3.63087097e+02, 6.88510513e+01, 3.63087097e+02, 7.20632706e+01,
    3.65585480e+02, 7.34909286e+01, 3.68440796e+02, 7.06356201e+01,
    3.72009949e+02, 6.70664825e+01, 3.74508331e+02, 5.99282112e+01,
    3.74865234e+02, 5.45745049e+01, 3.73794495e+02, 4.92208023e+01,
    3.71653015e+02, 4.52947540e+01, 3.68797729e+02, 5.49314194e+01,
    3.68440796e+02, 6.13558655e+01, 3.68440796e+02, 6.52819138e+01,
    3.68797729e+02, 7.06356201e+01, 3.69154633e+02, 6.52819138e+01,
    3.69868469e+02, 6.09989510e+01, 3.69868469e+02, 5.52883339e+01,
    3.69511536e+02 ]
noOfLandmarkPoint: 68
