%YAML:1.0
landmark: [ 1.16164841e+02, 2.45721359e+02, 1.20208687e+02,
    2.70389832e+02, 1.26818237e+02, 2.93156067e+02, 1.35630966e+02,
    3.13719086e+02, 1.48115662e+02, 3.36485321e+02, 1.62069153e+02,
    3.57782745e+02, 1.75244293e+02, 3.75646759e+02, 1.96629639e+02,
    3.82645477e+02, 2.18251190e+02, 3.81353973e+02, 2.40107361e+02,
    3.64628235e+02, 2.58624908e+02, 3.47083649e+02, 2.76182770e+02,
    3.26369110e+02, 2.87933075e+02, 3.00889191e+02, 2.92640686e+02,
    2.73327423e+02, 2.96864716e+02, 2.46434906e+02, 3.00377960e+02,
    2.18496826e+02, 1.23880661e+02, 2.14575882e+02, 1.39490677e+02,
    2.15929565e+02, 1.53266068e+02, 2.19788452e+02, 1.67524841e+02,
    2.25304337e+02, 1.81178787e+02, 2.32537079e+02, 2.09926605e+02,
    2.32365555e+02, 2.28769745e+02, 2.26989105e+02, 2.45270676e+02,
    2.22183441e+02, 2.62623077e+02, 2.20119507e+02, 2.78396027e+02,
    2.21284500e+02, 1.95438309e+02, 2.47230835e+02, 1.93878983e+02,
    2.66412140e+02, 1.92715652e+02, 2.83702667e+02, 1.91413452e+02,
    2.99777557e+02, 1.75394669e+02, 3.03212555e+02, 1.83252243e+02,
    3.09321259e+02, 1.92860809e+02, 3.13386108e+02, 2.03029495e+02,
    3.09992096e+02, 2.11167145e+02, 3.05865784e+02, 1.43511475e+02,
    2.40605881e+02, 1.52873611e+02, 2.34904022e+02, 1.65885254e+02,
    2.34655319e+02, 1.75515411e+02, 2.43565781e+02, 1.65006729e+02,
    2.45420441e+02, 1.52026184e+02, 2.44447495e+02, 2.22758286e+02,
    2.46624573e+02, 2.33246078e+02, 2.39604599e+02, 2.45639465e+02,
    2.38315048e+02, 2.55057144e+02, 2.44458878e+02, 2.45790085e+02,
    2.49092407e+02, 2.34108231e+02, 2.49773895e+02, 1.62766190e+02,
    3.18246826e+02, 1.73239365e+02, 3.19463043e+02, 1.84243164e+02,
    3.20665405e+02, 1.93282608e+02, 3.23761658e+02, 2.03914078e+02,
    3.22478912e+02, 2.17708847e+02, 3.23720551e+02, 2.34039780e+02,
    3.23266205e+02, 2.16911896e+02, 3.45507812e+02, 2.03746201e+02,
    3.49087433e+02, 1.92056976e+02, 3.49252319e+02, 1.81960556e+02,
    3.46648743e+02, 1.70687576e+02, 3.38371155e+02, 1.69898514e+02,
    3.22774536e+02, 1.83940979e+02, 3.24969543e+02, 1.93291016e+02,
    3.27191254e+02, 2.03605942e+02, 3.27453217e+02, 2.27819412e+02,
    3.27220703e+02, 2.03605942e+02, 3.36539764e+02, 1.93356781e+02,
    3.36194275e+02, 1.83164764e+02, 3.34765625e+02, 0., 0. ]
noOfLandmarkPoint: 68
