%YAML:1.0
landmark: [ 1.60615311e+02, 1.43953781e+02, 1.59006195e+02,
    1.68610001e+02, 1.59047363e+02, 1.94090439e+02, 1.60881866e+02,
    2.25365448e+02, 1.68352570e+02, 2.53230255e+02, 1.79834747e+02,
    2.85075928e+02, 1.96087540e+02, 3.12610626e+02, 2.20993851e+02,
    3.39253540e+02, 2.50068665e+02, 3.47426575e+02, 2.81728638e+02,
    3.41936890e+02, 3.07692627e+02, 3.22924286e+02, 3.25156342e+02,
    3.01712341e+02, 3.40124237e+02, 2.76103821e+02, 3.51330383e+02,
    2.50271927e+02, 3.58280060e+02, 2.20768463e+02, 3.64096222e+02,
    1.91779892e+02, 3.68157410e+02, 1.62581375e+02, 1.74556244e+02,
    1.72822525e+02, 1.86712204e+02, 1.65201096e+02, 2.04557831e+02,
    1.64040771e+02, 2.28998886e+02, 1.71756821e+02, 2.48828934e+02,
    1.81162964e+02, 2.64899231e+02, 1.82528275e+02, 2.84627167e+02,
    1.76435089e+02, 3.07399323e+02, 1.76961685e+02, 3.28123535e+02,
    1.80096375e+02, 3.43238312e+02, 1.90369827e+02, 2.57069946e+02,
    1.98277771e+02, 2.55405380e+02, 2.21025772e+02, 2.54154068e+02,
    2.40506500e+02, 2.52628189e+02, 2.62188904e+02, 2.28846146e+02,
    2.57319397e+02, 2.39872528e+02, 2.66696564e+02, 2.54675400e+02,
    2.72563080e+02, 2.69405273e+02, 2.66226410e+02, 2.78792328e+02,
    2.59333862e+02, 1.93891144e+02, 1.85922653e+02, 2.06794067e+02,
    1.80935272e+02, 2.21724854e+02, 1.82456497e+02, 2.30592621e+02,
    1.91680298e+02, 2.17727158e+02, 1.95276459e+02, 2.02981186e+02,
    1.93378281e+02, 2.89770966e+02, 1.94892105e+02, 3.02184753e+02,
    1.90330536e+02, 3.13221039e+02, 1.91831390e+02, 3.23253387e+02,
    1.95219727e+02, 3.14193054e+02, 2.01742432e+02, 3.02121277e+02,
    2.02067108e+02, 2.15697021e+02, 2.85405823e+02, 2.34976913e+02,
    2.89501007e+02, 2.46864670e+02, 2.90982819e+02, 2.54228394e+02,
    2.93948792e+02, 2.66381775e+02, 2.90180786e+02, 2.82472473e+02,
    2.91646820e+02, 2.99038025e+02, 2.87853668e+02, 2.82626160e+02,
    3.04316742e+02, 2.66497437e+02, 3.09924957e+02, 2.54082611e+02,
    3.12254974e+02, 2.45068909e+02, 3.09870392e+02, 2.32842773e+02,
    3.01565857e+02, 2.22103973e+02, 2.88764069e+02, 2.46470612e+02,
    2.96470520e+02, 2.54471313e+02, 2.98396454e+02, 2.65878326e+02,
    2.98193665e+02, 2.91930603e+02, 2.91567963e+02, 2.65878326e+02,
    2.98193665e+02, 2.54471313e+02, 2.98396454e+02, 2.46470612e+02,
    2.96470520e+02 ]
noOfLandmarkPoint: 68
