%YAML:1.0
landmark: [ 2.59443298e+02, 1.36136017e+02, 2.53064346e+02,
    1.49306274e+02, 2.51423691e+02, 1.68885452e+02, 2.52139679e+02,
    1.91800934e+02, 2.54481339e+02, 2.16118408e+02, 2.61814941e+02,
    2.39043869e+02, 2.65344910e+02, 2.57683411e+02, 2.73846832e+02,
    2.74687256e+02, 2.87290741e+02, 2.84606171e+02, 3.13740082e+02,
    2.87008331e+02, 3.39987976e+02, 2.75860596e+02, 3.62421112e+02,
    2.60517365e+02, 3.84635590e+02, 2.44716827e+02, 4.02101776e+02,
    2.23934326e+02, 4.13666351e+02, 2.03136841e+02, 4.20404938e+02,
    1.77989075e+02, 4.26765381e+02, 1.53439697e+02, 2.64400269e+02,
    1.06537964e+02, 2.74339172e+02, 1.06299301e+02, 2.81891449e+02,
    1.11027596e+02, 2.90314117e+02, 1.17104141e+02, 2.98496918e+02,
    1.24818115e+02, 3.31839203e+02, 1.32647186e+02, 3.46552002e+02,
    1.30221237e+02, 3.58972565e+02, 1.30601990e+02, 3.71522858e+02,
    1.32662277e+02, 3.82580688e+02, 1.39381973e+02, 3.11829285e+02,
    1.46605209e+02, 3.06178070e+02, 1.63581558e+02, 3.00178040e+02,
    1.80929871e+02, 2.94828705e+02, 1.98654327e+02, 2.84511749e+02,
    2.01809814e+02, 2.90179688e+02, 2.07905106e+02, 2.96553650e+02,
    2.11668762e+02, 3.09057892e+02, 2.08809784e+02, 3.20602478e+02,
    2.07159134e+02, 2.72256165e+02, 1.35360062e+02, 2.76462158e+02,
    1.31820084e+02, 2.85268005e+02, 1.35570923e+02, 2.94545715e+02,
    1.43958237e+02, 2.83780914e+02, 1.43640579e+02, 2.74767120e+02,
    1.40510925e+02, 3.38327301e+02, 1.55913879e+02, 3.48231232e+02,
    1.52115265e+02, 3.57926483e+02, 1.54253235e+02, 3.65555450e+02,
    1.59103210e+02, 3.57759277e+02, 1.60732071e+02, 3.47768921e+02,
    1.59926193e+02, 2.75761139e+02, 2.15899734e+02, 2.84004425e+02,
    2.20140701e+02, 2.90378387e+02, 2.22258682e+02, 2.97935638e+02,
    2.26037323e+02, 3.11160889e+02, 2.28398972e+02, 3.23202789e+02,
    2.31019272e+02, 3.39749298e+02, 2.32416275e+02, 3.22725464e+02,
    2.44706833e+02, 3.08781616e+02, 2.47200272e+02, 2.93189789e+02,
    2.44567474e+02, 2.85690216e+02, 2.41903275e+02, 2.79213318e+02,
    2.37551208e+02, 2.79072449e+02, 2.20399353e+02, 2.89677368e+02,
    2.25564987e+02, 2.96985992e+02, 2.29577301e+02, 3.10688538e+02,
    2.32177612e+02, 3.31207397e+02, 2.33127258e+02, 3.10206207e+02,
    2.37124573e+02, 2.96175568e+02, 2.34002655e+02, 2.88805176e+02,
    2.29296387e+02 ]
noOfLandmarkPoint: 68
