%YAML:1.0
landmark: [ 2.58054657e+02, 1.27733276e+02, 2.66717834e+02,
    1.43173233e+02, 2.76932373e+02, 1.59928146e+02, 2.87383240e+02,
    1.74964188e+02, 3.02079712e+02, 1.89359940e+02, 3.15371399e+02,
    1.92703415e+02, 3.32465881e+02, 1.96209976e+02, 3.54815735e+02,
    1.97155426e+02, 3.70427734e+02, 1.92402710e+02, 3.82769501e+02,
    1.83163574e+02, 3.91540344e+02, 1.67994385e+02, 3.98625946e+02,
    1.53376160e+02, 4.04758881e+02, 1.34785812e+02, 4.01796997e+02,
    1.15941887e+02, 3.95898193e+02, 9.85149460e+01, 3.88548676e+02,
    8.20117035e+01, 3.80875458e+02, 6.52540054e+01, 2.66855469e+02,
    1.06414215e+02, 2.70327606e+02, 9.47859879e+01, 2.79901855e+02,
    8.69994354e+01, 2.92574280e+02, 8.25862885e+01, 3.04120819e+02,
    8.54673920e+01, 3.21177216e+02, 7.68103943e+01, 3.28155945e+02,
    6.56848373e+01, 3.37700256e+02, 5.90456886e+01, 3.49668030e+02,
    5.43617821e+01, 3.62093292e+02, 5.75438881e+01, 3.19835236e+02,
    9.18433533e+01, 3.25606140e+02, 1.06110489e+02, 3.30836914e+02,
    1.18971924e+02, 3.36072449e+02, 1.30924515e+02, 3.25719055e+02,
    1.40474503e+02, 3.33002258e+02, 1.40045975e+02, 3.40797943e+02,
    1.39570068e+02, 3.45748627e+02, 1.34909485e+02, 3.50772125e+02,
    1.29718460e+02, 2.81863403e+02, 1.14906334e+02, 2.86812500e+02,
    1.07087814e+02, 2.95631104e+02, 1.02676605e+02, 3.04724945e+02,
    1.05293411e+02, 2.98439972e+02, 1.10261246e+02, 2.90294708e+02,
    1.14222137e+02, 3.39663513e+02, 8.88184738e+01, 3.43387848e+02,
    8.22616272e+01, 3.51237823e+02, 7.61293182e+01, 3.60258942e+02,
    7.77586746e+01, 3.56248901e+02, 8.32403564e+01, 3.48806305e+02,
    8.76092148e+01, 3.30411957e+02, 1.70028503e+02, 3.34998962e+02,
    1.61491241e+02, 3.40729767e+02, 1.55602875e+02, 3.46678284e+02,
    1.54377274e+02, 3.51876892e+02, 1.49535278e+02, 3.60252075e+02,
    1.48971970e+02, 3.70319214e+02, 1.47667007e+02, 3.63550934e+02,
    1.55387558e+02, 3.58421387e+02, 1.60658752e+02, 3.52854645e+02,
    1.64299301e+02, 3.46066895e+02, 1.66768890e+02, 3.39451752e+02,
    1.68842087e+02, 3.34180298e+02, 1.67087952e+02, 3.42822601e+02,
    1.61680481e+02, 3.49047760e+02, 1.59272461e+02, 3.55026642e+02,
    1.55407333e+02, 3.66556122e+02, 1.49878479e+02, 3.55026642e+02,
    1.55407333e+02, 3.49047760e+02, 1.59272461e+02, 3.42822601e+02,
    1.61680481e+02 ]
noOfLandmarkPoint: 68
