%YAML:1.0
landmark: [ 2.08225006e+02, 1.54024994e+02, 2.07966660e+02,
    1.78908340e+02, 2.08574341e+02, 2.03528015e+02, 2.10952072e+02,
    2.26745834e+02, 2.25612701e+02, 2.48654251e+02, 2.46553619e+02,
    2.65650970e+02, 2.69802551e+02, 2.75670380e+02, 2.95009979e+02,
    2.83783081e+02, 3.19773682e+02, 2.85591461e+02, 3.44137726e+02,
    2.79755859e+02, 3.57551819e+02, 2.62054901e+02, 3.70009979e+02,
    2.44340637e+02, 3.79470703e+02, 2.27524323e+02, 3.85969604e+02,
    2.05692017e+02, 3.89665527e+02, 1.83126114e+02, 3.90483032e+02,
    1.61493286e+02, 384., 1.42699997e+02, 2.35758331e+02, 1.20166664e+02,
    2.48175003e+02, 1.09908333e+02, 2.63658325e+02, 1.04958336e+02,
    2.79208344e+02, 1.05958336e+02, 2.93466675e+02, 1.10941666e+02,
    3.36325012e+02, 1.15183334e+02, 3.48741669e+02, 1.10925003e+02,
    3.61575012e+02, 1.08941666e+02, 3.73591675e+02, 1.12358330e+02,
    3.82141663e+02, 1.22933334e+02, 3.19433319e+02, 1.34508331e+02,
    3.21416656e+02, 1.48199997e+02, 3.23433319e+02, 1.60975006e+02,
    3.26158325e+02, 1.74199997e+02, 3.00941071e+02, 1.89940933e+02,
    3.14033325e+02, 1.91783340e+02, 3.26500000e+02, 1.92250000e+02,
    3.36433319e+02, 1.90058334e+02, 3.44174988e+02, 1.87541672e+02,
    2.56691681e+02, 1.42941666e+02, 2.66674988e+02, 1.36250000e+02,
    2.77191681e+02, 1.35733337e+02, 2.86127563e+02, 1.41343063e+02,
    2.77460876e+02, 1.43676361e+02, 2.66582886e+02, 1.43365845e+02,
    3.40450012e+02, 1.41958328e+02, 3.49674988e+02, 1.37233337e+02,
    3.58708344e+02, 1.36733337e+02, 367., 1.42250000e+02, 3.59653717e+02,
    1.44542618e+02, 3.49662201e+02, 1.44025970e+02, 2.76536774e+02,
    2.24769653e+02, 2.96487457e+02, 2.17334549e+02, 3.12899933e+02,
    2.12701035e+02, 3.24163483e+02, 2.16941635e+02, 3.33872772e+02,
    2.13134445e+02, 3.45947449e+02, 2.16253387e+02, 3.51817871e+02,
    2.23648666e+02, 3.46792786e+02, 2.35445465e+02, 3.34614746e+02,
    2.42653214e+02, 3.24018311e+02, 2.43049835e+02, 3.13009796e+02,
    2.42835175e+02, 2.95435638e+02, 2.39387329e+02, 2.81336945e+02,
    2.25091461e+02, 3.12947906e+02, 2.23308853e+02, 3.24156464e+02,
    2.23082413e+02, 3.33708008e+02, 2.22898193e+02, 3.46789612e+02,
    2.24449463e+02, 3.33834564e+02, 2.28687958e+02, 3.23700897e+02,
    2.32405457e+02, 3.13376038e+02, 2.32735703e+02 ]
noOfLandmarkPoint: 68
