%YAML:1.0
landmark: [ 1.31396759e+02, 9.86429520e+01, 1.33424637e+02,
    1.13577408e+02, 1.36842865e+02, 1.23889755e+02, 1.41086838e+02,
    1.34680252e+02, 1.44447433e+02, 1.48441391e+02, 1.49169556e+02,
    1.57292191e+02, 1.56455353e+02, 1.65215515e+02, 1.65102676e+02,
    1.70632812e+02, 1.77212341e+02, 1.70531082e+02, 1.90827637e+02,
    1.68850784e+02, 2.05341583e+02, 1.61217392e+02, 2.18713638e+02,
    1.52196060e+02, 2.27646698e+02, 1.40166092e+02, 2.32022827e+02,
    1.24961342e+02, 2.32456879e+02, 1.08751823e+02, 2.33384354e+02,
    9.38038177e+01, 2.33804871e+02, 7.73349075e+01, 1.25660690e+02,
    7.55393219e+01, 1.30170105e+02, 7.12140427e+01, 1.36919418e+02,
    6.90403366e+01, 1.43565720e+02, 6.88891220e+01, 1.50103043e+02,
    7.11690140e+01, 1.71359253e+02, 6.79347610e+01, 1.79486069e+02,
    6.13729591e+01, 1.89857788e+02, 5.84905205e+01, 2.01011139e+02,
    5.87804642e+01, 2.11832184e+02, 6.32567368e+01, 1.62075897e+02,
    8.18747482e+01, 1.61825989e+02, 9.09290543e+01, 1.61444595e+02,
    9.99647293e+01, 1.61026001e+02, 1.08935120e+02, 1.57644806e+02,
    1.18821022e+02, 1.60743423e+02, 1.19718704e+02, 1.64190475e+02,
    1.20385056e+02, 1.69317825e+02, 1.18067230e+02, 1.74461014e+02,
    1.16428741e+02, 1.37872086e+02, 9.34715042e+01, 1.41188583e+02,
    9.00820923e+01, 1.47221771e+02, 8.86034470e+01, 1.53083359e+02,
    8.91044464e+01, 1.48538284e+02, 9.33669968e+01, 1.42333084e+02,
    9.42972412e+01, 1.80671127e+02, 8.35518341e+01, 1.83237381e+02,
    8.15430222e+01, 1.90994202e+02, 8.10367203e+01, 1.98620392e+02,
    8.24487076e+01, 1.92679916e+02, 8.53221283e+01, 1.86206024e+02,
    8.53632278e+01, 1.56284317e+02, 1.40952499e+02, 1.58522629e+02,
    1.32965790e+02, 1.63356064e+02, 1.29946594e+02, 1.67952652e+02,
    1.30589600e+02, 1.72904373e+02, 1.28773392e+02, 1.80224960e+02,
    1.30805161e+02, 1.90923203e+02, 1.34950226e+02, 1.83032028e+02,
    1.43164841e+02, 1.76540253e+02, 1.46524841e+02, 1.71499939e+02,
    1.47530609e+02, 1.66681992e+02, 1.47928421e+02, 1.61409592e+02,
    1.45691086e+02, 1.58907333e+02, 1.39916428e+02, 1.64106400e+02,
    1.35361496e+02, 1.68689728e+02, 1.34174240e+02, 1.73592682e+02,
    1.33520554e+02, 1.86424271e+02, 1.36187622e+02, 1.74902451e+02,
    1.38143005e+02, 1.69918320e+02, 1.39232910e+02, 1.64840240e+02,
    1.40036514e+02 ]
noOfLandmarkPoint: 68
