%YAML:1.0
landmark: [ 1.03617836e+02, 2.10394119e+02, 1.06891861e+02,
    2.40343781e+02, 1.12007187e+02, 2.69864624e+02, 1.18688431e+02,
    2.99873474e+02, 1.29042328e+02, 3.27342957e+02, 1.47706451e+02,
    3.51812897e+02, 1.71462982e+02, 3.67687927e+02, 1.93658463e+02,
    3.83967072e+02, 2.22316315e+02, 3.86855682e+02, 2.50282455e+02,
    3.82079102e+02, 2.72637878e+02, 3.60787048e+02, 2.90668457e+02,
    3.37243408e+02, 3.05359894e+02, 3.14423553e+02, 3.10416534e+02,
    2.83183167e+02, 3.09647888e+02, 2.51821411e+02, 3.09130554e+02,
    2.21206680e+02, 3.06155029e+02, 1.89358734e+02, 1.16815132e+02,
    2.07002441e+02, 1.22657722e+02, 1.82198166e+02, 1.46711777e+02,
    1.75247223e+02, 1.68699219e+02, 1.73002335e+02, 1.91167633e+02,
    1.81300964e+02, 2.22356659e+02, 1.73296371e+02, 2.45498001e+02,
    1.64742111e+02, 2.67821716e+02, 1.62897263e+02, 2.91246368e+02,
    1.68176300e+02, 2.99878876e+02, 1.87912216e+02, 2.08689758e+02,
    1.94682266e+02, 2.11436325e+02, 2.13908234e+02, 2.14729202e+02,
    2.34238846e+02, 2.17478775e+02, 2.53458801e+02, 1.93915375e+02,
    2.64979584e+02, 2.05655014e+02, 2.66639313e+02, 2.18028091e+02,
    2.70487518e+02, 2.29563675e+02, 2.63895752e+02, 2.41099258e+02,
    2.58399628e+02, 1.41941498e+02, 2.04331512e+02, 1.52660873e+02,
    1.99458755e+02, 1.63443146e+02, 1.97079681e+02, 1.75557358e+02,
    2.00926743e+02, 1.64406815e+02, 2.03446457e+02, 1.53012589e+02,
    2.04897903e+02, 2.36853287e+02, 1.94439468e+02, 2.46583542e+02,
    1.88019302e+02, 2.58482605e+02, 1.87282715e+02, 2.69327393e+02,
    1.91992233e+02, 2.58791046e+02, 1.94286560e+02, 2.47756180e+02,
    1.94826233e+02, 1.66285553e+02, 2.96841187e+02, 1.86373184e+02,
    2.91879944e+02, 2.03294373e+02, 2.89437653e+02, 2.17216309e+02,
    2.89836700e+02, 2.31690948e+02, 2.85896301e+02, 2.50413010e+02,
    2.86077179e+02, 2.68024811e+02, 2.86658997e+02, 2.55190308e+02,
    3.14132507e+02, 2.39487259e+02, 3.25823425e+02, 2.22999924e+02,
    3.30609131e+02, 2.07255783e+02, 3.30468384e+02, 1.87439514e+02,
    3.22857422e+02, 1.72187088e+02, 2.97692413e+02, 2.03488480e+02,
    2.95854553e+02, 2.18501907e+02, 2.96476624e+02, 2.32747192e+02,
    2.92360504e+02, 2.64112488e+02, 2.88170288e+02, 2.36854706e+02,
    3.12836151e+02, 2.20838745e+02, 3.17648102e+02, 2.06047073e+02,
    3.17540161e+02 ]
noOfLandmarkPoint: 68
