%YAML:1.0
landmark: [ 1.13721474e+02, 1.32781876e+02, 1.16908569e+02,
    1.48889267e+02, 1.20961205e+02, 1.65810608e+02, 1.25579185e+02,
    1.83717178e+02, 1.31233963e+02, 2.00055984e+02, 1.41216019e+02,
    2.15287201e+02, 1.54798157e+02, 2.27526535e+02, 1.72066895e+02,
    2.35006531e+02, 1.90775055e+02, 2.36504211e+02, 2.09357773e+02,
    2.32104477e+02, 2.25326614e+02, 2.22140167e+02, 2.36137589e+02,
    2.06070465e+02, 2.42794769e+02, 1.90391556e+02, 2.45382141e+02,
    1.73247375e+02, 2.49383194e+02, 1.56334625e+02, 2.50599838e+02,
    1.38393677e+02, 2.49828857e+02, 1.19895973e+02, 1.22221581e+02,
    1.29584885e+02, 1.26109077e+02, 1.14208359e+02, 1.39882660e+02,
    1.06078377e+02, 1.55094482e+02, 1.08187965e+02, 1.69341614e+02,
    1.13020782e+02, 1.89747238e+02, 1.09331688e+02, 2.03429398e+02,
    1.02338043e+02, 2.16578278e+02, 9.87818909e+01, 2.29006561e+02,
    1.01498283e+02, 2.38818573e+02, 1.06306030e+02, 1.83083618e+02,
    1.23641876e+02, 1.83436798e+02, 1.35962601e+02, 1.83778931e+02,
    1.49012405e+02, 1.84187637e+02, 1.61997467e+02, 1.74826828e+02,
    1.71229996e+02, 1.80343338e+02, 1.72080185e+02, 1.85254852e+02,
    1.73420700e+02, 1.90275772e+02, 1.71615051e+02, 1.96297226e+02,
    1.69799927e+02, 1.38740524e+02, 1.29889313e+02, 1.44703949e+02,
    1.26470657e+02, 1.53683533e+02, 1.25913628e+02, 1.62144257e+02,
    1.29479355e+02, 1.52456726e+02, 1.34267380e+02, 1.43895386e+02,
    1.35307983e+02, 2.00663300e+02, 1.25316078e+02, 2.07795181e+02,
    1.19288734e+02, 2.17972000e+02, 1.18756660e+02, 2.25514709e+02,
    1.22707321e+02, 2.19088959e+02, 1.26592781e+02, 2.09302658e+02,
    1.27942093e+02, 1.61529190e+02, 1.92935944e+02, 1.72059845e+02,
    1.92698914e+02, 1.82507812e+02, 1.90633484e+02, 1.88634842e+02,
    1.91566269e+02, 1.96224197e+02, 1.90350174e+02, 2.04970490e+02,
    1.90343582e+02, 2.11525894e+02, 1.90909134e+02, 2.05497025e+02,
    1.94294281e+02, 1.97575439e+02, 1.99619293e+02, 1.89773727e+02,
    2.00837524e+02, 1.83410492e+02, 2.01032745e+02, 1.72551086e+02,
    1.99376953e+02, 1.64545029e+02, 1.94135406e+02, 1.82722748e+02,
    1.93933456e+02, 1.88834030e+02, 1.94582611e+02, 1.96524307e+02,
    1.92746490e+02, 2.08715302e+02, 1.91444199e+02, 1.96524307e+02,
    1.92746490e+02, 1.88834030e+02, 1.94582611e+02, 1.82722748e+02,
    1.93933456e+02 ]
noOfLandmarkPoint: 68
