%YAML:1.0
landmark: [ 1.88411591e+02, 1.17816261e+02, 1.81804672e+02,
    1.39825790e+02, 1.77324173e+02, 1.67202637e+02, 1.76856491e+02,
    1.92391785e+02, 1.81639450e+02, 2.17210602e+02, 1.94541733e+02,
    2.36681442e+02, 2.09615601e+02, 2.55411621e+02, 2.25626984e+02,
    2.74707184e+02, 2.48278748e+02, 2.83310547e+02, 2.75547211e+02,
    2.84330231e+02, 2.89326569e+02, 2.74770203e+02, 3.11358124e+02,
    2.63853638e+02, 3.30786377e+02, 2.46366943e+02, 3.45111145e+02,
    2.25228149e+02, 3.54193207e+02, 2.00327515e+02, 3.60115692e+02,
    1.76381439e+02, 3.66449860e+02, 1.53052139e+02, 2.04384720e+02,
    1.08160530e+02, 2.18791534e+02, 1.01303207e+02, 2.34582932e+02,
    1.06006927e+02, 2.48378601e+02, 1.12168724e+02, 2.63845184e+02,
    1.22437424e+02, 2.97774200e+02, 1.32610962e+02, 3.13413086e+02,
    1.28085327e+02, 3.28100983e+02, 1.26876991e+02, 3.42935577e+02,
    1.28611694e+02, 3.54705566e+02, 1.37454681e+02, 2.79254364e+02,
    1.44706543e+02, 2.77289734e+02, 1.59410080e+02, 2.75340729e+02,
    1.76916275e+02, 2.73247437e+02, 1.94890137e+02, 2.43702972e+02,
    1.94896698e+02, 2.56497559e+02, 2.00928391e+02, 2.66757141e+02,
    2.09609329e+02, 2.80494019e+02, 2.05824356e+02, 2.90157288e+02,
    2.04600372e+02, 2.17517059e+02, 1.31126343e+02, 2.28489883e+02,
    1.27876663e+02, 2.39045532e+02, 1.31645615e+02, 2.47060303e+02,
    1.43513855e+02, 2.36028732e+02, 1.42773209e+02, 2.24159164e+02,
    1.38730911e+02, 3.02365875e+02, 1.55028763e+02, 3.14863098e+02,
    1.48667145e+02, 3.26151978e+02, 1.50842148e+02, 3.32770935e+02,
    1.57476746e+02, 3.24444672e+02, 1.60778381e+02, 3.12189117e+02,
    1.59312729e+02, 2.21475327e+02, 2.16220474e+02, 2.35867386e+02,
    2.18720322e+02, 2.53214371e+02, 2.20880859e+02, 2.61766846e+02,
    2.24846024e+02, 2.73147888e+02, 2.25614212e+02, 2.87560059e+02,
    2.29596756e+02, 2.99321564e+02, 2.33976135e+02, 2.83343658e+02,
    2.47151382e+02, 2.66609436e+02, 2.49260345e+02, 2.53515854e+02,
    2.49018692e+02, 2.43470016e+02, 2.46379410e+02, 2.29538452e+02,
    2.34186478e+02, 2.25141479e+02, 2.19529922e+02, 2.49082581e+02,
    2.32461746e+02, 2.58422943e+02, 2.34331268e+02, 2.70581970e+02,
    2.35733932e+02, 2.94425598e+02, 2.35071457e+02, 2.70581970e+02,
    2.35733932e+02, 2.58422943e+02, 2.34331268e+02, 2.49082581e+02,
    2.32461746e+02 ]
noOfLandmarkPoint: 68
