%YAML:1.0
landmark: [ 2.46844025e+02, 1.71455490e+02, 2.47065536e+02,
    1.95656219e+02, 2.50332916e+02, 2.19579987e+02, 2.55787750e+02,
    2.43766846e+02, 2.65534454e+02, 2.65046295e+02, 2.79019287e+02,
    2.86035065e+02, 2.94816193e+02, 3.04545593e+02, 3.16483337e+02,
    3.20024078e+02, 3.40213318e+02, 3.25894318e+02, 3.61271271e+02,
    3.21242462e+02, 3.77206635e+02, 3.05528625e+02, 3.91868286e+02,
    2.87474976e+02, 4.03747131e+02, 2.66749298e+02, 4.09548096e+02,
    2.45829803e+02, 4.18256439e+02, 2.27111649e+02, 4.25838440e+02,
    2.04560806e+02, 4.25220367e+02, 1.81631485e+02, 2.78423950e+02,
    1.48694687e+02, 2.94511658e+02, 1.43212128e+02, 3.10959320e+02,
    1.44056686e+02, 3.28556091e+02, 1.46867203e+02, 3.44989899e+02,
    1.52945099e+02, 3.77538879e+02, 1.50231476e+02, 3.90912964e+02,
    1.46742599e+02, 4.03137939e+02, 1.46161118e+02, 4.14186096e+02,
    1.49082382e+02, 4.21399231e+02, 1.55132553e+02, 3.60357513e+02,
    1.77782623e+02, 3.60454407e+02, 1.95130173e+02, 3.61617371e+02,
    2.10816315e+02, 3.61617371e+02, 2.27928497e+02, 3.41140930e+02,
    2.40347260e+02, 3.49738525e+02, 2.41870193e+02, 3.56702454e+02,
    2.44791458e+02, 3.63334106e+02, 2.42451675e+02, 3.67875214e+02,
    2.40596481e+02, 2.96426605e+02, 1.74295578e+02, 3.08079407e+02,
    1.68853241e+02, 3.20702942e+02, 1.70796326e+02, 3.32414490e+02,
    1.81106247e+02, 3.19234955e+02, 1.83462265e+02, 3.06501862e+02,
    1.81875290e+02, 3.76957397e+02, 1.82794449e+02, 3.84809814e+02,
    1.72343369e+02, 3.98305695e+02, 1.70767426e+02, 4.09520355e+02,
    1.77561111e+02, 4.02085724e+02, 1.83362061e+02, 3.91189911e+02,
    1.85826462e+02, 3.21878967e+02, 2.72746124e+02, 3.35234802e+02,
    2.63680298e+02, 3.49323883e+02, 2.57529663e+02, 3.56040131e+02,
    2.60286041e+02, 3.61609406e+02, 2.58754700e+02, 3.69692627e+02,
    2.65148834e+02, 3.75896545e+02, 2.73122955e+02, 3.67327423e+02,
    2.79806885e+02, 3.59770447e+02, 2.85930023e+02, 3.52567535e+02,
    2.86748169e+02, 3.44852966e+02, 2.85403137e+02, 3.32999451e+02,
    2.79314514e+02, 3.25381714e+02, 2.72605682e+02, 3.47223450e+02,
    2.69937561e+02, 3.53522949e+02, 2.71009857e+02, 3.60345947e+02,
    2.70792938e+02, 3.70420441e+02, 2.72523285e+02, 3.60345947e+02,
    2.70792938e+02, 3.53522949e+02, 2.71009857e+02, 3.47223450e+02,
    2.69937561e+02 ]
noOfLandmarkPoint: 68
