%YAML:1.0
landmark: [ 2.51594070e+02, 1.57935547e+02, 2.52486069e+02,
    2.01642853e+02, 2.56945984e+02, 2.49810104e+02, 2.62297913e+02,
    3.00653320e+02, 2.73893738e+02, 3.51496521e+02, 3.04221252e+02,
    4.11259583e+02, 3.37224731e+02, 4.52290955e+02, 3.77958984e+02,
    4.93515259e+02, 4.28207306e+02, 5.01350189e+02, 4.75022888e+02,
    5.02133667e+02, 5.14729980e+02, 4.69238678e+02, 5.53085388e+02,
    4.25531372e+02, 5.83412903e+02, 3.83608002e+02, 6.03036560e+02,
    3.30088837e+02, 6.17308350e+02, 2.82813599e+02, 6.29241272e+02,
    2.39115875e+02, 6.34120422e+02, 1.91807236e+02, 3.00932861e+02,
    1.58320480e+02, 3.31529236e+02, 1.43413757e+02, 3.61554688e+02,
    1.44103271e+02, 3.93730743e+02, 1.44896973e+02, 4.25437256e+02,
    1.49191711e+02, 4.96490601e+02, 1.67659821e+02, 5.37675049e+02,
    1.63871277e+02, 5.70768555e+02, 1.62732880e+02, 6.05953979e+02,
    1.65028351e+02, 6.19279663e+02, 1.90159424e+02, 4.63240173e+02,
    1.98807968e+02, 4.62431580e+02, 2.34978165e+02, 4.61208038e+02,
    2.73654816e+02, 4.59091675e+02, 3.12275024e+02, 4.17151459e+02,
    3.23549255e+02, 4.34013367e+02, 3.30983154e+02, 4.54077240e+02,
    3.37674225e+02, 4.70566193e+02, 3.33656799e+02, 4.84365723e+02,
    3.29023163e+02, 3.40363586e+02, 1.87364807e+02, 3.63468750e+02,
    1.76071381e+02, 3.82694855e+02, 1.79132675e+02, 4.06238922e+02,
    1.93970337e+02, 3.80811981e+02, 2.00262756e+02, 3.56900391e+02,
    1.97594955e+02, 5.06208832e+02, 2.03029968e+02, 5.28204346e+02,
    1.90807327e+02, 5.49806519e+02, 1.90771927e+02, 5.68737610e+02,
    2.03792175e+02, 5.52999634e+02, 2.12500870e+02, 5.30751221e+02,
    2.12364853e+02, 3.70689301e+02, 3.80939026e+02, 3.91617310e+02,
    3.83172485e+02, 4.32697449e+02, 3.79159698e+02, 4.46047028e+02,
    3.84069092e+02, 4.65214294e+02, 3.80939026e+02, 4.93340881e+02,
    3.88081879e+02, 5.07587097e+02, 3.86735779e+02, 4.93327026e+02,
    3.99785431e+02, 4.65537415e+02, 4.08961914e+02, 4.46905273e+02,
    4.09754333e+02, 4.32539795e+02, 4.07890045e+02, 3.91772278e+02,
    3.96851898e+02, 3.86321136e+02, 3.86742737e+02, 4.32620728e+02,
    3.89199280e+02, 4.45654175e+02, 3.92232178e+02, 4.64764801e+02,
    3.92087677e+02, 4.98657959e+02, 3.92096985e+02, 4.64764801e+02,
    3.92087677e+02, 4.45654175e+02, 3.92232178e+02, 4.32620728e+02,
    3.89199280e+02 ]
noOfLandmarkPoint: 68
