%YAML:1.0
landmark: [ 1.00265701e+02, 1.88692001e+02, 9.96566696e+01,
    2.10989365e+02, 1.02867126e+02, 2.33585037e+02, 1.03498116e+02,
    2.57068024e+02, 1.11148613e+02, 2.82600433e+02, 1.26579926e+02,
    3.00657074e+02, 1.43240143e+02, 3.15059601e+02, 1.58602371e+02,
    3.33461395e+02, 1.82843079e+02, 3.40266846e+02, 2.06593796e+02,
    3.38648743e+02, 2.27584610e+02, 3.25151825e+02, 2.45774353e+02,
    3.06629028e+02, 2.61426636e+02, 2.87954376e+02, 2.72434296e+02,
    2.65214386e+02, 2.77289124e+02, 2.39203445e+02, 2.78220306e+02,
    2.14952530e+02, 2.77924133e+02, 1.89218933e+02, 1.12735512e+02,
    1.67789871e+02, 1.21267647e+02, 1.55089645e+02, 1.37624115e+02,
    1.50169693e+02, 1.52360733e+02, 1.50196442e+02, 1.67516235e+02,
    1.57300110e+02, 2.06570816e+02, 1.56102783e+02, 2.24567566e+02,
    1.53040207e+02, 2.39479309e+02, 1.52938522e+02, 2.55406403e+02,
    1.57926285e+02, 2.63172211e+02, 1.70171677e+02, 1.87006180e+02,
    1.81018021e+02, 1.86948425e+02, 1.96518066e+02, 1.86636200e+02,
    2.12933121e+02, 1.86423401e+02, 2.29298477e+02, 1.65352768e+02,
    2.37632874e+02, 1.74685638e+02, 2.40332840e+02, 1.86070679e+02,
    2.45331268e+02, 1.98141998e+02, 2.40709229e+02, 2.08930634e+02,
    2.38478775e+02, 1.31448151e+02, 1.85702423e+02, 1.40573502e+02,
    1.78790176e+02, 1.51536423e+02, 1.79378265e+02, 1.61447800e+02,
    1.86655823e+02, 1.50944870e+02, 1.88543335e+02, 1.39810867e+02,
    1.88962585e+02, 2.14053619e+02, 1.88329071e+02, 2.23889969e+02,
    1.81638702e+02, 2.35529633e+02, 1.81462784e+02, 2.45644928e+02,
    1.88279770e+02, 2.37160629e+02, 1.91989182e+02, 2.24999741e+02,
    1.92355042e+02, 1.47348312e+02, 2.70224396e+02, 1.59546951e+02,
    2.62149719e+02, 1.72054367e+02, 2.59911041e+02, 1.84489975e+02,
    2.61580444e+02, 1.96399979e+02, 2.59674225e+02, 2.11429840e+02,
    2.62509125e+02, 2.25381226e+02, 2.71605713e+02, 2.12884827e+02,
    2.82320465e+02, 1.98266464e+02, 2.90919769e+02, 1.86524948e+02,
    2.91854919e+02, 1.73102570e+02, 2.90203033e+02, 1.59359085e+02,
    2.82134033e+02, 1.53968048e+02, 2.72597900e+02, 1.72304611e+02,
    2.72798645e+02, 1.85075485e+02, 2.74387634e+02, 1.97447205e+02,
    2.72494171e+02, 2.19407639e+02, 2.72185272e+02, 1.97447205e+02,
    2.72494171e+02, 1.85075485e+02, 2.74387634e+02, 1.72304611e+02,
    2.72798645e+02 ]
noOfLandmarkPoint: 68
