%YAML:1.0
landmark: [ 2.71916779e+02, 2.01472000e+02, 2.74228577e+02,
    2.28001434e+02, 2.82483521e+02, 2.56264771e+02, 2.91923309e+02,
    2.81332184e+02, 3.03628448e+02, 3.06332642e+02, 3.19559937e+02,
    3.26063324e+02, 3.43640167e+02, 3.40478973e+02, 3.69765533e+02,
    3.55973236e+02, 3.96871185e+02, 3.57713135e+02, 4.23640442e+02,
    3.48755463e+02, 4.50381927e+02, 3.28373383e+02, 4.71273376e+02,
    3.04126221e+02, 4.85831879e+02, 2.75820404e+02, 4.89646637e+02,
    2.47797333e+02, 4.89604584e+02, 2.20655426e+02, 4.91184265e+02,
    1.89859238e+02, 4.92049103e+02, 1.56610291e+02, 2.73703461e+02,
    1.55323837e+02, 2.91915863e+02, 1.57663971e+02, 3.08667480e+02,
    1.58238083e+02, 3.24234497e+02, 1.58528778e+02, 3.44303864e+02,
    1.63277527e+02, 3.94839447e+02, 1.50293137e+02, 4.13306580e+02,
    1.42008789e+02, 4.30347443e+02, 1.36500977e+02, 4.45180725e+02,
    1.31755219e+02, 4.60486145e+02, 1.26486282e+02, 3.69496094e+02,
    1.76863266e+02, 3.71748932e+02, 1.95671906e+02, 3.72475708e+02,
    2.14992126e+02, 3.73609589e+02, 2.35374527e+02, 3.58207062e+02,
    2.52516891e+02, 3.68765472e+02, 2.54592758e+02, 3.79153931e+02,
    2.55201813e+02, 3.89851837e+02, 2.50786606e+02, 3.97185944e+02,
    2.46013199e+02, 3.01855194e+02, 1.94095108e+02, 3.10012909e+02,
    1.85069672e+02, 3.24251373e+02, 1.82905212e+02, 3.38635345e+02,
    1.89263412e+02, 3.25527008e+02, 1.96964493e+02, 3.12803528e+02,
    1.98983536e+02, 4.05482391e+02, 1.80002975e+02, 4.13500153e+02,
    1.67613205e+02, 4.28293488e+02, 1.66060822e+02, 4.41117950e+02,
    1.72631790e+02, 4.31273834e+02, 1.80556946e+02, 4.17284088e+02,
    1.82319534e+02, 3.47749390e+02, 2.95006287e+02, 3.61504517e+02,
    2.84207367e+02, 3.74688354e+02, 2.78479065e+02, 3.83179169e+02,
    2.81580170e+02, 3.91888733e+02, 2.76689240e+02, 4.06826141e+02,
    2.79144226e+02, 4.25318604e+02, 2.82175964e+02, 4.11511810e+02,
    2.95137299e+02, 3.97516357e+02, 3.05260864e+02, 3.87148743e+02,
    3.08493164e+02, 3.76957764e+02, 3.07338593e+02, 3.64237671e+02,
    3.03470032e+02, 3.51303223e+02, 2.94290955e+02, 3.75383331e+02,
    2.90739746e+02, 3.84605896e+02, 2.90725189e+02, 3.94104645e+02,
    2.88944641e+02, 4.20177612e+02, 2.83013306e+02, 3.94104645e+02,
    2.88944641e+02, 3.84605896e+02, 2.90725189e+02, 3.75383331e+02,
    2.90739746e+02 ]
noOfLandmarkPoint: 68
