%YAML:1.0
landmark: [ 9.74165344e+01, 1.82377274e+02, 1.04819870e+02,
    2.09554276e+02, 1.12645638e+02, 2.35014648e+02, 1.20203354e+02,
    2.59715576e+02, 1.31116699e+02, 2.82978821e+02, 1.46805420e+02,
    3.02864532e+02, 1.63948273e+02, 3.20007385e+02, 1.89366989e+02,
    3.28874390e+02, 2.15967987e+02, 3.30056641e+02, 2.39022171e+02,
    3.22963043e+02, 2.65032013e+02, 3.10549255e+02, 2.79810333e+02,
    2.88677338e+02, 2.91041870e+02, 2.64440887e+02, 2.96953217e+02,
    2.38431030e+02, 2.98726593e+02, 2.11238922e+02, 2.98726593e+02,
    1.85820190e+02, 2.98135468e+02, 1.59810349e+02, 1.20798988e+02,
    1.65664673e+02, 1.27273453e+02, 1.51573242e+02, 1.43532608e+02,
    1.47310440e+02, 1.59374161e+02, 1.48362305e+02, 1.75251801e+02,
    1.52698181e+02, 2.09033478e+02, 1.48724258e+02, 2.23727020e+02,
    1.40095917e+02, 2.40219193e+02, 1.33653366e+02, 2.56829315e+02,
    1.33283890e+02, 2.69486511e+02, 1.42447021e+02, 1.92561264e+02,
    1.64780945e+02, 1.96292938e+02, 1.85846558e+02, 1.98993561e+02,
    2.04572128e+02, 2.02269028e+02, 2.24712494e+02, 1.81268661e+02,
    2.32017334e+02, 1.91376480e+02, 2.38002319e+02, 2.03242935e+02,
    2.40062378e+02, 2.17888702e+02, 2.33953156e+02, 2.25410995e+02,
    2.26963425e+02, 1.37007339e+02, 1.81002365e+02, 1.44928146e+02,
    1.73066452e+02, 1.57972504e+02, 1.70622986e+02, 1.70396088e+02,
    1.78093719e+02, 1.60460037e+02, 1.82938187e+02, 1.48061340e+02,
    1.84711594e+02, 2.22529541e+02, 1.70311523e+02, 2.30852264e+02,
    1.60820602e+02, 2.43441498e+02, 1.58877106e+02, 2.53415726e+02,
    1.64089844e+02, 2.44238754e+02, 1.70161148e+02, 2.34501129e+02,
    1.72718567e+02, 1.70657623e+02, 2.78066162e+02, 1.84867859e+02,
    2.67900330e+02, 1.97199036e+02, 2.64248260e+02, 2.06258667e+02,
    2.65666595e+02, 2.20282928e+02, 2.60095734e+02, 2.36979309e+02,
    2.62371185e+02, 2.51375229e+02, 2.67233612e+02, 2.38649841e+02,
    2.74090729e+02, 2.23855835e+02, 2.80227905e+02, 2.10084824e+02,
    2.84175842e+02, 2.00582306e+02, 2.85042877e+02, 1.87706070e+02,
    2.83428009e+02, 1.74692017e+02, 2.75391541e+02, 1.98047089e+02,
    2.70195618e+02, 2.07163101e+02, 2.69897461e+02, 2.21751160e+02,
    2.67401154e+02, 2.45582520e+02, 2.67026733e+02, 2.21751160e+02,
    2.67401154e+02, 2.07163101e+02, 2.69897461e+02, 1.98047089e+02,
    2.70195618e+02 ]
noOfLandmarkPoint: 68
