%YAML:1.0
landmark: [ 6.62639771e+01, 1.51545654e+02, 6.50295868e+01,
    1.69449203e+02, 6.68816605e+01, 1.88354828e+02, 7.35047150e+01,
    2.03630280e+02, 8.83659592e+01, 2.19435394e+02, 1.04559921e+02,
    2.32296875e+02, 1.23503166e+02, 2.41766098e+02, 1.41123810e+02,
    2.47080612e+02, 1.55640320e+02, 2.42953888e+02, 1.65403259e+02,
    2.32302658e+02, 1.68325592e+02, 2.19499725e+02, 1.68967697e+02,
    2.02396744e+02, 1.72685318e+02, 1.83662186e+02, 1.76738632e+02,
    1.70956284e+02, 1.80737106e+02, 1.57996704e+02, 1.80486618e+02,
    1.47819321e+02, 1.78916092e+02, 1.37303635e+02, 1.00596497e+02,
    1.55669113e+02, 1.11482475e+02, 1.48671478e+02, 1.23509102e+02,
    1.46687820e+02, 1.38833038e+02, 1.49719055e+02, 1.52766663e+02,
    1.49211563e+02, 1.64476593e+02, 1.44527725e+02, 1.70116013e+02,
    1.38368439e+02, 1.74024506e+02, 1.32757797e+02, 1.76779327e+02,
    1.28804230e+02, 1.79723083e+02, 1.25939705e+02, 1.58612961e+02,
    1.53573914e+02, 1.61221390e+02, 1.66480316e+02, 1.64160782e+02,
    1.80120422e+02, 1.67731979e+02, 1.92717438e+02, 1.49595566e+02,
    1.99162582e+02, 1.55571365e+02, 2.00008118e+02, 1.61435562e+02,
    2.02167206e+02, 1.65845718e+02, 2.00796967e+02, 1.70755173e+02,
    1.98090668e+02, 1.13669632e+02, 1.66160019e+02, 1.21283188e+02,
    1.69995972e+02, 1.30941010e+02, 1.68599350e+02, 1.38689438e+02,
    1.62385086e+02, 1.30844620e+02, 1.68585739e+02, 1.21270279e+02,
    1.69889755e+02, 1.63745010e+02, 1.50448700e+02, 1.66379517e+02,
    1.48243607e+02, 1.69561523e+02, 1.46709305e+02, 1.72506561e+02,
    1.46006729e+02, 1.69775574e+02, 1.49601318e+02, 1.66942932e+02,
    1.51030930e+02, 1.38958298e+02, 2.20845261e+02, 1.45356522e+02,
    2.17018600e+02, 1.52272186e+02, 2.14469528e+02, 1.57277786e+02,
    2.12894760e+02, 1.60631439e+02, 2.10727936e+02, 1.63232803e+02,
    2.09939423e+02, 1.64707932e+02, 2.09493362e+02, 1.64646667e+02,
    2.14165085e+02, 1.63627716e+02, 2.19999176e+02, 1.60442993e+02,
    2.22156448e+02, 1.55737671e+02, 2.24683212e+02, 1.47669632e+02,
    2.23571899e+02, 1.41493134e+02, 2.20166702e+02, 1.53455658e+02,
    2.17538986e+02, 1.58296295e+02, 2.15580307e+02, 1.61625229e+02,
    2.13674286e+02, 1.64216812e+02, 2.11482330e+02, 1.61625229e+02,
    2.13674286e+02, 1.58296295e+02, 2.15580307e+02, 1.53455658e+02,
    2.17538986e+02 ]
noOfLandmarkPoint: 68
