%YAML:1.0
landmark: [ 8.13282166e+01, 1.04433731e+02, 8.32428436e+01,
    1.19108711e+02, 9.06178741e+01, 1.30606537e+02, 9.68539886e+01,
    1.44998199e+02, 1.02573181e+02, 1.58431030e+02, 1.10517273e+02,
    1.71026398e+02, 1.23656502e+02, 1.80758469e+02, 1.36467590e+02,
    1.87231110e+02, 1.49546356e+02, 1.87416656e+02, 1.63623825e+02,
    1.82784042e+02, 1.75455856e+02, 1.74145615e+02, 1.87438461e+02,
    1.63297714e+02, 1.94424530e+02, 1.47296341e+02, 1.97965164e+02,
    1.29916397e+02, 1.97432800e+02, 1.13350441e+02, 1.97489075e+02,
    9.81382217e+01, 1.95802948e+02, 8.14724197e+01, 9.33538437e+01,
    9.25797882e+01, 9.92741776e+01, 8.74740372e+01, 1.06448662e+02,
    8.57596436e+01, 1.13689346e+02, 8.52701187e+01, 1.23060982e+02,
    8.67388840e+01, 1.43358734e+02, 8.09459915e+01, 1.50451538e+02,
    7.73803329e+01, 1.58030838e+02, 7.50762558e+01, 1.65747894e+02,
    7.45982895e+01, 1.72367706e+02, 7.53466873e+01, 1.34127640e+02,
    9.65677567e+01, 1.35232132e+02, 1.05639534e+02, 1.36317886e+02,
    1.14776489e+02, 1.37399124e+02, 1.23827057e+02, 1.28630188e+02,
    1.32682892e+02, 1.34640427e+02, 1.34002350e+02, 1.40530640e+02,
    1.34618179e+02, 1.45683029e+02, 1.31498505e+02, 1.51019348e+02,
    1.29675735e+02, 1.02409744e+02, 1.00007401e+02, 1.06711960e+02,
    9.62031555e+01, 1.12784332e+02, 9.51942978e+01, 1.18027771e+02,
    9.77867661e+01, 1.13582611e+02, 1.00869469e+02, 1.07199158e+02,
    1.00983719e+02, 1.51620773e+02, 9.14851913e+01, 1.55832260e+02,
    8.75239105e+01, 1.62516113e+02, 8.55294800e+01, 1.68486816e+02,
    8.71115570e+01, 1.63593369e+02, 9.07786331e+01, 1.57714630e+02,
    9.19039917e+01, 1.25756531e+02, 1.51337173e+02, 1.32183136e+02,
    1.50806778e+02, 1.37506638e+02, 1.50192841e+02, 1.43081909e+02,
    1.50331879e+02, 1.47920624e+02, 1.49036835e+02, 1.55186234e+02,
    1.47931702e+02, 1.64737808e+02, 1.44480438e+02, 1.56483917e+02,
    1.53124191e+02, 1.49076126e+02, 1.55970596e+02, 1.44160858e+02,
    1.57230270e+02, 1.37955887e+02, 1.57261276e+02, 1.32806305e+02,
    1.56037399e+02, 1.28681747e+02, 1.52119141e+02, 1.37469727e+02,
    1.52430740e+02, 1.43553528e+02, 1.52390167e+02, 1.48411499e+02,
    1.50996658e+02, 1.62530411e+02, 1.46048004e+02, 1.48411499e+02,
    1.50996658e+02, 1.43553528e+02, 1.52390167e+02, 1.37469727e+02,
    1.52430740e+02 ]
noOfLandmarkPoint: 68
