%YAML:1.0
landmark: [ 3.21308105e+02, 2.97432465e+02, 3.29184082e+02,
    3.47510132e+02, 3.41832520e+02, 3.88500397e+02, 3.49644867e+02,
    4.30092682e+02, 3.66496674e+02, 4.71347412e+02, 3.92911926e+02,
    5.02986786e+02, 4.24618225e+02, 5.29810730e+02, 4.55753784e+02,
    5.52162842e+02, 5.04413849e+02, 5.61834351e+02, 5.50696228e+02,
    5.55107544e+02, 5.89505249e+02, 5.25726318e+02, 6.21271790e+02,
    4.94852081e+02, 6.45827271e+02, 4.56906799e+02, 6.59811096e+02,
    4.10916992e+02, 6.63664734e+02, 3.64751678e+02, 6.74702820e+02,
    3.18934052e+02, 6.77864929e+02, 2.76450562e+02, 3.47406677e+02,
    2.55640671e+02, 3.74042542e+02, 2.45422104e+02, 4.03563599e+02,
    2.43318817e+02, 4.30520416e+02, 2.44847504e+02, 4.58002197e+02,
    2.53207718e+02, 5.23654358e+02, 2.49637573e+02, 5.53945251e+02,
    2.40133621e+02, 5.83725464e+02, 2.37446838e+02, 6.16866455e+02,
    2.34940964e+02, 6.43117188e+02, 2.43526291e+02, 4.92364960e+02,
    2.90332764e+02, 4.94470032e+02, 3.26008514e+02, 4.97632141e+02,
    3.57168457e+02, 4.99183929e+02, 3.87581757e+02, 4.66069641e+02,
    4.04185089e+02, 4.82681885e+02, 4.10947174e+02, 4.99183929e+02,
    4.15810150e+02, 5.16374207e+02, 4.10001984e+02, 5.33967102e+02,
    4.03216644e+02, 3.78515137e+02, 2.94504578e+02, 3.98980988e+02,
    2.82028168e+02, 4.26920258e+02, 2.81512115e+02, 4.46752991e+02,
    2.97838684e+02, 4.20306946e+02, 3.05198639e+02, 3.94032898e+02,
    3.05542664e+02, 5.43308655e+02, 2.95110535e+02, 5.58513672e+02,
    2.77028809e+02, 5.86738464e+02, 2.73233551e+02, 6.09564880e+02,
    2.86800598e+02, 5.92433167e+02, 2.97838684e+02, 5.64896423e+02,
    2.99793060e+02, 4.42998627e+02, 4.62522247e+02, 4.66731506e+02,
    4.50355835e+02, 4.84478760e+02, 4.43433929e+02, 5.02917358e+02,
    4.47147552e+02, 5.20454956e+02, 4.43577393e+02, 5.39599609e+02,
    4.46508942e+02, 5.62308960e+02, 4.58868256e+02, 5.43219177e+02,
    4.81061554e+02, 5.21315002e+02, 4.90258759e+02, 5.04761536e+02,
    4.91235931e+02, 4.85792542e+02, 4.90891907e+02, 4.66997131e+02,
    4.85478577e+02, 4.57161560e+02, 4.62284027e+02, 4.85339020e+02,
    4.58733704e+02, 5.03477783e+02, 4.60163086e+02, 5.20639343e+02,
    4.58199829e+02, 5.50004578e+02, 4.59845428e+02, 5.20589722e+02,
    4.62622589e+02, 5.03509766e+02, 4.63731049e+02, 4.85339020e+02,
    4.62975525e+02 ]
noOfLandmarkPoint: 68
