%YAML:1.0
landmark: [ 3.61128235e+02, 1.79960876e+02, 3.59937256e+02,
    2.00361786e+02, 3.60535126e+02, 2.24903412e+02, 3.62517242e+02,
    2.44580658e+02, 3.68690491e+02, 2.61544250e+02, 3.77118164e+02,
    2.76029083e+02, 3.90871368e+02, 2.86480377e+02, 4.06226105e+02,
    2.96092957e+02, 4.23840363e+02, 2.98546417e+02, 4.42258301e+02,
    2.94267059e+02, 4.64993713e+02, 2.84761536e+02, 4.85432861e+02,
    2.69727631e+02, 5.03133759e+02, 2.53908936e+02, 5.16473572e+02,
    2.36927521e+02, 5.19932495e+02, 2.17842789e+02, 5.17292358e+02,
    1.97103226e+02, 5.13336609e+02, 1.76966370e+02, 3.63911926e+02,
    1.46254776e+02, 3.70108093e+02, 1.40020584e+02, 3.78499298e+02,
    1.39027435e+02, 3.88262573e+02, 1.39395599e+02, 3.98278137e+02,
    1.42176147e+02, 4.31360321e+02, 1.40792343e+02, 4.43140594e+02,
    1.36707901e+02, 4.56060730e+02, 1.36636536e+02, 4.68196808e+02,
    1.37528137e+02, 4.79425842e+02, 1.42891006e+02, 4.14255829e+02,
    1.63052399e+02, 4.13606720e+02, 1.74564804e+02, 4.12741302e+02,
    1.86568222e+02, 4.11566406e+02, 1.99931488e+02, 3.97979492e+02,
    2.08746918e+02, 4.04923767e+02, 2.11103134e+02, 4.12593475e+02,
    2.13222763e+02, 4.21704559e+02, 2.09921799e+02, 4.31910828e+02,
    2.07572037e+02, 3.73598877e+02, 1.71442657e+02, 3.80064545e+02,
    1.65863922e+02, 3.88292542e+02, 1.65348465e+02, 3.97028290e+02,
    1.69828156e+02, 3.89535553e+02, 1.71954239e+02, 3.79844757e+02,
    1.73276947e+02, 4.43959747e+02, 1.66576218e+02, 4.50759583e+02,
    1.61547119e+02, 4.60092224e+02, 1.62099228e+02, 4.67117676e+02,
    1.66168839e+02, 4.60823273e+02, 1.67381088e+02, 4.51085358e+02,
    1.67378113e+02, 3.90884583e+02, 2.40301361e+02, 3.97547302e+02,
    2.32322556e+02, 4.07048859e+02, 2.29278336e+02, 4.15536285e+02,
    2.31510635e+02, 4.25917206e+02, 2.28162643e+02, 4.41368408e+02,
    2.30745285e+02, 4.52889679e+02, 2.36041809e+02, 4.40616943e+02,
    2.48283615e+02, 4.26718781e+02, 2.52292847e+02, 4.16650391e+02,
    2.53725830e+02, 4.07126953e+02, 2.53136414e+02, 3.96061096e+02,
    2.48959442e+02, 3.96808472e+02, 2.40025116e+02, 4.07090576e+02,
    2.37899033e+02, 4.15610382e+02, 2.38486481e+02, 4.26116150e+02,
    2.36064743e+02, 4.48790985e+02, 2.36576340e+02, 4.26116150e+02,
    2.36064743e+02, 4.15610382e+02, 2.38486481e+02, 4.07090576e+02,
    2.37899033e+02 ]
noOfLandmarkPoint: 68
