%YAML:1.0
landmark: [ 1.40282812e+01, 4.98503479e+02, 7.79345798e+00,
    5.18102112e+02, 7.65136719e+00, 5.48341309e+02, 7.50293922e+00,
    5.73161133e+02, 2.44697189e+01, 5.84646973e+02, 4.40927849e+01,
    5.95892090e+02, 6.50073471e+01, 6.05351562e+02, 8.33515930e+01,
    6.09423340e+02, 1.00633324e+02, 6.09689453e+02, 1.09462891e+02,
    6.03382202e+02, 1.10451195e+02, 5.87411011e+02, 1.11625031e+02,
    5.76827454e+02, 1.15795448e+02, 5.58834351e+02, 1.22913589e+02,
    5.44079468e+02, 1.26998039e+02, 5.30369019e+02, 1.27004372e+02,
    5.16416931e+02, 1.23538071e+02, 5.03966309e+02, 4.68486328e+01,
    4.75408691e+02, 5.84150391e+01, 4.70589355e+02, 7.21073914e+01,
    4.69520508e+02, 8.44711380e+01, 4.70558594e+02, 9.68222122e+01,
    4.73314423e+02, 1.12824211e+02, 4.75748077e+02, 1.17210938e+02,
    4.73363312e+02, 1.21888184e+02, 4.71898956e+02, 1.26670410e+02,
    4.71107941e+02, 1.30495117e+02, 4.72386749e+02, 1.03438950e+02,
    4.97077148e+02, 1.07393066e+02, 5.07673340e+02, 1.12354492e+02,
    5.17596191e+02, 1.16784660e+02, 5.27704590e+02, 9.17612228e+01,
    5.39598633e+02, 9.89155579e+01, 5.41384277e+02, 1.05125031e+02,
    5.44461426e+02, 1.12094749e+02, 5.42848633e+02, 1.18428215e+02,
    5.40988770e+02, 5.55297737e+01, 4.96119629e+02, 6.17021446e+01,
    4.90336426e+02, 7.10195236e+01, 4.89372559e+02, 7.43681717e+01,
    4.96342255e+02, 7.10874023e+01, 4.99937988e+02, 6.19492188e+01,
    4.99616699e+02, 1.07825676e+02, 4.95544922e+02, 1.11063004e+02,
    4.90626923e+02, 1.16944855e+02, 4.90163544e+02, 1.20238297e+02,
    4.94019012e+02, 1.16734886e+02, 4.96440918e+02, 1.12632339e+02,
    4.96366699e+02, 6.83750000e+01, 5.68582520e+02, 7.76923828e+01,
    5.63763184e+02, 8.89375000e+01, 5.60229004e+02, 9.92187500e+01,
    5.59265137e+02, 1.06929688e+02, 5.60550293e+02, 1.11106445e+02,
    5.63763184e+02, 1.12391602e+02, 5.68582520e+02, 1.09178711e+02,
    5.74365723e+02, 1.04038086e+02, 5.76936035e+02, 9.76123047e+01,
    5.76614746e+02, 9.05439453e+01, 5.75650879e+02, 8.05839844e+01,
    5.74044434e+02, 7.19091797e+01, 5.67939941e+02, 9.02226562e+01,
    5.67297363e+02, 9.72910156e+01, 5.66976074e+02, 1.01467773e+02,
    5.67297363e+02, 1.10142578e+02, 5.67618652e+02, 1.01467773e+02,
    5.68903809e+02, 9.69697266e+01, 5.68903809e+02, 9.02226562e+01,
    5.68903809e+02 ]
noOfLandmarkPoint: 68
