%YAML:1.0
landmark: [ 6.04526215e+01, 2.37224121e+02, 6.51387405e+01,
    2.65462280e+02, 7.37050858e+01, 2.93785889e+02, 7.98177261e+01,
    3.22408966e+02, 8.72426453e+01, 3.57059296e+02, 1.06500710e+02,
    3.82429993e+02, 1.33874496e+02, 4.06048828e+02, 1.61706543e+02,
    4.23171570e+02, 1.95855621e+02, 4.23279144e+02, 2.32464127e+02,
    4.14969574e+02, 2.50684433e+02, 3.95241516e+02, 2.74023804e+02,
    3.69502350e+02, 2.88086884e+02, 3.42113678e+02, 2.92088348e+02,
    3.12114594e+02, 2.90613098e+02, 2.78983826e+02, 2.94178558e+02,
    2.44917587e+02, 2.94600433e+02, 2.12466232e+02, 7.89843597e+01,
    2.06090057e+02, 9.71267624e+01, 1.91967636e+02, 1.17268425e+02,
    1.87390289e+02, 1.39653595e+02, 1.91214233e+02, 1.59115311e+02,
    1.94432495e+02, 2.05970673e+02, 1.87377716e+02, 2.27650040e+02,
    1.78585678e+02, 2.47202408e+02, 1.71272736e+02, 2.68013062e+02,
    1.75404755e+02, 2.82175018e+02, 1.87097534e+02, 1.86102325e+02,
    2.20116592e+02, 1.90480331e+02, 2.45812088e+02, 1.94353348e+02,
    2.68329742e+02, 1.98832581e+02, 2.93907318e+02, 1.70637054e+02,
    3.07785522e+02, 1.85073730e+02, 3.11025604e+02, 1.97605728e+02,
    3.15925812e+02, 2.08197617e+02, 3.09299591e+02, 2.16656921e+02,
    3.04406586e+02, 1.04083031e+02, 2.27466965e+02, 1.17209854e+02,
    2.18043381e+02, 1.40170486e+02, 2.17514832e+02, 1.51044052e+02,
    2.29920670e+02, 1.36704285e+02, 2.33417267e+02, 1.17342941e+02,
    2.33396942e+02, 2.17277557e+02, 2.23708191e+02, 2.32034760e+02,
    2.10355881e+02, 2.48247314e+02, 2.06275986e+02, 2.59545258e+02,
    2.16268860e+02, 2.55187469e+02, 2.24720947e+02, 2.38069183e+02,
    2.26867950e+02, 1.36331772e+02, 3.38867432e+02, 1.53215851e+02,
    3.37121277e+02, 1.75213501e+02, 3.35812012e+02, 1.92150742e+02,
    3.40966705e+02, 2.08830170e+02, 3.35821930e+02, 2.25888611e+02,
    3.34771027e+02, 2.42477173e+02, 3.35326385e+02, 2.26943726e+02,
    3.53339752e+02, 2.11610901e+02, 3.62467163e+02, 1.94136703e+02,
    3.66584503e+02, 1.76648590e+02, 3.65581390e+02, 1.53557327e+02,
    3.58904236e+02, 1.46671860e+02, 3.46496216e+02, 1.76029083e+02,
    3.50200592e+02, 1.92835037e+02, 3.51844635e+02, 2.09876205e+02,
    3.48523254e+02, 2.33740982e+02, 3.42777313e+02, 2.09876205e+02,
    3.48523254e+02, 1.92835037e+02, 3.51844635e+02, 1.76029083e+02,
    3.50200592e+02 ]
noOfLandmarkPoint: 68
