%YAML:1.0
landmark: [ 1.51480042e+02, 1.14813652e+02, 1.50325424e+02,
    1.39325851e+02, 1.52441452e+02, 1.60275192e+02, 1.57574905e+02,
    1.80460571e+02, 1.64555191e+02, 2.00965179e+02, 1.74589355e+02,
    2.18852173e+02, 1.88113663e+02, 2.34557816e+02, 2.02722763e+02,
    2.50777863e+02, 2.26002625e+02, 2.55934952e+02, 2.52782974e+02,
    2.57165619e+02, 2.73768097e+02, 2.45184509e+02, 2.90770782e+02,
    2.32532730e+02, 3.05167633e+02, 2.13616959e+02, 3.18837830e+02,
    1.94891296e+02, 3.27473297e+02, 1.71802979e+02, 3.29866913e+02,
    1.44776474e+02, 3.31802124e+02, 1.21744156e+02, 1.58503448e+02,
    8.50298767e+01, 1.66985336e+02, 7.55591736e+01, 1.78023041e+02,
    7.36649933e+01, 1.90618286e+02, 7.52239456e+01, 2.02258728e+02,
    7.97528610e+01, 2.44694382e+02, 8.38330765e+01, 2.61496582e+02,
    7.50517120e+01, 2.77879913e+02, 7.35300674e+01, 2.94940491e+02,
    7.63927765e+01, 3.03843445e+02, 8.76065598e+01, 2.23887650e+02,
    1.06295006e+02, 2.22578842e+02, 1.22000656e+02, 2.22142578e+02,
    1.37270035e+02, 2.21270035e+02, 1.50358078e+02, 2.06000656e+02,
    1.61701050e+02, 2.13495346e+02, 1.65023193e+02, 2.22634842e+02,
    1.68547211e+02, 2.33217285e+02, 1.65515457e+02, 2.42647171e+02,
    1.63009857e+02, 1.72441895e+02, 1.12000374e+02, 1.80260834e+02,
    1.03979538e+02, 1.92096085e+02, 1.05590477e+02, 2.03383041e+02,
    1.12212624e+02, 1.92096085e+02, 1.18018242e+02, 1.79724319e+02,
    1.18678520e+02, 2.53609879e+02, 1.13231049e+02, 2.63073639e+02,
    1.05814491e+02, 2.75501404e+02, 1.06799034e+02, 2.86273987e+02,
    1.12402763e+02, 2.77090240e+02, 1.18432388e+02, 2.63924072e+02,
    1.18678520e+02, 1.91301666e+02, 1.96658493e+02, 1.98808105e+02,
    1.86848343e+02, 2.10945496e+02, 1.81937393e+02, 2.19715103e+02,
    1.82753922e+02, 2.30173782e+02, 1.81030975e+02, 2.45174896e+02,
    1.85885925e+02, 2.66799561e+02, 1.97833176e+02, 2.46391708e+02,
    2.07953888e+02, 2.30453796e+02, 2.13192444e+02, 2.20129242e+02,
    2.14691376e+02, 2.10621231e+02, 2.14557251e+02, 1.99756577e+02,
    2.06506668e+02, 1.98349716e+02, 1.97833176e+02, 2.11727783e+02,
    1.96945282e+02, 2.20282578e+02, 1.97970749e+02, 2.31189407e+02,
    1.96146042e+02, 2.56887756e+02, 1.97396912e+02, 2.31189407e+02,
    1.96146042e+02, 2.20282578e+02, 1.97970749e+02, 2.11727783e+02,
    1.96945282e+02 ]
noOfLandmarkPoint: 68
