%YAML:1.0
landmark: [ 9.85559082e+01, 8.70496368e+01, 9.99848785e+01,
    1.08571495e+02, 1.03317451e+02, 1.31532272e+02, 1.06340912e+02,
    1.54075226e+02, 1.14088280e+02, 1.75719635e+02, 1.29030304e+02,
    1.93433563e+02, 1.51044678e+02, 2.07259125e+02, 1.70430389e+02,
    2.17598892e+02, 1.92347107e+02, 2.22078003e+02, 2.11315079e+02,
    2.17921021e+02, 2.28403900e+02, 2.05812180e+02, 2.40134232e+02,
    1.87654785e+02, 2.50187820e+02, 1.69523315e+02, 2.58913971e+02,
    1.48986389e+02, 2.63400208e+02, 1.27448891e+02, 2.66568054e+02,
    1.05611298e+02, 2.67691864e+02, 8.37872314e+01, 1.23798126e+02,
    6.40460663e+01, 1.37994736e+02, 5.84285545e+01, 1.54019867e+02,
    5.57443237e+01, 1.71402756e+02, 5.67305107e+01, 1.85386505e+02,
    6.21028671e+01, 2.09585190e+02, 6.11746864e+01, 2.22690842e+02,
    5.73985596e+01, 2.35417648e+02, 5.21756439e+01, 2.50328735e+02,
    5.10042496e+01, 2.63537476e+02, 5.63599968e+01, 2.00716782e+02,
    7.53441315e+01, 2.01346008e+02, 8.81749649e+01, 2.01918854e+02,
    1.02193298e+02, 2.03000916e+02, 1.16602295e+02, 1.83142685e+02,
    1.27810974e+02, 1.91135406e+02, 1.31062515e+02, 1.99728729e+02,
    1.34389618e+02, 2.07773621e+02, 1.32736450e+02, 2.13463699e+02,
    1.30652100e+02, 1.43731949e+02, 8.20461731e+01, 1.58491241e+02,
    7.78912201e+01, 1.72024078e+02, 7.49076538e+01, 1.80809525e+02,
    7.94414444e+01, 1.70528931e+02, 8.56705170e+01, 1.55232285e+02,
    8.74826813e+01, 2.23338333e+02, 7.99787903e+01, 2.29719193e+02,
    7.46457062e+01, 2.41384781e+02, 7.46457062e+01, 2.50866089e+02,
    7.79946518e+01, 2.42879929e+02, 8.54018402e+01, 2.32075439e+02,
    8.64698029e+01, 1.66017654e+02, 1.67544647e+02, 1.79257355e+02,
    1.60237839e+02, 1.91112473e+02, 1.56199051e+02, 1.99164413e+02,
    1.58534698e+02, 2.06737030e+02, 1.55985641e+02, 2.14803574e+02,
    1.60164490e+02, 2.23241379e+02, 1.68078094e+02, 2.15797821e+02,
    1.78207169e+02, 2.07116852e+02, 1.80559525e+02, 2.00145401e+02,
    1.81604904e+02, 1.91297073e+02, 1.80202423e+02, 1.79502121e+02,
    1.76415405e+02, 1.70939682e+02, 1.66818542e+02, 1.91368774e+02,
    1.66218384e+02, 1.99723404e+02, 1.67816620e+02, 2.06984909e+02,
    1.66858536e+02, 2.19939178e+02, 1.66724808e+02, 2.06984909e+02,
    1.66858536e+02, 1.99723404e+02, 1.67816620e+02, 1.91368774e+02,
    1.66218384e+02 ]
noOfLandmarkPoint: 68
