%YAML:1.0
landmark: [ 2.31693069e+02, 1.22110710e+02, 2.32480682e+02,
    1.35815811e+02, 2.37022110e+02, 1.48517059e+02, 2.41877670e+02,
    1.61445190e+02, 2.50126694e+02, 1.72431061e+02, 2.61350800e+02,
    1.81083206e+02, 2.74991272e+02, 1.91039658e+02, 2.89462799e+02,
    2.02527496e+02, 3.03870117e+02, 2.04218292e+02, 3.17574738e+02,
    1.97072601e+02, 3.28761536e+02, 1.87339264e+02, 3.38592834e+02,
    1.74735809e+02, 3.47590454e+02, 1.62420425e+02, 3.52942719e+02,
    1.47367905e+02, 3.52685150e+02, 1.31503189e+02, 3.50135559e+02,
    1.13992577e+02, 3.46197601e+02, 9.76782455e+01, 2.29952881e+02,
    1.08552498e+02, 2.35832886e+02, 1.03219566e+02, 2.44867508e+02,
    1.02079773e+02, 2.52450974e+02, 1.03163727e+02, 2.59857452e+02,
    1.06283279e+02, 2.88602783e+02, 9.90769577e+01, 2.96093658e+02,
    9.22628403e+01, 3.03995850e+02, 8.76482697e+01, 3.13449554e+02,
    8.61763458e+01, 3.22077057e+02, 8.89291840e+01, 2.76989990e+02,
    1.15533272e+02, 2.78289917e+02, 1.25280251e+02, 2.79395844e+02,
    1.35051132e+02, 2.80268005e+02, 1.45226135e+02, 2.72960876e+02,
    1.52082932e+02, 2.79316223e+02, 1.53121979e+02, 2.85641754e+02,
    1.53745605e+02, 2.91940277e+02, 1.50285858e+02, 2.97750732e+02,
    1.46782654e+02, 2.44493362e+02, 1.18797394e+02, 2.50031952e+02,
    1.14304436e+02, 2.60023621e+02, 1.14751465e+02, 2.64652130e+02,
    1.20177322e+02, 2.57745239e+02, 1.20975014e+02, 2.50376678e+02,
    1.21184288e+02, 2.96231018e+02, 1.11677872e+02, 2.98813965e+02,
    1.05336006e+02, 3.06078918e+02, 1.02307961e+02, 3.13802399e+02,
    1.03329018e+02, 3.09793976e+02, 1.08099434e+02, 3.04208191e+02,
    1.10995239e+02, 2.67087372e+02, 1.67566437e+02, 2.75533569e+02,
    1.63879669e+02, 2.83316589e+02, 1.62146210e+02, 2.90811523e+02,
    1.62923996e+02, 2.98616943e+02, 1.59023224e+02, 3.08337311e+02,
    1.56817139e+02, 3.21187256e+02, 1.55714859e+02, 3.15272247e+02,
    1.70884033e+02, 3.08144501e+02, 1.79734482e+02, 2.99294647e+02,
    1.84337982e+02, 2.89898895e+02, 1.85488785e+02, 2.80405396e+02,
    1.83243942e+02, 2.70847839e+02, 1.68262894e+02, 2.84736511e+02,
    1.67168243e+02, 2.92011566e+02, 1.66815384e+02, 3.00060394e+02,
    1.63120438e+02, 3.18930237e+02, 1.56679581e+02, 3.04860443e+02,
    1.73146622e+02, 2.95960571e+02, 1.76687836e+02, 2.87753113e+02,
    1.77473068e+02 ]
noOfLandmarkPoint: 68
