%YAML:1.0
landmark: [ 8.56508865e+01, 2.18191193e+02, 9.21836014e+01,
    2.34155807e+02, 1.01010628e+02, 2.49061081e+02, 1.12216415e+02,
    2.63279846e+02, 1.22505516e+02, 2.77605865e+02, 1.35457886e+02,
    2.95637848e+02, 1.50978348e+02, 3.07627045e+02, 1.63118240e+02,
    3.14969635e+02, 1.84871429e+02, 3.11013245e+02, 2.04296051e+02,
    3.00339996e+02, 2.17202301e+02, 2.87216248e+02, 2.27479630e+02,
    2.74401947e+02, 2.36372116e+02, 2.56364349e+02, 2.42288162e+02,
    2.35760010e+02, 2.43141708e+02, 2.11493942e+02, 2.38048477e+02,
    1.85811844e+02, 2.31579742e+02, 1.64091827e+02, 8.25992966e+01,
    2.06891174e+02, 8.01709061e+01, 1.90672943e+02, 9.14002304e+01,
    1.83706772e+02, 1.04415894e+02, 1.80110565e+02, 1.17634254e+02,
    1.80908264e+02, 1.33537674e+02, 1.66825912e+02, 1.49037720e+02,
    1.55614456e+02, 1.64054184e+02, 1.48552811e+02, 1.79511368e+02,
    1.44515900e+02, 1.94397064e+02, 1.51148605e+02, 1.29651382e+02,
    1.88988022e+02, 1.32842865e+02, 2.02780945e+02, 1.35546921e+02,
    2.16175919e+02, 1.38999893e+02, 2.29748276e+02, 1.39014069e+02,
    2.40781693e+02, 1.45139587e+02, 2.41899338e+02, 1.51459106e+02,
    2.41332809e+02, 1.57000137e+02, 2.35810440e+02, 1.62646576e+02,
    2.30472839e+02, 9.85808792e+01, 2.08440872e+02, 1.01570328e+02,
    2.01617218e+02, 1.09536911e+02, 1.96901611e+02, 1.19588005e+02,
    1.97354080e+02, 1.14014519e+02, 2.02272385e+02, 1.05500000e+02,
    2.07309708e+02, 1.57456772e+02, 1.79550858e+02, 1.62375076e+02,
    1.72286499e+02, 1.69758438e+02, 1.68928299e+02, 1.78237671e+02,
    1.69583466e+02, 1.75474457e+02, 1.74966019e+02, 1.66185760e+02,
    1.78312454e+02, 1.42129181e+02, 2.73993896e+02, 1.46036499e+02,
    2.67542999e+02, 1.52538452e+02, 2.63291626e+02, 1.61051788e+02,
    2.61856873e+02, 1.67043640e+02, 2.57265656e+02, 1.82607376e+02,
    2.53538696e+02, 1.93598434e+02, 2.52672104e+02, 1.86226013e+02,
    2.60633942e+02, 1.74621567e+02, 2.71454407e+02, 1.67646301e+02,
    2.75059479e+02, 1.59881729e+02, 2.78284210e+02, 1.51604691e+02,
    2.77323486e+02, 1.45131577e+02, 2.72145966e+02, 1.54481873e+02,
    2.67668335e+02, 1.62914566e+02, 2.65651550e+02, 1.69664841e+02,
    2.62535553e+02, 1.90121231e+02, 2.54324631e+02, 1.69664841e+02,
    2.62535553e+02, 1.62914566e+02, 2.65651550e+02, 1.54481873e+02,
    2.67668335e+02 ]
noOfLandmarkPoint: 68
