%YAML:1.0
landmark: [ 1.86225418e+02, 2.05913147e+02, 1.85553268e+02,
    2.21272446e+02, 1.85677872e+02, 2.35960434e+02, 1.89434677e+02,
    2.50395615e+02, 1.93884750e+02, 2.63131439e+02, 2.00636688e+02,
    2.74750519e+02, 2.07206161e+02, 2.87422058e+02, 2.17517258e+02,
    2.98644684e+02, 2.33557846e+02, 3.04449371e+02, 2.52450165e+02,
    3.04087891e+02, 2.67638336e+02, 2.96666107e+02, 2.80797638e+02,
    2.85747559e+02, 2.90786621e+02, 2.71072998e+02, 2.98572601e+02,
    2.57704010e+02, 3.04773438e+02, 2.43991150e+02, 3.07153992e+02,
    2.26909515e+02, 3.07637634e+02, 2.10751831e+02, 1.92369583e+02,
    2.02162216e+02, 1.99084030e+02, 1.93028946e+02, 2.11577927e+02,
    1.90461502e+02, 2.22938263e+02, 1.95278793e+02, 2.34592880e+02,
    2.01252640e+02, 2.42147232e+02, 2.01401611e+02, 2.51364136e+02,
    1.98653900e+02, 2.60694305e+02, 1.95874054e+02, 2.70432617e+02,
    1.94104889e+02, 2.77971191e+02, 1.99687881e+02, 2.37524826e+02,
    2.09985458e+02, 2.36631500e+02, 2.19489288e+02, 2.35968567e+02,
    2.29762772e+02, 2.35579926e+02, 2.40130905e+02, 2.25599838e+02,
    2.47185989e+02, 2.30938705e+02, 2.48691193e+02, 2.36303070e+02,
    2.51041824e+02, 2.42153732e+02, 2.48749420e+02, 2.48034927e+02,
    2.48063187e+02, 2.03413483e+02, 2.09156006e+02, 2.09813904e+02,
    2.04914764e+02, 2.17199753e+02, 2.05583282e+02, 2.23429688e+02,
    2.11942627e+02, 2.16146408e+02, 2.13698807e+02, 2.08675888e+02,
    2.13670761e+02, 2.54521103e+02, 2.13017578e+02, 2.60606750e+02,
    2.06451950e+02, 2.68769562e+02, 2.06285065e+02, 2.74742096e+02,
    2.11245438e+02, 2.69168335e+02, 2.14178192e+02, 2.61531158e+02,
    2.15284973e+02, 2.17408798e+02, 2.68230988e+02, 2.22388657e+02,
    2.60687927e+02, 2.27695770e+02, 2.60475952e+02, 2.34604752e+02,
    2.62998016e+02, 2.42605698e+02, 2.61712219e+02, 2.51247665e+02,
    2.63875916e+02, 2.58025360e+02, 2.71105133e+02, 2.52317001e+02,
    2.80767944e+02, 2.42607605e+02, 2.82032501e+02, 2.34606308e+02,
    2.82036285e+02, 2.26732849e+02, 2.81683990e+02, 2.19028473e+02,
    2.74178040e+02, 2.19368759e+02, 2.67274384e+02, 2.27479340e+02,
    2.64728699e+02, 2.34462494e+02, 2.66273010e+02, 2.42668182e+02,
    2.66155731e+02, 2.55333084e+02, 2.69417938e+02, 2.42179398e+02,
    2.74444946e+02, 2.34644821e+02, 2.74138794e+02, 2.27072052e+02,
    2.72417938e+02 ]
noOfLandmarkPoint: 68
