%YAML:1.0
landmark: [ 1.35400986e+02, 1.77121780e+02, 1.35299438e+02,
    1.92871475e+02, 1.36870178e+02, 2.09981949e+02, 1.40414810e+02,
    2.27966644e+02, 1.44992432e+02, 2.44670135e+02, 1.53966949e+02,
    2.59733154e+02, 1.62372696e+02, 2.72764679e+02, 1.75076797e+02,
    2.87312744e+02, 1.92775803e+02, 2.91881683e+02, 2.12418259e+02,
    2.91205292e+02, 2.29516296e+02, 2.80769714e+02, 2.43844193e+02,
    2.69489563e+02, 2.59936493e+02, 2.54319199e+02, 2.67111389e+02,
    2.33263153e+02, 2.70579865e+02, 2.15074951e+02, 2.71845154e+02,
    1.96216034e+02, 2.73313965e+02, 1.76387390e+02, 1.39378937e+02,
    1.67178619e+02, 1.47586685e+02, 1.61042297e+02, 1.58291794e+02,
    1.61655609e+02, 1.69202988e+02, 1.65824371e+02, 1.79233246e+02,
    1.69775208e+02, 1.99576340e+02, 1.71059570e+02, 2.13736237e+02,
    1.67918045e+02, 2.27103485e+02, 1.63618103e+02, 2.40006088e+02,
    1.64701065e+02, 2.54165421e+02, 1.68983719e+02, 1.90026550e+02,
    1.81679688e+02, 1.89193176e+02, 1.94192169e+02, 1.88065826e+02,
    2.06575027e+02, 1.86710251e+02, 2.20047943e+02, 1.76289719e+02,
    2.26276825e+02, 1.82062546e+02, 2.29786758e+02, 1.88780365e+02,
    2.33264236e+02, 1.97458923e+02, 2.30071945e+02, 2.03367493e+02,
    2.27210739e+02, 1.51873566e+02, 1.81558380e+02, 1.60276840e+02,
    1.76459793e+02, 1.70421295e+02, 1.77839340e+02, 1.77703644e+02,
    1.85235748e+02, 1.68108398e+02, 1.86221390e+02, 1.58350647e+02,
    1.85628754e+02, 2.11735580e+02, 1.86930832e+02, 2.17613937e+02,
    1.80227539e+02, 2.28329346e+02, 1.78602448e+02, 2.36768936e+02,
    1.84489471e+02, 2.29950623e+02, 1.88266449e+02, 2.20351944e+02,
    1.88367386e+02, 1.65740891e+02, 2.41328491e+02, 1.74067902e+02,
    2.40812271e+02, 1.84561325e+02, 2.40456299e+02, 1.90774536e+02,
    2.42964371e+02, 1.98049286e+02, 2.40946259e+02, 2.09194351e+02,
    2.41116226e+02, 2.21829803e+02, 2.44753540e+02, 2.10458481e+02,
    2.54580322e+02, 1.98320129e+02, 2.59422089e+02, 1.90995529e+02,
    2.60038605e+02, 1.84126068e+02, 2.58296631e+02, 1.73623932e+02,
    2.52640472e+02, 1.68701675e+02, 2.43044037e+02, 1.84533051e+02,
    2.45647110e+02, 1.91018295e+02, 2.46248123e+02, 1.98146255e+02,
    2.46273941e+02, 2.18736481e+02, 2.45573563e+02, 1.98333832e+02,
    2.51338531e+02, 1.91056900e+02, 2.51867050e+02, 1.84228241e+02,
    2.50413773e+02 ]
noOfLandmarkPoint: 68
