%YAML:1.0
landmark: [ 1.91613403e+02, 1.80180496e+02, 1.89097610e+02,
    2.03945267e+02, 1.87420425e+02, 2.29301605e+02, 1.88879700e+02,
    2.52399017e+02, 1.93660278e+02, 2.77405151e+02, 2.09039078e+02,
    2.99525787e+02, 2.26933670e+02, 3.18543060e+02, 2.49067932e+02,
    3.34978363e+02, 2.69914154e+02, 3.40062500e+02, 2.87477997e+02,
    3.38873688e+02, 3.04470825e+02, 3.26850464e+02, 3.20908447e+02,
    3.12216248e+02, 3.37258728e+02, 2.96692871e+02, 3.47288818e+02,
    2.78091980e+02, 3.53343842e+02, 2.56222321e+02, 3.57972656e+02,
    2.34854645e+02, 3.61511871e+02, 2.13354675e+02, 2.13551193e+02,
    1.77982071e+02, 2.27930344e+02, 1.71042130e+02, 2.43425613e+02,
    1.75347260e+02, 2.59683929e+02, 1.82713989e+02, 2.71227661e+02,
    1.93333847e+02, 2.96222168e+02, 1.93010284e+02, 3.09508179e+02,
    1.86377426e+02, 3.24803528e+02, 1.83680099e+02, 3.38730835e+02,
    1.84053741e+02, 3.51378021e+02, 1.93989685e+02, 2.82641968e+02,
    2.10093796e+02, 2.80788696e+02, 2.26733276e+02, 2.78642609e+02,
    2.43036301e+02, 2.75842743e+02, 2.60277130e+02, 2.54276917e+02,
    2.62944580e+02, 2.64452606e+02, 2.68094971e+02, 2.73677155e+02,
    2.73159607e+02, 2.82868652e+02, 2.70141846e+02, 2.90970551e+02,
    2.67843964e+02, 2.27004868e+02, 2.00339890e+02, 2.38082291e+02,
    1.96176819e+02, 2.49234833e+02, 1.98778366e+02, 2.55988647e+02,
    2.07512314e+02, 2.45515091e+02, 2.09167542e+02, 2.34076508e+02,
    2.06938034e+02, 3.03483459e+02, 2.13926834e+02, 3.12203918e+02,
    2.08101135e+02, 3.23708893e+02, 2.07465027e+02, 3.32180481e+02,
    2.13150360e+02, 3.26188751e+02, 2.18405899e+02, 3.15146851e+02,
    2.18172684e+02, 2.42290359e+02, 2.92017548e+02, 2.55789551e+02,
    2.88786774e+02, 2.65314819e+02, 2.87239807e+02, 2.71372681e+02,
    2.90781097e+02, 2.78433563e+02, 2.89029999e+02, 2.86260071e+02,
    2.91561310e+02, 2.97461395e+02, 2.97010010e+02, 2.85955597e+02,
    3.04447571e+02, 2.77671692e+02, 3.06168427e+02, 2.70474548e+02,
    3.05732574e+02, 2.63376617e+02, 3.03751862e+02, 2.54990646e+02,
    3.00212616e+02, 2.47295486e+02, 2.93074066e+02, 2.64333679e+02,
    2.93540894e+02, 2.71096710e+02, 2.96270050e+02, 2.77803406e+02,
    2.95357574e+02, 2.92217957e+02, 2.97343781e+02, 2.77803406e+02,
    2.95357574e+02, 2.71096710e+02, 2.96270050e+02, 2.64333679e+02,
    2.93540894e+02 ]
noOfLandmarkPoint: 68
