%YAML:1.0
landmark: [ 5.01505188e+02, 1.43063461e+02, 4.98598389e+02,
    2.04677032e+02, 5.03535492e+02, 2.62920532e+02, 5.25230408e+02,
    3.10649353e+02, 5.69656616e+02, 3.52371002e+02, 6.19074768e+02,
    3.90857422e+02, 6.73564880e+02, 4.25152252e+02, 7.22397461e+02,
    4.45010437e+02, 7.58507812e+02, 4.38666199e+02, 7.81870911e+02,
    4.19338715e+02, 7.88059143e+02, 3.93157440e+02, 7.95734436e+02,
    3.53723267e+02, 8.13709717e+02, 3.08260742e+02, 8.23356567e+02,
    2.60578156e+02, 8.30298950e+02, 2.15768646e+02, 8.39912170e+02,
    1.72559891e+02, 8.35852844e+02, 1.41157913e+02, 6.11310852e+02,
    1.28129852e+02, 6.45571960e+02, 1.19418175e+02, 6.81602356e+02,
    1.15428818e+02, 7.14330139e+02, 1.19418175e+02, 7.45006409e+02,
    1.22923065e+02, 8.02777954e+02, 1.03279663e+02, 8.15794922e+02,
    9.37338943e+01, 8.27944092e+02, 8.50559311e+01, 8.37489807e+02,
    7.72457657e+01, 8.44432190e+02, 7.11711884e+01, 7.76664124e+02,
    1.54580795e+02, 7.88362549e+02, 1.88391144e+02, 7.99125732e+02,
    2.19631821e+02, 8.11759338e+02, 2.52574387e+02, 7.52378357e+02,
    2.77774200e+02, 7.69814209e+02, 2.81279083e+02, 7.87654602e+02,
    2.86102539e+02, 8.02676819e+02, 2.82214325e+02, 8.10588135e+02,
    2.73367798e+02, 6.57957031e+02, 1.58051971e+02, 6.78232300e+02,
    1.45869110e+02, 6.99194275e+02, 1.43434280e+02, 7.09890015e+02,
    1.56215256e+02, 6.93536743e+02, 1.68398117e+02, 6.74478882e+02,
    1.68916290e+02, 7.84391418e+02, 1.43492340e+02, 7.92996216e+02,
    1.25977211e+02, 8.12572205e+02, 1.17716286e+02, 8.22016846e+02,
    1.24140488e+02, 8.20100159e+02, 1.35421844e+02, 8.03228699e+02,
    1.43232010e+02, 6.99893494e+02, 3.42408203e+02, 7.38615906e+02,
    3.31261688e+02, 7.66553955e+02, 3.23700012e+02, 7.79617126e+02,
    3.25570435e+02, 7.88745850e+02, 3.21265167e+02, 7.99576477e+02,
    3.14988312e+02, 8.00861328e+02, 3.19542084e+02, 7.96534119e+02,
    3.28542847e+02, 7.87231384e+02, 3.58645844e+02, 7.74557068e+02,
    3.65030701e+02, 7.57580872e+02, 3.68100555e+02, 7.34440552e+02,
    3.60541779e+02, 7.10757812e+02, 3.42441895e+02, 7.65671936e+02,
    3.30439758e+02, 7.79476379e+02, 3.31326477e+02, 7.88012878e+02,
    3.28388611e+02, 7.95203735e+02, 3.22562531e+02, 7.88012878e+02,
    3.28388611e+02, 7.79476379e+02, 3.31326477e+02, 7.63904297e+02,
    3.38835876e+02 ]
noOfLandmarkPoint: 68
