%YAML:1.0
landmark: [ 9.57732773e+01, 2.54592545e+02, 1.04135506e+02,
    2.81787781e+02, 1.17651054e+02, 3.09165253e+02, 1.25425079e+02,
    3.38033752e+02, 1.35699600e+02, 3.61984131e+02, 1.54921570e+02,
    3.80089661e+02, 1.78140976e+02, 3.94519257e+02, 2.04567749e+02,
    4.07153107e+02, 2.33271118e+02, 4.03257538e+02, 2.57822571e+02,
    3.94673370e+02, 2.79534180e+02, 3.75668488e+02, 2.98692169e+02,
    3.51964447e+02, 3.11037750e+02, 3.26515228e+02, 3.14249176e+02,
    3.00239380e+02, 3.10821930e+02, 2.70786407e+02, 3.08402832e+02,
    2.43426071e+02, 3.07979004e+02, 2.10427368e+02, 1.07174438e+02,
    2.37963928e+02, 1.18588989e+02, 2.28083054e+02, 1.34023178e+02,
    2.23471161e+02, 1.50420685e+02, 2.22422012e+02, 1.68436691e+02,
    2.23095215e+02, 2.02462601e+02, 2.13375732e+02, 2.21234528e+02,
    2.04480118e+02, 2.36819763e+02, 1.97415207e+02, 2.54935364e+02,
    1.95059753e+02, 2.72177246e+02, 1.98038925e+02, 1.90785614e+02,
    2.36321472e+02, 1.96166061e+02, 2.56000671e+02, 2.01643906e+02,
    2.75332428e+02, 2.07566605e+02, 2.96735779e+02, 1.90127686e+02,
    3.09669678e+02, 2.00560165e+02, 3.11543793e+02, 2.12110123e+02,
    3.12821716e+02, 2.19588074e+02, 3.05763855e+02, 2.27901184e+02,
    3.00020264e+02, 1.32428940e+02, 2.50965500e+02, 1.41516068e+02,
    2.44835953e+02, 1.54614899e+02, 2.42204880e+02, 1.65979324e+02,
    2.47341873e+02, 1.55143646e+02, 2.51950851e+02, 1.42310638e+02,
    2.54318924e+02, 2.22302368e+02, 2.33744583e+02, 2.29934174e+02,
    2.24301010e+02, 2.43908386e+02, 2.20764450e+02, 2.54453461e+02,
    2.23531021e+02, 2.46598602e+02, 2.30711975e+02, 2.34767212e+02,
    2.33442032e+02, 1.75080505e+02, 3.41747192e+02, 1.86156372e+02,
    3.35590668e+02, 1.98123398e+02, 3.30893127e+02, 2.14651337e+02,
    3.34030243e+02, 2.28884689e+02, 3.25854675e+02, 2.43219223e+02,
    3.23118317e+02, 2.57401031e+02, 3.20443573e+02, 2.49371323e+02,
    3.35497894e+02, 2.36465317e+02, 3.45490723e+02, 2.21055649e+02,
    3.52001068e+02, 2.05124313e+02, 3.54309174e+02, 1.90613678e+02,
    3.53591248e+02, 1.82918152e+02, 3.44460938e+02, 2.01611328e+02,
    3.42463196e+02, 2.17186615e+02, 3.41905518e+02, 2.32676376e+02,
    3.35032104e+02, 2.52880524e+02, 3.26215393e+02, 2.32676376e+02,
    3.35032104e+02, 2.17186615e+02, 3.41905518e+02, 2.01611328e+02,
    3.42463196e+02 ]
noOfLandmarkPoint: 68
