%YAML:1.0
landmark: [ 3.67984238e+01, 1.67117294e+02, 3.74435844e+01,
    1.88177704e+02, 4.13474159e+01, 2.08784622e+02, 4.70990181e+01,
    2.29407257e+02, 5.39117737e+01, 2.48581497e+02, 6.64545822e+01,
    2.68382202e+02, 8.52435074e+01, 2.85465363e+02, 9.97306747e+01,
    2.94978485e+02, 1.16784363e+02, 2.96693298e+02, 1.32656662e+02,
    2.95105927e+02, 1.47270050e+02, 2.85244873e+02, 1.67315445e+02,
    2.68644806e+02, 1.82507614e+02, 2.50806381e+02, 1.90714523e+02,
    2.30409271e+02, 1.93839233e+02, 2.08478104e+02, 1.97380234e+02,
    1.87433456e+02, 1.97826141e+02, 1.65996078e+02, 4.37194023e+01,
    1.50092484e+02, 5.84050484e+01, 1.43874084e+02, 7.41451263e+01,
    1.41627502e+02, 9.02358475e+01, 1.44856232e+02, 1.02047569e+02,
    1.52065048e+02, 1.29194321e+02, 1.52868683e+02, 1.42406540e+02,
    1.44820633e+02, 1.55739761e+02, 1.41169067e+02, 1.70058914e+02,
    1.40754623e+02, 1.81520126e+02, 1.48135773e+02, 1.15865967e+02,
    1.67371613e+02, 1.15838028e+02, 1.82406342e+02, 1.15847389e+02,
    1.96930725e+02, 1.15699051e+02, 2.11794479e+02, 1.02635574e+02,
    2.23559525e+02, 1.08934792e+02, 2.25543503e+02, 1.15273743e+02,
    2.28192184e+02, 1.21533226e+02, 2.26323166e+02, 1.27461006e+02,
    2.25009125e+02, 6.25809746e+01, 1.68329422e+02, 7.26750946e+01,
    1.62281433e+02, 8.38118973e+01, 1.61893692e+02, 9.24476624e+01,
    1.70669006e+02, 8.22661972e+01, 1.74797180e+02, 6.96010666e+01,
    1.75096146e+02, 1.37975098e+02, 1.71155807e+02, 1.48792328e+02,
    1.60007446e+02, 1.60636261e+02, 1.59590027e+02, 1.70513855e+02,
    1.67984070e+02, 1.60578049e+02, 1.71757843e+02, 1.48028564e+02,
    1.72117844e+02, 8.76211700e+01, 2.51467865e+02, 9.76407166e+01,
    2.45795761e+02, 1.08039673e+02, 2.41693909e+02, 1.14202583e+02,
    2.43983322e+02, 1.21469376e+02, 2.42497726e+02, 1.35490799e+02,
    2.48387741e+02, 1.45396530e+02, 2.52178467e+02, 1.35635101e+02,
    2.61492615e+02, 1.21506416e+02, 2.64585968e+02, 1.14667389e+02,
    2.65121674e+02, 1.08628708e+02, 2.64413086e+02, 9.79783936e+01,
    2.63186737e+02, 9.27985535e+01, 2.52387482e+02, 1.08212341e+02,
    2.50973801e+02, 1.14274681e+02, 2.52320755e+02, 1.21519455e+02,
    2.51695786e+02, 1.42332947e+02, 2.52612137e+02, 1.21519455e+02,
    2.51695786e+02, 1.14274681e+02, 2.52320755e+02, 1.08212341e+02,
    2.50973801e+02 ]
noOfLandmarkPoint: 68
