%YAML:1.0
landmark: [ 2.18722229e+02, 1.47833328e+02, 2.21833328e+02,
    1.59388885e+02, 2.25833328e+02, 1.70944443e+02, 2.30277771e+02,
    1.80722229e+02, 2.35611115e+02, 1.91833328e+02, 2.41388885e+02,
    2.02944443e+02, 2.49324310e+02, 2.13693054e+02, 2.59020142e+02,
    2.26715973e+02, 2.72569458e+02, 2.29990967e+02, 2.88797913e+02,
    2.25196533e+02, 2.99804871e+02, 2.13390274e+02, 3.13336792e+02,
    1.99150696e+02, 3.26938202e+02, 1.87004166e+02, 3.31481934e+02,
    1.68945831e+02, 3.30096527e+02, 1.52372223e+02, 3.26722229e+02,
    1.34202087e+02, 3.24020844e+02, 1.16558334e+02, 2.09298645e+02,
    1.23376373e+02, 2.13830917e+02, 1.19655739e+02, 2.18820206e+02,
    1.18987984e+02, 2.23609558e+02, 1.19532745e+02, 2.29827850e+02,
    1.19723198e+02, 2.46968063e+02, 1.16563194e+02, 2.55774994e+02,
    1.11095833e+02, 2.62307648e+02, 1.08610420e+02, 2.70670135e+02,
    1.05956253e+02, 2.79529175e+02, 1.06167358e+02, 2.42134796e+02,
    1.29250717e+02, 2.42099564e+02, 1.39879440e+02, 2.41615341e+02,
    1.53726395e+02, 2.40136902e+02, 1.67595200e+02, 2.41259720e+02,
    1.74534729e+02, 2.44370834e+02, 1.76511108e+02, 2.48189590e+02,
    1.78604172e+02, 2.54329865e+02, 1.74914581e+02, 2.60897461e+02,
    1.71672623e+02, 2.20365463e+02, 1.38918243e+02, 2.22528687e+02,
    1.32882874e+02, 2.29089554e+02, 1.32021851e+02, 2.35733215e+02,
    1.35788300e+02, 2.30888016e+02, 1.38888397e+02, 2.25716461e+02,
    1.39652527e+02, 2.62917908e+02, 1.31253784e+02, 2.67536591e+02,
    1.25252495e+02, 2.75349976e+02, 1.23797905e+02, 2.82743958e+02,
    1.27004227e+02, 2.77360565e+02, 1.30933395e+02, 2.70665985e+02,
    1.32268051e+02, 2.42993942e+02, 1.98499680e+02, 2.42247284e+02,
    1.94908615e+02, 2.49367950e+02, 1.90984222e+02, 2.53425766e+02,
    1.91271942e+02, 2.58107361e+02, 1.88834869e+02, 2.71248596e+02,
    1.88938187e+02, 2.80835907e+02, 1.89864609e+02, 2.75212128e+02,
    1.97336975e+02, 2.65252075e+02, 2.04039597e+02, 2.59348236e+02,
    2.05805664e+02, 2.54078003e+02, 2.06282547e+02, 2.48957794e+02,
    2.04851212e+02, 2.44892365e+02, 1.97382645e+02, 2.50444092e+02,
    1.94795227e+02, 2.55149246e+02, 1.95860474e+02, 2.59166809e+02,
    1.92014023e+02, 2.75464569e+02, 1.91324310e+02, 2.61798615e+02,
    1.96955551e+02, 2.56400696e+02, 1.99078476e+02, 2.51874313e+02,
    1.99622223e+02 ]
noOfLandmarkPoint: 68
