%YAML:1.0
landmark: [ 2.39405258e+02, 1.48219254e+02, 2.34612198e+02,
    1.76594543e+02, 2.33555038e+02, 2.03302399e+02, 2.32608810e+02,
    2.31144440e+02, 2.37195801e+02, 2.57999054e+02, 2.51445358e+02,
    2.83070892e+02, 2.70852356e+02, 3.03654388e+02, 2.91988892e+02,
    3.19278595e+02, 3.16124176e+02, 3.26447662e+02, 3.44622955e+02,
    3.28079498e+02, 3.68773560e+02, 3.20585358e+02, 3.89898224e+02,
    3.05926208e+02, 4.09383301e+02, 2.90304565e+02, 4.22537079e+02,
    2.66433655e+02, 4.29005951e+02, 2.40810974e+02, 4.35583618e+02,
    2.16972382e+02, 4.40030182e+02, 1.93499191e+02, 2.59949646e+02,
    1.46020111e+02, 2.73842682e+02, 1.34403549e+02, 2.94896362e+02,
    1.33111679e+02, 3.14168884e+02, 1.39062073e+02, 3.31286224e+02,
    1.50899551e+02, 3.56222931e+02, 1.57724518e+02, 3.77620270e+02,
    1.54287659e+02, 3.99105682e+02, 1.54816605e+02, 4.16445648e+02,
    1.61860779e+02, 4.23482117e+02, 1.77811691e+02, 3.43062622e+02,
    1.69502869e+02, 3.40679932e+02, 1.85124374e+02, 3.38826538e+02,
    1.99740982e+02, 3.36793243e+02, 2.17115585e+02, 3.13942139e+02,
    2.24276016e+02, 3.22878052e+02, 2.28346100e+02, 3.30937744e+02,
    2.34596451e+02, 3.41743988e+02, 2.32429565e+02, 3.49904205e+02,
    2.30653076e+02, 2.74550629e+02, 1.59727463e+02, 2.86810730e+02,
    1.55615860e+02, 2.99899628e+02, 1.57880615e+02, 3.09119873e+02,
    1.67536865e+02, 2.96983551e+02, 1.70375977e+02, 2.83868439e+02,
    1.67564484e+02, 3.70152130e+02, 1.77803024e+02, 3.82054016e+02,
    1.74629135e+02, 3.93458099e+02, 1.77485733e+02, 4.02411346e+02,
    1.85976624e+02, 3.92305603e+02, 1.87326599e+02, 3.80541077e+02,
    1.84625198e+02, 2.85814880e+02, 2.58951965e+02, 3.06878784e+02,
    2.51248062e+02, 3.20820465e+02, 2.50139786e+02, 3.28622620e+02,
    2.54305878e+02, 3.39357330e+02, 2.53647461e+02, 3.52186462e+02,
    2.60630432e+02, 3.62307983e+02, 2.71961182e+02, 3.48460236e+02,
    2.78900848e+02, 3.34129791e+02, 2.79054504e+02, 3.23805450e+02,
    2.78620789e+02, 3.14949097e+02, 2.76085663e+02, 3.01372803e+02,
    2.71187042e+02, 2.92490631e+02, 2.59979523e+02, 3.18596222e+02,
    2.59986206e+02, 3.26961517e+02, 2.61762695e+02, 3.37368530e+02,
    2.61490753e+02, 3.56526459e+02, 2.69173981e+02, 3.37368530e+02,
    2.61490753e+02, 3.26961517e+02, 2.61762695e+02, 3.18596222e+02,
    2.59986206e+02 ]
noOfLandmarkPoint: 68
