%YAML:1.0
landmark: [ 7.89374161e+01, 1.76782074e+02, 7.97417603e+01,
    2.02252075e+02, 8.42160339e+01, 2.30075378e+02, 9.08985291e+01,
    2.56358582e+02, 1.01286469e+02, 2.78519348e+02, 1.14912437e+02,
    2.96784058e+02, 1.31315140e+02, 3.14692963e+02, 1.52647202e+02,
    3.27019135e+02, 1.80443771e+02, 3.28981781e+02, 2.04123108e+02,
    3.24324951e+02, 2.20659607e+02, 3.10073059e+02, 2.35079880e+02,
    2.89738251e+02, 2.44315033e+02, 2.68419189e+02, 2.49592911e+02,
    2.46474380e+02, 2.50868347e+02, 2.23447189e+02, 2.51866287e+02,
    2.01006973e+02, 2.52373260e+02, 1.77179337e+02, 9.32916107e+01,
    1.62105118e+02, 9.90922394e+01, 1.43957169e+02, 1.12441170e+02,
    1.35908722e+02, 1.31424698e+02, 1.39431549e+02, 1.49723145e+02,
    1.42662994e+02, 1.91615677e+02, 1.44403442e+02, 2.08894165e+02,
    1.37365555e+02, 2.25154068e+02, 1.35814072e+02, 2.40039017e+02,
    1.40684708e+02, 2.45251419e+02, 1.54038895e+02, 1.74822708e+02,
    1.65780502e+02, 1.76605118e+02, 1.80189178e+02, 1.78110031e+02,
    1.93583908e+02, 1.80399399e+02, 2.08857025e+02, 1.57292221e+02,
    2.21024323e+02, 1.68216095e+02, 2.23052200e+02, 1.79369461e+02,
    2.24834595e+02, 1.89327377e+02, 2.22022263e+02, 1.98404861e+02,
    2.18750946e+02, 1.17265793e+02, 1.71799728e+02, 1.25835960e+02,
    1.65636185e+02, 1.37599594e+02, 1.64827286e+02, 1.46955322e+02,
    1.72435104e+02, 1.37450317e+02, 1.74862350e+02, 1.26057404e+02,
    1.74888260e+02, 1.96392975e+02, 1.70375229e+02, 2.03656693e+02,
    1.62848434e+02, 2.17091537e+02, 1.61505554e+02, 2.25700577e+02,
    1.67228928e+02, 2.19721664e+02, 1.71767151e+02, 2.07479385e+02,
    1.73005814e+02, 1.34651871e+02, 2.62193573e+02, 1.52270554e+02,
    2.57395111e+02, 1.71326004e+02, 2.52765182e+02, 1.80510574e+02,
    2.57260803e+02, 1.91431198e+02, 2.52845169e+02, 2.06038223e+02,
    2.56355591e+02, 2.17568237e+02, 2.63166901e+02, 2.05916382e+02,
    2.74395691e+02, 1.93217636e+02, 2.79928925e+02, 1.80788864e+02,
    2.81711334e+02, 1.70222458e+02, 2.80483887e+02, 1.51368546e+02,
    2.74384247e+02, 1.39260727e+02, 2.63245789e+02, 1.70908585e+02,
    2.63912170e+02, 1.80039597e+02, 2.64945282e+02, 1.91897415e+02,
    2.63022156e+02, 2.12412170e+02, 2.63026154e+02, 1.91897415e+02,
    2.63022156e+02, 1.80039597e+02, 2.64945282e+02, 1.70908585e+02,
    2.63912170e+02 ]
noOfLandmarkPoint: 68
