%YAML:1.0
landmark: [ 1.14700073e+02, 2.74985229e+02, 1.24127197e+02,
    3.04649109e+02, 1.35877274e+02, 3.30608673e+02, 1.46143890e+02,
    3.61494507e+02, 1.58903259e+02, 3.89926361e+02, 1.84328217e+02,
    4.10069183e+02, 2.08921158e+02, 4.22870483e+02, 2.37307846e+02,
    4.32567993e+02, 2.61787384e+02, 4.31258057e+02, 2.92300964e+02,
    4.21915222e+02, 3.14165924e+02, 4.03338898e+02, 3.34100006e+02,
    3.83143311e+02, 3.46561859e+02, 3.57172211e+02, 3.51205170e+02,
    3.21205170e+02, 3.50314453e+02, 2.87885559e+02, 3.51700012e+02,
    2.57700012e+02, 3.48500000e+02, 2.27300003e+02, 1.20812363e+02,
    2.32560974e+02, 1.30286865e+02, 2.16038147e+02, 1.46048813e+02,
    2.07541290e+02, 1.61823059e+02, 2.05261734e+02, 1.79907715e+02,
    2.05665924e+02, 2.33527618e+02, 1.93124695e+02, 2.51928146e+02,
    1.79731613e+02, 2.72646088e+02, 1.75013809e+02, 2.94442780e+02,
    1.82312805e+02, 3.08481812e+02, 1.94758453e+02, 2.16376343e+02,
    2.26155563e+02, 2.20045120e+02, 2.43785797e+02, 2.23371002e+02,
    2.61995819e+02, 2.26771042e+02, 2.80464691e+02, 2.10304443e+02,
    3.01064606e+02, 2.20375443e+02, 3.01230408e+02, 2.32050003e+02,
    3.02104767e+02, 2.41808136e+02, 2.96161316e+02, 2.50865280e+02,
    2.92181763e+02, 1.55328888e+02, 2.53452591e+02, 1.64467026e+02,
    2.45576294e+02, 1.77423706e+02, 2.43052582e+02, 1.89761856e+02,
    2.48067032e+02, 1.79947418e+02, 2.53328888e+02, 1.67452591e+02,
    2.55267029e+02, 2.56095917e+02, 2.31176300e+02, 2.64590729e+02,
    2.22681473e+02, 2.76194824e+02, 2.20957764e+02, 2.86504089e+02,
    2.23638153e+02, 2.80500000e+02, 2.28471115e+02, 2.66528870e+02,
    2.32100006e+02, 1.92097061e+02, 3.51672119e+02, 2.06806641e+02,
    3.36307343e+02, 2.26919098e+02, 3.25474823e+02, 2.38252838e+02,
    3.24062592e+02, 2.53931427e+02, 3.19486084e+02, 2.76235138e+02,
    3.21230255e+02, 2.98100006e+02, 3.27299988e+02, 2.84944336e+02,
    3.47209717e+02, 2.66252380e+02, 3.57295410e+02, 2.50773804e+02,
    3.62967590e+02, 2.37434052e+02, 3.64868103e+02, 2.14676773e+02,
    3.64622650e+02, 1.97129501e+02, 3.50034576e+02, 2.31863251e+02,
    3.38162323e+02, 2.41400406e+02, 3.35109863e+02, 2.57610901e+02,
    3.31757446e+02, 2.94177612e+02, 3.28697998e+02, 2.63043518e+02,
    3.47906738e+02, 2.47767700e+02, 3.53301575e+02, 2.34707962e+02,
    3.55619354e+02 ]
noOfLandmarkPoint: 68
