%YAML:1.0
landmark: [ 2.31457199e+02, 1.24688004e+02, 2.31083313e+02,
    1.35593292e+02, 2.33601379e+02, 1.47181717e+02, 2.36992111e+02,
    1.57852676e+02, 2.39350784e+02, 1.68309143e+02, 2.42367630e+02,
    1.78032501e+02, 2.48979401e+02, 1.86838409e+02, 2.53995712e+02,
    1.99428741e+02, 2.66990051e+02, 2.06110291e+02, 2.83190796e+02,
    2.00675293e+02, 2.98967651e+02, 1.94342651e+02, 3.12316071e+02,
    1.87232117e+02, 3.25689484e+02, 1.79742538e+02, 3.37083221e+02,
    1.70697159e+02, 3.39865753e+02, 1.56216782e+02, 3.40010468e+02,
    1.40300339e+02, 3.39541809e+02, 1.21910637e+02, 2.27383331e+02,
    1.00713432e+02, 2.31621735e+02, 9.79360657e+01, 2.36049667e+02,
    9.90430450e+01, 2.41818909e+02, 1.00808189e+02, 2.47920639e+02,
    1.03876762e+02, 2.70928497e+02, 1.05564293e+02, 2.78577667e+02,
    1.03782784e+02, 2.86520874e+02, 1.03312134e+02, 2.94316925e+02,
    1.04637505e+02, 3.01035736e+02, 1.08464272e+02, 2.59564453e+02,
    1.15295708e+02, 2.57616791e+02, 1.26220589e+02, 2.54356827e+02,
    1.37940338e+02, 2.51185013e+02, 1.49265915e+02, 2.50809174e+02,
    1.55199417e+02, 2.54553955e+02, 1.56565689e+02, 2.58393494e+02,
    1.57388397e+02, 2.63359863e+02, 1.55977310e+02, 2.69059326e+02,
    1.54800552e+02, 2.35810196e+02, 1.16939133e+02, 2.37934555e+02,
    1.13618179e+02, 2.44995132e+02, 1.14042023e+02, 2.50435287e+02,
    1.18185677e+02, 2.44526489e+02, 1.20658943e+02, 2.38827042e+02,
    1.20304878e+02, 2.78063019e+02, 1.19738449e+02, 2.82172943e+02,
    1.15804115e+02, 2.88975372e+02, 1.15625206e+02, 2.93730011e+02,
    1.19847443e+02, 2.89724274e+02, 1.22215691e+02, 2.83596680e+02,
    1.22430382e+02, 2.48410843e+02, 1.74461777e+02, 2.50435287e+02,
    1.70153580e+02, 2.54040512e+02, 1.69470444e+02, 2.57670715e+02,
    1.70622223e+02, 2.61934113e+02, 1.70293152e+02, 2.70480713e+02,
    1.72975754e+02, 2.80951843e+02, 1.75992599e+02, 2.71632477e+02,
    1.80769440e+02, 2.63384583e+02, 1.81121567e+02, 2.58546112e+02,
    1.81671249e+02, 2.54999420e+02, 1.81032822e+02, 2.51517288e+02,
    1.79238617e+02, 2.50624802e+02, 1.74461777e+02, 2.54160599e+02,
    1.72986588e+02, 2.57813110e+02, 1.74093750e+02, 2.62223816e+02,
    1.74606842e+02, 2.78079712e+02, 1.75897842e+02, 2.62223816e+02,
    1.74606842e+02, 2.57813110e+02, 1.74093750e+02, 2.54160599e+02,
    1.72986588e+02 ]
noOfLandmarkPoint: 68
