%YAML:1.0
landmark: [ 2.23228760e+02, 3.23233551e+02, 2.28630280e+02,
    3.56567474e+02, 2.35748779e+02, 3.86733459e+02, 2.44524200e+02,
    4.12835114e+02, 2.61211914e+02, 4.36240021e+02, 2.78074829e+02,
    4.57090363e+02, 3.01675140e+02, 4.79945831e+02, 3.34731293e+02,
    4.88072723e+02, 3.64258240e+02, 4.82499695e+02, 3.87515961e+02,
    4.65833893e+02, 4.06777008e+02, 4.45300903e+02, 4.28264648e+02,
    4.19345734e+02, 4.37910736e+02, 3.89966003e+02, 4.39603912e+02,
    3.57800018e+02, 4.42443970e+02, 3.25754242e+02, 4.41640198e+02,
    2.92047638e+02, 2.31948883e+02, 2.89592499e+02, 2.49699539e+02,
    2.81804657e+02, 2.68798309e+02, 2.81674652e+02, 2.85753601e+02,
    2.86325378e+02, 3.03197632e+02, 2.94346039e+02, 3.33061035e+02,
    2.94116272e+02, 3.52837341e+02, 2.84860291e+02, 3.71288757e+02,
    2.79396790e+02, 3.92436768e+02, 2.76329376e+02, 4.14046204e+02,
    2.81015228e+02, 3.21644745e+02, 3.13645111e+02, 3.22164673e+02,
    3.34835205e+02, 3.21834625e+02, 3.57272369e+02, 3.21888611e+02,
    3.80963379e+02, 2.98756714e+02, 3.85442688e+02, 3.10621399e+02,
    3.91483124e+02, 3.23190338e+02, 3.97502441e+02, 3.37311798e+02,
    3.90117249e+02, 3.49374756e+02, 3.85285431e+02, 2.52620865e+02,
    3.13090820e+02, 2.65978027e+02, 3.03354065e+02, 2.82536743e+02,
    3.03086151e+02, 2.96985931e+02, 3.16924164e+02, 2.83726166e+02,
    3.19166290e+02, 2.65915771e+02, 3.19824829e+02, 3.50779022e+02,
    3.16583313e+02, 3.66348785e+02, 3.01853607e+02, 3.83604218e+02,
    3.01853607e+02, 3.93786163e+02, 3.08873810e+02, 3.83403534e+02,
    3.16959229e+02, 3.66812195e+02, 3.18196503e+02, 2.83469757e+02,
    4.10078796e+02, 2.98636292e+02, 4.07229523e+02, 3.12807709e+02,
    4.06566406e+02, 3.24311707e+02, 4.09956360e+02, 3.36190094e+02,
    4.06614868e+02, 3.52674469e+02, 4.07010651e+02, 3.77548645e+02,
    4.08387054e+02, 3.53982117e+02, 4.32245331e+02, 3.38538910e+02,
    4.40268677e+02, 3.27926514e+02, 4.42171204e+02, 3.13803467e+02,
    4.41088257e+02, 2.98767426e+02, 4.29984497e+02, 2.96994446e+02,
    4.15790375e+02, 3.14048431e+02, 4.24381226e+02, 3.25952026e+02,
    4.26362305e+02, 3.36896332e+02, 4.25073547e+02, 3.59223602e+02,
    4.14668060e+02, 3.36680847e+02, 4.14025757e+02, 3.24762573e+02,
    4.14975555e+02, 3.13693176e+02, 4.14602692e+02, 0., 0. ]
noOfLandmarkPoint: 68
