%YAML:1.0
landmark: [ 1.71222305e+02, 1.23230286e+02, 1.71730576e+02,
    1.49790543e+02, 1.73625671e+02, 1.77643326e+02, 1.76130646e+02,
    2.01553345e+02, 1.86702469e+02, 2.22319427e+02, 2.02518066e+02,
    2.39143539e+02, 2.23215073e+02, 2.54041458e+02, 2.45602325e+02,
    2.62415894e+02, 2.69766449e+02, 2.69096863e+02, 2.94417358e+02,
    2.66886658e+02, 3.13310150e+02, 2.57570953e+02, 3.26546783e+02,
    2.43085495e+02, 3.36733765e+02, 2.27982895e+02, 3.44539185e+02,
    2.08712524e+02, 3.49832367e+02, 1.85049362e+02, 3.55612000e+02,
    1.58234970e+02, 3.54943878e+02, 1.31950684e+02, 2.06233902e+02,
    8.28311844e+01, 2.22135315e+02, 7.04512863e+01, 2.42843491e+02,
    6.47514038e+01, 2.61111877e+02, 6.99284439e+01, 2.74586273e+02,
    8.23610535e+01, 3.03970856e+02, 8.44781647e+01, 3.18835632e+02,
    7.68407593e+01, 3.33197662e+02, 7.50690842e+01, 3.48184113e+02,
    7.84744492e+01, 3.55995605e+02, 9.13734207e+01, 2.89486603e+02,
    1.00746384e+02, 2.89935883e+02, 1.18071945e+02, 2.90547180e+02,
    1.35665237e+02, 2.90597076e+02, 1.52643860e+02, 2.67501373e+02,
    1.63796860e+02, 2.76671783e+02, 1.67703217e+02, 2.85232361e+02,
    1.71377274e+02, 2.93052368e+02, 1.70622147e+02, 2.99957397e+02,
    1.69496735e+02, 2.24968582e+02, 1.08329529e+02, 2.34319260e+02,
    1.00205154e+02, 2.47376328e+02, 1.00327400e+02, 2.57170502e+02,
    1.12018173e+02, 2.45230301e+02, 1.12373093e+02, 2.34445221e+02,
    1.11435379e+02, 3.11959747e+02, 1.15729958e+02, 3.20385925e+02,
    1.07689735e+02, 3.31720520e+02, 1.07588120e+02, 3.39863129e+02,
    1.18627045e+02, 3.31351227e+02, 1.20338242e+02, 3.20704987e+02,
    1.18032875e+02, 2.39486908e+02, 1.93424728e+02, 2.53616592e+02,
    1.88742752e+02, 2.71759033e+02, 1.85485641e+02, 2.81490387e+02,
    1.89254974e+02, 2.91652679e+02, 1.88945404e+02, 3.02203705e+02,
    1.95406418e+02, 3.13266693e+02, 2.02403015e+02, 3.00613953e+02,
    2.16532227e+02, 2.87786194e+02, 2.19374390e+02, 2.77175842e+02,
    2.19362564e+02, 2.64916992e+02, 2.16073792e+02, 2.50501984e+02,
    2.09767960e+02, 2.42930511e+02, 1.95134750e+02, 2.70668488e+02,
    1.93829147e+02, 2.79900208e+02, 1.96986816e+02, 2.90205750e+02,
    1.97557480e+02, 3.10333313e+02, 2.03208878e+02, 2.88790710e+02,
    2.08236618e+02, 2.79115204e+02, 2.09248566e+02, 2.67618866e+02,
    2.07044281e+02 ]
noOfLandmarkPoint: 68
