%YAML:1.0
landmark: [ 9.51439023e-01, 4.90428955e+02, 1.33668602e+00,
    5.04297852e+02, 1.72193301e+00, 5.21633972e+02, 1.72193301e+00,
    5.40511047e+02, 8.27112961e+00, 5.58617615e+02, 2.59924850e+01,
    5.68634033e+02, 4.64105682e+01, 5.78265259e+02, 6.75991440e+01,
    5.87511169e+02, 8.41647568e+01, 5.89822632e+02, 9.91893845e+01,
    5.87896423e+02, 1.05738579e+02, 5.75568481e+02, 1.08820557e+02,
    5.59002869e+02, 1.10746796e+02, 5.41281555e+02, 1.16525497e+02,
    5.24715942e+02, 1.21533707e+02, 5.12388000e+02, 1.23074692e+02,
    5.00830627e+02, 1.23074692e+02, 4.88887970e+02, 4.75663071e+01,
    4.59609192e+02, 5.87384682e+01, 4.54986237e+02, 6.99106293e+01,
    4.55371490e+02, 8.06975403e+01, 4.54986237e+02, 9.07139587e+01,
    4.56141968e+02, 1.13443520e+02, 4.61920685e+02, 1.16140244e+02,
    4.59609192e+02, 1.22304199e+02, 4.57682983e+02, 1.27312408e+02,
    4.59223969e+02, 1.27697655e+02, 4.64232178e+02, 9.95746307e+01,
    4.84265015e+02, 1.03812347e+02, 4.94666656e+02, 1.08050064e+02,
    5.04683075e+02, 1.11517288e+02, 5.11232269e+02, 8.87877197e+01,
    5.22404419e+02, 9.88041382e+01, 5.23945435e+02, 1.05353333e+02,
    5.24330688e+02, 1.10746796e+02, 5.24330688e+02, 1.13058273e+02,
    5.23560181e+02, 5.18040237e+01, 4.79642029e+02, 5.87384682e+01,
    4.74248596e+02, 6.72138977e+01, 4.72707611e+02, 7.37630920e+01,
    4.76945312e+02, 7.02958755e+01, 4.83494507e+02, 5.98942070e+01,
    4.82723999e+02, 1.04582840e+02, 4.78101044e+02, 1.09591049e+02,
    4.72322357e+02, 1.16910744e+02, 4.72322357e+02, 1.17295990e+02,
    4.77330566e+02, 1.13443520e+02, 4.80027283e+02, 1.08820557e+02,
    4.79642029e+02, 6.72138977e+01, 5.50142212e+02, 7.76155624e+01,
    5.45134033e+02, 8.84024734e+01, 5.42437256e+02, 9.68779068e+01,
    5.42822510e+02, 1.03427101e+02, 5.42437256e+02, 1.07279572e+02,
    5.46289734e+02, 1.08820557e+02, 5.50527466e+02, 1.06123833e+02,
    5.55920898e+02, 1.01886116e+02, 5.59388123e+02, 9.37959290e+01,
    5.59002869e+02, 8.53204956e+01, 5.58232422e+02, 7.60745773e+01,
    5.55920898e+02, 6.99106293e+01, 5.50527466e+02, 8.87877197e+01,
    5.47830750e+02, 9.61074142e+01, 5.48216003e+02, 1.00730370e+02,
    5.48216003e+02, 1.04582840e+02, 5.49371704e+02, 1.01115623e+02,
    5.49756958e+02, 9.57221603e+01, 5.49756958e+02, 8.84024734e+01,
    5.49756958e+02 ]
noOfLandmarkPoint: 68
