%YAML:1.0
landmark: [ 8.64123077e+01, 2.05017227e+02, 8.62394638e+01,
    2.30993942e+02, 8.64602966e+01, 2.58029022e+02, 9.21102982e+01,
    2.83535614e+02, 1.01029877e+02, 3.08459442e+02, 1.14992416e+02,
    3.30279541e+02, 1.32513992e+02, 3.47925873e+02, 1.55263763e+02,
    3.64664337e+02, 1.82919510e+02, 3.71885376e+02, 2.06276108e+02,
    3.63689850e+02, 2.22434006e+02, 3.44871887e+02, 2.38143387e+02,
    3.25518066e+02, 2.49899963e+02, 3.05821228e+02, 2.59412231e+02,
    2.83730255e+02, 2.65621521e+02, 2.62750305e+02, 2.67966339e+02,
    2.36053467e+02, 2.70738251e+02, 2.10522675e+02, 1.19263702e+02,
    1.90536545e+02, 1.28280716e+02, 1.88250778e+02, 1.42449936e+02,
    1.86853119e+02, 1.54393936e+02, 1.90016144e+02, 1.69223999e+02,
    1.98404099e+02, 2.06082169e+02, 2.02460785e+02, 2.22737366e+02,
    1.93412949e+02, 2.37695496e+02, 1.90293076e+02, 2.54266983e+02,
    1.89536057e+02, 2.67420441e+02, 1.95911972e+02, 1.90528046e+02,
    2.15422760e+02, 1.89578842e+02, 2.31785568e+02, 1.89435974e+02,
    2.47983002e+02, 1.89117844e+02, 2.66191864e+02, 1.65663071e+02,
    2.72068787e+02, 1.76876007e+02, 2.76384674e+02, 1.88163147e+02,
    2.80661072e+02, 1.98385269e+02, 2.76398956e+02, 2.08196182e+02,
    2.71842743e+02, 1.28853592e+02, 2.11203644e+02, 1.39370514e+02,
    2.05341019e+02, 1.52976929e+02, 2.06843597e+02, 1.61743774e+02,
    2.15633698e+02, 1.50881622e+02, 2.16236511e+02, 1.39499176e+02,
    2.15955292e+02, 2.10921875e+02, 2.16329590e+02, 2.18378159e+02,
    2.08944748e+02, 2.31279312e+02, 2.07362015e+02, 2.41556473e+02,
    2.13346603e+02, 2.33538727e+02, 2.17451721e+02, 2.22444626e+02,
    2.17782928e+02, 1.42309448e+02, 2.93263031e+02, 1.60994339e+02,
    2.91903717e+02, 1.75984299e+02, 2.92691376e+02, 1.85526932e+02,
    2.93418884e+02, 1.94945007e+02, 2.92621521e+02, 2.07626419e+02,
    2.92220612e+02, 2.23229492e+02, 2.91503662e+02, 2.08800079e+02,
    3.15683105e+02, 1.95908585e+02, 3.23827087e+02, 1.85593063e+02,
    3.25984680e+02, 1.74703217e+02, 3.24390503e+02, 1.59340714e+02,
    3.16980286e+02, 1.47472656e+02, 2.93952515e+02, 1.76028015e+02,
    2.97744598e+02, 1.85343613e+02, 2.98064514e+02, 1.95229370e+02,
    2.96454407e+02, 2.18189224e+02, 2.93355316e+02, 1.94987701e+02,
    3.11108307e+02, 1.85169586e+02, 3.13039581e+02, 1.75899994e+02,
    3.11789764e+02 ]
noOfLandmarkPoint: 68
