%YAML:1.0
landmark: [ 5.21254463e+01, 7.46070557e+01, 5.05169563e+01,
    8.53203812e+01, 4.94814949e+01, 9.46933746e+01, 5.21489372e+01,
    1.06663345e+02, 5.63377647e+01, 1.17996674e+02, 6.18502846e+01,
    1.29417114e+02, 6.76040573e+01, 1.39162003e+02, 7.41721039e+01,
    1.51041458e+02, 8.74858246e+01, 1.53313507e+02, 1.00146271e+02,
    1.51527374e+02, 1.15091972e+02, 1.42975510e+02, 1.27966759e+02,
    1.33495346e+02, 1.36763290e+02, 1.21766624e+02, 1.43046539e+02,
    1.09200134e+02, 1.44540833e+02, 9.53022919e+01, 1.45282639e+02,
    8.33221436e+01, 1.45396332e+02, 7.12909622e+01, 5.05605087e+01,
    6.04991150e+01, 5.54765129e+01, 5.75669327e+01, 6.14279785e+01,
    5.71480522e+01, 6.80599365e+01, 5.90200005e+01, 7.32581253e+01,
    6.22614326e+01, 8.97160339e+01, 6.01908989e+01, 9.77504196e+01,
    5.62046318e+01, 1.06518959e+02, 5.55077744e+01, 1.15071014e+02,
    5.70700417e+01, 1.21064957e+02, 6.14731712e+01, 7.93169479e+01,
    6.80802765e+01, 7.78501358e+01, 7.57435150e+01, 7.58391953e+01,
    8.37403717e+01, 7.37347794e+01, 9.21295776e+01, 6.86999130e+01,
    9.63010788e+01, 7.30025558e+01, 9.99812851e+01, 7.79856033e+01,
    1.02779381e+02, 8.35617371e+01, 9.87716141e+01, 8.77539902e+01,
    9.57958755e+01, 5.73956604e+01, 7.15635376e+01, 6.07376595e+01,
    6.77685013e+01, 6.51567688e+01, 6.76992340e+01, 7.09325714e+01,
    7.14635620e+01, 6.58934479e+01, 7.21675873e+01, 6.08272133e+01,
    7.19135056e+01, 9.69492569e+01, 7.00928802e+01, 1.01630493e+02,
    6.73304596e+01, 1.06757454e+02, 6.74407959e+01, 1.11106445e+02,
    7.04484711e+01, 1.06399475e+02, 7.09599380e+01, 1.01108681e+02,
    7.08448181e+01, 6.23127213e+01, 1.09860268e+02, 7.05109634e+01,
    1.07653809e+02, 7.62229614e+01, 1.07541435e+02, 8.01940308e+01,
    1.08074142e+02, 8.53093796e+01, 1.07712914e+02, 1.00931854e+02,
    1.08350380e+02, 1.09204124e+02, 1.09045990e+02, 1.01154823e+02,
    1.18810951e+02, 8.57546387e+01, 1.21441414e+02, 8.06909637e+01,
    1.21741806e+02, 7.64319077e+01, 1.21845528e+02, 7.04087296e+01,
    1.17966988e+02, 6.62368088e+01, 1.10081451e+02, 7.61369553e+01,
    1.09342575e+02, 8.02166977e+01, 1.09855263e+02, 8.55299606e+01,
    1.10126862e+02, 1.07350960e+02, 1.09706123e+02, 8.56397781e+01,
    1.18054512e+02, 8.07041397e+01, 1.18245956e+02, 7.62900009e+01,
    1.17760208e+02 ]
noOfLandmarkPoint: 68
