%YAML:1.0
landmark: [ 6.39026947e+01, 1.53804779e+02, 6.39026947e+01,
    1.70940643e+02, 6.51266861e+01, 1.89912491e+02, 6.70095901e+01,
    2.08507843e+02, 7.01455688e+01, 2.27597946e+02, 7.69757996e+01,
    2.44345245e+02, 8.79863968e+01, 2.57352020e+02, 1.01460258e+02,
    2.67064545e+02, 1.17748375e+02, 2.70230927e+02, 1.39734985e+02,
    2.64814606e+02, 1.61384171e+02, 2.57330231e+02, 1.81034973e+02,
    2.45593140e+02, 1.98265991e+02, 2.30184784e+02, 2.11355759e+02,
    2.11438599e+02, 2.17072067e+02, 1.93117752e+02, 2.17945755e+02,
    1.73896210e+02, 2.18400208e+02, 1.54115952e+02, 7.12417831e+01,
    1.36440674e+02, 7.86116867e+01, 1.30033447e+02, 8.98870621e+01,
    1.25135468e+02, 1.01263565e+02, 1.23018143e+02, 1.11956009e+02,
    1.25036369e+02, 1.32921524e+02, 1.23453674e+02, 1.47667328e+02,
    1.22447716e+02, 1.60198929e+02, 1.21969368e+02, 1.72288849e+02,
    1.23773430e+02, 1.84933121e+02, 1.27565758e+02, 1.18987473e+02,
    1.43110657e+02, 1.16534073e+02, 1.54194733e+02, 1.13836143e+02,
    1.65245911e+02, 1.11073349e+02, 1.76176163e+02, 9.93984070e+01,
    1.87464508e+02, 1.06762772e+02, 1.91060898e+02, 1.14704964e+02,
    1.93903351e+02, 1.23094337e+02, 1.90912827e+02, 1.32606125e+02,
    1.89140503e+02, 7.44500809e+01, 1.50375320e+02, 8.06359100e+01,
    1.43825211e+02, 9.09244308e+01, 1.42242889e+02, 1.00054840e+02,
    1.48445374e+02, 9.13434296e+01, 1.51665329e+02, 8.26885986e+01,
    1.53090073e+02, 1.43462051e+02, 1.44867355e+02, 1.51787476e+02,
    1.38714401e+02, 1.63615189e+02, 1.38204849e+02, 1.73675827e+02,
    1.44431854e+02, 1.64512405e+02, 1.47717834e+02, 1.53027969e+02,
    1.48732330e+02, 9.29089737e+01, 2.22574234e+02, 1.00462418e+02,
    2.12589951e+02, 1.10001488e+02, 2.07461792e+02, 1.14623650e+02,
    2.08938095e+02, 1.20024033e+02, 2.07256470e+02, 1.33705536e+02,
    2.10140320e+02, 1.47376541e+02, 2.19078751e+02, 1.34467209e+02,
    2.27653366e+02, 1.22464951e+02, 2.29584747e+02, 1.17149460e+02,
    2.29992081e+02, 1.10676117e+02, 2.30411118e+02, 1.02170341e+02,
    2.28195084e+02, 9.80474548e+01, 2.21140747e+02, 1.10722862e+02,
    2.16807251e+02, 1.15696274e+02, 2.16807251e+02, 1.20620155e+02,
    2.16211761e+02, 1.43704575e+02, 2.19271744e+02, 1.20620155e+02,
    2.16211761e+02, 1.15696274e+02, 2.16807251e+02, 1.10722862e+02,
    2.16807251e+02 ]
noOfLandmarkPoint: 68
