%YAML:1.0
landmark: [ 2.01392975e+02, 4.71577728e+02, 1.97179276e+02,
    4.88395844e+02, 1.97864273e+02, 5.08708099e+02, 2.05846542e+02,
    5.32138489e+02, 2.08312119e+02, 5.51664185e+02, 2.16190674e+02,
    5.69132690e+02, 2.21329224e+02, 5.97978210e+02, 2.30167221e+02,
    6.06196045e+02, 2.54077316e+02, 6.06057800e+02, 2.78054413e+02,
    6.03043335e+02, 3.01826233e+02, 5.98008484e+02, 3.24604034e+02,
    5.91020203e+02, 3.47690857e+02, 5.83383667e+02, 3.60124542e+02,
    5.66909119e+02, 3.66702271e+02, 5.38340210e+02, 3.68312103e+02,
    5.05693665e+02, 3.68618958e+02, 4.74899017e+02, 1.96973984e+02,
    4.31020233e+02, 2.00673416e+02, 4.26395966e+02, 2.08072250e+02,
    4.30095367e+02, 2.15471100e+02, 4.34719666e+02, 2.21945084e+02,
    4.43968201e+02, 2.49690750e+02, 4.41193634e+02, 2.67263000e+02,
    4.37494232e+02, 2.82985535e+02, 4.36569366e+02, 2.96858368e+02,
    4.42118500e+02, 3.08881500e+02, 4.48592499e+02, 2.36759171e+02,
    4.61504791e+02, 2.32055740e+02, 4.77286285e+02, 2.25541199e+02,
    4.93054810e+02, 2.19714828e+02, 5.07028320e+02, 2.13606110e+02,
    5.13324585e+02, 2.18759949e+02, 5.21280090e+02, 2.27187363e+02,
    5.25493774e+02, 2.34996780e+02, 5.23060669e+02, 2.43731049e+02,
    5.22375610e+02, 2.08074402e+02, 4.61884033e+02, 2.08586533e+02,
    4.55340912e+02, 2.19166718e+02, 4.57528595e+02, 2.26499680e+02,
    4.63750122e+02, 2.18768616e+02, 4.65715240e+02, 2.11739243e+02,
    4.65823303e+02, 2.67162415e+02, 4.69071930e+02, 2.72400482e+02,
    4.61428802e+02, 2.85374664e+02, 4.64952545e+02, 2.94288940e+02,
    4.70457428e+02, 2.84663666e+02, 4.72448334e+02, 2.74087036e+02,
    4.71903931e+02, 2.13481155e+02, 5.53678772e+02, 2.15616898e+02,
    5.46166565e+02, 2.21187088e+02, 5.42138794e+02, 2.27087967e+02,
    5.45780334e+02, 2.32578888e+02, 5.42988098e+02, 2.45985580e+02,
    5.48543457e+02, 2.64608490e+02, 5.56541931e+02, 2.50084274e+02,
    5.61985474e+02, 2.39761810e+02, 5.64743835e+02, 2.32556000e+02,
    5.66562073e+02, 2.24102966e+02, 5.66289612e+02, 2.18349380e+02,
    5.58410461e+02, 2.17363113e+02, 5.52926575e+02, 2.22219513e+02,
    5.53101135e+02, 2.28481186e+02, 5.53596130e+02, 2.35320816e+02,
    5.53657532e+02, 2.57686127e+02, 5.56338013e+02, 2.35320816e+02,
    5.53657532e+02, 2.28481186e+02, 5.53596130e+02, 2.22219513e+02,
    5.53101135e+02 ]
noOfLandmarkPoint: 68
