%YAML:1.0
landmark: [ 1.17292976e+02, 1.89542480e+02, 1.19313484e+02,
    2.20137802e+02, 1.22964981e+02, 2.46244598e+02, 1.25330650e+02,
    2.71802032e+02, 1.31272263e+02, 3.01299316e+02, 1.53803757e+02,
    3.29736481e+02, 1.77030457e+02, 3.50943451e+02, 2.09176071e+02,
    3.63141296e+02, 2.37994980e+02, 3.61159821e+02, 2.66338928e+02,
    3.59518982e+02, 2.91492615e+02, 3.46740692e+02, 3.09634399e+02,
    3.29086456e+02, 3.21670258e+02, 3.06231598e+02, 3.26327637e+02,
    2.78188080e+02, 3.30539337e+02, 2.48437775e+02, 3.33300079e+02,
    2.22037170e+02, 3.33837433e+02, 1.92622650e+02, 1.49687897e+02,
    1.56242584e+02, 1.60573090e+02, 1.45981613e+02, 1.77409286e+02,
    1.41940002e+02, 1.96302399e+02, 1.43456833e+02, 2.15004639e+02,
    1.52180145e+02, 2.58593536e+02, 1.54551926e+02, 2.77206024e+02,
    1.50334518e+02, 2.96124023e+02, 1.49727112e+02, 3.12625854e+02,
    1.57931747e+02, 3.24641754e+02, 1.71297928e+02, 2.35962219e+02,
    1.76123428e+02, 2.36809357e+02, 1.94234238e+02, 2.37656509e+02,
    2.13051620e+02, 2.38186417e+02, 2.31586609e+02, 2.15273926e+02,
    2.49627747e+02, 2.26041641e+02, 2.50616684e+02, 2.36880264e+02,
    2.53511383e+02, 2.45847961e+02, 2.50793320e+02, 2.53509491e+02,
    2.49239624e+02, 1.61715942e+02, 1.85670288e+02, 1.70754700e+02,
    1.75398575e+02, 1.86509521e+02, 1.74852325e+02, 2.00975845e+02,
    1.85020218e+02, 1.87407242e+02, 1.87545898e+02, 1.74955963e+02,
    1.87837692e+02, 2.64312042e+02, 1.88832962e+02, 2.77086151e+02,
    1.78693359e+02, 2.91836670e+02, 1.79919617e+02, 3.03964630e+02,
    1.90047775e+02, 2.93020264e+02, 1.92177673e+02, 2.79775696e+02,
    1.91867035e+02, 1.86010590e+02, 2.89416351e+02, 2.03591995e+02,
    2.73793579e+02, 2.26482452e+02, 2.69012909e+02, 2.35374924e+02,
    2.71365051e+02, 2.44636536e+02, 2.69566101e+02, 2.62278748e+02,
    2.75587463e+02, 2.81620300e+02, 2.90625366e+02, 2.66569885e+02,
    3.07268860e+02, 2.45526825e+02, 3.19043518e+02, 2.34573730e+02,
    3.18905365e+02, 2.23639603e+02, 3.18365234e+02, 2.02105377e+02,
    3.07684967e+02, 1.89850235e+02, 2.90753387e+02, 2.25612015e+02,
    2.82758728e+02, 2.34833221e+02, 2.84083130e+02, 2.44874878e+02,
    2.82092194e+02, 2.76982056e+02, 2.91618286e+02, 2.44246765e+02,
    3.00054626e+02, 2.33934250e+02, 2.99581390e+02, 2.25010620e+02,
    2.99806946e+02 ]
noOfLandmarkPoint: 68
