%YAML:1.0
landmark: [ 7.01688194e+00, 3.69197632e+02, 4.67720890e+00,
    3.84261841e+02, 3.33288002e+00, 4.00698761e+02, 3.11505008e+00,
    4.28490845e+02, 1.56041584e+01, 4.38385315e+02, 3.11215229e+01,
    4.47104401e+02, 4.57504692e+01, 4.52423157e+02, 6.18594589e+01,
    4.57150726e+02, 7.46971054e+01, 4.58279846e+02, 8.44803238e+01,
    4.55335083e+02, 8.69779587e+01, 4.44295197e+02, 8.80108414e+01,
    4.36168701e+02, 9.22976608e+01, 4.17691254e+02, 9.83578796e+01,
    4.07497040e+02, 9.98364487e+01, 3.95970184e+02, 1.01313049e+02,
    3.83999634e+02, 1.01164658e+02, 3.73505157e+02, 3.37732010e+01,
    3.56478485e+02, 4.27918663e+01, 3.52076965e+02, 5.34327507e+01,
    3.50303070e+02, 6.42230072e+01, 3.51041626e+02, 7.59002151e+01,
    3.54442474e+02, 8.57947083e+01, 3.53848907e+02, 9.12522430e+01,
    3.51347687e+02, 9.54022141e+01, 3.49710968e+02, 9.92438431e+01,
    3.49712433e+02, 1.03086945e+02, 3.50598877e+02, 8.07727737e+01,
    3.72915985e+02, 8.46158752e+01, 3.81191376e+02, 8.87533112e+01,
    3.89022522e+02, 9.27448120e+01, 3.97891479e+02, 7.23485184e+01,
    4.03357635e+02, 7.70751266e+01, 4.05131042e+02, 8.19506302e+01,
    4.08235107e+02, 8.72713165e+01, 4.07200745e+02, 9.25929794e+01,
    4.05279419e+02, 4.36580811e+01, 3.69994629e+02, 4.98854637e+01,
    3.65968842e+02, 5.65358315e+01, 3.65525604e+02, 5.80119476e+01,
    3.70254669e+02, 5.46145248e+01, 3.72322906e+02, 4.89994965e+01,
    3.73359222e+02, 8.50687637e+01, 3.69957123e+02, 8.93505478e+01,
    3.65164703e+02, 9.46078033e+01, 3.65036072e+02, 9.69303284e+01,
    3.67919952e+02, 9.40224991e+01, 3.70026276e+02, 8.96714783e+01,
    3.70509979e+02, 5.47599792e+01, 4.27447174e+02, 6.70302811e+01,
    4.21683258e+02, 7.76745911e+01, 4.19318726e+02, 8.18100739e+01,
    4.20946167e+02, 8.72776871e+01, 4.17988037e+02, 8.97741776e+01,
    4.20550140e+02, 8.99346008e+01, 4.26706665e+02, 8.74231415e+01,
    4.33358978e+02, 8.35815125e+01, 4.34098022e+02, 7.96101074e+01,
    4.34143951e+02, 7.44127045e+01, 4.33809113e+02, 6.61448059e+01,
    4.32177704e+02, 5.80109673e+01, 4.27299255e+02, 7.58987427e+01,
    4.26709595e+02, 8.01840897e+01, 4.26856506e+02, 8.46173401e+01,
    4.26856506e+02, 8.77179718e+01, 4.26855042e+02, 8.46173401e+01,
    4.26856506e+02, 8.01840897e+01, 4.26856506e+02, 7.58987427e+01,
    4.26709595e+02 ]
noOfLandmarkPoint: 68
