%YAML:1.0
landmark: [ 1.43025940e+02, 2.07845276e+02, 1.42518417e+02,
    2.23456528e+02, 1.44578949e+02, 2.39234818e+02, 1.49335159e+02,
    2.55514252e+02, 1.59699814e+02, 2.69542297e+02, 1.72784760e+02,
    2.82193756e+02, 1.86474625e+02, 2.92176392e+02, 2.02070145e+02,
    2.99076599e+02, 2.20394608e+02, 2.99636810e+02, 2.35701080e+02,
    2.94697021e+02, 2.50366165e+02, 2.85169739e+02, 2.59776154e+02,
    2.70485626e+02, 2.63014404e+02, 2.55137390e+02, 2.64121613e+02,
    2.39438385e+02, 2.63418030e+02, 2.25291275e+02, 2.61674652e+02,
    2.10959427e+02, 2.58986115e+02, 1.96361404e+02, 1.62638611e+02,
    1.96263855e+02, 1.64364944e+02, 1.85803543e+02, 1.74818573e+02,
    1.79875061e+02, 1.87760941e+02, 1.81253922e+02, 1.99706299e+02,
    1.85213882e+02, 2.18553024e+02, 1.85220703e+02, 2.26800034e+02,
    1.80307327e+02, 2.36960281e+02, 1.78456528e+02, 2.46901962e+02,
    1.78543457e+02, 2.52538483e+02, 1.86017639e+02, 2.12155350e+02,
    2.01095917e+02, 2.14344940e+02, 2.08531723e+02, 2.16953766e+02,
    2.16365494e+02, 2.19387497e+02, 2.24292618e+02, 2.06639420e+02,
    2.36276169e+02, 2.12546967e+02, 2.38389374e+02, 2.17904877e+02,
    2.40636017e+02, 2.24009872e+02, 2.37748962e+02, 2.28439163e+02,
    2.32946136e+02, 1.73511139e+02, 2.04211105e+02, 1.78981522e+02,
    1.99025513e+02, 1.88174377e+02, 1.99672913e+02, 1.93158173e+02,
    2.06165390e+02, 1.86096634e+02, 2.08311081e+02, 1.79227615e+02,
    2.08499664e+02, 2.27731812e+02, 2.02474091e+02, 2.30152695e+02,
    1.95869370e+02, 2.39186920e+02, 1.94086761e+02, 2.44624817e+02,
    1.99686218e+02, 2.40814896e+02, 2.01908508e+02, 2.34460114e+02,
    2.02516098e+02, 1.95446945e+02, 2.64540466e+02, 2.03528152e+02,
    2.56928528e+02, 2.11682343e+02, 2.53908035e+02, 2.17461899e+02,
    2.55119415e+02, 2.24692932e+02, 2.52781998e+02, 2.32185394e+02,
    2.55183411e+02, 2.41722198e+02, 2.60467621e+02, 2.34580704e+02,
    2.65018494e+02, 2.26345291e+02, 2.66048706e+02, 2.19625122e+02,
    2.66944946e+02, 2.13985489e+02, 2.67286469e+02, 2.04858246e+02,
    2.66388489e+02, 1.97868576e+02, 2.63402191e+02, 2.12562851e+02,
    2.59308624e+02, 2.18187637e+02, 2.59308624e+02, 2.24890366e+02,
    2.57963806e+02, 2.39470688e+02, 2.60339020e+02, 2.24890366e+02,
    2.57963806e+02, 2.18187637e+02, 2.59308624e+02, 2.12562851e+02,
    2.59308624e+02 ]
noOfLandmarkPoint: 68
