%YAML:1.0
landmark: [ 9.46632385e+01, 1.85050262e+02, 9.35070953e+01,
    2.14790024e+02, 9.37782974e+01, 2.50441772e+02, 1.00705406e+02,
    2.80354553e+02, 1.14966682e+02, 3.06005707e+02, 1.34819351e+02,
    3.28222168e+02, 1.53574707e+02, 3.47777161e+02, 1.75951675e+02,
    3.64438477e+02, 2.06677200e+02, 3.68938690e+02, 2.31373276e+02,
    3.59993439e+02, 2.49586975e+02, 3.43225830e+02, 2.65987030e+02,
    3.24318268e+02, 2.83644409e+02, 3.05616364e+02, 2.95902710e+02,
    2.85546295e+02, 3.05848083e+02, 2.64167664e+02, 3.07279083e+02,
    2.37648102e+02, 3.09115051e+02, 2.11944305e+02, 1.21844551e+02,
    1.55640762e+02, 1.39250366e+02, 1.44138626e+02, 1.63388138e+02,
    1.40538742e+02, 1.86895493e+02, 1.45974609e+02, 2.15008942e+02,
    1.57025803e+02, 2.60497498e+02, 1.67538620e+02, 2.78694763e+02,
    1.62498474e+02, 2.91816620e+02, 1.61742310e+02, 3.03318756e+02,
    1.63866653e+02, 3.10878937e+02, 1.72902390e+02, 2.29300034e+02,
    1.97405548e+02, 2.28311691e+02, 2.13957504e+02, 2.28884338e+02,
    2.29965012e+02, 2.28620483e+02, 2.46610977e+02, 1.97450851e+02,
    2.53493011e+02, 2.07283554e+02, 2.59393921e+02, 2.17999130e+02,
    2.62812073e+02, 2.28070160e+02, 2.62188904e+02, 2.37749176e+02,
    2.59084290e+02, 1.48970200e+02, 1.89498352e+02, 1.62236237e+02,
    1.85628525e+02, 1.77410339e+02, 1.90182434e+02, 1.87940018e+02,
    1.98480423e+02, 1.72982193e+02, 1.97994202e+02, 1.58834213e+02,
    1.95204178e+02, 2.57023376e+02, 2.09694199e+02, 2.69803192e+02,
    2.03646332e+02, 2.82385132e+02, 2.05554398e+02, 2.90755188e+02,
    2.11332306e+02, 2.82510895e+02, 2.14320206e+02, 2.69928955e+02,
    2.13221985e+02, 1.59104172e+02, 2.78363403e+02, 1.83143997e+02,
    2.74069885e+02, 2.04441498e+02, 2.74664764e+02, 2.16220764e+02,
    2.78261749e+02, 2.31374313e+02, 2.77123444e+02, 2.45998459e+02,
    2.80027466e+02, 2.56270630e+02, 2.88208405e+02, 2.45584335e+02,
    3.09593475e+02, 2.28002930e+02, 3.22591797e+02, 2.12863998e+02,
    3.23838928e+02, 1.99875275e+02, 3.21276306e+02, 1.78401932e+02,
    3.07627899e+02, 1.64342163e+02, 2.79731598e+02, 2.03398819e+02,
    2.86866028e+02, 2.15247070e+02, 2.88509888e+02, 2.30315155e+02,
    2.88628815e+02, 2.50651520e+02, 2.89778595e+02, 2.29233353e+02,
    3.05391846e+02, 2.13908859e+02, 3.07235718e+02, 2.01755569e+02,
    3.04518707e+02 ]
noOfLandmarkPoint: 68
