%YAML:1.0
landmark: [ 1.26764290e+02, 1.24718208e+02, 1.29408173e+02,
    1.42965393e+02, 1.34275986e+02, 1.59425308e+02, 1.40316223e+02,
    1.74942673e+02, 1.47758743e+02, 1.87408127e+02, 1.57827667e+02,
    1.99310425e+02, 1.69195480e+02, 2.08844849e+02, 1.81327652e+02,
    2.19701202e+02, 1.95925888e+02, 2.24432617e+02, 2.10303360e+02,
    2.19061462e+02, 2.21446609e+02, 2.06942459e+02, 2.31486755e+02,
    1.95032394e+02, 2.40272141e+02, 1.81424347e+02, 2.45939575e+02,
    1.66181763e+02, 2.47887985e+02, 1.47678146e+02, 2.48436813e+02,
    1.32304672e+02, 2.49839096e+02, 1.15614891e+02, 1.34625580e+02,
    1.15743538e+02, 1.43176498e+02, 1.10436737e+02, 1.53779633e+02,
    1.09778572e+02, 1.63857376e+02, 1.11504128e+02, 1.73620102e+02,
    1.13395874e+02, 1.93617279e+02, 1.11675415e+02, 2.04240829e+02,
    1.05191551e+02, 2.14230423e+02, 1.00693329e+02, 2.24763336e+02,
    9.93764572e+01, 2.35900208e+02, 1.02273369e+02, 1.84402557e+02,
    1.23222893e+02, 1.85693314e+02, 1.34938065e+02, 1.87387436e+02,
    1.46992706e+02, 1.89111221e+02, 1.59074173e+02, 1.76962219e+02,
    1.64116562e+02, 1.83856308e+02, 1.65630966e+02, 1.90832535e+02,
    1.68201889e+02, 1.97203400e+02, 1.63962769e+02, 2.03576569e+02,
    1.61118240e+02, 1.47471786e+02, 1.28132935e+02, 1.54173004e+02,
    1.23801582e+02, 1.61496933e+02, 1.23476143e+02, 1.68506744e+02,
    1.27751396e+02, 1.61670959e+02, 1.28735382e+02, 1.53820679e+02,
    1.29159271e+02, 2.04649460e+02, 1.23689743e+02, 2.10235535e+02,
    1.18109245e+02, 2.18109161e+02, 1.15816124e+02, 2.25603378e+02,
    1.18287415e+02, 2.20580460e+02, 1.21856361e+02, 2.13212692e+02,
    1.23385109e+02, 1.65476746e+02, 1.75825027e+02, 1.74566147e+02,
    1.73673492e+02, 1.84447113e+02, 1.72205460e+02, 1.91804855e+02,
    1.74287018e+02, 1.99076401e+02, 1.70506531e+02, 2.07923798e+02,
    1.69641708e+02, 2.19299500e+02, 1.69630859e+02, 2.12772079e+02,
    1.89233795e+02, 2.02439896e+02, 1.95702682e+02, 1.94517242e+02,
    1.98060318e+02, 1.85735596e+02, 1.96926422e+02, 1.74895630e+02,
    1.90535919e+02, 1.68972305e+02, 1.76685242e+02, 1.84613876e+02,
    1.78325775e+02, 1.92343445e+02, 1.78669357e+02, 1.99798447e+02,
    1.76866852e+02, 2.16478241e+02, 1.71649353e+02, 2.01410461e+02,
    1.88442261e+02, 1.93636154e+02, 1.90183594e+02, 1.85276962e+02,
    1.88914963e+02 ]
noOfLandmarkPoint: 68
