%YAML:1.0
landmark: [ 1.46047241e+02, 9.50871582e+01, 1.45466141e+02,
    1.08716957e+02, 1.45165909e+02, 1.23275024e+02, 1.45393509e+02,
    1.37908646e+02, 1.49130661e+02, 1.47350906e+02, 1.55923965e+02,
    1.56863510e+02, 1.66477097e+02, 1.64584457e+02, 1.79305527e+02,
    1.72885910e+02, 1.92201981e+02, 1.77323502e+02, 2.02819260e+02,
    1.76672714e+02, 2.15186371e+02, 1.72237366e+02, 2.24950150e+02,
    1.64440430e+02, 2.32186951e+02, 1.55337540e+02, 2.38564560e+02,
    1.44147995e+02, 2.42380936e+02, 1.31870132e+02, 2.45706375e+02,
    1.20638435e+02, 2.47220612e+02, 1.07721954e+02, 1.63192841e+02,
    7.38857346e+01, 1.71895096e+02, 7.09501266e+01, 1.80253555e+02,
    7.09772186e+01, 1.89571930e+02, 7.40053024e+01, 1.96417969e+02,
    7.88161850e+01, 2.15686157e+02, 8.24075928e+01, 2.23324493e+02,
    8.02595215e+01, 2.30457779e+02, 7.99927902e+01, 2.38268250e+02,
    8.27136002e+01, 2.42920990e+02, 8.77374420e+01, 2.04893097e+02,
    9.40566330e+01, 2.04434006e+02, 9.88086929e+01, 2.03997025e+02,
    1.03601822e+02, 2.03686722e+02, 1.08791977e+02, 1.92375473e+02,
    1.16585991e+02, 1.96751648e+02, 1.18646461e+02, 2.01468338e+02,
    1.20361000e+02, 2.05535309e+02, 1.20227814e+02, 2.08401855e+02,
    1.19742577e+02, 1.71348404e+02, 8.85395432e+01, 1.76452835e+02,
    8.66634445e+01, 1.81426712e+02, 8.73464584e+01, 1.86891159e+02,
    9.09023209e+01, 1.81059570e+02, 9.16657028e+01, 1.75833862e+02,
    9.12340164e+01, 2.16386322e+02, 9.69912872e+01, 2.20963333e+02,
    9.40389862e+01, 2.27057098e+02, 9.52871475e+01, 2.31245758e+02,
    9.84993134e+01, 2.26335663e+02, 9.99071121e+01, 2.21520874e+02,
    9.89728394e+01, 1.72678894e+02, 1.32251709e+02, 1.83266602e+02,
    1.30361481e+02, 1.93628128e+02, 1.30821671e+02, 1.98033890e+02,
    1.33120346e+02, 2.04040039e+02, 1.33004730e+02, 2.09916061e+02,
    1.35703445e+02, 2.17491364e+02, 1.41191681e+02, 2.07719147e+02,
    1.49458694e+02, 2.00060043e+02, 1.49670197e+02, 1.94081558e+02,
    1.48581131e+02, 1.88776917e+02, 1.47013031e+02, 1.79711609e+02,
    1.42161041e+02, 1.77377167e+02, 1.33763504e+02, 1.92867981e+02,
    1.33685989e+02, 1.97573456e+02, 1.35457687e+02, 2.03248917e+02,
    1.35489410e+02, 2.14184219e+02, 1.41343079e+02, 2.01543488e+02,
    1.42123779e+02, 1.95666367e+02, 1.42670578e+02, 1.90459442e+02,
    1.41473038e+02 ]
noOfLandmarkPoint: 68
