%YAML:1.0
landmark: [ 7.08481445e+01, 8.66241455e+01, 7.19151459e+01,
    1.08067345e+02, 7.47078552e+01, 1.26989227e+02, 8.19073105e+01,
    1.48788971e+02, 8.68751602e+01, 1.71503128e+02, 9.76646194e+01,
    1.90443008e+02, 1.15105347e+02, 2.05712784e+02, 1.30639496e+02,
    2.22282639e+02, 1.47150085e+02, 2.24441208e+02, 1.63391998e+02,
    2.24434113e+02, 1.81460709e+02, 2.09067017e+02, 1.98124939e+02,
    1.92388474e+02, 2.12705795e+02, 1.73691193e+02, 2.18119965e+02,
    1.51789581e+02, 2.23250320e+02, 1.30821838e+02, 2.28218170e+02,
    1.09366547e+02, 2.30287262e+02, 8.68755493e+01, 8.06072388e+01,
    7.33333359e+01, 9.07889099e+01, 6.32293129e+01, 1.05412636e+02,
    6.18477898e+01, 1.21135612e+02, 6.58807983e+01, 1.35796982e+02,
    7.34598083e+01, 1.66224655e+02, 7.35971069e+01, 1.81273590e+02,
    6.63564453e+01, 1.97416580e+02, 6.42072601e+01, 2.09625092e+02,
    6.55462265e+01, 2.20210815e+02, 7.08997421e+01, 1.49841400e+02,
    9.24739990e+01, 1.50185867e+02, 1.06952995e+02, 1.50916000e+02,
    1.22222771e+02, 1.51199799e+02, 1.38244446e+02, 1.35424057e+02,
    1.48144257e+02, 1.42134979e+02, 1.48788971e+02, 1.49902054e+02,
    1.52155823e+02, 1.57120941e+02, 1.50086731e+02, 1.64056030e+02,
    1.48221359e+02, 9.48047409e+01, 9.52125702e+01, 1.02935715e+02,
    9.03660278e+01, 1.16483185e+02, 9.13193207e+01, 1.25851265e+02,
    9.92076874e+01, 1.14799767e+02, 1.00891113e+02, 1.01698616e+02,
    1.00160980e+02, 1.75473755e+02, 9.97146606e+01, 1.85390015e+02,
    9.12781067e+01, 1.96339645e+02, 9.07516937e+01, 2.02158936e+02,
    9.54963837e+01, 1.96562805e+02, 1.00505440e+02, 1.87398453e+02,
    1.00951767e+02, 1.20266922e+02, 1.77229492e+02, 1.30658493e+02,
    1.69593384e+02, 1.40009354e+02, 1.66190552e+02, 1.48482590e+02,
    1.68749741e+02, 1.57463882e+02, 1.66373947e+02, 1.68150146e+02,
    1.69543976e+02, 1.77025070e+02, 1.77871185e+02, 1.69775772e+02,
    1.90605515e+02, 1.58804367e+02, 1.93950592e+02, 1.48483002e+02,
    1.94457565e+02, 1.39602463e+02, 1.93647339e+02, 1.29315231e+02,
    1.86705124e+02, 1.24624977e+02, 1.76887650e+02, 1.39913223e+02,
    1.75434189e+02, 1.48471741e+02, 1.75066528e+02, 1.57906631e+02,
    1.74680786e+02, 1.73517776e+02, 1.77962082e+02, 1.57994324e+02,
    1.79572693e+02, 1.48479767e+02, 1.79644272e+02, 1.40169891e+02,
    1.79302612e+02 ]
noOfLandmarkPoint: 68
