%YAML:1.0
ort: !!opencv-matrix
   rows: 18
   cols: 154
   dt: f
   data: [ 2.69769311e-01, -5.37874810e-02, 2.44449243e-01,
       -5.24904169e-02, 2.29021013e-01, -4.42019328e-02, 2.13648751e-01,
       -2.90762503e-02, 1.76271066e-01, -8.91382899e-03, 1.47984073e-01,
       2.07984913e-02, 1.46054029e-01, 2.25134697e-02, 1.59618631e-01,
       -5.81126940e-03, 1.53495863e-01, -2.68502887e-02, 1.69707328e-01,
       -1.73850097e-02, 2.04876587e-01, -3.02892481e-03, 2.04264686e-01,
       -7.67050078e-03, 2.07609400e-01, -1.24831675e-02, 2.20817134e-01,
       -1.68583561e-02, 2.39020959e-01, -1.53570352e-02, 6.43075332e-02,
       2.60118935e-02, 4.00299113e-03, -1.37610538e-02, -5.39425798e-02,
       -9.60584171e-03, -8.50166529e-02, 5.45793213e-03, -5.80856241e-02,
       6.99088210e-03, 4.45668492e-03, -7.72086997e-03, 5.99029176e-02,
       -2.26718411e-02, -1.25734527e-02, -9.54579283e-03,
       -1.80989765e-02, 4.74566035e-03, -5.00826836e-02, 1.99790243e-02,
       -2.16260217e-02, 9.23497044e-03, -3.11578833e-03, -1.07259089e-02,
       3.49689163e-02, -1.38569772e-02, 4.58272686e-03, 2.35749409e-03,
       -5.12219453e-03, -1.17608206e-02, 9.01159365e-03, -1.48871858e-02,
       2.17440706e-02, -1.17664924e-02, 4.00571041e-02, 5.26198233e-03,
       4.17990005e-03, -6.89620094e-04, 2.15121498e-03, -1.31339906e-03,
       1.55563024e-03, 7.81732984e-03, 2.94967070e-02, -4.25352575e-03,
       -4.02435139e-02, -1.41483825e-02, -9.81544033e-02,
       -1.56810079e-02, -9.70302969e-02, -1.15857590e-02,
       -1.19292513e-01, 2.33036862e-03, -1.62949398e-01, -1.14446739e-03,
       -1.25992268e-01, 1.71758905e-02, -9.96061638e-02, 5.91793039e-04,
       -9.89181176e-02, 1.75097845e-02, -5.67483790e-02, 1.44453626e-03,
       -1.46829590e-01, 3.21869738e-03, -1.49938047e-01, 5.98808518e-04,
       -2.75682472e-02, 1.23340711e-02, -7.28991851e-02, 2.45056394e-02,
       -1.13772117e-01, 3.14211883e-02, -1.19953915e-01, 2.97612436e-02,
       -1.04594223e-01, 2.86803637e-02, -7.11498633e-02, 3.38690728e-02,
       -2.13226806e-02, 3.46962363e-02, -7.72019848e-02, 1.39145674e-02,
       -8.51929784e-02, -4.29303665e-03, -1.01367772e-01,
       -2.67116330e-03, -8.14528540e-02, -5.88415470e-03,
       -5.09011671e-02, -4.63866908e-03, -6.52165115e-02,
       -1.34154013e-03, -1.09481141e-01, 1.90972397e-03, -7.97195584e-02,
       -9.86456522e-04, -7.62160867e-02, 2.61997562e-02, -1.12716317e-01,
       2.98498720e-02, -6.74637258e-02, 2.53641661e-02, -1.09254844e-01,
       1.83632262e-02, -2.16214254e-01, 3.94035364e-03, 7.47160381e-03,
       0., 0., 0., 0., 0., 0., 0., 0., 0., 0., 0., 0., 0., 0., 0., 0.,
       0., 8.99232253e-02, 9.75685418e-02, 7.87976235e-02,
       1.16474472e-01, 3.98577936e-02, 1.42260745e-01, -1.03359101e-02,
       1.76132753e-01, -6.26299232e-02, 2.24735603e-01, -7.27145076e-02,
       2.42372543e-01, -2.95296144e-02, 1.98921114e-01, -8.28993041e-03,
       1.43308401e-01, 1.31740002e-02, 1.59301832e-01, 5.99477775e-02,
       1.90879926e-01, 5.81824966e-02, 1.67418033e-01, 1.34219937e-02,
       1.48738369e-01, -2.57712398e-02, 1.18381180e-01, -5.68336621e-02,
       1.01234995e-01, -8.39026719e-02, 9.32034701e-02, -8.82800668e-02,
       1.29400402e-01, -2.78104264e-02, -1.96725633e-02, -8.04841369e-02,
       -4.24365290e-02, -5.77663630e-02, 5.37560415e-03, -4.72089387e-02,
       -1.35661811e-02, -3.80476229e-02, 9.54742078e-03, 1.40179232e-01,
       1.63487881e-01, 2.62160674e-02, 1.35161355e-02, 5.38470373e-02,
       -5.39564043e-02, 7.65411928e-02, -2.89612170e-02, 8.76189321e-02,
       -1.96604021e-02, 7.63892010e-02, 7.17824604e-03, 7.26407021e-02,
       3.88518870e-02, 6.45171553e-02, 2.98969746e-02, 3.55551541e-02,
       -1.19103659e-02, 7.02832565e-02, -2.13597361e-02, 5.27752712e-02,
       2.95156278e-02, -5.74108325e-02, 3.59659418e-02, -1.78117026e-02,
       2.37085484e-02, -2.17129309e-02, -5.03331004e-03, -2.43809428e-02,
       -2.50559882e-03, -3.31299305e-02, 2.75323130e-02, 1.17480401e-02,
       -2.55140848e-02, -9.81856789e-03, -9.65203419e-02,
       -3.10394894e-02, -1.60114527e-01, 3.35206976e-03, -1.67736739e-01,
       -4.08682749e-02, -2.14689761e-01, -3.70799340e-02,
       -1.59202129e-01, 1.32950174e-03, -1.74525365e-01, -1.27807334e-02,
       -9.99994949e-02, 8.59757233e-03, -1.88538395e-02, 6.20487053e-03,
       -2.04042926e-01, -6.46125898e-02, -1.88919961e-01, 5.35308057e-03,
       1.13952486e-02, -1.76231656e-02, -9.24541056e-02, -3.92700400e-04,
       -1.34937778e-01, 1.11276901e-03, -1.23794205e-01, -3.91862961e-03,
       -1.23367116e-01, 6.63898792e-03, -6.30336925e-02, -2.81458776e-02,
       4.65580635e-02, 6.82659401e-03, 8.00696574e-03, 8.36089253e-03,
       4.17680945e-03, 4.07056278e-03, -2.65161204e-03, 1.14631634e-02,
       3.67361982e-03, -1.86491141e-03, 8.55565444e-03, -1.24864867e-02,
       -2.42486484e-02, 5.86330472e-03, -3.40005122e-02, 2.39678775e-03,
       -1.93469077e-02, -1.37835108e-02, -6.82604909e-02,
       -1.94447243e-03, -9.60912332e-02, -2.49520447e-02,
       -8.73689502e-02, -3.60165468e-05, -6.88641369e-02,
       -4.77841273e-02, -2.49678016e-01, 0., 1.02954113e-03, 0., 0., 0.,
       0., 0., 0., 0., 0., 0., 0., 0., 0., 0., 0., 0., 0.,
       -8.50946978e-02, 7.95200020e-02, -3.08470204e-02, 5.27514778e-02,
       -9.10458912e-04, 5.60510345e-03, -5.86863665e-04, -2.21806969e-02,
       5.14451647e-03, -5.47480956e-02, -1.23398667e-02, -8.48239064e-02,
       -3.08445022e-02, -1.27022147e-01, -2.31017116e-02,
       -1.07967280e-01, -4.82967086e-02, -9.42570120e-02,
       -3.17761600e-02, -4.52289246e-02, 3.52026373e-02, 1.39476443e-02,
       1.00872353e-01, 5.79864196e-02, 1.37940660e-01, 1.21043943e-01,
       1.58708423e-01, 1.34832084e-01, 2.01482490e-01, 1.41699061e-01,
       1.54370546e-01, 1.72462203e-02, 1.17367081e-01, 4.92790295e-03,
       8.43525678e-02, 3.40761691e-02, 7.16825351e-02, 4.05155867e-02,
       9.06911194e-02, -3.75984528e-04, 1.07474223e-01, -3.37213241e-02,
       -2.50042737e-01, 3.18223983e-02, -2.07961053e-01, -3.01617607e-02,
       -1.30132034e-01, 2.33898163e-02, -1.25794575e-01, 5.25277704e-02,
       -1.74050316e-01, -3.47919809e-03, -2.25345016e-01,
       -6.12480491e-02, -1.17045149e-01, 1.24878362e-01, -7.73448646e-02,
       8.71993750e-02, -1.70175135e-02, 1.38512701e-01, -6.62958249e-02,
       1.65116996e-01, -7.62232840e-02, 1.29895732e-01, 8.48677158e-02,
       1.27897426e-01, 4.54115979e-02, 1.15070164e-01, -8.09741765e-03,
       1.54903695e-01, 3.08072176e-02, 1.58525959e-01, 1.13070700e-02,
       1.45394847e-01, -1.94874257e-02, 1.30587980e-01, 1.05487527e-02,
       -2.12089811e-02, 2.32107472e-02, -2.86496859e-02, 3.29880081e-02,
       -8.16589668e-02, -2.19848496e-03, -1.10269107e-01, 5.55691682e-03,
       -8.56025964e-02, 5.74754691e-03, -5.49232289e-02, -8.61260388e-03,
       -5.17584234e-02, -8.76780879e-03, 1.26689196e-01, 2.63926499e-02,
       -8.85837749e-02, -1.81216411e-02, -9.14288908e-02,
       -2.01933496e-02, -9.23791975e-02, -5.93493320e-02,
       -8.48371908e-02, -4.70025046e-03, -1.02520481e-01, 1.17050447e-02,
       -1.00094832e-01, 3.21669132e-02, -1.04356743e-01, 5.77374808e-02,
       -9.30308029e-02, 4.09318358e-02, -7.62266070e-02, 1.00990370e-01,
       -3.84699330e-02, 7.03242347e-02, 9.74516384e-04, 3.93892974e-02,
       2.77418308e-02, -4.01548259e-02, 1.52771985e-02, -7.05080628e-02,
       -2.70261467e-02, -6.52410313e-02, -1.75401215e-02, 3.07657570e-02,
       -1.03771985e-02, 9.89464074e-02, -3.64344567e-02, 6.92926347e-02,
       -8.43305811e-02, 1.84601303e-02, -7.94246271e-02, -6.78764060e-02,
       -6.75786883e-02, 2.24017389e-02, -4.39953245e-02, -1.08788824e-02,
       -1.22637548e-01, 0., 0., 6.68839202e-04, 0., 0., 0., 0., 0., 0.,
       0., 0., 0., 0., 0., 0., 0., 0., 0., 2.21565306e-01,
       -1.79825667e-02, 1.98697090e-01, -3.70050035e-02, 1.77207187e-01,
