%YAML:1.0
landmark: [ 3.98456993e+01, 3.66722992e+02, 5.35495987e+01,
    4.18554993e+02, 7.27188034e+01, 4.66217987e+02, 1.00378998e+02,
    5.12994019e+02, 1.37315002e+02, 5.51853027e+02, 1.79244995e+02,
    5.84744019e+02, 2.28563995e+02, 6.05752014e+02, 2.80708008e+02,
    6.12838013e+02, 3.32835999e+02, 6.00716003e+02, 3.71351013e+02,
    5.64760010e+02, 3.97752014e+02, 5.18130981e+02, 4.24985992e+02,
    4.71997009e+02, 4.35266998e+02, 4.19537994e+02, 4.36593994e+02,
    3.66895996e+02, 4.28575012e+02, 3.13455994e+02, 4.05769012e+02,
    2.74420990e+02, 3.74287994e+02, 2.63927002e+02, 3.30346985e+02,
    2.82290985e+02, 3.12527008e+02, 3.10285004e+02, 3.45431000e+02,
    2.97376007e+02, 3.80191010e+02, 2.80324005e+02, 1.13260002e+02,
    3.26889008e+02, 1.41462006e+02, 3.09181000e+02, 2.04233002e+02,
    3.00093994e+02, 2.45942001e+02, 3.20431000e+02, 2.03343002e+02,
    3.25122986e+02, 1.59169998e+02, 3.21641998e+02, 1.40806000e+02,
    3.57058014e+02, 1.83123993e+02, 3.39848999e+02, 2.20164001e+02,
    3.52467010e+02, 1.84916000e+02, 3.63878998e+02, 1.81259003e+02,
    3.52138000e+02, 3.90684998e+02, 3.15739014e+02, 3.56027008e+02,
    3.15006989e+02, 3.29356995e+02, 3.32635010e+02, 3.63792999e+02,
    3.34877991e+02, 3.55648987e+02, 3.23601990e+02, 2.51014999e+02,
    3.58480011e+02, 2.48886993e+02, 4.05579987e+02, 2.32625000e+02,
    4.33791992e+02, 2.46397995e+02, 4.60682007e+02, 2.98575989e+02,
    4.77697998e+02, 3.35592987e+02, 4.58713989e+02, 3.41496002e+02,
    4.29200989e+02, 3.15319000e+02, 3.99830994e+02, 3.02381012e+02,
    3.53406006e+02, 2.63450012e+02, 4.60682007e+02, 3.21820007e+02,
    4.60682007e+02, 1.85697998e+02, 5.06868988e+02, 2.41354004e+02,
    4.93127991e+02, 2.76003998e+02, 4.89231995e+02, 2.96242004e+02,
    4.92819000e+02, 3.08842010e+02, 4.83816986e+02, 3.35717010e+02,
    4.79911987e+02, 3.67696991e+02, 4.75795990e+02, 3.49457001e+02,
    5.17804016e+02, 3.22902008e+02, 5.44474976e+02, 2.95513000e+02,
    5.56942993e+02, 2.64036011e+02, 5.53543030e+02, 2.31841003e+02,
    5.38156982e+02, 2.53979996e+02, 5.27763000e+02, 2.94274994e+02,
    5.30857971e+02, 3.26415009e+02, 5.15616028e+02, 3.23515015e+02,
    4.95153992e+02, 2.96242004e+02, 5.05936005e+02, 2.55955002e+02,
    5.05092010e+02, 2.96242004e+02, 5.15117004e+02, 3.06820007e+02,
    4.48528015e+02 ]
noOfLandmarkPoint: 68
