%YAML:1.0
landmark: [ 4.74112015e+01, 2.65450012e+02, 5.38742981e+01,
    3.02730988e+02, 6.23998985e+01, 3.39589996e+02, 7.21039963e+01,
    3.76160004e+02, 8.81025009e+01, 4.10308990e+02, 1.12370003e+02,
    4.39170990e+02, 1.46147995e+02, 4.55717987e+02, 1.82541000e+02,
    4.62765991e+02, 2.18804001e+02, 4.52449005e+02, 2.50496002e+02,
    4.31931000e+02, 2.76381012e+02, 4.04399994e+02, 2.96295013e+02,
    3.72351013e+02, 3.07976990e+02, 3.36406006e+02, 3.16898010e+02,
    2.99639008e+02, 3.23013000e+02, 2.62306000e+02, 2.93147003e+02,
    2.39776001e+02, 2.65902008e+02, 2.15149994e+02, 2.18220993e+02,
    2.15673996e+02, 1.94643005e+02, 2.38203995e+02, 2.22936996e+02,
    2.38203995e+02, 2.63282013e+02, 2.34537003e+02, 6.41778030e+01,
    2.51826996e+02, 7.93725967e+01, 2.20914001e+02, 1.22864998e+02,
    2.20520004e+02, 1.56917999e+02, 2.38727997e+02, 1.18485001e+02,
    2.39863998e+02, 8.61839981e+01, 2.37679993e+02, 9.08996964e+01,
    2.67022003e+02, 1.15369003e+02, 2.49722000e+02, 1.39628006e+02,
    2.64925995e+02, 1.18138000e+02, 2.73026001e+02, 1.16050003e+02,
    2.57591003e+02, 2.67812012e+02, 2.58743011e+02, 2.37927002e+02,
    2.44867004e+02, 2.16746002e+02, 2.60867004e+02, 2.41832001e+02,
    2.67778015e+02, 2.42847000e+02, 2.50779007e+02, 1.57442001e+02,
    2.66497986e+02, 1.51679001e+02, 3.09463013e+02, 1.45391006e+02,
    3.35660004e+02, 1.51679001e+02, 3.50855011e+02, 1.75257004e+02,
    3.61334015e+02, 2.05645996e+02, 3.49807007e+02, 2.14029999e+02,
    3.32516998e+02, 2.01979004e+02, 3.09463013e+02, 1.95690994e+02,
    2.68593994e+02, 1.58490005e+02, 3.49807007e+02, 1.92552994e+02,
    3.48888000e+02, 1.31244003e+02, 3.91200012e+02, 1.49300003e+02,
    3.84772003e+02, 1.62197006e+02, 3.81759003e+02, 1.74733002e+02,
    3.84388000e+02, 1.87576996e+02, 3.80709991e+02, 2.05641006e+02,
    3.83776001e+02, 2.23985001e+02, 3.88056000e+02, 2.07389999e+02,
    3.96894989e+02, 1.91134003e+02, 4.04186005e+02, 1.74992004e+02,
    4.05670990e+02, 1.55423996e+02, 4.04783997e+02, 1.43940002e+02,
    3.98727997e+02, 1.60100006e+02, 3.90359009e+02, 1.74363007e+02,
    3.92665985e+02, 1.97434998e+02, 3.90359009e+02, 1.98063995e+02,
    3.88260986e+02, 1.74363007e+02, 3.90148987e+02, 1.60518997e+02,
    3.88471008e+02, 1.74153000e+02, 3.91617004e+02, 1.74733002e+02,
    3.44044006e+02 ]
noOfLandmarkPoint: 68
