%YAML:1.0
landmark: [ 6.45566025e+01, 2.80812012e+02, 7.08374023e+01,
    3.20933014e+02, 8.11995010e+01, 3.60192993e+02, 9.46896973e+01,
    3.98480011e+02, 1.14237999e+02, 4.34029999e+02, 1.40268005e+02,
    4.65027008e+02, 1.75983002e+02, 4.83636993e+02, 2.16350006e+02,
    4.85488007e+02, 2.55485992e+02, 4.75415009e+02, 2.87359985e+02,
    4.50618988e+02, 3.10772003e+02, 4.17562988e+02, 3.26230011e+02,
    3.80048004e+02, 3.37890991e+02, 3.41152008e+02, 3.45247986e+02,
    3.01237000e+02, 3.47424988e+02, 2.60688995e+02, 3.15803986e+02,
    2.33091995e+02, 2.89932007e+02, 2.10095001e+02, 2.43362000e+02,
    2.20444000e+02, 2.24389008e+02, 2.44591003e+02, 2.51410995e+02,
    2.34817001e+02, 2.85907013e+02, 2.23317993e+02, 8.18047028e+01,
    2.47466003e+02, 1.09976997e+02, 2.27343002e+02, 1.48496994e+02,
    2.26192993e+02, 1.68619995e+02, 2.44016006e+02, 1.39268005e+02,
    2.43837997e+02, 1.12276001e+02, 2.38266998e+02, 1.12404999e+02,
    2.77640991e+02, 1.35095993e+02, 2.61260986e+02, 1.64162994e+02,
    2.72824005e+02, 1.38750000e+02, 2.83683014e+02, 1.35848999e+02,
    2.70463013e+02, 2.87713989e+02, 2.63197998e+02, 2.63248993e+02,
    2.51356003e+02, 2.33214005e+02, 2.67739990e+02, 2.65679993e+02,
    2.74382996e+02, 2.62910004e+02, 2.59539001e+02, 1.78968994e+02,
    2.76213013e+02, 1.76093994e+02, 3.19907990e+02, 1.66895004e+02,
    3.42329987e+02, 1.77819000e+02, 3.54403992e+02, 2.01966003e+02,
    3.52104004e+02, 2.27263000e+02, 3.49803986e+02, 2.37612000e+02,
    3.38306000e+02, 2.25539001e+02, 3.16458008e+02, 2.18063995e+02,
    2.74488007e+02, 1.83567993e+02, 3.44054993e+02, 2.17490005e+02,
    3.42329987e+02, 1.63445999e+02, 4.04997986e+02, 1.72311005e+02,
    3.91750000e+02, 1.89225998e+02, 3.83769989e+02, 2.04173996e+02,
    3.83791992e+02, 2.21106003e+02, 3.79640991e+02, 2.40149002e+02,
    3.87656006e+02, 2.51410995e+02, 4.00398987e+02, 2.41479004e+02,
    4.12151001e+02, 2.25796997e+02, 4.19950012e+02, 2.06914001e+02,
    4.24007996e+02, 1.85662003e+02, 4.20972992e+02, 1.71539993e+02,
    4.13850006e+02, 1.85798996e+02, 4.03171997e+02, 2.05276001e+02,
    4.05454010e+02, 2.25942993e+02, 4.01316010e+02, 2.25604004e+02,
    3.96354004e+02, 2.05113007e+02, 3.96946991e+02, 1.87639999e+02,
    3.99171997e+02, 2.05339996e+02, 4.01069000e+02, 2.01391006e+02,
    3.31980988e+02 ]
noOfLandmarkPoint: 68
