%YAML:1.0
landmark: [ 7.49337006e+01, 2.00858002e+02, 8.38168030e+01,
    2.20220001e+02, 9.34408035e+01, 2.39223007e+02, 1.03579002e+02,
    2.57958008e+02, 1.15998001e+02, 2.75153015e+02, 1.31410995e+02,
    2.89734009e+02, 1.51815994e+02, 2.95118011e+02, 1.73100006e+02,
    2.95446014e+02, 1.93789001e+02, 2.90993011e+02, 2.11483994e+02,
    2.79213989e+02, 2.26794006e+02, 2.64490997e+02, 2.35847000e+02,
    2.45369003e+02, 2.39490005e+02, 2.24401993e+02, 2.40684998e+02,
    2.03136993e+02, 2.42328995e+02, 1.81899994e+02, 2.33858994e+02,
    1.65362000e+02, 2.20143997e+02, 1.51647995e+02, 1.95539001e+02,
    1.55681000e+02, 1.79707001e+02, 1.67514008e+02, 1.97556000e+02,
    1.61328003e+02, 2.17723999e+02, 1.59714996e+02, 8.39853973e+01,
    1.83701996e+02, 1.00749001e+02, 1.62942001e+02, 1.27371002e+02,
    1.61731995e+02, 1.37858002e+02, 1.70606003e+02, 1.26564003e+02,
    1.68184998e+02, 1.07848000e+02, 1.68975006e+02, 1.05992996e+02,
    1.94001007e+02, 1.21320000e+02, 1.80285995e+02, 1.43472000e+02,
    1.92067001e+02, 1.24143997e+02, 1.99647995e+02, 1.21992996e+02,
    1.90037003e+02, 2.21354004e+02, 1.82705994e+02, 2.04817001e+02,
    1.73429001e+02, 1.88630997e+02, 1.88459000e+02, 2.06429993e+02,
    1.91580002e+02, 2.00119003e+02, 1.81589996e+02, 1.51554001e+02,
    1.90740005e+02, 1.55602005e+02, 2.07615005e+02, 1.49830002e+02,
    2.22815002e+02, 1.55203003e+02, 2.28690002e+02, 1.73354004e+02,
    2.31110001e+02, 1.89488998e+02, 2.26270004e+02, 1.91102005e+02,
    2.17798996e+02, 1.83679993e+02, 2.03552994e+02, 1.80410995e+02,
    1.86516998e+02, 1.63218002e+02, 2.26608002e+02, 1.81018005e+02,
    2.23445999e+02, 1.46626999e+02, 2.59717010e+02, 1.55412994e+02,
    2.52080002e+02, 1.67828995e+02, 2.46994995e+02, 1.75774002e+02,
    2.48455002e+02, 1.82973007e+02, 2.45733994e+02, 1.92822998e+02,
    2.48878998e+02, 2.01186005e+02, 2.56522003e+02, 2.00145996e+02,
    2.63790985e+02, 1.89367004e+02, 2.70548004e+02, 1.78195007e+02,
    2.74269989e+02, 1.60653000e+02, 2.71700989e+02, 1.49490005e+02,
    2.66683990e+02, 1.59694000e+02, 2.61368988e+02, 1.77388000e+02,
    2.61765991e+02, 1.91774994e+02, 2.58536987e+02, 1.89240997e+02,
    2.52921005e+02, 1.76580994e+02, 2.53697998e+02, 1.59725006e+02,
    2.55996994e+02, 1.76580994e+02, 2.58135010e+02, 1.73373001e+02,
    2.16781998e+02 ]
noOfLandmarkPoint: 68
