%YAML:1.0
landmark: [ 4.46338005e+01, 2.37084000e+02, 4.85756989e+01,
    2.76455994e+02, 5.55581017e+01, 3.15397003e+02, 6.56816025e+01,
    3.53636993e+02, 8.14098969e+01, 3.89863007e+02, 1.07358002e+02,
    4.19377991e+02, 1.43727997e+02, 4.33923004e+02, 1.83223999e+02,
    4.33218994e+02, 2.22276993e+02, 4.27794006e+02, 2.54341995e+02,
    4.05165985e+02, 2.78553009e+02, 3.73990997e+02, 2.93162994e+02,
    3.37378998e+02, 2.98217987e+02, 2.98161011e+02, 3.00888000e+02,
    2.58701996e+02, 2.96638000e+02, 2.19389999e+02, 2.71973999e+02,
    1.99014999e+02, 2.52671005e+02, 1.84001999e+02, 2.00126007e+02,
    1.86147003e+02, 1.80287003e+02, 1.94725998e+02, 2.18488007e+02,
    1.98468994e+02, 2.45567993e+02, 1.98498993e+02, 6.39362984e+01,
    2.16709000e+02, 8.53834991e+01, 1.93653000e+02, 1.23452003e+02,
    1.91509003e+02, 1.55087006e+02, 1.98479004e+02, 1.22916000e+02,
    2.08130005e+02, 8.69919968e+01, 2.11347000e+02, 8.75609970e+01,
    2.31074005e+02, 1.09500999e+02, 2.14395004e+02, 1.38656998e+02,
    2.26326996e+02, 1.11387001e+02, 2.35587006e+02, 1.08974998e+02,
    2.24216003e+02, 2.50285995e+02, 2.19744003e+02, 2.28425995e+02,
    2.03671005e+02, 2.01914001e+02, 2.22770004e+02, 2.29966995e+02,
    2.25306000e+02, 2.26934998e+02, 2.13492004e+02, 1.54550995e+02,
    2.28505005e+02, 1.51945007e+02, 2.69446014e+02, 1.43291000e+02,
    2.92846008e+02, 1.48653000e+02, 3.04641998e+02, 1.75998001e+02,
    3.10540009e+02, 2.01197998e+02, 3.03033997e+02, 2.08169006e+02,
    2.89628998e+02, 1.98516998e+02, 2.70326996e+02, 1.92619003e+02,
    2.25287994e+02, 1.55087006e+02, 2.99281006e+02, 1.91011002e+02,
    2.96063995e+02, 1.32567001e+02, 3.49144989e+02, 1.51621994e+02,
    3.39401001e+02, 1.69643997e+02, 3.35174988e+02, 1.80287003e+02,
    3.38421997e+02, 1.92975998e+02, 3.33541992e+02, 2.06666000e+02,
    3.34492004e+02, 2.31223999e+02, 3.45928009e+02, 2.14686005e+02,
    3.52348999e+02, 2.01500000e+02, 3.56524994e+02, 1.81360001e+02,
    3.61476990e+02, 1.59955994e+02, 3.60019989e+02, 1.43789993e+02,
    3.55963013e+02, 1.54688004e+02, 3.48833008e+02, 1.81281006e+02,
    3.47514008e+02, 2.01516006e+02, 3.47802002e+02, 2.01104996e+02,
    3.41454987e+02, 1.81348999e+02, 3.43084991e+02, 1.55016998e+02,
    3.45062012e+02, 1.80992004e+02, 3.44915985e+02, 1.72781006e+02,
    2.87484985e+02 ]
noOfLandmarkPoint: 68
