%YAML:1.0
landmark: [ 6.07249985e+01, 1.93955994e+02, 6.40919037e+01,
    2.20768997e+02, 6.86416016e+01, 2.47389999e+02, 7.77815018e+01,
    2.72774994e+02, 9.16804962e+01, 2.95903992e+02, 1.09018997e+02,
    3.16583008e+02, 1.31856003e+02, 3.30515015e+02, 1.58604996e+02,
    3.33507996e+02, 1.84947006e+02, 3.28278015e+02, 2.06970993e+02,
    3.12871002e+02, 2.23386993e+02, 2.91505005e+02, 2.35320007e+02,
    2.67299011e+02, 2.43162994e+02, 2.41451996e+02, 2.49250000e+02,
    2.15132996e+02, 2.52429001e+02, 1.88304993e+02, 2.37649002e+02,
    1.68309006e+02, 2.22052002e+02, 1.56817001e+02, 1.95841995e+02,
    1.61585007e+02, 1.77225006e+02, 1.71352005e+02, 1.95763000e+02,
    1.69910995e+02, 2.17837997e+02, 1.65283997e+02, 7.76783981e+01,
    1.72220993e+02, 9.11541977e+01, 1.58311005e+02, 1.16776001e+02,
    1.60876999e+02, 1.37667007e+02, 1.73524994e+02, 1.15063004e+02,
    1.70481995e+02, 9.33003998e+01, 1.66300003e+02, 9.35558014e+01,
    1.95548996e+02, 1.12210999e+02, 1.85688995e+02, 1.34287003e+02,
    1.95369995e+02, 1.12391998e+02, 1.99009003e+02, 1.14193001e+02,
    1.91348007e+02, 2.19177002e+02, 1.92078995e+02, 2.03093994e+02,
    1.82421005e+02, 1.79630005e+02, 1.95764999e+02, 2.04658005e+02,
    1.97834000e+02, 2.02003006e+02, 1.88740005e+02, 1.42014008e+02,
    1.97434006e+02, 1.41145004e+02, 2.24384995e+02, 1.33755005e+02,
    2.44382004e+02, 1.40710007e+02, 2.51772003e+02, 1.60272003e+02,
    2.56553009e+02, 1.80703003e+02, 2.49164001e+02, 1.84181000e+02,
    2.40904007e+02, 1.75052002e+02, 2.21776993e+02, 1.71139008e+02,
    1.96565002e+02, 1.45057007e+02, 2.49164001e+02, 1.72009003e+02,
    2.49164001e+02, 1.18106003e+02, 2.76114990e+02, 1.31820999e+02,
    2.72263000e+02, 1.46988998e+02, 2.69519989e+02, 1.58968002e+02,
    2.71333008e+02, 1.69246002e+02, 2.68389008e+02, 1.81626007e+02,
    2.69346008e+02, 1.98526001e+02, 2.71768005e+02, 1.83634995e+02,
    2.91023987e+02, 1.70007996e+02, 2.99627014e+02, 1.58533005e+02,
    3.03066986e+02, 1.38705002e+02, 2.99558014e+02, 1.25987999e+02,
    2.90516998e+02, 1.35876007e+02, 2.87420990e+02, 1.58080994e+02,
    2.91239014e+02, 1.76722000e+02, 2.85483002e+02, 1.74531006e+02,
    2.75692993e+02, 1.57966003e+02, 2.78342987e+02, 1.38145996e+02,
    2.77238007e+02, 1.58072006e+02, 2.83730011e+02, 1.60272003e+02,
    2.42207993e+02 ]
noOfLandmarkPoint: 68
