%YAML:1.0
landmark: [ 4.86539993e+01, 3.16735992e+02, 4.88109016e+01,
    3.72384003e+02, 5.14193993e+01, 4.10513000e+02, 6.54844971e+01,
    4.55016998e+02, 9.09100037e+01, 4.94367004e+02, 1.22411003e+02,
    5.29140015e+02, 1.55561005e+02, 5.57624023e+02, 2.04505997e+02,
    5.66067017e+02, 2.48514999e+02, 5.61348999e+02, 2.82714996e+02,
    5.43346008e+02, 3.18808014e+02, 5.06980988e+02, 3.45160004e+02,
    4.60321014e+02, 3.60229004e+02, 4.16024994e+02, 3.65476013e+02,
    3.69433990e+02, 3.66352997e+02, 3.22511993e+02, 3.27843994e+02,
    2.93630005e+02, 2.93416992e+02, 2.76977997e+02, 2.54557007e+02,
    2.82494995e+02, 2.22906998e+02, 2.93630005e+02, 2.54988998e+02,
    2.98179993e+02, 2.85588013e+02, 2.93092010e+02, 7.36847992e+01,
    2.81114990e+02, 9.39889984e+01, 2.65052002e+02, 1.35153000e+02,
    2.73748993e+02, 1.68994003e+02, 2.99407013e+02, 1.19894997e+02,
    2.89779999e+02, 9.58274002e+01, 2.87854004e+02, 8.88775024e+01,
    3.10454987e+02, 1.21710999e+02, 3.01286011e+02, 1.53981995e+02,
    3.17464996e+02, 1.19689003e+02, 3.29778992e+02, 1.20858002e+02,
    3.15773010e+02, 3.14559998e+02, 3.16428986e+02, 2.73454987e+02,
    3.07720001e+02, 2.37949005e+02, 3.22053986e+02, 2.77071991e+02,
    3.36183014e+02, 2.73540985e+02, 3.23356995e+02, 1.71882004e+02,
    3.25399994e+02, 1.64220001e+02, 3.77023010e+02, 1.49643005e+02,
    4.12139008e+02, 1.52955994e+02, 4.33339996e+02, 1.89212006e+02,
    4.40927002e+02, 2.27162003e+02, 4.35990997e+02, 2.31136993e+02,
    4.12139008e+02, 2.17223999e+02, 3.73048004e+02, 2.19056000e+02,
    3.26363007e+02, 1.63557007e+02, 4.26714996e+02, 2.11923004e+02,
    4.28703003e+02, 1.36261993e+02, 4.66920990e+02, 1.50968994e+02,
    4.59179993e+02, 1.72169998e+02, 4.55204987e+02, 1.89212006e+02,
    4.57292999e+02, 2.09936005e+02, 4.55204987e+02, 2.34024002e+02,
    4.57562988e+02, 2.61415985e+02, 4.59218994e+02, 2.32417999e+02,
    4.84240997e+02, 2.13373993e+02, 4.92717010e+02, 1.92100006e+02,
    4.96765015e+02, 1.62654007e+02, 4.91122009e+02, 1.48957001e+02,
    4.79600006e+02, 1.66740997e+02, 4.76751007e+02, 1.90059006e+02,
    4.81044006e+02, 2.20658997e+02, 4.75561005e+02, 2.21014008e+02,
    4.66321991e+02, 1.90059006e+02, 4.68455994e+02, 1.66593994e+02,
    4.67234985e+02, 1.90059006e+02, 4.75080994e+02, 1.86322998e+02,
    4.19747009e+02 ]
noOfLandmarkPoint: 68
