%YAML:1.0
landmark: [ 3.50716019e+01, 2.65756012e+02, 4.13465004e+01,
    3.10727997e+02, 5.24177017e+01, 3.54839996e+02, 6.46303024e+01,
    3.98643005e+02, 8.47655029e+01, 4.39306000e+02, 1.13806000e+02,
    4.73989014e+02, 1.56339996e+02, 4.88897003e+02, 2.01559006e+02,
    4.93118988e+02, 2.46617996e+02, 4.87889008e+02, 2.85927002e+02,
    4.66007996e+02, 3.11355011e+02, 4.28700012e+02, 3.23851990e+02,
    3.85039001e+02, 3.32071991e+02, 3.40311005e+02, 3.37545990e+02,
    2.95170990e+02, 3.38450989e+02, 2.49729004e+02, 3.23567993e+02,
    2.38852997e+02, 2.90940002e+02, 1.93632004e+02, 2.26830002e+02,
    1.88479996e+02, 2.09658005e+02, 2.10231995e+02, 2.41139999e+02,
    2.17100998e+02, 2.86933014e+02, 2.13093994e+02, 4.65199013e+01,
    2.49729004e+02, 7.85749969e+01, 1.99929001e+02, 1.26084999e+02,
    1.95921997e+02, 1.58712997e+02, 2.15384003e+02, 1.29520004e+02,
    2.21108002e+02, 8.20094986e+01, 2.22824997e+02, 8.51866989e+01,
    2.61972992e+02, 1.10161003e+02, 2.37947998e+02, 1.49188004e+02,
    2.52546997e+02, 1.15082001e+02, 2.63763000e+02, 1.10057999e+02,
    2.48011002e+02, 2.93802002e+02, 2.50300995e+02, 2.60432007e+02,
    2.30356003e+02, 2.26511002e+02, 2.47807999e+02, 2.61203003e+02,
    2.55686996e+02, 2.57739990e+02, 2.41141998e+02, 1.70160995e+02,
    2.52018005e+02, 1.63865005e+02, 2.92660004e+02, 1.49554001e+02,
    3.27003998e+02, 1.61003006e+02, 3.41886993e+02, 1.88477997e+02,
    3.44177002e+02, 2.19389008e+02, 3.39596985e+02, 2.29692001e+02,
    3.21279999e+02, 2.15382004e+02, 2.89225006e+02, 2.07367996e+02,
    2.51445999e+02, 1.67123001e+02, 3.33884003e+02, 2.11544998e+02,
    3.28481995e+02, 1.42113007e+02, 3.98556000e+02, 1.53628998e+02,
    3.88164001e+02, 1.78119003e+02, 3.78545013e+02, 1.93057999e+02,
    3.83101013e+02, 2.07011993e+02, 3.77308014e+02, 2.30990005e+02,
    3.81498993e+02, 2.49154007e+02, 3.94549011e+02, 2.34869995e+02,
    4.09575989e+02, 2.13298004e+02, 4.13625000e+02, 1.92485001e+02,
    4.12865997e+02, 1.62082001e+02, 4.12460999e+02, 1.45550003e+02,
    4.03170013e+02, 1.54889999e+02, 3.99072998e+02, 1.91709000e+02,
    3.98212006e+02, 2.20979996e+02, 3.94768005e+02, 2.19018005e+02,
    3.91501007e+02, 1.91888000e+02, 3.94006989e+02, 1.57367004e+02,
    3.96039001e+02, 1.91869003e+02, 4.00791992e+02, 1.87334000e+02,
    3.20135010e+02 ]
noOfLandmarkPoint: 68
