%YAML:1.0
landmark: [ 7.70354004e+01, 2.32313004e+02, 7.64008026e+01,
    2.66821014e+02, 8.19878998e+01, 3.00855988e+02, 9.23252029e+01,
    3.33777008e+02, 1.08197998e+02, 3.64390015e+02, 1.30572998e+02,
    3.90519012e+02, 1.61003998e+02, 4.06247009e+02, 1.95289001e+02,
    4.06649994e+02, 2.28453995e+02, 3.97209015e+02, 2.59433014e+02,
    3.82092987e+02, 2.83806000e+02, 3.58065002e+02, 2.93841003e+02,
    3.25223999e+02, 2.98694000e+02, 2.91032013e+02, 3.02891998e+02,
    2.56757996e+02, 3.03075012e+02, 2.22240005e+02, 2.71408997e+02,
    1.99436996e+02, 2.43397003e+02, 1.82623001e+02, 2.12807999e+02,
    1.85815002e+02, 1.95839005e+02, 2.02408005e+02, 2.21380005e+02,
    1.97404999e+02, 2.45087006e+02, 1.91794998e+02, 8.80015030e+01,
    2.13447006e+02, 1.05718002e+02, 1.92914993e+02, 1.32580002e+02,
    1.94766006e+02, 1.55505997e+02, 2.07927994e+02, 1.31800003e+02,
    2.05906998e+02, 1.06681999e+02, 2.04106995e+02, 1.10821999e+02,
    2.28809006e+02, 1.28257004e+02, 2.17962997e+02, 1.52266006e+02,
    2.30873001e+02, 1.28453995e+02, 2.36563004e+02, 1.29608002e+02,
    2.24910004e+02, 2.53365997e+02, 2.22988998e+02, 2.28891006e+02,
    2.13378998e+02, 2.06718994e+02, 2.27391006e+02, 2.31130005e+02,
    2.31675995e+02, 2.31076996e+02, 2.20664001e+02, 1.64845993e+02,
    2.30429001e+02, 1.58477997e+02, 2.63968994e+02, 1.47863998e+02,
    2.83497986e+02, 1.51259995e+02, 2.99631989e+02, 1.73761993e+02,
    3.03453003e+02, 2.00084000e+02, 2.97084015e+02, 2.07725998e+02,
    2.81799988e+02, 1.94988998e+02, 2.62695007e+02, 1.92442001e+02,
    2.28306000e+02, 1.59951004e+02, 2.94579010e+02, 1.88888000e+02,
    2.93289001e+02, 1.30882004e+02, 3.35718994e+02, 1.57483994e+02,
    3.30798004e+02, 1.71373001e+02, 3.28523010e+02, 1.79671997e+02,
    3.30151001e+02, 1.88949997e+02, 3.26851990e+02, 2.06714996e+02,
    3.29056000e+02, 2.32350006e+02, 3.32321991e+02, 2.06925003e+02,
    3.47726990e+02, 1.93341995e+02, 3.51630005e+02, 1.80554993e+02,
    3.53549988e+02, 1.72076996e+02, 3.54019012e+02, 1.59205002e+02,
    3.51871002e+02, 1.68309998e+02, 3.39726013e+02, 1.80041000e+02,
    3.39367004e+02, 1.97425995e+02, 3.37898010e+02, 1.97542999e+02,
    3.34803009e+02, 1.79856995e+02, 3.35681000e+02, 1.68535995e+02,
    3.35934998e+02, 1.80041000e+02, 3.36786987e+02, 1.72912994e+02,
    2.85196991e+02 ]
noOfLandmarkPoint: 68
