%YAML:1.0
landmark: [ 7.18917007e+01, 2.48742004e+02, 8.53806000e+01,
    2.84115997e+02, 1.01315002e+02, 3.18496002e+02, 1.17249001e+02,
    3.52837006e+02, 1.39932007e+02, 3.83141998e+02, 1.69695007e+02,
    4.06356995e+02, 2.05330002e+02, 4.17468994e+02, 2.42210007e+02,
    4.09186005e+02, 2.76740997e+02, 3.93750000e+02, 3.04066010e+02,
    3.67846985e+02, 3.21347992e+02, 3.34321991e+02, 3.25750000e+02,
    2.96790009e+02, 3.25197998e+02, 2.58894012e+02, 3.22291992e+02,
    2.21108994e+02, 3.17632996e+02, 1.83492004e+02, 2.63959015e+02,
    1.54024002e+02, 2.35016998e+02, 1.41395004e+02, 1.97656006e+02,
    1.51919006e+02, 1.83449005e+02, 1.73494003e+02, 2.07128006e+02,
    1.66653000e+02, 2.35016998e+02, 1.49815002e+02, 6.61034012e+01,
    2.10328995e+02, 8.76780014e+01, 1.83492004e+02, 1.23484001e+02,
    1.86419006e+02, 1.36615997e+02, 1.95069000e+02, 1.11005997e+02,
    1.99134995e+02, 8.14530029e+01, 2.01115005e+02, 1.01190002e+02,
    2.37367996e+02, 1.17662003e+02, 2.10559006e+02, 1.47643005e+02,
    2.21417007e+02, 1.25855003e+02, 2.35123001e+02, 1.21882004e+02,
    2.20326996e+02, 2.52908997e+02, 1.90332993e+02, 2.19979996e+02,
    1.81893005e+02, 2.00287003e+02, 2.01382996e+02, 2.29522003e+02,
    2.04042999e+02, 2.26072006e+02, 1.89279999e+02, 1.55033005e+02,
    2.21378998e+02, 1.58190002e+02, 2.67160004e+02, 1.50822998e+02,
    2.85576996e+02, 1.62399994e+02, 2.99259003e+02, 1.86080002e+02,
    2.99785004e+02, 2.13106003e+02, 2.88628998e+02, 2.17126007e+02,
    2.65580994e+02, 1.98774994e+02, 2.51289993e+02, 1.87132004e+02,
    2.16643005e+02, 1.65031006e+02, 2.95049011e+02, 2.01339996e+02,
    2.86630005e+02, 1.61873993e+02, 3.39777008e+02, 1.68451004e+02,
    3.28372009e+02, 1.81613998e+02, 3.23128998e+02, 1.92393997e+02,
    3.21885986e+02, 2.10110992e+02, 3.14562988e+02, 2.33884995e+02,
    3.11695007e+02, 2.57118011e+02, 3.15045013e+02, 2.50136002e+02,
    3.37446014e+02, 2.34820999e+02, 3.52309998e+02, 2.08181000e+02,
    3.64509003e+02, 1.87598999e+02, 3.65143005e+02, 1.69940002e+02,
    3.58084015e+02, 1.83246002e+02, 3.49710999e+02, 2.04365997e+02,
    3.48505005e+02, 2.34332993e+02, 3.35147003e+02, 2.29054001e+02,
    3.19910004e+02, 1.98865997e+02, 3.27942993e+02, 1.81115005e+02,
    3.33045013e+02, 2.01145996e+02, 3.36348999e+02, 1.77660004e+02,
    2.83471985e+02 ]
noOfLandmarkPoint: 68
