%YAML:1.0
landmark: [ 8.79189987e+01, 2.36763000e+02, 8.92183990e+01,
    2.79156006e+02, 9.35484009e+01, 3.17644989e+02, 1.00985001e+02,
    3.45808014e+02, 1.25292999e+02, 3.88549988e+02, 1.58102005e+02,
    4.19537994e+02, 1.81959000e+02, 4.34516998e+02, 2.04005005e+02,
    4.41346985e+02, 2.48121994e+02, 4.40248993e+02, 2.70820007e+02,
    4.22192993e+02, 2.91054993e+02, 3.91471985e+02, 3.09186005e+02,
    3.59394989e+02, 3.21209991e+02, 3.24567993e+02, 3.32166992e+02,
    2.89377014e+02, 3.39532013e+02, 2.53263000e+02, 3.36993011e+02,
    2.32007004e+02, 3.23040009e+02, 2.15649002e+02, 2.88881012e+02,
    2.18054993e+02, 2.65285004e+02, 2.33464005e+02, 2.89179993e+02,
    2.30847000e+02, 3.21115997e+02, 2.30082001e+02, 1.40716003e+02,
    2.13664993e+02, 1.71488998e+02, 2.05063995e+02, 2.02399002e+02,
    2.10539993e+02, 2.35587006e+02, 2.34287994e+02, 1.95063995e+02,
    2.24309006e+02, 1.70526993e+02, 2.21903000e+02, 1.61912994e+02,
    2.37248001e+02, 1.85919006e+02, 2.30591003e+02, 2.08653000e+02,
    2.47429993e+02, 1.83783005e+02, 2.50235001e+02, 1.80313995e+02,
    2.40063004e+02, 3.11975006e+02, 2.47214996e+02, 2.96019989e+02,
    2.40602005e+02, 2.77665985e+02, 2.49897003e+02, 2.96498993e+02,
    2.57325989e+02, 2.92509003e+02, 2.46662994e+02, 2.27337006e+02,
    2.56562012e+02, 2.22968002e+02, 2.95514008e+02, 2.07091995e+02,
    3.19088989e+02, 2.11903000e+02, 3.34484009e+02, 2.48785995e+02,
    3.44833008e+02, 2.72523010e+02, 3.40739014e+02, 2.79739990e+02,
    3.29191986e+02, 2.69636993e+02, 2.98881989e+02, 2.66934998e+02,
    2.59036987e+02, 2.27298004e+02, 3.33040985e+02, 2.65307007e+02,
    3.34966003e+02, 1.85264008e+02, 3.67932007e+02, 2.13669998e+02,
    3.62070007e+02, 2.30666000e+02, 3.61427002e+02, 2.40281998e+02,
    3.63419006e+02, 2.51835007e+02, 3.60946014e+02, 2.65261993e+02,
    3.64539001e+02, 2.81664001e+02, 3.69605988e+02, 2.67243988e+02,
    3.80035004e+02, 2.48888000e+02, 3.87346008e+02, 2.30557007e+02,
    3.87600006e+02, 2.12041000e+02, 3.81316986e+02, 1.99044006e+02,
    3.72071991e+02, 2.15546005e+02, 3.70679993e+02, 2.34996002e+02,
    3.76822998e+02, 2.53548996e+02, 3.75087006e+02, 2.56481995e+02,
    3.68429993e+02, 2.38216003e+02, 3.68523010e+02, 2.17917007e+02,
    3.65585999e+02, 2.34996002e+02, 3.73454987e+02, 2.58686005e+02,
    3.24209015e+02 ]
noOfLandmarkPoint: 68
