%YAML:1.0
landmark: [ 6.01337013e+01, 2.24076996e+02, 6.10281982e+01,
    2.55345993e+02, 6.56857986e+01, 2.86237000e+02, 7.47415009e+01,
    3.16164001e+02, 8.90047989e+01, 3.43924988e+02, 1.08935997e+02,
    3.67972992e+02, 1.33520004e+02, 3.87242004e+02, 1.62511993e+02,
    3.96847992e+02, 1.92906006e+02, 3.89790985e+02, 2.19606003e+02,
    3.73729004e+02, 2.42804001e+02, 3.53031006e+02, 2.58653015e+02,
    3.26175995e+02, 2.66290985e+02, 2.95899994e+02, 2.71657013e+02,
    2.65079010e+02, 2.76641998e+02, 2.34194000e+02, 2.62477997e+02,
    2.20535995e+02, 2.47302002e+02, 2.07889999e+02, 2.14007996e+02,
    2.16153000e+02, 1.93175003e+02, 2.28123993e+02, 2.16541000e+02,
    2.26298004e+02, 2.46289993e+02, 2.19524002e+02, 8.28973999e+01,
    2.13960007e+02, 1.05661003e+02, 2.05865997e+02, 1.34141006e+02,
    2.11996994e+02, 1.57259003e+02, 2.25595001e+02, 1.35001007e+02,
    2.22054001e+02, 1.11731003e+02, 2.15983002e+02, 1.00079002e+02,
    2.28981003e+02, 1.21592003e+02, 2.22973999e+02, 1.44106003e+02,
    2.37229004e+02, 1.21717003e+02, 2.40843002e+02, 1.22860001e+02,
    2.30653000e+02, 2.38007004e+02, 2.36205002e+02, 2.21746002e+02,
    2.28983002e+02, 2.01115005e+02, 2.41179001e+02, 2.21139008e+02,
    2.45996002e+02, 2.20490997e+02, 2.34699997e+02, 1.60294006e+02,
    2.43806000e+02, 1.52434998e+02, 2.75710999e+02, 1.41324997e+02,
    2.95708008e+02, 1.44781998e+02, 3.18667999e+02, 1.71938004e+02,
    3.25334015e+02, 1.98848007e+02, 3.20890015e+02, 2.04033005e+02,
    2.99165009e+02, 1.96132996e+02, 2.79166992e+02, 1.89634003e+02,
    2.44817001e+02, 1.54656998e+02, 3.14223999e+02, 1.89960999e+02,
    3.14964996e+02, 1.32472000e+02, 3.33342987e+02, 1.49292007e+02,
    3.32645996e+02, 1.62358994e+02, 3.32690002e+02, 1.69470001e+02,
    3.35703003e+02, 1.80238998e+02, 3.33437012e+02, 1.93994003e+02,
    3.35266998e+02, 2.03798004e+02, 3.34859985e+02, 1.92675995e+02,
    3.43850006e+02, 1.80578995e+02, 3.48786987e+02, 1.69716995e+02,
    3.48046997e+02, 1.59835007e+02, 3.47428009e+02, 1.48343002e+02,
    3.43873993e+02, 1.53778000e+02, 3.38020996e+02, 1.69223007e+02,
    3.40393005e+02, 1.84776001e+02, 3.38417999e+02, 1.84529007e+02,
    3.36442993e+02, 1.69470001e+02, 3.37678009e+02, 1.53421997e+02,
    3.35950012e+02, 1.69542999e+02, 3.38417999e+02, 1.73419998e+02,
    3.02127014e+02 ]
noOfLandmarkPoint: 68
