%YAML:1.0
landmark: [ 1.02237999e+02, 2.48785995e+02, 1.12106003e+02,
    2.79947998e+02, 1.23013000e+02, 3.07993988e+02, 1.34651001e+02,
    3.33433990e+02, 1.53656006e+02, 3.57852997e+02, 1.77026993e+02,
    3.74992004e+02, 2.00917999e+02, 3.80186005e+02, 2.31679993e+02,
    3.80726990e+02, 2.61165009e+02, 3.72395996e+02, 2.85575012e+02,
    3.52660004e+02, 3.01156006e+02, 3.32403992e+02, 3.10505005e+02,
    3.06954987e+02, 3.16217987e+02, 2.74753998e+02, 3.20144989e+02,
    2.49945007e+02, 3.21931000e+02, 2.17623993e+02, 2.95442993e+02,
    1.94251999e+02, 2.61812012e+02, 1.89539001e+02, 2.39110992e+02,
    2.00414993e+02, 2.24289993e+02, 2.13988007e+02, 2.42326996e+02,
    2.09781006e+02, 2.69075989e+02, 1.99815002e+02, 1.15741997e+02,
    2.23856003e+02, 1.40291000e+02, 2.11334000e+02, 1.63796005e+02,
    2.13587997e+02, 1.83779007e+02, 2.22298004e+02, 1.62093002e+02,
    2.23643005e+02, 1.39794998e+02, 2.23541000e+02, 1.42134995e+02,
    2.47037994e+02, 1.58044998e+02, 2.37832993e+02, 1.81223007e+02,
    2.44397003e+02, 1.60352005e+02, 2.51636993e+02, 1.59888000e+02,
    2.42552994e+02, 2.76890991e+02, 2.24800003e+02, 2.55539993e+02,
    2.19994995e+02, 2.37511002e+02, 2.34395996e+02, 2.58048004e+02,
    2.34546005e+02, 2.57010010e+02, 2.25414001e+02, 1.92608002e+02,
    2.46188995e+02, 1.93647003e+02, 2.76312012e+02, 1.88973007e+02,
    2.98126007e+02, 1.97802002e+02, 3.07473999e+02, 2.17537994e+02,
    3.05915985e+02, 2.36235001e+02, 2.99683990e+02, 2.43507004e+02,
    2.89816010e+02, 2.31561005e+02, 2.68522003e+02, 2.27406006e+02,
    2.42033997e+02, 2.02475998e+02, 3.02799988e+02, 2.28445007e+02,
    2.98644989e+02, 1.74949997e+02, 3.33962006e+02, 1.94662994e+02,
    3.30390015e+02, 2.08608002e+02, 3.27135986e+02, 2.17537994e+02,
    3.28769012e+02, 2.28852005e+02, 3.22872009e+02, 2.46136002e+02,
    3.21364014e+02, 2.68955994e+02, 3.18381012e+02, 2.55994995e+02,
    3.35131012e+02, 2.40016006e+02, 3.45014008e+02, 2.22731995e+02,
    3.51621002e+02, 2.05177994e+02, 3.50487000e+02, 1.90339996e+02,
    3.44553986e+02, 2.00822998e+02, 3.38782990e+02, 2.19615997e+02,
    3.39674988e+02, 2.38651993e+02, 3.32925995e+02, 2.37417007e+02,
    3.28820007e+02, 2.17537994e+02, 3.34481995e+02, 2.02962006e+02,
    3.34765015e+02, 2.18576996e+02, 3.37078003e+02, 2.14421997e+02,
    2.90334991e+02 ]
noOfLandmarkPoint: 68
