%YAML:1.0
landmark: [ 6.16320000e+01, 2.92523010e+02, 7.22417984e+01,
    3.34799011e+02, 8.45477982e+01, 3.76617004e+02, 1.00332001e+02,
    4.17127014e+02, 1.27551003e+02, 4.51088989e+02, 1.59335999e+02,
    4.80588989e+02, 2.00949005e+02, 4.93139008e+02, 2.43210007e+02,
    5.02977997e+02, 2.83964996e+02, 4.88648987e+02, 3.20480988e+02,
    4.65010010e+02, 3.45988007e+02, 4.30112000e+02, 3.58149994e+02,
    3.88346985e+02, 3.62484009e+02, 3.45010010e+02, 3.63408997e+02,
    3.01462006e+02, 3.56096008e+02, 2.58523987e+02, 3.34197998e+02,
    2.35473999e+02, 3.02773010e+02, 2.18537003e+02, 2.64846008e+02,
    2.27636002e+02, 2.40268997e+02, 2.51608994e+02, 2.70466003e+02,
    2.40173004e+02, 3.05962006e+02, 2.29134995e+02, 7.89195023e+01,
    2.67743988e+02, 1.00375999e+02, 2.40264008e+02, 1.39897995e+02,
    2.41384003e+02, 1.76882004e+02, 2.61404999e+02, 1.42701996e+02,
    2.56153015e+02, 1.07732002e+02, 2.52184998e+02, 1.10044998e+02,
    2.88192993e+02, 1.36634995e+02, 2.78213989e+02, 1.68785995e+02,
    2.86381012e+02, 1.38432007e+02, 2.95644989e+02, 1.41154007e+02,
    2.83303009e+02, 2.99722992e+02, 2.65109009e+02, 2.75501007e+02,
    2.60888000e+02, 2.49490005e+02, 2.77540009e+02, 2.78354004e+02,
    2.79407990e+02, 2.77726013e+02, 2.66591003e+02, 1.91287994e+02,
    2.90217987e+02, 1.87830994e+02, 3.32859985e+02, 1.79763000e+02,
    3.54182007e+02, 1.94169006e+02, 3.71468994e+02, 2.25863007e+02,
    3.78384003e+02, 2.51794998e+02, 3.69164001e+02, 2.62743011e+02,
    3.48419006e+02, 2.47761002e+02, 3.27097992e+02, 2.30473007e+02,
    2.87912994e+02, 2.03389008e+02, 3.67434998e+02, 2.41421997e+02,
    3.65130005e+02, 1.72272003e+02, 4.11230011e+02, 1.94324997e+02,
    4.00410004e+02, 2.15020004e+02, 3.93865997e+02, 2.27591995e+02,
    3.97976990e+02, 2.33358002e+02, 3.94117004e+02, 2.54880005e+02,
    3.97647003e+02, 2.82911987e+02, 4.00858002e+02, 2.64859985e+02,
    4.27306000e+02, 2.49192001e+02, 4.38287994e+02, 2.33931000e+02,
    4.44076996e+02, 2.13468994e+02, 4.40891998e+02, 1.94522003e+02,
    4.30481995e+02, 2.03740005e+02, 4.20147003e+02, 2.31630005e+02,
    4.22028015e+02, 2.55078003e+02, 4.16053009e+02, 2.53050003e+02,
    4.04300995e+02, 2.29320999e+02, 4.06619995e+02, 2.02162003e+02,
    4.07157990e+02, 2.30121002e+02, 4.13154999e+02, 2.24710999e+02,
    3.57639008e+02 ]
noOfLandmarkPoint: 68
