%YAML:1.0
landmark: [ 7.56334000e+01, 2.78101013e+02, 8.07769012e+01,
    3.11062012e+02, 9.03289032e+01, 3.42946014e+02, 1.05168999e+02,
    3.72820007e+02, 1.23981003e+02, 4.00240997e+02, 1.49612000e+02,
    4.21549988e+02, 1.78901993e+02, 4.37201996e+02, 2.10934006e+02,
    4.44696014e+02, 2.43576996e+02, 4.38106995e+02, 2.73384003e+02,
    4.23752014e+02, 2.93489990e+02, 3.97171997e+02, 3.12975006e+02,
    3.70131989e+02, 3.24777008e+02, 3.38976013e+02, 3.31878998e+02,
    3.06407990e+02, 3.36188995e+02, 2.73325012e+02, 3.05411011e+02,
    2.39893005e+02, 2.77816010e+02, 2.31932999e+02, 2.41199997e+02,
    2.39893005e+02, 2.22095993e+02, 2.51567993e+02, 2.48098999e+02,
    2.49975998e+02, 2.77816010e+02, 2.42546005e+02, 1.05880997e+02,
    2.56873993e+02, 1.24985001e+02, 2.36179001e+02, 1.57356003e+02,
    2.36709000e+02, 1.79643005e+02, 2.51037003e+02, 1.54171997e+02,
    2.48384003e+02, 1.31884003e+02, 2.48384003e+02, 1.22286003e+02,
    2.79260986e+02, 1.43917007e+02, 2.64186005e+02, 169., 2.79622009e+02,
    1.43776001e+02, 2.86528992e+02, 1.38781998e+02, 2.75447998e+02,
    2.83179993e+02, 2.73985992e+02, 2.56179993e+02, 2.61958008e+02,
    2.36957001e+02, 2.77947998e+02, 2.57295990e+02, 2.82240997e+02,
    2.50751999e+02, 2.71733002e+02, 1.89195007e+02, 2.78631989e+02,
    1.88134003e+02, 3.14186005e+02, 1.81235001e+02, 3.32229004e+02,
    1.88134003e+02, 3.48148010e+02, 2.13606003e+02, 3.53985992e+02,
    2.36955002e+02, 3.43903015e+02, 2.39078003e+02, 3.26390991e+02,
    2.32179001e+02, 3.11532990e+02, 2.27403000e+02, 2.77570007e+02,
    1.96093994e+02, 3.42311005e+02, 2.25811005e+02, 3.41779999e+02,
    1.70621994e+02, 3.82110992e+02, 1.86175995e+02, 3.77657013e+02,
    2.00339005e+02, 3.75743011e+02, 2.11483002e+02, 3.80519012e+02,
    2.24750000e+02, 3.73619995e+02, 2.36628006e+02, 3.73173004e+02,
    2.49160004e+02, 3.78927002e+02, 2.40744003e+02, 3.88363007e+02,
    2.27276993e+02, 3.97391998e+02, 2.08830002e+02, 4.00153015e+02,
    1.92925995e+02, 3.99441986e+02, 1.79063995e+02, 3.91820007e+02,
    1.88889999e+02, 3.87585999e+02, 2.10953003e+02, 3.88479004e+02,
    2.29860001e+02, 3.85976013e+02, 2.29781006e+02, 3.79045013e+02,
    2.10173996e+02, 3.82878998e+02, 1.91686996e+02, 3.81846008e+02,
    2.10953003e+02, 3.86886993e+02, 2.13074997e+02, 3.33821014e+02 ]
noOfLandmarkPoint: 68
