%YAML:1.0
landmark: [ 7.73780975e+01, 2.63940002e+02, 8.26268005e+01,
    2.95937012e+02, 8.91799011e+01, 3.27679993e+02, 1.00597000e+02,
    3.57967987e+02, 1.18647003e+02, 3.84799011e+02, 1.42266006e+02,
    4.06971985e+02, 1.68742004e+02, 4.25487000e+02, 2.00423004e+02,
    4.30579987e+02, 2.31130997e+02, 4.20903015e+02, 2.57166992e+02,
    4.01717010e+02, 2.78580994e+02, 3.77463013e+02, 2.92151001e+02,
    3.48197998e+02, 2.96412994e+02, 3.16084991e+02, 3.01177002e+02,
    2.85898987e+02, 3.04915009e+02, 2.51817001e+02, 2.78803986e+02,
    2.34565994e+02, 2.51761002e+02, 2.21977005e+02, 2.24998001e+02,
    2.27240005e+02, 2.07466003e+02, 2.40160995e+02, 2.27320007e+02,
    2.36141998e+02, 2.49429001e+02, 2.30369003e+02, 9.60286026e+01,
    2.45755997e+02, 1.18656998e+02, 2.34459000e+02, 1.41345993e+02,
    2.35391006e+02, 1.58973999e+02, 2.43891006e+02, 1.40205994e+02,
    2.44371002e+02, 1.18888000e+02, 2.45167999e+02, 1.17320000e+02,
    2.61125000e+02, 1.34927994e+02, 2.51054993e+02, 1.59675003e+02,
    2.60747986e+02, 1.35610992e+02, 2.67966003e+02, 1.36126999e+02,
    2.57412994e+02, 2.57234009e+02, 2.52014999e+02, 2.35554001e+02,
    2.43733002e+02, 2.16367996e+02, 2.56583008e+02, 2.36897003e+02,
    2.59763000e+02, 2.35908005e+02, 2.49951996e+02, 1.72496002e+02,
    2.64872986e+02, 1.69231995e+02, 2.91915985e+02, 1.61306000e+02,
    3.16627991e+02, 1.67832993e+02, 3.27817993e+02, 1.93011993e+02,
    3.31082001e+02, 2.12595001e+02, 3.24088013e+02, 2.18656006e+02,
    3.11964996e+02, 2.10263000e+02, 2.88186005e+02, 2.04667999e+02,
    2.60209991e+02, 1.74597000e+02, 3.23026001e+02, 2.06998993e+02,
    3.21290985e+02, 1.58507996e+02, 3.66518005e+02, 1.71399002e+02,
    3.60726990e+02, 1.82179993e+02, 3.56950989e+02, 1.91460999e+02,
    3.59170990e+02, 2.00447998e+02, 3.54523010e+02, 2.11557007e+02,
    3.55812988e+02, 2.26582993e+02, 3.59990997e+02, 2.17281006e+02,
    3.69324005e+02, 2.05679001e+02, 3.75320007e+02, 1.90679993e+02,
    3.79574005e+02, 1.78940002e+02, 3.78109009e+02, 1.68261993e+02,
    3.73976990e+02, 1.77291000e+02, 3.67402008e+02, 1.91460999e+02,
    3.68003998e+02, 2.06796997e+02, 3.64618988e+02, 2.07044998e+02,
    3.60867004e+02, 1.91151001e+02, 3.63045013e+02, 1.78339996e+02,
    3.64123993e+02, 1.91151001e+02, 3.65213989e+02, 1.92544998e+02,
    3.15696014e+02 ]
noOfLandmarkPoint: 68
