%YAML:1.0
landmark: [ 6.04516983e+01, 2.90677002e+02, 5.94300995e+01,
    3.31988007e+02, 6.08334007e+01, 3.73285004e+02, 7.00561981e+01,
    4.13285004e+02, 9.00467987e+01, 4.49415009e+02, 1.16672997e+02,
    4.80673004e+02, 1.49858002e+02, 5.05071991e+02, 1.90257996e+02,
    5.12609009e+02, 2.30205002e+02, 5.05421997e+02, 2.64821991e+02,
    4.82881012e+02, 2.92653015e+02, 4.52527008e+02, 3.13735992e+02,
    4.17061005e+02, 3.27569000e+02, 3.78136993e+02, 3.34635010e+02,
    3.37494995e+02, 3.38053009e+02, 2.96311005e+02, 3.17053986e+02,
    2.78385010e+02, 2.93493988e+02, 2.53800003e+02, 2.45132996e+02,
    2.60605988e+02, 2.17690994e+02, 2.84531006e+02, 2.50729996e+02,
    2.76898987e+02, 2.93493988e+02, 2.72751007e+02, 8.45242004e+01,
    2.79408997e+02, 1.14973999e+02, 2.50016998e+02, 1.63912003e+02,
    2.58921997e+02, 1.87472000e+02, 2.84531006e+02, 1.51281998e+02,
    2.75308990e+02, 1.09621002e+02, 2.68140991e+02, 1.13657997e+02,
    2.93908997e+02, 1.36460007e+02, 2.86821014e+02, 1.65960999e+02,
    2.99895996e+02, 1.34822006e+02, 3.00269012e+02, 1.37279007e+02,
    2.93750000e+02, 2.87955994e+02, 2.97657990e+02, 2.63299988e+02,
    2.87967987e+02, 2.36641998e+02, 3.01433014e+02, 2.64059998e+02,
    3.06343994e+02, 2.63274994e+02, 2.95799011e+02, 1.85936005e+02,
    3.03480988e+02, 1.73643997e+02, 3.38309998e+02, 1.57253998e+02,
    3.58796997e+02, 1.63912003e+02, 3.80308014e+02, 1.96179001e+02,
    3.85941986e+02, 2.24862000e+02, 3.84917999e+02, 2.38177994e+02,
    3.67503998e+02, 2.21787994e+02, 3.36260986e+02, 2.21787994e+02,
    3.02968994e+02, 1.75535995e+02, 3.73036987e+02, 2.15279007e+02,
    3.75786011e+02, 1.39839996e+02, 4.29477997e+02, 1.62473999e+02,
    4.22911987e+02, 1.76279999e+02, 4.19346985e+02, 1.90033005e+02,
    4.25891998e+02, 2.01283997e+02, 4.19717010e+02, 2.18371994e+02,
    4.24326996e+02, 2.45348999e+02, 4.33062988e+02, 2.30837006e+02,
    4.39263000e+02, 2.15212006e+02, 4.49424988e+02, 1.86960007e+02,
    4.56110992e+02, 1.63199997e+02, 4.48036011e+02, 1.51074997e+02,
    4.37350006e+02, 1.72242004e+02, 4.30101013e+02, 1.89520996e+02,
    4.34598999e+02, 2.10746994e+02, 4.31747986e+02, 2.12160995e+02,
    4.28223999e+02, 1.89533005e+02, 4.28277008e+02, 1.73070007e+02,
    4.27130005e+02, 1.89533005e+02, 4.30777008e+02, 1.98227997e+02,
    3.63919006e+02 ]
noOfLandmarkPoint: 68
