%YAML:1.0
landmark: [ 5.32577019e+01, 2.87247986e+02, 5.15970993e+01,
    3.35156006e+02, 5.16548004e+01, 3.83088013e+02, 6.02560005e+01,
    4.30066986e+02, 7.99626999e+01, 4.73627014e+02, 1.10834999e+02,
    5.10029999e+02, 1.55945999e+02, 5.25293030e+02, 2.03343002e+02,
    5.32338013e+02, 2.50781998e+02, 5.28879028e+02, 2.95864990e+02,
    5.13015991e+02, 3.26006012e+02, 4.76515991e+02, 3.46319000e+02,
    4.33121002e+02, 3.58455994e+02, 3.87001007e+02, 3.61411987e+02,
    3.39156006e+02, 3.64372009e+02, 2.91311005e+02, 3.35350006e+02,
    2.74479004e+02, 3.17937012e+02, 2.40233002e+02, 2.71101013e+02,
    2.32929993e+02, 2.33820007e+02, 2.52363007e+02, 2.76880005e+02,
    2.49158997e+02, 3.06635010e+02, 2.51431000e+02, 7.82164993e+01,
    2.62290009e+02, 1.08306000e+02, 2.30266998e+02, 1.46707993e+02,
    2.30945999e+02, 1.74492996e+02, 2.50591995e+02, 1.42645004e+02,
    2.47197998e+02, 1.09138000e+02, 2.41932007e+02, 1.04725998e+02,
    2.85270996e+02, 1.37022995e+02, 2.66903015e+02, 1.69449005e+02,
    2.86627991e+02, 1.35639999e+02, 2.89940002e+02, 1.37421005e+02,
    2.79703003e+02, 3.11552002e+02, 2.87829010e+02, 2.80950012e+02,
    2.66177002e+02, 2.46975006e+02, 2.85703003e+02, 2.83411987e+02,
    2.90347992e+02, 2.80789001e+02, 2.79703003e+02, 1.86757996e+02,
    2.88989990e+02, 1.76309998e+02, 3.31941986e+02, 1.60639008e+02,
    3.52256989e+02, 1.69345001e+02, 3.71411987e+02, 2.09975998e+02,
    3.77796997e+02, 2.45382004e+02, 3.71992004e+02, 2.55250000e+02,
    3.52838013e+02, 2.38996994e+02, 3.24976990e+02, 2.28550003e+02,
    2.87829010e+02, 1.87339005e+02, 3.66768005e+02, 2.30291000e+02,
    3.66187988e+02, 1.33358002e+02, 4.17265991e+02, 1.60233002e+02,
    3.99089996e+02, 1.88541000e+02, 3.92093994e+02, 2.10556000e+02,
    3.95209991e+02, 2.31490997e+02, 3.92480011e+02, 2.58358002e+02,
    3.97165985e+02, 2.79048004e+02, 4.13783997e+02, 2.65115997e+02,
    4.40770996e+02, 2.38617004e+02, 4.54273010e+02, 2.07654007e+02,
    4.57316010e+02, 1.71494003e+02, 4.51921997e+02, 1.45811996e+02,
    4.38131989e+02, 1.68533005e+02, 4.32992004e+02, 2.08815002e+02,
    4.35839996e+02, 2.48921997e+02, 4.31140015e+02, 2.43069000e+02,
    4.06970001e+02, 2.10556000e+02, 4.09140015e+02, 1.70703003e+02,
    4.07554993e+02, 2.08979004e+02, 4.22351013e+02, 2.12878006e+02,
    3.54579010e+02 ]
noOfLandmarkPoint: 68
