%YAML:1.0
landmark: [ 7.66539993e+01, 2.37723007e+02, 8.39423981e+01,
    2.69601013e+02, 9.16668015e+01, 3.01376007e+02, 1.03567001e+02,
    3.31678986e+02, 1.24994003e+02, 3.56300995e+02, 1.50406998e+02,
    3.76677002e+02, 1.80406998e+02, 3.89631989e+02, 2.12725006e+02,
    3.91898987e+02, 2.44686005e+02, 3.85343994e+02, 2.70924011e+02,
    3.66261993e+02, 2.90613007e+02, 3.40257996e+02, 3.02765991e+02,
    3.09964996e+02, 3.09364990e+02, 2.77964996e+02, 3.12440002e+02,
    2.45417999e+02, 3.13721985e+02, 2.12742996e+02, 2.96755005e+02,
    1.89177994e+02, 2.74545990e+02, 1.71119995e+02, 2.47738998e+02,
    1.76451996e+02, 2.32186005e+02, 1.91063004e+02, 2.53865997e+02,
    1.86350006e+02, 2.73190002e+02, 1.81636993e+02, 1.11059998e+02,
    2.06615997e+02, 1.27555000e+02, 1.89177994e+02, 1.61960999e+02,
    1.85406998e+02, 1.84112000e+02, 1.97190002e+02, 1.56304993e+02,
    1.99074997e+02, 1.32740005e+02, 1.97190002e+02, 1.32848999e+02,
    2.30992996e+02, 1.55526993e+02, 2.18897003e+02, 1.74916000e+02,
    2.27908997e+02, 1.57123001e+02, 2.37957001e+02, 1.50649002e+02,
    2.25468994e+02, 2.73514008e+02, 2.16496994e+02, 2.54542007e+02,
    2.08138000e+02, 2.39464005e+02, 2.21970993e+02, 2.57845001e+02,
    2.24438995e+02, 2.52923004e+02, 2.12272003e+02, 1.91653000e+02,
    2.28768005e+02, 1.95895004e+02, 2.73541992e+02, 1.91182007e+02,
    2.88623993e+02, 2.00136993e+02, 3.01821014e+02, 2.22759995e+02,
    3.00407013e+02, 2.42554993e+02, 2.97579010e+02, 2.48210007e+02,
    2.80140015e+02, 2.38783997e+02, 2.70243011e+02, 2.31714996e+02,
    2.25940002e+02, 2.04850006e+02, 2.95221985e+02, 2.33600006e+02,
    2.91923004e+02, 1.85998001e+02, 3.39524994e+02, 2.00481003e+02,
    3.28691010e+02, 2.16270004e+02, 3.23493988e+02, 2.25587997e+02,
    3.25385986e+02, 2.33289993e+02, 3.21951996e+02, 2.46511002e+02,
    3.24699005e+02, 2.57165009e+02, 3.30570007e+02, 2.52923004e+02,
    3.39053986e+02, 2.44069000e+02, 3.43885986e+02, 2.26529999e+02,
    3.47536987e+02, 2.09498001e+02, 3.47983002e+02, 1.93483994e+02,
    3.45851990e+02, 2.05792999e+02, 3.38583008e+02, 2.26529999e+02,
    3.38110992e+02, 2.43026001e+02, 3.34812012e+02, 2.40197998e+02,
    3.30098999e+02, 2.24645004e+02, 3.31984009e+02, 2.05320999e+02,
    3.33868988e+02, 2.25354996e+02, 3.36006012e+02, 2.21817001e+02,
    2.84852997e+02 ]
noOfLandmarkPoint: 68
