%YAML:1.0
landmark: [ 8.10926971e+01, 2.45899002e+02, 8.99063034e+01,
    2.84191010e+02, 1.00040001e+02, 3.22156006e+02, 110., 3.60166992e+02,
    1.24255997e+02, 3.96602997e+02, 1.50619995e+02, 4.25546997e+02,
    1.85542007e+02, 4.42440002e+02, 2.24697006e+02, 4.43612000e+02,
    2.62829010e+02, 4.34575989e+02, 2.96812988e+02, 4.15265991e+02,
    3.19927002e+02, 3.83944000e+02, 3.28298004e+02, 3.45682007e+02,
    3.31707001e+02, 3.06536011e+02, 3.35489990e+02, 2.67437988e+02,
    3.35154999e+02, 2.28149994e+02, 3.05235992e+02, 2.19022003e+02,
    2.72826996e+02, 1.92304001e+02, 2.37615997e+02, 2.03427994e+02,
    2.13955994e+02, 2.25106995e+02, 2.42197998e+02, 2.18681000e+02,
    2.79372986e+02, 2.07865005e+02, 1.01376999e+02, 2.36770996e+02,
    1.17432999e+02, 2.06167999e+02, 1.50658997e+02, 2.11638000e+02,
    1.81501007e+02, 2.28149994e+02, 1.50764008e+02, 2.27628998e+02,
    1.19633003e+02, 2.23585999e+02, 1.24196999e+02, 2.46406006e+02,
    1.45307999e+02, 2.33470993e+02, 1.71141998e+02, 2.45893005e+02,
    1.46270004e+02, 2.50809998e+02, 1.45496002e+02, 2.40828003e+02,
    2.80386993e+02, 2.31699997e+02, 2.57729004e+02, 2.22358002e+02,
    2.35348007e+02, 2.38718002e+02, 2.60377991e+02, 2.42091003e+02,
    2.59596008e+02, 2.29671005e+02, 1.84542999e+02, 2.44884003e+02,
    1.79979004e+02, 2.78860992e+02, 1.68822998e+02, 2.98638000e+02,
    1.79472000e+02, 3.16894012e+02, 2.05841995e+02, 3.19429993e+02,
    2.34746994e+02, 3.14865997e+02, 2.40832993e+02, 2.95596008e+02,
    2.25619003e+02, 2.74296997e+02, 2.20548004e+02, 2.44376999e+02,
    1.85050003e+02, 3.07765991e+02, 2.21054993e+02, 3.04723999e+02,
    1.61216003e+02, 3.67605011e+02, 1.85636002e+02, 3.57640991e+02,
    1.98757996e+02, 3.52462006e+02, 2.07996002e+02, 3.55165985e+02,
    2.18539993e+02, 3.50070007e+02, 2.36897003e+02, 3.54256012e+02,
    2.60609985e+02, 3.58984009e+02, 2.46557007e+02, 3.69510986e+02,
    2.31860992e+02, 3.78375000e+02, 2.09391998e+02, 3.85860992e+02,
    1.93988007e+02, 3.83096008e+02, 1.80192993e+02, 3.76609985e+02,
    1.93391998e+02, 3.64713989e+02, 2.08681000e+02, 3.65677002e+02,
    2.28884995e+02, 3.60716003e+02, 2.29653000e+02, 3.59566986e+02,
    2.08910004e+02, 3.61791992e+02, 1.93533997e+02, 3.63032990e+02,
    2.08910004e+02, 3.64078003e+02, 2.02292007e+02, 2.92553009e+02 ]
noOfLandmarkPoint: 68
