%YAML:1.0
landmark: [ 6.92571030e+01, 2.73957001e+02, 7.51878967e+01,
    3.08609009e+02, 8.82034988e+01, 3.52670013e+02, 1.06124001e+02,
    3.94295990e+02, 1.30322006e+02, 4.26174011e+02, 1.57953003e+02,
    4.46941010e+02, 1.78910995e+02, 4.57208008e+02, 2.11106003e+02,
    4.61191010e+02, 2.46406006e+02, 4.55300995e+02, 2.74993011e+02,
    4.41912994e+02, 3.05592987e+02, 4.18497986e+02, 3.32523987e+02,
    3.74925995e+02, 3.46441010e+02, 3.36075012e+02, 3.56359009e+02,
    3.00579010e+02, 3.65233002e+02, 2.59341003e+02, 3.27648010e+02,
    2.32718002e+02, 2.89683014e+02, 2.10882004e+02, 2.43520004e+02,
    2.15557007e+02, 2.22203995e+02, 2.32195999e+02, 2.46125000e+02,
    2.31350006e+02, 2.83359985e+02, 2.26052002e+02, 8.85711975e+01,
    2.42113998e+02, 1.06319000e+02, 2.22800003e+02, 1.48423004e+02,
    2.20563004e+02, 1.80444000e+02, 2.33761993e+02, 1.44931000e+02,
    2.36216003e+02, 1.18403999e+02, 2.37800995e+02, 1.14462997e+02,
    2.70384003e+02, 1.39742004e+02, 2.51955994e+02, 1.69115997e+02,
    2.68329987e+02, 1.41912003e+02, 2.78140991e+02, 1.41292999e+02,
    2.60907013e+02, 2.98050995e+02, 2.56959015e+02, 2.69290009e+02,
    2.43779007e+02, 2.43878006e+02, 2.61065002e+02, 2.71548004e+02,
    2.68472992e+02, 2.71272003e+02, 2.51509995e+02, 1.84619995e+02,
    2.69259003e+02, 1.80444000e+02, 3.11019012e+02, 1.74179993e+02,
    3.32942993e+02, 1.80444000e+02, 3.47558990e+02, 2.07587997e+02,
    3.52778992e+02, 2.33688004e+02, 3.44427002e+02, 2.40996002e+02,
    3.31377014e+02, 2.32121994e+02, 3.10497009e+02, 2.23248001e+02,
    2.67170990e+02, 1.91205002e+02, 3.43428009e+02, 2.17619995e+02,
    3.40423004e+02, 1.58520004e+02, 3.91407013e+02, 1.80110992e+02,
    3.81283997e+02, 1.97522995e+02, 3.76281006e+02, 2.08110001e+02,
    3.78356995e+02, 2.21395996e+02, 3.73082001e+02, 2.39481003e+02,
    3.75864990e+02, 2.58743988e+02, 3.82532990e+02, 2.39126007e+02,
    4.00656006e+02, 2.21160004e+02, 4.05940002e+02, 2.08110001e+02,
    4.07066986e+02, 1.88889008e+02, 4.05878998e+02, 1.76033005e+02,
    4.01610992e+02, 1.86518005e+02, 3.90739014e+02, 2.06664001e+02,
    3.90752991e+02, 2.23873993e+02, 3.87612000e+02, 2.24662003e+02,
    3.83067993e+02, 2.07018005e+02, 3.86225006e+02, 1.88945007e+02,
    3.86915985e+02, 2.06992004e+02, 3.90618011e+02, 2.02889999e+02,
    3.33464996e+02 ]
noOfLandmarkPoint: 68
