%YAML:1.0
landmark: [ 6.58638992e+01, 2.99122009e+02, 7.60671005e+01,
    3.40782990e+02, 8.93856964e+01, 3.81520996e+02, 1.08889999e+02,
    4.19670990e+02, 1.36731995e+02, 4.52110992e+02, 1.70110992e+02,
    4.79028992e+02, 2.05257996e+02, 5.03556000e+02, 2.46940994e+02,
    5.11199005e+02, 2.86471985e+02, 4.96183990e+02, 3.12695007e+02,
    4.62670013e+02, 3.35747009e+02, 4.26527008e+02, 3.53114014e+02,
    3.87393005e+02, 3.59614014e+02, 3.45096008e+02, 3.61066986e+02,
    3.02230011e+02, 3.63001007e+02, 2.59385010e+02, 3.46988007e+02,
    2.28544998e+02, 3.15553986e+02, 2.16089996e+02, 2.81941986e+02,
    2.25820007e+02, 2.55651993e+02, 2.41593002e+02, 2.79697998e+02,
    2.39970993e+02, 3.11402008e+02, 2.30324005e+02, 7.65394974e+01,
    2.65316010e+02, 1.06787003e+02, 2.46337006e+02, 1.46750000e+02,
    2.46914001e+02, 1.78550995e+02, 2.56420013e+02, 1.51082993e+02,
    2.59200989e+02, 1.17973000e+02, 2.59049988e+02, 1.18649002e+02,
    2.91411987e+02, 1.50214996e+02, 2.73975006e+02, 1.78964005e+02,
    2.85054993e+02, 1.53845001e+02, 2.97346008e+02, 1.46524002e+02,
    2.82515991e+02, 3.20891998e+02, 2.61164001e+02, 2.87450012e+02,
    2.51311996e+02, 2.64290009e+02, 2.71394012e+02, 2.93367004e+02,
    2.74640015e+02, 2.91237000e+02, 2.58791992e+02, 2.03460007e+02,
    2.90226013e+02, 2.08205002e+02, 3.45382996e+02, 1.98123001e+02,
    3.66734009e+02, 2.15322006e+02, 3.83341003e+02, 2.47348999e+02,
    3.80967987e+02, 2.71071991e+02, 3.73257996e+02, 2.78782990e+02,
    3.53686005e+02, 2.59803986e+02, 3.35894012e+02, 2.42604004e+02,
    2.84888000e+02, 2.21845993e+02, 3.75036987e+02, 2.63362000e+02,
    3.68513000e+02, 1.89819000e+02, 4.29007996e+02, 2.15160004e+02,
    4.14028015e+02, 2.30742004e+02, 4.11216003e+02, 2.46162994e+02,
    4.14181000e+02, 2.59210999e+02, 4.05285004e+02, 2.75799988e+02,
    4.06746002e+02, 2.93609985e+02, 4.13588013e+02, 2.82615997e+02,
    4.27902008e+02, 2.66009003e+02, 4.39251007e+02, 2.50397003e+02,
    4.45174011e+02, 2.25697998e+02, 4.44388000e+02, 2.05248993e+02,
    4.37204010e+02, 2.21207993e+02, 4.27622009e+02, 2.49171005e+02,
    4.27920013e+02, 2.66412994e+02, 4.22832001e+02, 2.66960999e+02,
    4.18653015e+02, 2.49052002e+02, 4.21604004e+02, 2.23776993e+02,
    4.24375000e+02, 2.49110992e+02, 4.24248993e+02, 2.45570007e+02,
    3.57244995e+02 ]
noOfLandmarkPoint: 68
