%YAML:1.0
landmark: [ 1.19650002e+02, 2.57687988e+02, 1.24113998e+02,
    2.93902008e+02, 1.30335999e+02, 3.29851013e+02, 1.36766006e+02,
    3.65696014e+02, 1.54975998e+02, 3.97186005e+02, 1.78509003e+02,
    4.24946014e+02, 2.09550003e+02, 4.43894012e+02, 2.45061005e+02,
    4.50476013e+02, 2.80566010e+02, 4.42739990e+02, 3.08998993e+02,
    4.20628998e+02, 3.28075012e+02, 3.89588013e+02, 3.40989990e+02,
    3.55487000e+02, 3.46996002e+02, 3.19653015e+02, 3.49247986e+02,
    2.83235992e+02, 3.50132996e+02, 2.46759995e+02, 3.38210999e+02,
    2.21427002e+02, 3.13375000e+02, 1.97087006e+02, 2.77729004e+02,
    2.05598999e+02, 2.66184998e+02, 2.19936996e+02, 2.88087006e+02,
    2.16798996e+02, 3.14368011e+02, 2.09007996e+02, 1.43492996e+02,
    2.46759995e+02, 1.67335999e+02, 2.11988998e+02, 2.03852997e+02,
    2.10093994e+02, 2.18996002e+02, 2.21427002e+02, 1.91949997e+02,
    2.22227005e+02, 1.65352005e+02, 2.27610001e+02, 1.72880005e+02,
    2.53947006e+02, 1.92824005e+02, 2.38647995e+02, 2.13516998e+02,
    2.49798004e+02, 1.93102997e+02, 2.53535004e+02, 1.88695007e+02,
    2.46759995e+02, 3.09730011e+02, 2.42770004e+02, 2.95174011e+02,
    2.32774002e+02, 2.70158997e+02, 2.42289001e+02, 2.96282013e+02,
    2.45399994e+02, 2.89035004e+02, 2.39806000e+02, 2.32408005e+02,
    2.48746994e+02, 2.29923996e+02, 2.81531006e+02, 2.18003006e+02,
    3.02394012e+02, 2.26944000e+02, 3.16799011e+02, 2.56251007e+02,
    3.21765991e+02, 2.83571014e+02, 3.11334991e+02, 2.85061005e+02,
    2.92955994e+02, 2.68669006e+02, 2.75074005e+02, 2.58238007e+02,
    2.49244003e+02, 2.37375000e+02, 3.12825012e+02, 2.71153015e+02,
    3.10341003e+02, 1.92669006e+02, 3.47100006e+02, 2.14332001e+02,
    3.39678986e+02, 2.34203995e+02, 3.38670013e+02, 2.50787003e+02,
    3.39648987e+02, 2.66345001e+02, 3.36540985e+02, 2.84446991e+02,
    3.36510986e+02, 3.02446991e+02, 3.39648987e+02, 2.93720001e+02,
    3.61928986e+02, 2.77843994e+02, 3.76993988e+02, 2.50787003e+02,
    3.85845001e+02, 2.26664993e+02, 3.81947998e+02, 2.06822998e+02,
    3.69250000e+02, 2.23181000e+02, 3.66410004e+02, 2.51539993e+02,
    3.70272003e+02, 2.76197998e+02, 3.63233002e+02, 2.73639008e+02,
    3.41420990e+02, 2.50121002e+02, 3.42920990e+02, 2.23582001e+02,
    3.43816986e+02, 2.50612000e+02, 3.56368988e+02, 2.56747009e+02,
    3.05373993e+02 ]
noOfLandmarkPoint: 68
