%YAML:1.0
landmark: [ 5.30909996e+01, 2.63199005e+02, 6.06436996e+01,
    3.03532990e+02, 7.31449966e+01, 3.42529999e+02, 9.20513000e+01,
    3.78868988e+02, 1.19241997e+02, 4.09444000e+02, 1.53218994e+02,
    4.32252991e+02, 1.93367004e+02, 4.33722992e+02, 2.32817001e+02,
    4.22489014e+02, 2.70737000e+02, 4.06864014e+02, 3.05269989e+02,
    3.84919006e+02, 3.28738007e+02, 3.51727997e+02, 3.38971985e+02,
    3.12096008e+02, 3.38640015e+02, 2.71171997e+02, 3.33928009e+02,
    2.30423004e+02, 3.23015991e+02, 1.90897995e+02, 2.73006989e+02,
    1.60169006e+02, 2.32639008e+02, 1.37876999e+02, 1.94078003e+02,
    1.45106995e+02, 1.73593002e+02, 1.70412003e+02, 1.94078003e+02,
    1.58964005e+02, 2.30832001e+02, 1.46914001e+02, 4.10407982e+01,
    2.22830994e+02, 5.55009995e+01, 1.93910004e+02, 9.12508011e+01,
    1.80658005e+02, 1.17559998e+02, 1.98729996e+02, 8.38190002e+01,
    1.97524994e+02, 6.27310982e+01, 2.02345001e+02, 7.25270004e+01,
    2.46220993e+02, 9.53037033e+01, 2.22692993e+02, 1.22379997e+02,
    2.30061005e+02, 1.02126999e+02, 2.43785995e+02, 9.94842987e+01,
    2.35483002e+02, 2.53125000e+02, 1.89089996e+02, 2.16371002e+02,
    1.78847000e+02, 1.91667999e+02, 2.04153000e+02, 2.25498001e+02,
    2.01962006e+02, 2.22998993e+02, 1.92102997e+02, 1.36839996e+02,
    2.32470993e+02, 1.36237000e+02, 2.60186005e+02, 1.30815002e+02,
    2.77658997e+02, 1.40455002e+02, 2.93927002e+02, 1.64554993e+02,
    2.93927002e+02, 1.99501007e+02, 2.83683990e+02, 2.11550995e+02,
    2.68621002e+02, 1.88052994e+02, 2.52955994e+02, 1.74798004e+02,
    2.18009995e+02, 1.46479996e+02, 2.87299011e+02, 1.81425995e+02,
    2.80671997e+02, 1.39250000e+02, 3.50562988e+02, 1.48966995e+02,
    3.28174988e+02, 1.65158005e+02, 3.18027008e+02, 1.80718002e+02,
    3.13608002e+02, 1.98296005e+02, 3.07182007e+02, 2.22845993e+02,
    3.06472992e+02, 2.47701996e+02, 3.13809998e+02, 2.30794006e+02,
    3.40897003e+02, 2.17638000e+02, 3.51251007e+02, 1.99416000e+02,
    3.58872986e+02, 1.82539001e+02, 3.63710999e+02, 1.65072998e+02,
    3.61838989e+02, 1.70429993e+02, 3.47737000e+02, 1.92695007e+02,
    3.40932007e+02, 2.19973007e+02, 3.29161011e+02, 2.11936005e+02,
    3.16779999e+02, 1.85093002e+02, 3.24148987e+02, 1.66751007e+02,
    3.30829987e+02, 1.89378998e+02, 3.32927002e+02, 1.47684998e+02,
    2.68621002e+02 ]
noOfLandmarkPoint: 68
