%YAML:1.0
landmark: [ 6.68069000e+01, 3.13411011e+02, 7.32806015e+01,
    3.54045990e+02, 8.51623993e+01, 3.93372986e+02, 1.00209999e+02,
    4.31674011e+02, 1.19973999e+02, 4.67614014e+02, 1.48770996e+02,
    4.96893005e+02, 1.83029007e+02, 5.19411011e+02, 2.23354996e+02,
    5.24390991e+02, 2.62186005e+02, 5.11196991e+02, 2.94239990e+02,
    4.85791992e+02, 3.19084015e+02, 4.53143005e+02, 3.33402008e+02,
    4.14671997e+02, 3.37819000e+02, 3.73897003e+02, 3.37388000e+02,
    3.32759003e+02, 3.35164001e+02, 2.91665985e+02, 3.13950012e+02,
    2.64618011e+02, 2.77852997e+02, 2.40843002e+02, 2.33867004e+02,
    2.50828995e+02, 2.24850998e+02, 2.71513000e+02, 2.39306000e+02,
    2.64779999e+02, 2.80007996e+02, 2.55072006e+02, 7.42317963e+01,
    2.92726990e+02, 9.90012970e+01, 2.66760986e+02, 1.46358994e+02,
    2.66209991e+02, 1.62800003e+02, 2.82119995e+02, 1.43570007e+02,
    2.79488007e+02, 1.04461998e+02, 2.79998993e+02, 1.09815002e+02,
    3.00906006e+02, 1.33472000e+02, 2.87125000e+02, 1.56589996e+02,
    2.99072998e+02, 1.32869003e+02, 3.03052002e+02, 1.33630997e+02,
    2.99091003e+02, 2.81709015e+02, 2.80751007e+02, 2.54985992e+02,
    2.70696991e+02, 2.30154999e+02, 2.90605988e+02, 2.60235992e+02,
    2.90830994e+02, 2.55080994e+02, 2.83181000e+02, 1.77649994e+02,
    3.04394989e+02, 1.74468002e+02, 3.53187012e+02, 1.65451996e+02,
    3.77053009e+02, 1.72876999e+02, 3.91372009e+02, 2.12653000e+02,
    4.03570007e+02, 2.44473999e+02, 3.86598999e+02, 2.46065002e+02,
    3.68566986e+02, 2.32806000e+02, 3.47882996e+02, 2.15835007e+02,
    3.04924988e+02, 1.89541000e+02, 3.91205994e+02, 2.31214996e+02,
    3.87128998e+02, 1.49011002e+02, 4.20540985e+02, 1.76835007e+02,
    4.18286987e+02, 1.97964005e+02, 4.19951996e+02, 2.16895996e+02,
    4.19480988e+02, 2.37589005e+02, 4.15140991e+02, 2.56868011e+02,
    4.11334015e+02, 2.77885986e+02, 4.06752014e+02, 2.60511993e+02,
    4.37403015e+02, 2.44238998e+02, 4.54256989e+02, 2.18487000e+02,
    4.67743011e+02, 1.95324997e+02, 4.62170013e+02, 1.74513000e+02,
    4.50799988e+02, 1.86992004e+02, 4.44243011e+02, 2.18761002e+02,
    4.49449005e+02, 2.46852997e+02, 4.36136993e+02, 2.42917999e+02,
    4.17187988e+02, 2.16115005e+02, 4.24350006e+02, 1.88042999e+02,
    4.22571991e+02, 2.17130005e+02, 4.34535004e+02, 2.09470993e+02,
    3.85007996e+02 ]
noOfLandmarkPoint: 68
