%YAML:1.0
landmark: [ 6.44923019e+01, 1.95069000e+02, 7.05198975e+01,
    2.20468002e+02, 7.94334030e+01, 2.44983002e+02, 8.88515015e+01,
    2.69329987e+02, 1.00570999e+02, 2.92648010e+02, 1.15924004e+02,
    3.12149994e+02, 1.38921997e+02, 3.23440002e+02, 1.65134995e+02,
    3.21364990e+02, 1.90401993e+02, 3.14847992e+02, 2.12345001e+02,
    3.01355988e+02, 2.29899002e+02, 2.82040985e+02, 2.42686005e+02,
    2.59964996e+02, 2.47102997e+02, 2.34281006e+02, 2.47529999e+02,
    2.08188004e+02, 2.46386002e+02, 1.82106995e+02, 2.27569000e+02,
    1.70817001e+02, 2.03264008e+02, 1.60807007e+02, 1.80673004e+02,
    1.66209000e+02, 1.71119003e+02, 1.75834000e+02, 1.87824005e+02,
    1.74250000e+02, 2.05350998e+02, 1.71169006e+02, 7.99636993e+01,
    1.85033997e+02, 9.82539978e+01, 1.71550995e+02, 1.24154999e+02,
    1.73766006e+02, 1.36412994e+02, 1.80852005e+02, 1.20082001e+02,
    1.83451004e+02, 9.92637024e+01, 1.81895004e+02, 9.81686020e+01,
    1.93162003e+02, 1.12791000e+02, 1.83216995e+02, 1.30501999e+02,
    1.94990997e+02, 1.12953003e+02, 2.00229996e+02, 1.12579002e+02,
    1.90468994e+02, 2.10210007e+02, 1.82248993e+02, 1.92852997e+02,
    1.77701996e+02, 1.77766006e+02, 1.89628998e+02, 1.96117004e+02,
    1.90653000e+02, 1.95371994e+02, 1.82942993e+02, 1.41013000e+02,
    1.96324005e+02, 1.39339996e+02, 2.23503006e+02, 1.33485992e+02,
    2.40229004e+02, 1.40595001e+02, 2.49427994e+02, 1.61919998e+02,
    2.57372986e+02, 1.81154999e+02, 2.44828003e+02, 1.86173004e+02,
    2.35628998e+02, 1.71955994e+02, 2.19322006e+02, 1.65684006e+02,
    1.93815002e+02, 1.45718002e+02, 2.46632004e+02, 1.74046997e+02,
    2.44410004e+02, 1.30977005e+02, 2.74934998e+02, 1.45716995e+02,
    2.72889008e+02, 1.57876007e+02, 2.72191986e+02, 1.64429001e+02,
    2.73261993e+02, 1.71895004e+02, 2.69907013e+02, 1.83054993e+02,
    2.67557007e+02, 1.94953995e+02, 2.66153992e+02, 1.89690994e+02,
    2.73786987e+02, 1.76669998e+02, 2.80091003e+02, 1.61677002e+02,
    2.83761993e+02, 1.49156006e+02, 2.83481995e+02, 1.36960999e+02,
    2.80756012e+02, 1.46604996e+02, 2.79282013e+02, 1.63434998e+02,
    2.79007996e+02, 1.80304001e+02, 2.74864014e+02, 1.80375000e+02,
    2.71291992e+02, 1.64059998e+02, 2.75391998e+02, 1.48085007e+02,
    2.75639008e+02, 1.63761002e+02, 2.77421997e+02, 1.58992996e+02,
    2.41065002e+02 ]
noOfLandmarkPoint: 68
