%YAML:1.0
landmark: [ 8.53240967e+01, 2.83325989e+02, 8.55414963e+01,
    3.23666992e+02, 8.85609970e+01, 3.63878998e+02, 9.69021988e+01,
    4.03312988e+02, 1.11241997e+02, 4.40972992e+02, 1.32186005e+02,
    4.75372986e+02, 1.61304001e+02, 5.02958008e+02, 1.99141006e+02,
    5.16414978e+02, 2.39057007e+02, 5.18203003e+02, 2.73187988e+02,
    4.97251007e+02, 3.03208008e+02, 4.70377991e+02, 3.24903992e+02,
    4.36519989e+02, 3.38770996e+02, 3.98686005e+02, 3.47806000e+02,
    3.59377014e+02, 3.55326996e+02, 3.19740997e+02, 3.44669006e+02,
    2.95760010e+02, 3.24851990e+02, 2.80450989e+02, 2.97425995e+02,
    2.74891998e+02, 2.86937988e+02, 2.82437988e+02, 3.10696014e+02,
    2.85325989e+02, 3.30459015e+02, 2.90431000e+02, 1.46608002e+02,
    2.71779999e+02, 1.85686996e+02, 2.62010010e+02, 2.09667999e+02,
    2.64674011e+02, 2.30983994e+02, 2.75332001e+02, 2.14108994e+02,
    2.75332001e+02, 1.88352005e+02, 2.68226990e+02, 1.67235001e+02,
    2.89139008e+02, 1.91190994e+02, 2.81588989e+02, 2.12181000e+02,
    2.98234985e+02, 1.88955002e+02, 2.96533997e+02, 1.85686996e+02,
    2.90431000e+02, 3.21722992e+02, 3.15058990e+02, 3.03488007e+02,
    3.04572998e+02, 2.83919006e+02, 3.11127014e+02, 3.04338013e+02,
    3.15907990e+02, 2.99372986e+02, 3.09971008e+02, 2.32759995e+02,
    3.02864990e+02, 2.21533997e+02, 3.46914001e+02, 2.06949997e+02,
    3.63708008e+02, 2.16673004e+02, 3.84036987e+02, 2.42304993e+02,
    3.95084991e+02, 2.71029999e+02, 3.91108002e+02, 2.81195007e+02,
    3.76966003e+02, 2.71471985e+02, 3.55752991e+02, 2.73615997e+02,
    3.09083008e+02, 2.25511002e+02, 3.78291992e+02, 2.63516998e+02,
    3.85363007e+02, 1.79550003e+02, 4.15855988e+02, 1.99878998e+02,
    4.08785004e+02, 2.20649994e+02, 4.07459015e+02, 2.39210999e+02,
    4.11437012e+02, 2.52026993e+02, 4.11877991e+02, 2.73682007e+02,
    4.19833008e+02, 2.75891998e+02, 4.34859009e+02, 2.63747986e+02,
    4.48160004e+02, 2.45425995e+02, 4.53394012e+02, 2.27720993e+02,
    4.52977997e+02, 2.12128006e+02, 4.44988007e+02, 1.92623001e+02,
    4.32960999e+02, 2.11690002e+02, 4.29010010e+02, 2.32759995e+02,
    4.35203003e+02, 2.48057999e+02, 4.37269989e+02, 2.51936005e+02,
    4.24539001e+02, 2.37001999e+02, 4.21158997e+02, 2.14654007e+02,
    4.16595001e+02, 2.35675995e+02, 4.29114014e+02, 2.48934006e+02,
    3.75197998e+02 ]
noOfLandmarkPoint: 68
