%YAML:1.0
landmark: [ 2.75613003e+01, 2.94979004e+02, 2.79624004e+01,
    3.39851013e+02, 3.21449013e+01, 3.84457001e+02, 4.81239014e+01,
    4.26334991e+02, 7.25442963e+01, 4.63834015e+02, 1.01675003e+02,
    4.97954010e+02, 1.36919006e+02, 5.24086975e+02, 1.81069000e+02,
    5.30807983e+02, 2.24927994e+02, 5.22502014e+02, 2.61653015e+02,
    4.97287994e+02, 2.92315002e+02, 4.64529999e+02, 3.14871002e+02,
    4.26040985e+02, 3.25250000e+02, 3.82447998e+02, 3.30058014e+02,
    3.37852997e+02, 3.26662994e+02, 2.93209015e+02, 2.79467010e+02,
    2.57812012e+02, 2.44037003e+02, 2.40255005e+02, 2.12949005e+02,
    2.41735992e+02, 1.87436005e+02, 2.61941986e+02, 2.17076996e+02,
    2.55494003e+02, 2.41298996e+02, 2.49606995e+02, 3.58204994e+01,
    2.55451996e+02, 4.09211998e+01, 2.41651993e+02, 8.94477005e+01,
    2.42294006e+02, 1.14282997e+02, 2.65480988e+02, 7.06699982e+01,
    2.55388000e+02, 5.00019989e+01, 2.54630005e+02, 6.54914017e+01,
    2.89707001e+02, 9.34857025e+01, 2.77372986e+02, 1.20162003e+02,
    2.96184998e+02, 9.15775986e+01, 3.04769012e+02, 9.30449982e+01,
    2.89079010e+02, 2.59496002e+02, 2.85049988e+02, 2.26276001e+02,
    2.72687012e+02, 1.98714005e+02, 2.93906006e+02, 2.30772995e+02,
    2.99415009e+02, 2.30501999e+02, 2.85540009e+02, 1.34341003e+02,
    3.02058014e+02, 1.27851997e+02, 3.39813995e+02, 1.14282997e+02,
    3.71080994e+02, 1.20772003e+02, 3.91139008e+02, 1.49089996e+02,
    3.99398987e+02, 1.82830002e+02, 3.94221008e+02, 1.93925003e+02,
    3.78751007e+02, 1.80356995e+02, 3.51613007e+02, 1.74457001e+02,
    3.03238007e+02, 1.27851997e+02, 3.85239990e+02, 1.69738007e+02,
    3.88190002e+02, 1.06024002e+02, 4.38924988e+02, 1.22106003e+02,
    4.31033997e+02, 1.43718994e+02, 4.27766998e+02, 1.57938995e+02,
    4.30075989e+02, 1.72707001e+02, 4.27493988e+02, 1.95789001e+02,
    4.28394012e+02, 2.18703003e+02, 4.33024994e+02, 1.93380005e+02,
    4.50925995e+02, 1.75145996e+02, 4.58048004e+02, 1.59119003e+02,
    4.60752991e+02, 1.38287003e+02, 4.59877014e+02, 1.23031998e+02,
    4.53015991e+02, 1.32186996e+02, 4.43514008e+02, 1.59307007e+02,
    4.45674011e+02, 1.89548004e+02, 4.41834015e+02, 1.87628006e+02,
    4.38473999e+02, 1.59067001e+02, 4.38713989e+02, 1.32667007e+02,
    4.39674011e+02, 1.59067001e+02, 4.41354004e+02, 1.39061005e+02,
    3.72851013e+02 ]
noOfLandmarkPoint: 68
