%YAML:1.0
landmark: [ 5.97201996e+01, 2.85652008e+02, 6.88710022e+01,
    3.21819000e+02, 7.94570999e+01, 3.57587006e+02, 9.44335022e+01,
    3.91660004e+02, 1.17643997e+02, 4.20779999e+02, 1.45783005e+02,
    4.45174988e+02, 1.79167007e+02, 4.61484009e+02, 2.16048996e+02,
    4.64960999e+02, 2.50852997e+02, 4.52311005e+02, 2.80463013e+02,
    4.29681000e+02, 3.07135986e+02, 4.03716003e+02, 3.26126007e+02,
    3.71696014e+02, 3.35773987e+02, 3.35802002e+02, 3.42782990e+02,
    2.99158997e+02, 3.49093994e+02, 2.62390991e+02, 3.17459015e+02,
    2.38199005e+02, 2.79937012e+02, 2.16942001e+02, 2.42975006e+02,
    2.25188995e+02, 2.30925003e+02, 2.40990005e+02, 2.52326004e+02,
    2.37268005e+02, 2.83962006e+02, 2.27964005e+02, 7.27466965e+01,
    2.55876999e+02, 1.07174004e+02, 2.32615997e+02, 1.46376007e+02,
    2.39320999e+02, 1.70445007e+02, 2.53085999e+02, 1.42824997e+02,
    2.53425003e+02, 1.09035004e+02, 2.48434006e+02, 1.01723000e+02,
    2.85490997e+02, 1.26932999e+02, 2.69776001e+02, 1.60423996e+02,
    2.82298004e+02, 1.28065002e+02, 2.91704987e+02, 1.31365997e+02,
    2.78209015e+02, 2.87444000e+02, 2.66835999e+02, 2.55145004e+02,
    2.55412994e+02, 2.29285995e+02, 2.76149994e+02, 2.58101990e+02,
    2.77888000e+02, 2.58838989e+02, 2.65182007e+02, 1.75098007e+02,
    2.85652008e+02, 1.71106003e+02, 3.19597992e+02, 1.59279999e+02,
    3.43341003e+02, 1.69514999e+02, 3.55437012e+02, 1.99289993e+02,
    3.61950012e+02, 2.25343002e+02, 3.51714996e+02, 2.38369003e+02,
    3.35897003e+02, 2.21404999e+02, 3.17454010e+02, 2.19759995e+02,
    2.85652008e+02, 1.78563004e+02, 3.49890991e+02, 2.17899002e+02,
    3.48924011e+02, 1.45322998e+02, 3.87072998e+02, 1.70888000e+02,
    3.82819000e+02, 1.91712006e+02, 3.79855988e+02, 2.02834000e+02,
    3.82653992e+02, 2.15332993e+02, 3.76144012e+02, 2.34673996e+02,
    3.74601990e+02, 2.66282990e+02, 3.74045990e+02, 2.41979996e+02,
    3.94062988e+02, 2.23378006e+02, 4.04105988e+02, 2.06669006e+02,
    4.10247986e+02, 1.83912003e+02, 4.08798004e+02, 1.65334000e+02,
    4.01694000e+02, 1.74511993e+02, 3.95941986e+02, 2.04720993e+02,
    3.96615997e+02, 2.28287003e+02, 3.89473999e+02, 2.27136002e+02,
    3.82549011e+02, 2.03423004e+02, 3.88825989e+02, 1.77289993e+02,
    3.88830994e+02, 2.04395996e+02, 3.93694000e+02, 1.96498001e+02,
    3.39618988e+02 ]
noOfLandmarkPoint: 68
