%YAML:1.0
landmark: [ 5.93767014e+01, 2.58164001e+02, 6.01589012e+01,
    2.96742004e+02, 6.46069031e+01, 3.35028992e+02, 7.22965012e+01,
    3.72842010e+02, 8.82487030e+01, 4.07519012e+02, 1.13764999e+02,
    4.36420990e+02, 1.47569000e+02, 4.54605988e+02, 1.85445999e+02,
    4.60542999e+02, 2.23518997e+02, 4.54606995e+02, 2.58197998e+02,
    4.38588013e+02, 2.85183990e+02, 4.11114014e+02, 3.03709991e+02,
    3.77411011e+02, 3.17157013e+02, 3.41247986e+02, 3.27549988e+02,
    3.04102997e+02, 3.35157990e+02, 2.66274994e+02, 2.99816010e+02,
    2.32671005e+02, 2.67371002e+02, 2.18186996e+02, 2.16386002e+02,
    2.20503998e+02, 1.96688004e+02, 2.33830002e+02, 2.20287003e+02,
    2.31365005e+02, 2.62157013e+02, 2.28035995e+02, 7.03848038e+01,
    2.27457001e+02, 7.73371964e+01, 2.13552002e+02, 1.10601997e+02,
    2.17462997e+02, 1.42806000e+02, 2.36147003e+02, 1.10941002e+02,
    2.29195007e+02, 8.12835999e+01, 2.26404007e+02, 8.02341003e+01,
    2.57005005e+02, 9.81510010e+01, 2.48242004e+02, 1.28807999e+02,
    2.61230988e+02, 9.93757019e+01, 2.67200989e+02, 9.47183990e+01,
    2.57584015e+02, 2.54625000e+02, 2.65115997e+02, 2.22358994e+02,
    2.48376999e+02, 2.00251007e+02, 2.62553009e+02, 2.22188995e+02,
    2.70195007e+02, 2.14069000e+02, 2.60480988e+02, 1.54393997e+02,
    2.70329987e+02, 1.38171005e+02, 3.10307007e+02, 1.29481003e+02,
    3.26528992e+02, 1.33535995e+02, 3.43911011e+02, 1.64242996e+02,
    3.50283997e+02, 1.93212006e+02, 3.44489990e+02, 2.03061005e+02,
    3.27687988e+02, 1.90893997e+02, 3.09148010e+02, 1.89156006e+02,
    2.70910004e+02, 1.42171005e+02, 3.40170990e+02, 1.81623993e+02,
    3.41592987e+02, 1.19630997e+02, 3.80989990e+02, 1.32751999e+02,
    3.78588013e+02, 1.47332993e+02, 3.75582001e+02, 1.64822006e+02,
    3.76934998e+02, 1.76298004e+02, 3.75165009e+02, 1.94197006e+02,
    3.77221008e+02, 2.21600998e+02, 3.83308014e+02, 1.97242996e+02,
    3.96574005e+02, 1.79080002e+02, 4.02065002e+02, 1.63664001e+02,
    4.04744995e+02, 1.43035004e+02, 4.00549988e+02, 1.29147995e+02,
    3.93075989e+02, 1.41621994e+02, 3.89584991e+02, 1.63061996e+02,
    3.93256989e+02, 1.86110001e+02, 3.90065002e+02, 1.84761002e+02,
    3.84817993e+02, 1.63041000e+02, 3.86927002e+02, 1.42298004e+02,
    3.84919006e+02, 1.62778000e+02, 3.88308014e+02, 1.63664001e+02,
    3.31743988e+02 ]
noOfLandmarkPoint: 68
