%YAML:1.0
landmark: [ 1.01531998e+02, 2.35483994e+02, 99., 2.72580994e+02, 99.,
    3.10484009e+02, 1.01174004e+02, 3.46971985e+02, 1.11071999e+02,
    3.82695007e+02, 1.30449997e+02, 4.14291992e+02, 1.57908005e+02,
    4.39360992e+02, 1.88350998e+02, 4.60268005e+02, 2.25014999e+02,
    4.64984985e+02, 2.57614990e+02, 4.49067993e+02, 2.86076996e+02,
    4.25242004e+02, 3.06593994e+02, 3.94312012e+02, 3.20260010e+02,
    3.59729004e+02, 3.33419006e+02, 3.24929993e+02, 3.41855011e+02,
    2.88709991e+02, 3.49919006e+02, 2.56451996e+02, 3.40513000e+02,
    2.44981003e+02, 3.10600006e+02, 2.41776001e+02, 2.99113007e+02,
    2.50806000e+02, 3.15242004e+02, 2.51613007e+02, 3.33790009e+02,
    2.51613007e+02, 1.54757996e+02, 2.29031998e+02, 1.86156998e+02,
    2.04817993e+02, 2.28283005e+02, 2.11328995e+02, 2.56371002e+02,
    2.31451996e+02, 2.22500000e+02, 2.21774002e+02, 1.88628998e+02,
    2.14516006e+02, 1.73367996e+02, 2.46020004e+02, 2.11772003e+02,
    2.34862000e+02, 2.32570007e+02, 2.60290985e+02, 2.04598007e+02,
    2.62225006e+02, 2.05565002e+02, 2.47580994e+02, 3.26259003e+02,
    2.83941986e+02, 3.09023010e+02, 2.67472992e+02, 2.80863007e+02,
    2.74829010e+02, 3.06075989e+02, 2.88721985e+02, 3.01532013e+02,
    2.75806000e+02, 2.43468002e+02, 2.66128998e+02, 2.37841003e+02,
    3.04558014e+02, 2.24546997e+02, 3.27346985e+02, 2.34421997e+02,
    3.43299011e+02, 2.62015991e+02, 3.53226013e+02, 2.78860992e+02,
    3.53174011e+02, 2.85316986e+02, 3.39880005e+02, 2.80307007e+02,
    3.12204987e+02, 2.79757996e+02, 2.78226013e+02, 2.45817001e+02,
    3.38360992e+02, 2.74303009e+02, 3.47096985e+02, 1.83906998e+02,
    3.62669006e+02, 2.13044998e+02, 3.63384003e+02, 2.36078003e+02,
    3.66084015e+02, 2.48095993e+02, 3.72544006e+02, 2.57364990e+02,
    3.72197998e+02, 2.68187012e+02, 3.77460999e+02, 2.73923004e+02,
    3.82040009e+02, 2.65929993e+02, 4.01391998e+02, 2.49697006e+02,
    4.10864990e+02, 2.33662994e+02, 4.12424988e+02, 2.11942001e+02,
    4.02398987e+02, 1.94884003e+02, 3.85954987e+02, 2.10356003e+02,
    3.83885010e+02, 2.38220993e+02, 3.96471985e+02, 2.54957993e+02,
    3.95490997e+02, 2.58079010e+02, 3.81790009e+02, 2.46197006e+02,
    3.78621002e+02, 2.17436005e+02, 3.71078003e+02, 2.41639008e+02,
    3.87356995e+02, 2.74919006e+02, 3.32257996e+02 ]
noOfLandmarkPoint: 68
