%YAML:1.0
landmark: [ 7.00921021e+01, 2.18266006e+02, 7.63426971e+01,
    2.46016998e+02, 8.47498016e+01, 2.73208008e+02, 9.60697021e+01,
    2.99167999e+02, 1.11996002e+02, 3.22750000e+02, 1.30832001e+02,
    3.42338989e+02, 1.56707993e+02, 3.54904999e+02, 1.85084000e+02,
    3.53649994e+02, 2.12518997e+02, 3.46526001e+02, 2.35699005e+02,
    3.30170990e+02, 2.51968002e+02, 3.07052002e+02, 2.61813995e+02,
    2.80390015e+02, 2.67912994e+02, 2.52595001e+02, 2.72131989e+02,
    2.24473999e+02, 2.73424011e+02, 1.96042999e+02, 2.47869003e+02,
    1.74561996e+02, 2.26016998e+02, 1.60858002e+02, 1.91835007e+02,
    1.72483002e+02, 1.76388000e+02, 1.83451004e+02, 1.92488007e+02,
    1.81552994e+02, 2.26386993e+02, 1.68636002e+02, 7.89809036e+01,
    1.94192001e+02, 9.45474014e+01, 1.77852997e+02, 1.25908997e+02,
    1.79776001e+02, 1.38981003e+02, 1.92339996e+02, 1.18364998e+02,
    1.89731003e+02, 9.63881989e+01, 1.84932007e+02, 9.88210983e+01,
    2.15186005e+02, 1.13758003e+02, 2.06244003e+02, 1.35925995e+02,
    2.13123001e+02, 1.15540001e+02, 2.17649002e+02, 1.18610001e+02,
    2.10488007e+02, 2.28084000e+02, 1.98304993e+02, 2.09654007e+02,
    1.93369995e+02, 1.90123993e+02, 2.07205002e+02, 2.11712006e+02,
    2.05903000e+02, 2.12684006e+02, 1.98636002e+02, 1.47869003e+02,
    2.13451004e+02, 1.44744003e+02, 2.44184006e+02, 1.39350998e+02,
    2.61968994e+02, 1.45276993e+02, 2.70487000e+02, 1.64535995e+02,
    2.75302002e+02, 1.84906006e+02, 2.66412994e+02, 1.91201996e+02,
    2.56042999e+02, 1.82684006e+02, 2.41598999e+02, 1.76016998e+02,
    2.11598999e+02, 1.48979996e+02, 2.68265015e+02, 1.79720993e+02,
    2.66783997e+02, 1.32684006e+02, 3.00858002e+02, 1.49854004e+02,
    2.97794006e+02, 1.64201004e+02, 2.95058990e+02, 1.73807999e+02,
    2.96174011e+02, 1.83789993e+02, 2.91765991e+02, 1.99065994e+02,
    2.91494995e+02, 2.13054001e+02, 2.90858002e+02, 2.02636993e+02,
    3.06839996e+02, 1.90016006e+02, 3.14445007e+02, 1.75488998e+02,
    3.19197998e+02, 1.59382004e+02, 3.18444000e+02, 1.46792999e+02,
    3.12946014e+02, 1.56802994e+02, 3.05212006e+02, 1.74304001e+02,
    3.05514008e+02, 1.92223999e+02, 3.00088989e+02, 1.92300003e+02,
    2.99108002e+02, 1.74675995e+02, 3.03756012e+02, 1.59167999e+02,
    3.03916992e+02, 1.74606995e+02, 3.04484009e+02, 1.62313995e+02,
    2.61968994e+02 ]
noOfLandmarkPoint: 68
