%YAML:1.0
landmark: [ 5.06158981e+01, 2.93466003e+02, 5.52140999e+01,
    3.42225006e+02, 6.15203018e+01, 3.90786011e+02, 7.54740982e+01,
    4.37549011e+02, 9.80870972e+01, 4.80966003e+02, 1.28850006e+02,
    5.18723022e+02, 1.71393005e+02, 5.44937988e+02, 2.17904999e+02,
    5.58862000e+02, 2.64850006e+02, 5.51783997e+02, 3.04161011e+02,
    5.22728027e+02, 3.35773010e+02, 4.85411987e+02, 3.62953003e+02,
    4.44721985e+02, 3.80101990e+02, 3.98988007e+02, 3.88397003e+02,
    3.50744995e+02, 3.94061005e+02, 3.02097992e+02, 3.70630005e+02,
    2.86066986e+02, 3.52734985e+02, 2.67233002e+02, 2.95618011e+02,
    2.72279999e+02, 2.58408997e+02, 2.98398987e+02, 3.09634003e+02,
    2.87569000e+02, 3.48493988e+02, 2.79924011e+02, 9.31611023e+01,
    2.74351013e+02, 1.19154999e+02, 2.58901001e+02, 1.60914001e+02,
    2.67364014e+02, 2.10931000e+02, 2.97165985e+02, 1.56151993e+02,
    2.86533997e+02, 1.21703003e+02, 2.76739014e+02, 1.23488998e+02,
    3.05669006e+02, 1.57179993e+02, 2.94769012e+02, 1.91544998e+02,
    3.13683990e+02, 1.55860001e+02, 3.17002991e+02, 1.60369995e+02,
    3.02714996e+02, 3.53046997e+02, 3.15188995e+02, 3.16852997e+02,
    2.99421997e+02, 2.79237000e+02, 3.17394989e+02, 3.17385986e+02,
    3.27100006e+02, 3.18218994e+02, 3.07648010e+02, 2.06615005e+02,
    3.13813995e+02, 2.00225006e+02, 3.72558990e+02, 1.83781998e+02,
    4.04696014e+02, 1.90509003e+02, 4.26743988e+02, 2.30662003e+02,
    4.43299011e+02, 2.70105988e+02, 4.28613007e+02, 2.75338013e+02,
    4.09181000e+02, 2.58520996e+02, 3.75921997e+02, 2.55942993e+02,
    3.18130005e+02, 2.01720001e+02, 4.25997009e+02, 2.57027008e+02,
    4.27864990e+02, 1.65302994e+02, 4.43915985e+02, 1.91822006e+02,
    4.49041992e+02, 2.12488998e+02, 4.52713989e+02, 2.25636002e+02,
    4.58881989e+02, 2.38184998e+02, 4.55528015e+02, 2.60763000e+02,
    4.55519012e+02, 2.74441010e+02, 4.55631012e+02, 2.59735992e+02,
    4.70140015e+02, 2.46738998e+02, 4.78227997e+02, 2.25261993e+02,
    4.80929993e+02, 2.05414993e+02, 4.76885010e+02, 1.91179993e+02,
    4.66928009e+02, 2.00889008e+02, 4.59488007e+02, 2.25417007e+02,
    4.68052002e+02, 2.53662994e+02, 4.61497986e+02, 2.55904999e+02,
    4.59256012e+02, 2.25615997e+02, 4.63207001e+02, 2.00072006e+02,
    4.55983002e+02, 2.25145004e+02, 4.67768005e+02, 2.32511993e+02,
    4.14319000e+02 ]
noOfLandmarkPoint: 68
