%YAML:1.0
landmark: [ 8.78226013e+01, 2.52419006e+02, 8.66911011e+01,
    2.89959015e+02, 9.03492966e+01, 3.27334015e+02, 9.45818024e+01,
    3.64483002e+02, 1.09581001e+02, 3.98895996e+02, 1.28854996e+02,
    4.31088013e+02, 1.56432007e+02, 4.56388000e+02, 1.87235001e+02,
    4.77352997e+02, 2.24233994e+02, 4.76429993e+02, 2.55617996e+02,
    4.56467987e+02, 2.82794006e+02, 4.30541992e+02, 3.08558990e+02,
    4.03265015e+02, 3.25066986e+02, 3.69662994e+02, 3.38854004e+02,
    3.34742004e+02, 3.48306000e+02, 2.98386993e+02, 3.49984009e+02,
    2.64652008e+02, 3.29792999e+02, 2.52479004e+02, 3.01304993e+02,
    2.53509995e+02, 2.79550995e+02, 2.60705994e+02, 3.07071014e+02,
    2.65980988e+02, 3.31752991e+02, 2.66507996e+02, 1.23023003e+02,
    2.37613007e+02, 1.51699997e+02, 2.22044998e+02, 1.92667999e+02,
    2.31173004e+02, 2.20526001e+02, 2.49903000e+02, 1.89770996e+02,
    2.43598999e+02, 1.61291000e+02, 2.36570007e+02, 1.55796997e+02,
    2.65471008e+02, 1.80751999e+02, 2.52567993e+02, 2.00042007e+02,
    2.77760986e+02, 1.75304993e+02, 2.75582001e+02, 1.77919006e+02,
    2.64652008e+02, 3.16390015e+02, 2.93329010e+02, 2.99614014e+02,
    2.74871002e+02, 2.76411987e+02, 2.86565002e+02, 2.97382996e+02,
    2.94390015e+02, 2.94268005e+02, 2.82677002e+02, 2.23802994e+02,
    2.81039001e+02, 2.19667999e+02, 3.18570007e+02, 1.96932007e+02,
    3.48328003e+02, 1.99272995e+02, 3.62036011e+02, 2.33042007e+02,
    3.81763000e+02, 2.53772003e+02, 3.76747009e+02, 2.62799011e+02,
    3.59695007e+02, 2.59221985e+02, 3.23035004e+02, 2.63951996e+02,
    2.89231995e+02, 2.12981003e+02, 3.67385010e+02, 2.48660995e+02,
    3.72475006e+02, 1.57145004e+02, 3.76412994e+02, 1.90570999e+02,
    3.85649994e+02, 2.10270004e+02, 3.89753998e+02, 2.24014999e+02,
    3.96140015e+02, 2.32891006e+02, 3.94023010e+02, 2.46231995e+02,
    3.93317993e+02, 2.73497986e+02, 3.93464996e+02, 2.53106003e+02,
    4.22424011e+02, 2.32537003e+02, 4.35029999e+02, 2.09302994e+02,
    4.41277008e+02, 1.85621002e+02, 4.26824005e+02, 1.68535004e+02,
    4.08411987e+02, 1.91041000e+02, 4.08050995e+02, 2.15656006e+02,
    4.20546997e+02, 2.39337997e+02, 4.16601990e+02, 2.39904999e+02,
    4.02914001e+02, 2.21673996e+02, 4.03494995e+02, 1.98141998e+02,
    3.95572998e+02, 2.19334000e+02, 4.10851013e+02, 2.37731995e+02,
    3.67071014e+02 ]
noOfLandmarkPoint: 68
