%YAML:1.0
landmark: [ 6.78750000e+01, 1.79195999e+02, 6.68665009e+01,
    2.12449005e+02, 7.04533997e+01, 2.45511993e+02, 7.57510986e+01,
    2.78364014e+02, 8.77620010e+01, 3.09062988e+02, 1.13081001e+02,
    3.30431000e+02, 1.43115005e+02, 3.44415009e+02, 1.75209000e+02,
    3.53167999e+02, 2.07755005e+02, 3.49239014e+02, 2.38496002e+02,
    3.36519989e+02, 2.64755005e+02, 3.16527008e+02, 2.79428986e+02,
    2.86854004e+02, 2.87339996e+02, 2.54541000e+02, 2.95661011e+02,
    2.22335007e+02, 2.99786011e+02, 1.89320999e+02, 2.93036011e+02,
    1.54125000e+02, 2.68446014e+02, 1.35320999e+02, 2.36951996e+02,
    1.34966003e+02, 2.25054001e+02, 1.51231995e+02, 2.44354996e+02,
    1.48151993e+02, 2.66036011e+02, 1.43518005e+02, 9.53571014e+01,
    1.46410995e+02, 1.17536003e+02, 1.26161003e+02, 1.55625000e+02,
    1.30500000e+02, 1.70089005e+02, 1.48339005e+02, 1.51285995e+02, 144.,
    1.17536003e+02, 1.33875000e+02, 1.16709999e+02, 1.72837997e+02,
    1.39403000e+02, 1.62494995e+02, 1.63261993e+02, 1.77130997e+02,
    1.37699997e+02, 1.83373001e+02, 1.38268005e+02, 1.70035995e+02,
    2.63187988e+02, 1.83369003e+02, 2.43222000e+02, 1.71977005e+02,
    2.21016998e+02, 1.82084000e+02, 2.43712997e+02, 1.89365997e+02,
    2.41929001e+02, 1.76785995e+02, 1.70089005e+02, 1.78231995e+02,
    1.64785995e+02, 2.12464005e+02, 1.54660995e+02, 2.29820999e+02,
    1.62856995e+02, 2.46214005e+02, 1.95160995e+02, 2.47660995e+02,
    2.16856995e+02, 2.47179001e+02, 2.23125000e+02, 2.27893005e+02,
    2.14445999e+02, 2.11018005e+02, 2.14929001e+02, 1.84981995e+02,
    1.77322006e+02, 2.38279999e+02, 2.09126999e+02, 2.38914993e+02,
    1.40195999e+02, 2.88643005e+02, 1.59216003e+02, 2.76181000e+02,
    1.79139999e+02, 2.70265991e+02, 1.92268005e+02, 2.72250000e+02,
    2.03794998e+02, 2.70381989e+02, 2.14845001e+02, 2.76455994e+02,
    2.26018005e+02, 2.87678986e+02, 2.14451996e+02, 2.96222992e+02,
    1.97468994e+02, 2.99601013e+02, 1.91785995e+02, 2.98768005e+02,
    1.71199997e+02, 2.97481995e+02, 1.55332993e+02, 2.94704987e+02,
    1.67783005e+02, 2.85031006e+02, 1.90800003e+02, 2.85945007e+02,
    2.04684006e+02, 2.84665985e+02, 2.05048996e+02, 2.81743011e+02,
    1.91166000e+02, 2.80647003e+02, 1.69427002e+02, 2.82290985e+02,
    1.90983002e+02, 2.82656006e+02, 1.98535995e+02, 2.26929001e+02 ]
noOfLandmarkPoint: 68
