%YAML:1.0
landmark: [ 6.52721024e+01, 2.44393997e+02, 6.70492020e+01,
    2.87378998e+02, 7.09744034e+01, 3.30197998e+02, 8.11367035e+01,
    3.71967987e+02, 9.65780029e+01, 4.12058014e+02, 1.20969002e+02,
    4.47373993e+02, 1.54039001e+02, 4.74358002e+02, 1.96078995e+02,
    4.82217987e+02, 2.38949997e+02, 4.80217987e+02, 2.78056000e+02,
    4.63317993e+02, 3.04627014e+02, 4.29778015e+02, 3.24683990e+02,
    3.91743988e+02, 3.40453003e+02, 3.51730988e+02, 3.52811005e+02,
    3.10552002e+02, 3.59135986e+02, 2.68018005e+02, 3.41273010e+02,
    2.35175003e+02, 2.99278015e+02, 1.99179001e+02, 2.65867004e+02,
    1.95886002e+02, 2.43895004e+02, 2.13854996e+02, 2.72667999e+02,
    2.09393005e+02, 2.96895996e+02, 2.08916000e+02, 8.54392014e+01,
    2.05789001e+02, 1.26953003e+02, 1.80591995e+02, 1.61074005e+02,
    1.84694000e+02, 1.85121994e+02, 2.10397995e+02, 1.46440994e+02,
    1.97423004e+02, 1.19015999e+02, 1.92231003e+02, 1.07938004e+02,
    2.41218002e+02, 1.42725006e+02, 2.25733994e+02, 1.74664001e+02,
    2.47610001e+02, 1.40259003e+02, 2.59657990e+02, 1.37873993e+02,
    2.41513000e+02, 3.09582001e+02, 2.62833008e+02, 2.81160004e+02,
    2.39541000e+02, 2.43832993e+02, 2.53074997e+02, 2.81592010e+02,
    2.69777008e+02, 2.79619995e+02, 2.53613007e+02, 1.85699005e+02,
    2.53037003e+02, 1.74173996e+02, 3.02591003e+02, 1.65531006e+02,
    3.17571991e+02, 1.71292999e+02, 3.33705994e+02, 1.96070007e+02,
    3.42348999e+02, 2.31218994e+02, 3.38315002e+02, 2.35251999e+02,
    3.23910004e+02, 2.28914001e+02, 3.05471985e+02, 2.30641998e+02,
    2.57647003e+02, 1.81664993e+02, 3.31401001e+02, 2.15660995e+02,
    3.34282013e+02, 1.39602005e+02, 3.82106995e+02, 1.53921997e+02,
    3.73385986e+02, 1.73960999e+02, 3.68675995e+02, 1.89731995e+02,
    3.71734985e+02, 2.13225006e+02, 3.71416992e+02, 2.38042007e+02,
    3.82472992e+02, 2.46776001e+02, 3.94782990e+02, 2.31376999e+02,
    4.11319000e+02, 2.09410995e+02, 4.19760010e+02, 1.84546005e+02,
    4.21287994e+02, 1.58617004e+02, 4.15526001e+02, 1.45940994e+02,
    4.01121002e+02, 1.61735992e+02, 3.94463989e+02, 1.86274994e+02,
    3.99968994e+02, 2.19582001e+02, 3.97393005e+02, 2.19257004e+02,
    3.86613007e+02, 1.89490005e+02, 3.84791992e+02, 1.68229004e+02,
    3.81574005e+02, 1.88690002e+02, 3.90987000e+02, 1.98951004e+02,
    3.18148010e+02 ]
noOfLandmarkPoint: 68
