%YAML:1.0
landmark: [ 1.04251999e+02, 2.92201996e+02, 1.03779999e+02,
    3.26311005e+02, 1.07123001e+02, 3.60221985e+02, 1.16472000e+02,
    3.92946014e+02, 1.34453995e+02, 4.21813995e+02, 1.58274002e+02,
    4.46161011e+02, 1.87451996e+02, 4.63485992e+02, 2.21005997e+02,
    4.67942993e+02, 2.54233002e+02, 4.60584991e+02, 2.84790985e+02,
    4.45734985e+02, 3.07265015e+02, 4.20303009e+02, 3.21394989e+02,
    3.89433990e+02, 3.29261993e+02, 3.56246002e+02, 3.35270996e+02,
    3.22677002e+02, 3.38296997e+02, 2.88701996e+02, 3.20294006e+02,
    2.68697998e+02, 2.93787994e+02, 2.59696014e+02, 2.61282013e+02,
    2.63196991e+02, 2.44779007e+02, 2.69697998e+02, 2.63625000e+02,
    2.73226013e+02, 2.85572998e+02, 2.68954010e+02, 1.26755997e+02,
    2.71197998e+02, 1.50261002e+02, 2.55195007e+02, 1.84266998e+02,
    2.58696014e+02, 2.00770996e+02, 2.69697998e+02, 1.79858994e+02,
    2.68709015e+02, 1.56660995e+02, 2.64160004e+02, 1.37141998e+02,
    2.90226990e+02, 1.62022003e+02, 2.81363007e+02, 1.89108002e+02,
    2.91683990e+02, 1.62067001e+02, 2.97296997e+02, 1.61263000e+02,
    2.88201996e+02, 3.06286987e+02, 2.90529999e+02, 2.79707001e+02,
    2.83290009e+02, 2.55660995e+02, 2.91651001e+02, 2.81135010e+02,
    2.98028992e+02, 2.77785004e+02, 2.90201996e+02, 2.04270996e+02,
    2.95703003e+02, 1.98770004e+02, 3.41712006e+02, 1.89768997e+02,
    3.59214996e+02, 1.96770004e+02, 3.74217987e+02, 2.20274002e+02,
    3.77718994e+02, 2.46779007e+02, 3.74717987e+02, 2.56281006e+02,
    3.56714996e+02, 2.46279007e+02, 3.36710999e+02, 2.42279007e+02,
    2.96703003e+02, 2.03770996e+02, 3.67717010e+02, 2.36778000e+02,
    3.67217010e+02, 1.75266006e+02, 3.96221985e+02, 1.92789993e+02,
    3.92501007e+02, 2.09145996e+02, 3.90056000e+02, 2.21427994e+02,
    3.93726990e+02, 2.33757004e+02, 3.88700989e+02, 2.48878006e+02,
    3.88774994e+02, 2.66282990e+02, 3.92221985e+02, 2.47098999e+02,
    4.06080994e+02, 2.35718994e+02, 4.12566010e+02, 2.22274994e+02,
    4.16726013e+02, 2.05309998e+02, 4.14954987e+02, 1.88535995e+02,
    4.08683990e+02, 1.99302994e+02, 4.03221008e+02, 2.21007004e+02,
    4.05259003e+02, 2.40024994e+02, 4.00757996e+02, 2.40386993e+02,
    3.95829987e+02, 2.21535004e+02, 3.98447998e+02, 2.01151993e+02,
    3.98039001e+02, 2.21380005e+02, 4.00265015e+02, 2.20774002e+02,
    3.53713989e+02 ]
noOfLandmarkPoint: 68
