%YAML:1.0
landmark: [ 7.90003967e+01, 2.64191010e+02, 8.85623016e+01,
    2.94385986e+02, 1.00652000e+02, 3.23661987e+02, 1.14418999e+02,
    3.52164001e+02, 1.34632004e+02, 3.76395996e+02, 1.61412994e+02,
    3.93016998e+02, 1.92259995e+02, 3.99819000e+02, 2.23867996e+02,
    4.00609985e+02, 2.54070999e+02, 3.91648987e+02, 2.78614014e+02,
    3.72493011e+02, 2.98809998e+02, 3.48237000e+02, 3.11804993e+02,
    3.19412994e+02, 3.17821014e+02, 2.88381012e+02, 3.17528015e+02,
    2.56739014e+02, 3.13630005e+02, 2.25306000e+02, 2.92540009e+02,
    2.07511002e+02, 2.69868988e+02, 1.98268997e+02, 2.41535004e+02,
    2.06065994e+02, 2.33223007e+02, 2.16738007e+02, 2.51296005e+02,
    2.15764999e+02, 2.72147003e+02, 2.03910004e+02, 1.04704002e+02,
    2.42442001e+02, 1.24889999e+02, 2.24509995e+02, 1.50406006e+02,
    2.21462006e+02, 1.70610992e+02, 2.31897003e+02, 1.53886002e+02,
    2.31959000e+02, 1.25553001e+02, 2.31503998e+02, 1.32878998e+02,
    2.59514008e+02, 1.50253006e+02, 2.47195007e+02, 1.73410995e+02,
    2.57373993e+02, 1.52716003e+02, 2.65997009e+02, 1.52815994e+02,
    2.54964005e+02, 2.75165009e+02, 2.35815994e+02, 2.52744995e+02,
    2.26330002e+02, 2.31751999e+02, 2.46360992e+02, 2.56114990e+02,
    2.46737000e+02, 2.50358994e+02, 2.35850998e+02, 1.87087997e+02,
    2.59578003e+02, 1.90227005e+02, 2.82381012e+02, 1.85483994e+02,
    3.07388000e+02, 1.91089005e+02, 3.15148987e+02, 2.14110001e+02,
    3.12963013e+02, 2.37223007e+02, 3.07819000e+02, 2.39809998e+02,
    2.93591003e+02, 2.26875000e+02, 2.75050995e+02, 2.20701004e+02,
    2.54304993e+02, 2.00574005e+02, 3.09113007e+02, 2.26875000e+02,
    3.04800995e+02, 1.84451996e+02, 3.59097992e+02, 1.96442993e+02,
    3.42463989e+02, 2.12018005e+02, 3.35493988e+02, 2.20315994e+02,
    3.37404999e+02, 2.29278000e+02, 3.31373993e+02, 2.43223999e+02,
    3.33126007e+02, 2.58268005e+02, 3.45256989e+02, 2.55332001e+02,
    3.50503998e+02, 2.44638000e+02, 3.58924011e+02, 2.26807007e+02,
    3.67343994e+02, 2.11487000e+02, 3.68027008e+02, 1.95824997e+02,
    3.65250000e+02, 2.03429993e+02, 3.53885010e+02, 2.24718994e+02,
    3.53091003e+02, 2.41903000e+02, 3.45696991e+02, 2.40468994e+02,
    3.42007996e+02, 2.22186996e+02, 3.47149994e+02, 2.03587006e+02,
    3.49036011e+02, 2.22501999e+02, 3.47161987e+02, 2.12216003e+02,
    2.95747009e+02 ]
noOfLandmarkPoint: 68
