%YAML:1.0
landmark: [ 7.04938965e+01, 3.33812012e+02, 8.88244019e+01,
    3.69372986e+02, 1.09571999e+02, 4.03557007e+02, 1.32348999e+02,
    4.36433990e+02, 1.64401001e+02, 4.59045013e+02, 2.02085999e+02,
    4.71893005e+02, 2.41979996e+02, 4.71553986e+02, 2.81319000e+02,
    4.64398987e+02, 3.18908997e+02, 4.51036987e+02, 3.47898987e+02,
    4.24001007e+02, 3.69891998e+02, 3.90604004e+02, 3.78632996e+02,
    3.51622986e+02, 3.83665009e+02, 3.11954010e+02, 3.81040985e+02,
    2.72128998e+02, 3.73269012e+02, 2.32886993e+02, 3.37612000e+02,
    2.12944000e+02, 2.95884003e+02, 1.93557999e+02, 2.59354004e+02,
    2.06763000e+02, 2.44544006e+02, 2.18988007e+02, 2.66471008e+02,
    2.20151001e+02, 2.91661987e+02, 2.12363007e+02, 7.77459030e+01,
    2.98760986e+02, 1.13285004e+02, 2.50082001e+02, 1.39733002e+02,
    2.45287003e+02, 1.61145004e+02, 2.52225998e+02, 1.35985001e+02,
    2.59825012e+02, 1.11867996e+02, 2.67625000e+02, 1.14611000e+02,
    3.12660004e+02, 1.29115005e+02, 2.88487000e+02, 1.73638000e+02,
    2.90641998e+02, 1.52684006e+02, 3.12056000e+02, 1.49057999e+02,
    3.01782013e+02, 3.14042999e+02, 2.46787003e+02, 2.85035004e+02,
    2.32283005e+02, 2.59079987e+02, 2.66007996e+02, 2.88661011e+02,
    2.62500000e+02, 2.82617004e+02, 2.55248001e+02, 1.90757996e+02,
    2.89091003e+02, 1.99822998e+02, 3.18098999e+02, 1.96197006e+02,
    3.41669006e+02, 2.12468994e+02, 3.52053986e+02, 2.37292007e+02,
    3.44085999e+02, 2.63683014e+02, 3.36795013e+02, 2.68113007e+02,
    3.16890991e+02, 2.51796005e+02, 2.99968994e+02, 2.39709000e+02,
    2.78213013e+02, 2.18557007e+02, 3.42877014e+02, 2.49983002e+02,
    3.33208008e+02, 2.10097000e+02, 4.01497986e+02, 2.17406006e+02,
    3.87261993e+02, 2.36695999e+02, 3.75487000e+02, 2.47565994e+02,
    3.72489990e+02, 2.63217010e+02, 3.66614014e+02, 2.82950012e+02,
    3.69640991e+02, 2.92890991e+02, 3.82160004e+02, 2.94899994e+02,
    3.88933014e+02, 2.83378998e+02, 4.01445007e+02, 2.60860992e+02,
    4.14190002e+02, 2.38279999e+02, 4.15319000e+02, 2.18447006e+02,
    4.12816010e+02, 2.32699997e+02, 3.98545990e+02, 2.53223999e+02,
    3.94946991e+02, 2.78338989e+02, 3.83483002e+02, 2.75835999e+02,
    3.74316010e+02, 2.49223999e+02, 3.82734009e+02, 2.30175003e+02,
    3.87865997e+02, 2.52194000e+02, 3.90074005e+02, 2.29434998e+02,
    3.21121002e+02 ]
noOfLandmarkPoint: 68
