%YAML:1.0
landmark: [ 7.57758026e+01, 2.46059998e+02, 8.30810013e+01,
    2.78673004e+02, 9.00324020e+01, 3.11363007e+02, 9.95029984e+01,
    3.43341003e+02, 1.17640999e+02, 3.71290985e+02, 1.41932999e+02,
    3.94192993e+02, 1.68755997e+02, 4.13649994e+02, 2.01606995e+02,
    4.16643005e+02, 2.31746002e+02, 4.02792999e+02, 2.57766998e+02,
    3.81872009e+02, 2.80140991e+02, 3.57303986e+02, 2.93997986e+02,
    3.27019989e+02, 2.96519989e+02, 2.93815002e+02, 2.97742004e+02,
    2.60417999e+02, 2.96381012e+02, 2.27033005e+02, 2.70154999e+02,
    2.14177002e+02, 2.49585999e+02, 1.97722000e+02, 2.08828995e+02,
    2.06416000e+02, 1.88391998e+02, 2.22919006e+02, 2.12751999e+02,
    2.17916000e+02, 2.44660004e+02, 2.11022003e+02, 8.65746994e+01,
    2.37832001e+02, 9.99447021e+01, 2.16233994e+02, 1.38891006e+02,
    2.15979996e+02, 1.62681000e+02, 2.31147003e+02, 1.36509003e+02,
    2.29070007e+02, 1.06973999e+02, 2.29901001e+02, 1.11819000e+02,
    2.45630005e+02, 1.27185997e+02, 2.35830002e+02, 1.48281998e+02,
    2.47087997e+02, 1.28445999e+02, 2.49794998e+02, 1.29255997e+02,
    2.41432007e+02, 2.46968994e+02, 2.33697006e+02, 2.26819000e+02,
    2.26082993e+02, 2.08238007e+02, 2.40363007e+02, 2.29106995e+02,
    2.43423996e+02, 2.27988007e+02, 2.32690002e+02, 1.62681000e+02,
    2.47602005e+02, 1.55481995e+02, 2.82056000e+02, 1.47253998e+02,
    2.95425995e+02, 1.51367996e+02, 3.09824005e+02, 1.78108002e+02,
    3.15994995e+02, 2.04334000e+02, 3.08795990e+02, 2.11018997e+02,
    2.93368988e+02, 1.99190994e+02, 2.76914001e+02, 1.98162994e+02,
    2.47087997e+02, 1.63339996e+02, 3.07627014e+02, 1.94248993e+02,
    3.05083008e+02, 1.41597000e+02, 3.47363007e+02, 1.57673996e+02,
    3.40722992e+02, 1.68703003e+02, 3.36877014e+02, 1.80679001e+02,
    3.39649994e+02, 1.90929001e+02, 3.34708008e+02, 2.04623001e+02,
    3.36468994e+02, 2.27473999e+02, 3.38106995e+02, 2.13617004e+02,
    3.50850006e+02, 2.01888000e+02, 3.62233002e+02, 1.84279007e+02,
    3.71532013e+02, 1.64921997e+02, 3.66996002e+02, 1.53410004e+02,
    3.57164001e+02, 1.65686005e+02, 3.50269989e+02, 1.83214996e+02,
    3.53234985e+02, 1.99483994e+02, 3.46671997e+02, 1.99205002e+02,
    3.41872009e+02, 1.81707001e+02, 3.45821014e+02, 1.67031006e+02,
    3.45540985e+02, 1.82735992e+02, 3.48906006e+02, 1.76565002e+02,
    2.97483002e+02 ]
noOfLandmarkPoint: 68
