%YAML:1.0
landmark: [ 7.63387985e+01, 2.97688995e+02, 7.40988998e+01,
    3.41554993e+02, 7.57348022e+01, 3.85446014e+02, 7.93095016e+01,
    4.29213013e+02, 9.29287033e+01, 4.70704987e+02, 1.22250000e+02,
    5.03002014e+02, 1.61225998e+02, 5.22835022e+02, 2.04556000e+02,
    5.29374023e+02, 2.48279999e+02, 5.27966003e+02, 2.86136993e+02,
    5.06334991e+02, 3.17592010e+02, 4.76114990e+02, 3.38342987e+02,
    4.37503998e+02, 3.47640015e+02, 3.94690002e+02, 3.53428986e+02,
    3.51145996e+02, 3.55273010e+02, 3.07268005e+02, 3.32669006e+02,
    2.91730988e+02, 3.13622009e+02, 2.68632996e+02, 2.77626007e+02,
    2.60608002e+02, 2.55658997e+02, 2.69987000e+02, 2.79764008e+02,
    2.77966003e+02, 3.10756012e+02, 2.84727997e+02, 1.12511002e+02,
    2.75423004e+02, 1.27054001e+02, 2.55425995e+02, 1.62210999e+02,
    2.49731995e+02, 2.01298996e+02, 2.73610992e+02, 1.66772995e+02,
    2.68579987e+02, 1.42514008e+02, 2.71161987e+02, 1.35972000e+02,
    2.92864990e+02, 1.56151993e+02, 2.82066986e+02, 1.86546005e+02,
    2.91544006e+02, 1.58748993e+02, 2.99675995e+02, 1.55229004e+02,
    2.90363007e+02, 3.05368988e+02, 3.03565002e+02, 2.84752991e+02,
    2.88157013e+02, 2.57066010e+02, 2.98132996e+02, 2.84403015e+02,
    3.11446014e+02, 2.84272003e+02, 2.98252014e+02, 2.03110992e+02,
    3.00790985e+02, 1.89039993e+02, 3.52348999e+02, 1.78895996e+02,
    3.70381012e+02, 1.82537994e+02, 3.84220001e+02, 2.11016006e+02,
    3.96864990e+02, 2.42315002e+02, 3.89373993e+02, 2.49389999e+02,
    3.73385010e+02, 2.44263000e+02, 3.53476013e+02, 2.46598999e+02,
    3.01696991e+02, 1.95735992e+02, 3.85154999e+02, 2.30113007e+02,
    3.88717010e+02, 1.55229004e+02, 4.39127991e+02, 1.73531998e+02,
    4.25092010e+02, 1.90085007e+02, 4.21347992e+02, 2.05707993e+02,
    4.27927002e+02, 2.20503998e+02, 4.23687012e+02, 2.34733994e+02,
    4.29694000e+02, 2.57786987e+02, 4.46454010e+02, 2.34320999e+02,
    4.51523987e+02, 2.20901993e+02, 4.55304993e+02, 2.05945007e+02,
    4.57160004e+02, 1.89212997e+02, 4.53885986e+02, 1.75438004e+02,
    4.48752014e+02, 1.83522995e+02, 4.38687988e+02, 2.05380997e+02,
    4.42509003e+02, 2.30738007e+02, 4.41098999e+02, 2.29063004e+02,
    4.35877014e+02, 2.05380997e+02, 4.37437988e+02, 1.83613998e+02,
    4.31446014e+02, 2.05834000e+02, 4.38981995e+02, 2.16087997e+02,
    3.73761993e+02 ]
noOfLandmarkPoint: 68
