%YAML:1.0
landmark: [ 6.60632019e+01, 2.63522003e+02, 7.21989975e+01,
    3.03440002e+02, 8.51371002e+01, 3.41691010e+02, 1.00551003e+02,
    3.79050995e+02, 1.18454002e+02, 4.15205994e+02, 1.46509003e+02,
    4.44066010e+02, 1.81895004e+02, 4.62908997e+02, 2.22136993e+02,
    4.62765015e+02, 2.61964996e+02, 4.56704010e+02, 2.94937988e+02,
    4.33946014e+02, 3.17923004e+02, 4.00897003e+02, 3.31325989e+02,
    3.62851990e+02, 3.39371002e+02, 3.23250000e+02, 3.47454987e+02,
    2.83653992e+02, 3.52769012e+02, 2.43595993e+02, 3.33950012e+02,
    2.15921997e+02, 3.07488007e+02, 1.94311996e+02, 2.70428009e+02,
    1.98190994e+02, 2.34322998e+02, 2.15921997e+02, 2.72725006e+02,
    2.11865997e+02, 3.03795990e+02, 2.05188995e+02, 8.37746964e+01,
    2.32526001e+02, 1.13626999e+02, 2.07044006e+02, 1.56479004e+02,
    2.05031006e+02, 1.87830002e+02, 2.24223999e+02, 1.42544006e+02,
    2.19766998e+02, 1.10936996e+02, 2.21968994e+02, 1.15268997e+02,
    2.56140015e+02, 1.42429001e+02, 2.39475998e+02, 1.75494995e+02,
    2.53098999e+02, 1.45688995e+02, 2.62342987e+02, 1.41891006e+02,
    2.49684998e+02, 3.03700989e+02, 2.43535004e+02, 2.75182007e+02,
    2.32365997e+02, 2.46602005e+02, 2.46542999e+02, 2.76457001e+02,
    2.54684006e+02, 2.75281006e+02, 2.40828995e+02, 1.90597000e+02,
    2.56325989e+02, 1.83401993e+02, 3.02265991e+02, 1.75100006e+02,
    3.26618988e+02, 1.88936996e+02, 3.39903015e+02, 2.12182999e+02,
    3.42670013e+02, 2.35429993e+02, 3.38242004e+02, 2.48160004e+02,
    3.20531006e+02, 2.37089996e+02, 2.96730988e+02, 2.35983002e+02,
    2.55218994e+02, 1.95024994e+02, 3.32707001e+02, 2.29895004e+02,
    3.31046997e+02, 1.70119003e+02, 3.81414001e+02, 1.84363007e+02,
    3.71311005e+02, 2.05509003e+02, 3.63897003e+02, 2.14951004e+02,
    3.68683990e+02, 2.27975998e+02, 3.63177002e+02, 2.45320007e+02,
    3.69431000e+02, 2.61444000e+02, 3.78092987e+02, 2.47156998e+02,
    3.94785004e+02, 2.31919006e+02, 4.01492004e+02, 2.14397003e+02,
    4.04106995e+02, 1.96427002e+02, 4.01010010e+02, 1.82216003e+02,
    3.93863007e+02, 1.96541000e+02, 3.81295990e+02, 2.14832001e+02,
    3.81408997e+02, 2.36817001e+02, 3.80287994e+02, 2.38162994e+02,
    3.80093994e+02, 2.16098007e+02, 3.80955994e+02, 1.96862000e+02,
    3.81342987e+02, 2.15613998e+02, 3.83113007e+02, 2.12182999e+02,
    3.17763000e+02 ]
noOfLandmarkPoint: 68
