%YAML:1.0
landmark: [ 1.09628998e+02, 2.86244995e+02, 1.20378998e+02,
    3.23714996e+02, 1.36884995e+02, 3.59031006e+02, 1.57334000e+02,
    3.92216003e+02, 1.86826996e+02, 4.17039001e+02, 2.23554993e+02,
    4.30141998e+02, 2.60868011e+02, 4.41306000e+02, 2.99803009e+02,
    4.41213013e+02, 3.40096008e+02, 4.30664001e+02, 3.60902008e+02,
    4.01766998e+02, 3.68295013e+02, 3.63766998e+02, 3.77851990e+02,
    3.26032990e+02, 3.79816986e+02, 2.87093994e+02, 3.74463989e+02,
    2.48695999e+02, 3.55700989e+02, 2.14511002e+02, 3.50196991e+02,
    1.65199997e+02, 3.38362000e+02, 1.46891006e+02, 2.99648010e+02,
    1.68378998e+02, 2.91576996e+02, 1.86516006e+02, 3.13135986e+02,
    1.80718002e+02, 3.36627991e+02, 1.59028000e+02, 1.44647995e+02,
    2.32194000e+02, 1.59197998e+02, 1.95438995e+02, 2.12947006e+02,
    1.82145996e+02, 2.42854996e+02, 1.98697006e+02, 2.11791000e+02,
    2.08731995e+02, 1.70757004e+02, 2.01796997e+02, 1.69979996e+02,
    2.59579010e+02, 1.99076004e+02, 2.35895996e+02, 2.30498001e+02,
    2.42432007e+02, 2.02664001e+02, 2.58463013e+02, 2.00223007e+02,
    2.47419006e+02, 3.41204010e+02, 2.08503998e+02, 3.15554993e+02,
    2.02095001e+02, 2.97490997e+02, 2.21707001e+02, 3.23226013e+02,
    2.23317993e+02, 3.15177002e+02, 2.12399994e+02, 2.55796997e+02,
    2.45134995e+02, 2.61494995e+02, 2.84442993e+02, 2.55136993e+02,
    3.12184998e+02, 2.73631989e+02, 3.27212006e+02, 3.13654999e+02,
    3.16696991e+02, 3.37205994e+02, 3.08717010e+02, 3.37783997e+02,
    2.82709015e+02, 3.18134003e+02, 2.61325012e+02, 2.90816010e+02,
    2.27626007e+02, 2.84035004e+02, 3.17385986e+02, 3.25647003e+02,
    3.04093994e+02, 2.25345001e+02, 3.64657990e+02, 2.70187988e+02,
    3.50334015e+02, 2.95325012e+02, 3.42506989e+02, 3.12131989e+02,
    3.39535004e+02, 3.20841003e+02, 3.36295013e+02, 3.37200012e+02,
    3.33493011e+02, 3.50196991e+02, 3.34967987e+02, 3.48485992e+02,
    3.57506012e+02, 3.34885010e+02, 3.74479004e+02, 3.22790009e+02,
    3.82928986e+02, 2.91924988e+02, 3.85734009e+02, 2.66588013e+02,
    3.79634003e+02, 2.79411011e+02, 3.71713989e+02, 3.16269012e+02,
    3.67233002e+02, 3.33161011e+02, 3.57265015e+02, 3.27787994e+02,
    3.42872986e+02, 3.12010010e+02, 3.49138000e+02, 2.81401001e+02,
    3.55532013e+02, 3.13623993e+02, 3.57190002e+02, 3.11199005e+02,
    2.94846008e+02 ]
noOfLandmarkPoint: 68
