%YAML:1.0
landmark: [ 9.10031967e+01, 2.00033005e+02, 9.28464966e+01,
    2.31751007e+02, 9.77180023e+01, 2.63135010e+02, 1.04752998e+02,
    2.94104004e+02, 1.15535004e+02, 3.24920990e+02, 1.36895004e+02,
    3.48166992e+02, 1.63675003e+02, 3.65125000e+02, 1.94326004e+02,
    3.72812012e+02, 2.25981003e+02, 3.71496002e+02, 2.52569000e+02,
    3.55536987e+02, 2.70429993e+02, 3.29356995e+02, 2.84723999e+02,
    3.00980988e+02, 2.96265991e+02, 2.71464996e+02, 3.02162994e+02,
    2.40276001e+02, 3.04352997e+02, 2.08582001e+02, 2.92830994e+02,
    1.86651993e+02, 2.77592010e+02, 1.72899002e+02, 2.44139999e+02,
    1.81447998e+02, 2.27412994e+02, 1.96686996e+02, 2.51945007e+02,
    1.88139008e+02, 2.74989990e+02, 1.80705002e+02, 1.12932999e+02,
    1.79218002e+02, 1.34490997e+02, 1.61748993e+02, 1.63483002e+02,
    1.68811005e+02, 1.83554001e+02, 1.87024002e+02, 1.59766006e+02,
    1.78845993e+02, 1.35233994e+02, 1.69554001e+02, 1.36720993e+02,
    2.02634995e+02, 1.57738007e+02, 1.94419998e+02, 1.75216003e+02,
    2.07294006e+02, 1.56197006e+02, 2.10177994e+02, 1.56048996e+02,
    2.00404007e+02, 2.70127014e+02, 2.11177994e+02, 2.52169998e+02,
    2.03925003e+02, 2.31501999e+02, 2.13042007e+02, 2.53287994e+02,
    2.17955994e+02, 2.51572998e+02, 2.08210007e+02, 1.90988007e+02,
    2.12669998e+02, 1.88014008e+02, 2.39804001e+02, 1.77606995e+02,
    2.59131012e+02, 1.81324005e+02, 2.70653992e+02, 2.06227005e+02,
    2.78459015e+02, 2.28156998e+02, 2.75485992e+02, 2.32244995e+02,
    2.63963013e+02, 2.25554993e+02, 2.42776993e+02, 2.20723007e+02,
    2.15272003e+02, 1.90988007e+02, 2.67679993e+02, 2.18505997e+02,
    2.70093994e+02, 1.65712997e+02, 3.06708008e+02, 1.79953003e+02,
    3.02303986e+02, 1.92309998e+02, 3.00136993e+02, 2.00403000e+02,
    3.02151001e+02, 2.10613998e+02, 3.00571014e+02, 2.22779007e+02,
    3.05056000e+02, 2.30759003e+02, 3.09681000e+02, 2.23108994e+02,
    3.19135986e+02, 2.12257004e+02, 3.23238007e+02, 2.00147995e+02,
    3.24445007e+02, 1.89296005e+02, 3.21812988e+02, 1.79455002e+02,
    3.16714996e+02, 1.89572006e+02, 3.10007996e+02, 2.00169006e+02,
    3.12178009e+02, 2.14162003e+02, 3.12252014e+02, 2.15335999e+02,
    3.08210999e+02, 2.00309998e+02, 3.07873993e+02, 1.89589996e+02,
    3.06908997e+02, 2.00307007e+02, 3.10100006e+02, 2.08828995e+02,
    2.62105011e+02 ]
noOfLandmarkPoint: 68
