%YAML:1.0
landmark: [ 7.27529984e+01, 1.87222000e+02, 7.38787994e+01,
    2.19809006e+02, 7.83472977e+01, 2.52087006e+02, 8.73541031e+01,
    2.83407013e+02, 1.00127998e+02, 3.13381012e+02, 1.19781998e+02,
    3.39117004e+02, 1.49287003e+02, 3.52210999e+02, 1.81751007e+02,
    3.51950012e+02, 2.13285995e+02, 3.43893005e+02, 2.41341995e+02,
    3.27628998e+02, 2.59686005e+02, 3.01033997e+02, 2.66480988e+02,
    2.69209991e+02, 2.71101013e+02, 2.36931000e+02, 2.72846985e+02,
    2.04376007e+02, 2.73082001e+02, 1.71766006e+02, 2.60003998e+02,
    1.61660995e+02, 2.41274002e+02, 1.35042007e+02, 2.10524994e+02,
    1.42531998e+02, 1.98181000e+02, 1.59876999e+02, 2.17227005e+02,
    1.56330002e+02, 2.42783005e+02, 1.50634003e+02, 9.11809006e+01,
    1.76522003e+02, 1.08816002e+02, 1.50417007e+02, 1.29013000e+02,
    1.50042007e+02, 1.58352997e+02, 1.67604996e+02, 1.33334000e+02,
    1.64906998e+02, 1.12758003e+02, 1.63031998e+02, 1.15260002e+02,
    1.83854004e+02, 1.28526993e+02, 1.75253006e+02, 1.49382004e+02,
    1.82487000e+02, 1.31876999e+02, 1.84778000e+02, 1.29820007e+02,
    1.79494003e+02, 2.40091995e+02, 1.74464005e+02, 2.25505997e+02,
    1.64608994e+02, 2.08985992e+02, 1.76837006e+02, 2.26472000e+02,
    1.78850006e+02, 2.23742996e+02, 1.71171997e+02, 1.62514999e+02,
    1.83654999e+02, 1.58882004e+02, 2.10337997e+02, 1.49026001e+02,
    2.28078003e+02, 1.57304993e+02, 2.39904999e+02, 1.79753998e+02,
    2.42505005e+02, 2.03429001e+02, 2.37145996e+02, 2.10524994e+02,
    2.26895996e+02, 1.99487000e+02, 2.07184998e+02, 1.95804001e+02,
    1.81871994e+02, 1.65190002e+02, 2.36356995e+02, 1.93574005e+02,
    2.34386002e+02, 1.38737000e+02, 2.82928009e+02, 1.62761002e+02,
    2.72415985e+02, 1.75862000e+02, 2.69412994e+02, 1.80563995e+02,
    2.71837006e+02, 1.92100998e+02, 2.67674988e+02, 2.07447998e+02,
    2.71096985e+02, 2.22554001e+02, 2.76983002e+02, 2.15953995e+02,
    2.85696014e+02, 2.03248993e+02, 2.92868011e+02, 1.82535004e+02,
    2.98250000e+02, 1.71862000e+02, 2.98346008e+02, 1.57578003e+02,
    2.94721985e+02, 1.68531006e+02, 2.84507996e+02, 1.81352997e+02,
    2.84058014e+02, 2.00199005e+02, 2.80911987e+02, 1.98906998e+02,
    2.75410004e+02, 1.80957993e+02, 2.77355988e+02, 1.69701996e+02,
    2.77040985e+02, 1.81819000e+02, 2.80085999e+02, 1.79158997e+02,
    2.24671997e+02 ]
noOfLandmarkPoint: 68
