%YAML:1.0
landmark: [ 9.84905014e+01, 2.54781006e+02, 9.85065994e+01,
    2.97058990e+02, 1.02672997e+02, 3.39128998e+02, 1.09811996e+02,
    3.80717010e+02, 1.27098999e+02, 4.19220001e+02, 1.52026993e+02,
    4.53183990e+02, 1.87207993e+02, 4.76506012e+02, 2.27800995e+02,
    4.84589996e+02, 2.68709991e+02, 4.74023987e+02, 3.06282990e+02,
    4.55744995e+02, 3.26841003e+02, 4.19084015e+02, 3.35606995e+02,
    3.77835999e+02, 3.38699005e+02, 3.35665985e+02, 3.46545013e+02,
    2.94131989e+02, 3.52433014e+02, 2.52266998e+02, 3.36510010e+02,
    2.32990005e+02, 3.15065002e+02, 2.02360992e+02, 2.59247009e+02,
    2.11761002e+02, 2.44037003e+02, 2.33873993e+02, 2.70046997e+02,
    2.29371994e+02, 3.09062988e+02, 2.22369003e+02, 1.12737999e+02,
    2.40533005e+02, 1.35078003e+02, 2.03190994e+02, 1.78828995e+02,
    2.10992996e+02, 1.96548004e+02, 2.29638000e+02, 1.68507004e+02,
    2.26371002e+02, 1.36994995e+02, 2.21869003e+02, 1.44628006e+02,
    2.49350006e+02, 1.62671997e+02, 2.39606003e+02, 1.88143997e+02,
    2.51479004e+02, 1.62391998e+02, 2.54850998e+02, 1.60509995e+02,
    2.45561996e+02, 3.07346008e+02, 2.49339005e+02, 2.86308990e+02,
    2.39166000e+02, 2.63424988e+02, 2.50884003e+02, 2.88906006e+02,
    2.56734009e+02, 2.87062012e+02, 2.45561996e+02, 2.08281006e+02,
    2.55619003e+02, 2.05854996e+02, 3.00214996e+02, 1.91421997e+02,
    3.29950989e+02, 2.03856003e+02, 3.44229004e+02, 2.29233002e+02,
    3.46971008e+02, 2.49871002e+02, 3.45227997e+02, 2.62894989e+02,
    3.31067993e+02, 2.50891998e+02, 3.00572998e+02, 2.45994995e+02,
    2.57295013e+02, 2.07942993e+02, 3.35145996e+02, 2.43649002e+02,
    3.35410004e+02, 1.71404999e+02, 3.79657013e+02, 2.00996002e+02,
    3.76217010e+02, 2.18662003e+02, 3.75127014e+02, 2.29936005e+02,
    3.79009003e+02, 2.41334000e+02, 3.75007996e+02, 2.57230988e+02,
    3.78065002e+02, 2.80356995e+02, 3.81333008e+02, 2.64328003e+02,
    3.94829987e+02, 2.48059006e+02, 4.03080994e+02, 2.30531998e+02,
    4.05941010e+02, 2.09858002e+02, 4.04625000e+02, 1.90990005e+02,
    3.96626007e+02, 2.10587006e+02, 3.87966003e+02, 2.29936005e+02,
    3.88709991e+02, 2.47854004e+02, 3.87756012e+02, 2.49121994e+02,
    3.83899994e+02, 2.30130005e+02, 3.85217987e+02, 2.12985992e+02,
    3.83981995e+02, 2.30070999e+02, 3.87200012e+02, 2.27557007e+02,
    3.27695007e+02 ]
noOfLandmarkPoint: 68
