%YAML:1.0
landmark: [ 1.15946999e+02, 2.21238998e+02, 1.21382004e+02,
    2.50565994e+02, 1.30001007e+02, 2.79096008e+02, 1.41677002e+02,
    3.06537994e+02, 1.55811996e+02, 3.32786987e+02, 1.74679001e+02,
    3.55746002e+02, 1.98785004e+02, 3.73255005e+02, 2.26294006e+02,
    3.84376007e+02, 2.55796997e+02, 3.83059998e+02, 2.82045990e+02,
    3.69148987e+02, 3.03949005e+02, 3.49126007e+02, 3.17980988e+02,
    3.22876007e+02, 3.26010010e+02, 2.94191010e+02, 3.30605011e+02,
    2.64727997e+02, 3.32339996e+02, 2.34953995e+02, 3.23196991e+02,
    2.15143005e+02, 3.11005005e+02, 1.96348007e+02, 2.79003998e+02,
    1.95839996e+02, 2.61733002e+02, 2.08031006e+02, 2.85098999e+02,
    2.04983994e+02, 3.01862000e+02, 206., 1.42360992e+02, 2.09046997e+02,
    1.64710999e+02, 1.85681000e+02, 1.94173004e+02, 1.88220993e+02,
    2.16524002e+02, 2.03968002e+02, 1.89602005e+02, 1.97871994e+02,
    1.68266998e+02, 1.96348007e+02, 1.64710999e+02, 2.24794006e+02,
    1.86841995e+02, 2.12235001e+02, 2.08597000e+02, 2.27126999e+02,
    1.85029999e+02, 2.32414001e+02, 1.81981995e+02, 2.20223007e+02,
    3.11272003e+02, 2.30388000e+02, 2.91028992e+02, 2.17774002e+02,
    2.65287994e+02, 2.29873993e+02, 2.90178986e+02, 2.35970001e+02,
    2.84591003e+02, 2.25302002e+02, 2.25158997e+02, 2.30382004e+02,
    2.24617996e+02, 2.55397995e+02, 2.14845993e+02, 2.72600006e+02,
    2.21250000e+02, 2.85171997e+02, 2.50557007e+02, 2.92354004e+02,
    2.70630005e+02, 2.82638000e+02, 2.71256012e+02, 2.71484009e+02,
    2.62915985e+02, 2.57002014e+02, 2.55128998e+02, 2.31906006e+02,
    2.34167999e+02, 2.80505005e+02, 2.61394012e+02, 2.81220001e+02,
    1.99253006e+02, 3.15212006e+02, 2.17324005e+02, 3.09619995e+02,
    2.36494995e+02, 3.06903992e+02, 2.49033997e+02, 3.12164001e+02,
    2.57502014e+02, 3.08811005e+02, 2.69425995e+02, 3.13002991e+02,
    2.81542999e+02, 3.21816010e+02, 2.74195007e+02, 3.30946014e+02,
    2.60506989e+02, 3.37854004e+02, 2.50048996e+02, 3.39087006e+02,
    2.27479996e+02, 3.35934998e+02, 2.11764999e+02, 3.27826996e+02,
    2.25410004e+02, 3.21304993e+02, 2.50048996e+02, 3.24864014e+02,
    2.64277008e+02, 3.23902008e+02, 2.64109985e+02, 3.19739014e+02,
    2.49542007e+02, 3.20291992e+02, 2.25417999e+02, 3.17304993e+02,
    2.50048996e+02, 3.22832001e+02, 2.49033997e+02, 2.69494995e+02 ]
noOfLandmarkPoint: 68
