%YAML:1.0
landmark: [ 7.66623001e+01, 3.15358002e+02, 8.20792999e+01,
    3.58695007e+02, 9.32264023e+01, 4.00927002e+02, 1.08777000e+02,
    4.41710999e+02, 1.29445999e+02, 4.80182007e+02, 1.57149002e+02,
    5.13731018e+02, 1.94136002e+02, 5.36849976e+02, 2.35054993e+02,
    5.50151001e+02, 2.78687012e+02, 5.50851990e+02, 3.14785004e+02,
    5.28568970e+02, 3.44546997e+02, 4.96890991e+02, 3.68260010e+02,
    4.60209991e+02, 3.85122009e+02, 4.20049988e+02, 3.95882996e+02,
    3.77700012e+02, 4.06225006e+02, 3.35244995e+02, 4.02437012e+02,
    2.96416992e+02, 3.85390991e+02, 2.79371002e+02, 3.43023010e+02,
    2.89821014e+02, 3.28570007e+02, 3.05886993e+02, 3.54139008e+02,
    3.03993011e+02, 3.84444000e+02, 2.90734985e+02, 1.24013000e+02,
    2.90734985e+02, 1.73084000e+02, 2.68178009e+02, 2.22423004e+02,
    2.83669006e+02, 2.49020004e+02, 3.03993011e+02, 2.08298004e+02,
    2.93575989e+02, 1.74205002e+02, 2.84105988e+02, 1.65108994e+02,
    3.27054993e+02, 1.97473007e+02, 3.06260986e+02, 2.25343994e+02,
    3.33351013e+02, 2.00722000e+02, 3.41873993e+02, 1.94093002e+02,
    3.21987000e+02, 3.71184998e+02, 3.38085999e+02, 3.43729004e+02,
    3.19395996e+02, 3.14364014e+02, 3.38085999e+02, 3.46562988e+02,
    3.47556000e+02, 3.38987000e+02, 3.30510010e+02, 2.47126007e+02,
    3.42821014e+02, 2.45231995e+02, 3.85437012e+02, 2.32921005e+02,
    4.09113007e+02, 2.42391006e+02, 4.25212006e+02, 2.81218994e+02,
    4.33734985e+02, 3.11523010e+02, 429., 3.17204987e+02, 4.08165985e+02,
    3.07734985e+02, 3.88278015e+02, 3.01105988e+02, 3.47556000e+02,
    2.60384003e+02, 4.22371002e+02, 2.99212006e+02, 4.24265015e+02,
    1.98828003e+02, 4.59304993e+02, 2.31162994e+02, 4.61321991e+02,
    2.59742004e+02, 4.60985992e+02, 2.75536011e+02, 4.63092987e+02,
    2.93028992e+02, 4.59304993e+02, 3.09167999e+02, 4.60312988e+02,
    3.22886993e+02, 4.61199005e+02, 3.08496002e+02, 4.69727997e+02,
    2.93028992e+02, 4.80151001e+02, 2.73641998e+02, 4.86768005e+02,
    2.45957001e+02, 4.82841003e+02, 2.25447006e+02, 4.69727997e+02,
    2.36421005e+02, 4.68927002e+02, 2.73528015e+02, 4.72753998e+02,
    3.01770996e+02, 4.67709991e+02, 3.01009003e+02, 4.64311005e+02,
    2.74200012e+02, 4.69390991e+02, 2.38223999e+02, 4.66028992e+02,
    2.74200012e+02, 4.71072998e+02, 2.84059998e+02, 4.07218994e+02 ]
noOfLandmarkPoint: 68
