%YAML:1.0
landmark: [ 8.25805969e+01, 2.35395004e+02, 8.25805969e+01,
    2.75306000e+02, 8.82823029e+01, 3.17661011e+02, 1.00500000e+02,
    3.51871002e+02, 1.17696999e+02, 3.81782013e+02, 1.41610001e+02,
    4.11145996e+02, 1.70957993e+02, 4.35160004e+02, 2.06841003e+02,
    4.46731995e+02, 2.43843994e+02, 4.41497009e+02, 2.72489990e+02,
    4.16898987e+02, 2.98772003e+02, 3.89691010e+02, 3.15532013e+02,
    3.57572998e+02, 3.25226013e+02, 3.19122009e+02, 3.34507996e+02,
    2.82303986e+02, 3.42411011e+02, 2.45169006e+02, 3.39967987e+02,
    2.19104996e+02, 3.11166992e+02, 2.04550995e+02, 2.77166992e+02,
    2.07910004e+02, 2.58515991e+02, 2.16660995e+02, 2.77036987e+02,
    2.20205002e+02, 3.10644989e+02, 2.15847000e+02, 1.13531998e+02,
    2.13403000e+02, 1.37968002e+02, 1.94669006e+02, 1.78673996e+02,
    2.02589005e+02, 2.08016006e+02, 2.22363007e+02, 1.73806000e+02,
    2.11774002e+02, 1.44483994e+02, 2.06886993e+02, 1.42748993e+02,
    2.39279999e+02, 1.64889008e+02, 2.29016998e+02, 1.86598007e+02,
    2.46869995e+02, 1.64031998e+02, 2.53315002e+02, 1.64847000e+02,
    2.40281998e+02, 2.98626007e+02, 2.43632004e+02, 2.81458008e+02,
    2.31020996e+02, 2.56886993e+02, 2.49242004e+02, 2.81322998e+02,
    2.58201996e+02, 2.78065002e+02, 2.42725998e+02, 2.08016006e+02,
    2.52500000e+02, 2.02449005e+02, 2.88316986e+02, 1.90992004e+02,
    3.17444000e+02, 2.02238998e+02, 3.35898987e+02, 2.25884995e+02,
    3.39648010e+02, 2.46070999e+02, 3.36187988e+02, 2.57894012e+02,
    3.20903992e+02, 2.53089996e+02, 2.88730988e+02, 2.46298004e+02,
    2.54128998e+02, 2.07429001e+02, 3.28402008e+02, 2.43475006e+02,
    3.28979004e+02, 1.66475998e+02, 3.65717987e+02, 1.95123993e+02,
    3.62214996e+02, 2.14690002e+02, 3.60520996e+02, 2.22677002e+02,
    3.64903015e+02, 2.33955994e+02, 3.60658997e+02, 2.51389008e+02,
    3.65023987e+02, 2.64217987e+02, 3.69790009e+02, 2.57894012e+02,
    3.80885010e+02, 2.42559006e+02, 3.89458008e+02, 2.23492004e+02,
    3.93411011e+02, 208., 3.89768005e+02, 1.88171997e+02, 3.81808014e+02,
    2.02358994e+02, 3.73578003e+02, 2.23492004e+02, 3.76306000e+02,
    2.45554993e+02, 3.74485992e+02, 2.44910004e+02, 3.70071014e+02,
    2.22423996e+02, 3.71368988e+02, 2.04207001e+02, 3.69196991e+02,
    2.23578003e+02, 3.73386993e+02, 2.28378998e+02, 3.16846985e+02 ]
noOfLandmarkPoint: 68
