%YAML:1.0
landmark: [ 4.59045982e+01, 2.08703003e+02, 4.59113007e+01,
    2.47970993e+02, 5.24981003e+01, 2.86609009e+02, 6.54215012e+01,
    3.23678986e+02, 8.15585022e+01, 3.59484985e+02, 1.05175003e+02,
    3.90487000e+02, 1.35830002e+02, 4.14932007e+02, 1.74100998e+02,
    4.18700989e+02, 2.12102997e+02, 4.09489990e+02, 2.43570999e+02,
    3.86109009e+02, 2.68131989e+02, 3.55727997e+02, 2.83966003e+02,
    3.19838013e+02, 2.94458008e+02, 2.82007996e+02, 3.01552002e+02,
    2.43384003e+02, 3.04179993e+02, 2.04233002e+02, 2.86795990e+02,
    1.80889008e+02, 2.60967987e+02, 1.54563995e+02, 2.12492004e+02,
    1.49235001e+02, 1.85968994e+02, 1.66485001e+02, 2.12326004e+02,
    1.63481995e+02, 2.42505997e+02, 1.59942993e+02, 5.13680992e+01,
    1.76417999e+02, 7.37723999e+01, 1.51699005e+02, 1.07810997e+02,
    1.51725998e+02, 1.38783997e+02, 1.71451996e+02, 1.04964996e+02,
    1.64899002e+02, 8.53313980e+01, 1.65964005e+02, 7.26093979e+01,
    2.01871002e+02, 9.60695038e+01, 1.86352005e+02, 1.25002998e+02,
    2.00192001e+02, 9.90217972e+01, 2.11804993e+02, 1.01036003e+02,
    1.98272995e+02, 2.56040009e+02, 1.99162003e+02, 2.31167007e+02,
    1.85358994e+02, 1.98755997e+02, 2.00425003e+02, 2.30656006e+02,
    2.11373001e+02, 2.28684006e+02, 1.95789001e+02, 1.39281006e+02,
    2.04233002e+02, 1.30341003e+02, 2.44960999e+02, 1.20406998e+02,
    2.60855011e+02, 1.28850998e+02, 2.73272003e+02, 1.53684998e+02,
    2.80721985e+02, 1.85968994e+02, 2.73272003e+02, 1.95406006e+02,
    2.59860992e+02, 1.81996002e+02, 2.44960999e+02, 1.80009003e+02,
    2.03735992e+02, 1.37294006e+02, 2.71285004e+02, 1.69082001e+02,
    2.71782013e+02, 1.10473000e+02, 3.18470001e+02, 1.29835999e+02,
    3.02596008e+02, 1.49065002e+02, 2.96368011e+02, 1.57658005e+02,
    2.99596008e+02, 1.71567001e+02, 2.95283997e+02, 1.95257004e+02,
    3.04312988e+02, 2.16266998e+02, 3.18470001e+02, 2.01270996e+02,
    3.42395996e+02, 1.85362000e+02, 3.54575989e+02, 1.61134995e+02,
    3.61681000e+02, 1.47500000e+02, 3.56671997e+02, 1.30453003e+02,
    3.43919006e+02, 1.42093002e+02, 3.34527008e+02, 1.61632004e+02,
    3.39329987e+02, 1.95690994e+02, 3.32273987e+02, 1.91203995e+02,
    3.11601013e+02, 1.58651993e+02, 3.11019012e+02, 1.44188995e+02,
    3.11459015e+02, 1.61813004e+02, 3.24591003e+02, 1.50705002e+02,
    2.57873993e+02 ]
noOfLandmarkPoint: 68
