%YAML:1.0
landmark: [ 5.45400009e+01, 2.62891998e+02, 5.49980011e+01,
    3.02363007e+02, 5.74730988e+01, 3.41751007e+02, 6.32571983e+01,
    3.80773987e+02, 7.83517990e+01, 4.17036987e+02, 9.94662018e+01,
    4.50367004e+02, 1.29266006e+02, 4.75838989e+02, 1.66072006e+02,
    4.88822998e+02, 2.05356995e+02, 4.86015015e+02, 2.41695999e+02,
    4.73566986e+02, 2.67449005e+02, 4.44738007e+02, 2.84848999e+02,
    4.09364990e+02, 3.00480988e+02, 3.73117004e+02, 3.15670013e+02,
    3.36694000e+02, 3.25265015e+02, 2.98420990e+02, 3.15756989e+02,
    2.70898987e+02, 2.76618988e+02, 2.50738007e+02, 2.38059998e+02,
    2.47261993e+02, 2.30186005e+02, 2.55386002e+02, 2.43903000e+02,
    2.62036987e+02, 2.70009003e+02, 2.62614014e+02, 7.85599976e+01,
    2.39873001e+02, 1.18292000e+02, 2.24666000e+02, 1.59223999e+02,
    2.29832001e+02, 1.81145004e+02, 2.52382996e+02, 1.48376999e+02,
    2.42744003e+02, 1.12607002e+02, 2.36720001e+02, 1.04998001e+02,
    2.68453003e+02, 1.30341003e+02, 2.55449997e+02, 1.58179993e+02,
    2.74852997e+02, 1.29432007e+02, 2.77501007e+02, 1.30102997e+02,
    2.68897003e+02, 2.84029999e+02, 2.91246002e+02, 2.61306000e+02,
    2.71753998e+02, 2.31559998e+02, 2.84369995e+02, 2.59096985e+02,
    2.93839996e+02, 2.57709015e+02, 2.85411011e+02, 1.78143005e+02,
    2.82908997e+02, 1.67134003e+02, 3.25944000e+02, 1.52121002e+02,
    3.43459015e+02, 1.58126007e+02, 3.59471985e+02, 1.85149002e+02,
    3.74984985e+02, 2.18677002e+02, 3.66977997e+02, 2.23681000e+02,
    3.51966003e+02, 2.16175003e+02, 3.28446014e+02, 2.16175003e+02,
    2.85411011e+02, 1.69970993e+02, 3.61746002e+02, 2.04164993e+02,
    3.65977997e+02, 1.34106003e+02, 3.93501007e+02, 1.49764999e+02,
    3.87125000e+02, 1.68401001e+02, 3.88709991e+02, 1.80145004e+02,
    3.91998993e+02, 2.02731995e+02, 3.91128998e+02, 2.21406998e+02,
    3.95204987e+02, 2.29184998e+02, 4.05010010e+02, 2.26429993e+02,
    4.14661987e+02, 2.10175003e+02, 4.22612000e+02, 1.76641998e+02,
    4.26528015e+02, 1.61865005e+02, 4.22260986e+02, 1.43832993e+02,
    4.13497009e+02, 1.54804001e+02, 4.04429993e+02, 1.80455002e+02,
    4.11761993e+02, 2.09679001e+02, 4.08979004e+02, 2.08386002e+02,
    3.98839996e+02, 1.80145004e+02, 3.98505005e+02, 1.58552994e+02,
    3.94437012e+02, 1.81610992e+02, 4.01536987e+02, 1.86649994e+02,
    3.48463013e+02 ]
noOfLandmarkPoint: 68
