%YAML:1.0
landmark: [ 2.95429993e+01, 2.58390991e+02, 2.93864994e+01,
    3.00020996e+02, 3.24678001e+01, 3.41510010e+02, 4.15428009e+01,
    3.82102997e+02, 5.77634010e+01, 4.20342987e+02, 8.17156982e+01,
    4.54346008e+02, 1.11543999e+02, 4.83196991e+02, 1.49203003e+02,
    5.00157990e+02, 1.90617996e+02, 5.01286011e+02, 2.30044998e+02,
    4.88515015e+02, 2.61776001e+02, 4.62072998e+02, 2.81394012e+02,
    4.25591003e+02, 2.96945007e+02, 3.86971985e+02, 3.12061005e+02,
    3.48184998e+02, 3.22723999e+02, 3.07972992e+02, 3.17873993e+02,
    2.69170013e+02, 3.02244995e+02, 2.43300995e+02, 2.58052002e+02,
    2.42223007e+02, 2.39727997e+02, 2.57312988e+02, 2.60747009e+02,
    2.58929993e+02, 2.96855011e+02, 2.54617996e+02, 8.12807999e+01,
    2.40067001e+02, 1.16311996e+02, 2.16354004e+02, 1.63738007e+02,
    2.25516006e+02, 1.78289001e+02, 2.44917999e+02, 1.51343002e+02,
    2.38988998e+02, 1.15773003e+02, 2.29287994e+02, 1.12773003e+02,
    2.62548004e+02, 1.42951004e+02, 2.57528015e+02, 1.66591995e+02,
    2.77962006e+02, 1.38723007e+02, 2.82688995e+02, 1.33018997e+02,
    2.70247986e+02, 2.86951996e+02, 2.92968994e+02, 2.64440002e+02,
    2.80468994e+02, 2.36494003e+02, 2.90187988e+02, 2.63403015e+02,
    3.02576996e+02, 2.58591003e+02, 2.90726990e+02, 1.84757004e+02,
    2.88032013e+02, 1.78289001e+02, 3.38691986e+02, 1.62121002e+02,
    3.61867004e+02, 1.70205002e+02, 3.80729004e+02, 2.04158005e+02,
    3.86118988e+02, 2.27332993e+02, 3.88274994e+02, 2.38649994e+02,
    3.73722992e+02, 2.30026993e+02, 3.43542999e+02, 2.26255005e+02,
    2.96115997e+02, 1.85834000e+02, 3.75339996e+02, 2.19787003e+02,
    3.79652008e+02, 1.34097000e+02, 4.23304993e+02, 1.67427002e+02,
    4.17785004e+02, 1.80983994e+02, 4.15760010e+02, 1.92302002e+02,
    4.21149994e+02, 2.07931000e+02, 4.18993988e+02, 2.20041000e+02,
    4.26260986e+02, 2.31104996e+02, 4.34622986e+02, 2.20723999e+02,
    4.42196991e+02, 2.03962006e+02, 4.44223999e+02, 1.87451004e+02,
    4.42707001e+02, 1.75578995e+02, 4.41291992e+02, 1.57800003e+02,
    4.35300995e+02, 1.72307007e+02, 4.31183990e+02, 1.89518005e+02,
    4.34842987e+02, 2.06089996e+02, 4.35533997e+02, 2.07606003e+02,
    4.29136993e+02, 1.91561996e+02, 4.26507996e+02, 1.72869995e+02,
    4.24664001e+02, 1.90335007e+02, 4.29583008e+02, 2.11164001e+02,
    3.68334015e+02 ]
noOfLandmarkPoint: 68
