%YAML:1.0
landmark: [ 8.30683975e+01, 2.74148987e+02, 9.01035004e+01,
    3.06252991e+02, 1.01296997e+02, 3.37160004e+02, 1.13365997e+02,
    3.67735992e+02, 1.31313995e+02, 3.95117004e+02, 1.56451996e+02,
    4.16199005e+02, 1.85931000e+02, 4.30432007e+02, 2.18500000e+02,
    4.33527008e+02, 2.50576004e+02, 4.26684998e+02, 2.79341003e+02,
    4.11095001e+02, 3.03229004e+02, 3.88635010e+02, 3.15658997e+02,
    3.58483002e+02, 3.22441010e+02, 3.26317993e+02, 3.26266998e+02,
    2.93667999e+02, 3.29625000e+02, 2.60959015e+02, 3.13898987e+02,
    2.31535004e+02, 2.85489014e+02, 2.15807999e+02, 2.48485001e+02,
    2.27442993e+02, 2.39830002e+02, 2.34578995e+02, 2.60122986e+02,
    2.34070999e+02, 2.86502991e+02, 2.26462006e+02, 1.09956001e+02,
    2.47768997e+02, 1.35688004e+02, 2.26244995e+02, 1.66139008e+02,
    2.29339996e+02, 1.90619995e+02, 2.40666000e+02, 1.64746994e+02,
    2.40666000e+02, 1.37858994e+02, 2.36100998e+02, 1.37761002e+02,
    2.66608002e+02, 1.52570999e+02, 2.57407990e+02, 1.75582001e+02,
    2.65553009e+02, 1.56320999e+02, 2.72848999e+02, 1.51557007e+02,
    2.65524994e+02, 2.85744995e+02, 2.56329010e+02, 2.69681000e+02,
    2.49417999e+02, 2.51173004e+02, 2.61127991e+02, 2.71971008e+02,
    2.64816010e+02, 2.67733002e+02, 2.55886002e+02, 1.94171005e+02,
    2.70091003e+02, 1.92649002e+02, 3.07632996e+02, 1.85546997e+02,
    3.20316010e+02, 1.91634995e+02, 3.35535004e+02, 2.17507996e+02,
    3.39593994e+02, 2.40845001e+02, 3.34013000e+02, 2.45410995e+02,
    3.18286011e+02, 2.38815002e+02, 3.04588989e+02, 2.30697998e+02,
    2.66032013e+02, 2.06854004e+02, 3.33506012e+02, 2.28669006e+02,
    3.32490997e+02, 1.84024994e+02, 3.78657013e+02, 1.94358994e+02,
    3.69743011e+02, 2.09298996e+02, 3.65411011e+02, 2.19029999e+02,
    3.65973999e+02, 2.29169006e+02, 3.64514008e+02, 2.39477997e+02,
    3.66007996e+02, 2.47947006e+02, 3.72569000e+02, 2.45453995e+02,
    3.77959991e+02, 2.35742996e+02, 3.82143005e+02, 2.19608002e+02,
    3.85281006e+02, 2.03492996e+02, 3.84321014e+02, 1.91371002e+02,
    3.83188995e+02, 2.00440002e+02, 3.77975006e+02, 2.18710999e+02,
    3.76914001e+02, 2.34847000e+02, 3.75428986e+02, 2.34845993e+02,
    3.72432007e+02, 2.18561996e+02, 3.72881012e+02, 2.03173996e+02,
    3.74225006e+02, 2.18860992e+02, 3.74523987e+02, 2.17001007e+02,
    3.22345001e+02 ]
noOfLandmarkPoint: 68
