%YAML:1.0
landmark: [ 4.47006989e+01, 2.37567001e+02, 4.99833984e+01,
    2.71815002e+02, 5.73347015e+01, 3.05665009e+02, 6.91896973e+01,
    3.38182007e+02, 8.68594971e+01, 3.67940002e+02, 1.08987000e+02,
    3.94548004e+02, 1.38005997e+02, 4.13175995e+02, 1.71300995e+02,
    4.20682007e+02, 2.04854004e+02, 4.12536987e+02, 2.33419006e+02,
    3.93252014e+02, 2.55636993e+02, 3.66765991e+02, 2.70136993e+02,
    3.35438995e+02, 2.76998993e+02, 3.01493011e+02, 2.82209991e+02,
    2.67234009e+02, 2.85354004e+02, 2.32744003e+02, 2.63378998e+02,
    2.09697006e+02, 2.52123993e+02, 2.01121002e+02, 2.18893005e+02,
    1.98977005e+02, 2.01742004e+02, 2.10768997e+02, 2.17820999e+02,
    2.10768997e+02, 2.42475998e+02, 2.07016998e+02, 6.77477036e+01,
    2.16664001e+02, 8.43629990e+01, 2.01121002e+02, 1.20273003e+02,
    2.00048996e+02, 1.37960999e+02, 2.13983994e+02, 1.20273003e+02,
    2.10768997e+02, 9.29385986e+01, 2.10233002e+02, 8.65068970e+01,
    2.34888000e+02, 1.09779999e+02, 2.21617004e+02, 1.30992996e+02,
    2.34352005e+02, 1.11527000e+02, 2.39929993e+02, 1.08482002e+02,
    2.30063995e+02, 2.44084000e+02, 2.32207993e+02, 2.21860001e+02,
    2.18141006e+02, 2.00669998e+02, 2.32207993e+02, 2.23434006e+02,
    2.37300995e+02, 2.21037003e+02, 2.25776001e+02, 1.44927994e+02,
    2.38102997e+02, 1.41712006e+02, 2.87412994e+02, 1.35281006e+02,
    3.04563995e+02, 1.40639999e+02, 3.19571991e+02, 1.66903000e+02,
    3.20108002e+02, 1.94238007e+02, 3.16891998e+02, 1.99061996e+02,
    3.02420990e+02, 1.93166000e+02, 2.83661011e+02, 1.89414001e+02,
    2.38102997e+02, 1.50824005e+02, 3.14747986e+02, 1.82447006e+02,
    3.13675995e+02, 1.26705002e+02, 3.57626007e+02, 1.42546005e+02,
    3.47457001e+02, 1.57839005e+02, 3.41556000e+02, 1.67975006e+02,
    3.45834991e+02, 1.79973999e+02, 3.40067993e+02, 1.97356003e+02,
    3.45270996e+02, 2.11389008e+02, 3.51730011e+02, 1.96856003e+02,
    3.63661011e+02, 1.80128998e+02, 3.69789001e+02, 1.65884995e+02,
    3.71941986e+02, 1.50483002e+02, 3.70119995e+02, 1.35410995e+02,
    3.65483002e+02, 1.50459000e+02, 3.59359985e+02, 1.66352997e+02,
    3.58677002e+02, 1.87306000e+02, 3.56497986e+02, 1.86945999e+02,
    3.52838013e+02, 1.66908005e+02, 3.54216003e+02, 1.54487000e+02,
    3.54739990e+02, 1.66779999e+02, 3.55036987e+02, 1.64759003e+02,
    3.00277008e+02 ]
noOfLandmarkPoint: 68
