%YAML:1.0
landmark: [ 6.55395966e+01, 1.92653000e+02, 7.02240982e+01,
    2.28401993e+02, 7.73595963e+01, 2.63737000e+02, 8.79410019e+01,
    2.98183014e+02, 1.02290001e+02, 3.31255005e+02, 1.19306000e+02,
    3.62980011e+02, 1.45917999e+02, 3.86843994e+02, 1.80326004e+02,
    3.96957001e+02, 2.15975006e+02, 3.94765015e+02, 2.44457001e+02,
    3.73441986e+02, 2.61622986e+02, 3.41819000e+02, 2.76203003e+02,
    3.08868011e+02, 2.84640015e+02, 2.73832001e+02, 2.93450012e+02,
    2.38867996e+02, 3.01550995e+02, 2.03733002e+02, 2.99334991e+02,
    1.73815994e+02, 2.87147003e+02, 1.53871994e+02, 2.54695999e+02,
    1.58656006e+02, 2.27867004e+02, 1.73261993e+02, 2.56799988e+02,
    1.71867004e+02, 2.85484009e+02, 1.67722000e+02, 1.04320999e+02,
    1.59412003e+02, 1.38839005e+02, 1.38744003e+02, 1.74681000e+02,
    1.48332001e+02, 1.99057999e+02, 1.71046005e+02, 1.66649994e+02,
    1.62684998e+02, 1.37490005e+02, 1.52774002e+02, 1.30516998e+02,
    1.89095001e+02, 1.51895996e+02, 1.76919006e+02, 1.77451004e+02,
    1.94869003e+02, 1.50667007e+02, 1.97796005e+02, 1.48641998e+02,
    1.85451004e+02, 2.80187988e+02, 2.01440994e+02, 2.61717987e+02,
    1.86746994e+02, 2.40690002e+02, 1.98158997e+02, 2.61727997e+02,
    2.06462997e+02, 2.61108002e+02, 1.93761002e+02, 1.92964005e+02,
    1.97639008e+02, 1.86869003e+02, 2.39744003e+02, 1.77451004e+02,
    2.56919006e+02, 1.92410004e+02, 2.73539001e+02, 2.11800003e+02,
    2.74093994e+02, 2.27867004e+02, 2.76864014e+02, 2.42270996e+02,
    2.61351013e+02, 2.35623001e+02, 2.48054993e+02, 2.31190994e+02,
    2.00408997e+02, 1.95447006e+02, 2.64746002e+02, 2.28225998e+02,
    2.67201996e+02, 1.59169006e+02, 3.11213013e+02, 1.76468994e+02,
    3.04471008e+02, 1.93037003e+02, 2.99903015e+02, 2.02382004e+02,
    3.06781006e+02, 2.12375000e+02, 3.01131989e+02, 2.25373993e+02,
    3.07303009e+02, 2.38947006e+02, 3.16752991e+02, 2.30796997e+02,
    3.28869995e+02, 2.15985001e+02, 3.37790985e+02, 1.97949997e+02,
    3.40022003e+02, 1.82244995e+02, 3.35566986e+02, 1.67119995e+02,
    3.24976990e+02, 1.82828995e+02, 3.17378998e+02, 2.00720001e+02,
    3.21739014e+02, 2.19585999e+02, 3.19588989e+02, 2.19216003e+02,
    3.13289001e+02, 2.00720001e+02, 3.12875000e+02, 1.84509995e+02,
    3.11147003e+02, 2.01330002e+02, 3.16313995e+02, 2.17339996e+02,
    2.55257004e+02 ]
noOfLandmarkPoint: 68
