%YAML:1.0
landmark: [ 6.95690994e+01, 2.67580994e+02, 7.54529037e+01,
    3.05122009e+02, 8.41969986e+01, 3.34821014e+02, 9.58326035e+01,
    3.64460999e+02, 1.16163002e+02, 3.90990997e+02, 1.39098999e+02,
    4.15700989e+02, 1.60882004e+02, 4.26264008e+02, 2.02572006e+02,
    4.34899994e+02, 2.36153000e+02, 4.32654999e+02, 2.66946991e+02,
    4.19579010e+02, 2.91210999e+02, 3.96429993e+02, 3.08783997e+02,
    3.67657990e+02, 3.16386993e+02, 3.50410004e+02, 3.24477997e+02,
    3.11243011e+02, 3.31727997e+02, 2.69921997e+02, 2.99425995e+02,
    2.48386993e+02, 2.75550995e+02, 2.29662003e+02, 2.34354004e+02,
    2.32470001e+02, 2.18906006e+02, 2.48854996e+02, 2.37630997e+02,
    2.43238007e+02, 2.70868988e+02, 2.38087997e+02, 9.11035995e+01,
    2.46046005e+02, 1.16383003e+02, 2.27320999e+02, 1.53834000e+02,
    2.30130005e+02, 1.69751007e+02, 2.44173996e+02, 1.50557007e+02,
    2.39492996e+02, 1.20596001e+02, 2.34811005e+02, 1.14978996e+02,
    2.66177002e+02, 1.38854004e+02, 2.53069000e+02, 1.64358994e+02,
    2.67575989e+02, 1.39322006e+02, 2.79283997e+02, 1.36981003e+02,
    2.64303986e+02, 2.79720001e+02, 2.69802002e+02, 2.52612000e+02,
    2.55876999e+02, 2.26863998e+02, 2.69453003e+02, 2.52143997e+02,
    2.81157013e+02, 2.50738998e+02, 2.65239990e+02, 1.71156006e+02,
    2.69921997e+02, 1.72091995e+02, 2.98946014e+02, 1.65537994e+02,
    3.15330994e+02, 1.71156006e+02, 3.26566986e+02, 1.93626007e+02,
    3.26097992e+02, 2.17970001e+02, 3.27502991e+02, 2.25460007e+02,
    3.16735992e+02, 2.17501007e+02, 3.01286987e+02, 2.12820007e+02,
    2.70858002e+02, 1.79582001e+02, 3.22352997e+02, 2.08139008e+02,
    3.21885010e+02, 1.58048004e+02, 3.72444000e+02, 1.68841003e+02,
    3.62458008e+02, 1.81070999e+02, 3.57993988e+02, 1.91166000e+02,
    3.58575989e+02, 2.02037003e+02, 3.56441010e+02, 2.17317001e+02,
    3.62765015e+02, 2.29205002e+02, 3.73381012e+02, 2.19494995e+02,
    3.76382996e+02, 2.06811996e+02, 3.80477997e+02, 1.93494995e+02,
    3.82065002e+02, 1.78397995e+02, 3.81006989e+02, 1.68031006e+02,
    3.76278015e+02, 1.73531998e+02, 3.66213013e+02, 1.92330002e+02,
    3.69446991e+02, 2.07115997e+02, 3.67237000e+02, 2.07938995e+02,
    3.65617004e+02, 1.91942001e+02, 3.65369995e+02, 1.73095001e+02,
    3.65156006e+02, 1.91942001e+02, 3.67894012e+02, 1.94093994e+02,
    3.12990997e+02 ]
noOfLandmarkPoint: 68
