%YAML:1.0
landmark: [ 5.57484016e+01, 2.86438995e+02, 6.12559013e+01,
    3.36766998e+02, 7.09471970e+01, 3.86457001e+02, 8.27583008e+01,
    4.35628998e+02, 1.01015999e+02, 4.82834991e+02, 1.28016998e+02,
    5.25241028e+02, 1.72764008e+02, 5.48604004e+02, 2.22419998e+02,
    5.54367004e+02, 2.72518005e+02, 5.47187988e+02, 3.16028015e+02,
    5.23023987e+02, 3.42862000e+02, 4.80477997e+02, 3.54359009e+02,
    4.31251007e+02, 3.62572998e+02, 3.81286011e+02, 3.69787994e+02,
    3.31170990e+02, 3.76631989e+02, 281., 3.52157990e+02, 2.61058014e+02,
    3.23152008e+02, 2.18455002e+02, 2.63165985e+02, 2.28117996e+02,
    2.35225998e+02, 2.55619003e+02, 2.69578003e+02, 2.49667007e+02,
    3.13181000e+02, 2.42022995e+02, 7.65968018e+01, 2.76467987e+02,
    1.05602997e+02, 2.23893997e+02, 1.57326004e+02, 2.28848007e+02,
    1.88089996e+02, 2.50181000e+02, 1.43526001e+02, 2.50518997e+02,
    1.06510002e+02, 2.50181000e+02, 1.17613998e+02, 2.82955994e+02,
    1.41397995e+02, 2.68079987e+02, 1.77408005e+02, 2.81424988e+02,
    1.41904999e+02, 2.86230011e+02, 1.39141998e+02, 2.75561005e+02,
    3.19652008e+02, 2.79125000e+02, 2.95303009e+02, 2.65987000e+02,
    2.63713989e+02, 2.81502991e+02, 2.96868988e+02, 2.85910004e+02,
    2.93239014e+02, 2.72842010e+02, 1.98061005e+02, 2.86438995e+02,
    1.91802994e+02, 3.40584991e+02, 1.76306000e+02, 3.68925995e+02,
    1.89903000e+02, 3.85242004e+02, 2.23442001e+02, 3.94306000e+02,
    2.51542007e+02, 3.88868011e+02, 2.67858002e+02, 3.59860992e+02,
    2.51104004e+02, 3.36674988e+02, 2.43384003e+02, 2.84626007e+02,
    1.99582993e+02, 3.81097992e+02, 2.47220001e+02, 3.80105988e+02,
    1.52738998e+02, 4.31471008e+02, 1.82634995e+02, 4.24881989e+02,
    2.07268997e+02, 4.23121002e+02, 2.23475998e+02, 4.28239014e+02,
    2.41671997e+02, 4.20846985e+02, 2.60963989e+02, 4.24834015e+02,
    2.89613007e+02, 4.28752014e+02, 2.61927002e+02, 4.43234009e+02,
    2.43337997e+02, 4.54582001e+02, 2.20632004e+02, 4.62074005e+02,
    1.93862000e+02, 4.57458008e+02, 1.75022995e+02, 4.47319000e+02,
    1.96302002e+02, 4.38089996e+02, 2.23759995e+02, 4.40464996e+02,
    2.46287994e+02, 4.35834015e+02, 2.48688004e+02, 4.33003998e+02,
    2.24044006e+02, 4.37053009e+02, 1.98457001e+02, 4.34319000e+02,
    2.23759995e+02, 4.39042999e+02, 2.25255005e+02, 3.68019012e+02 ]
noOfLandmarkPoint: 68
