%YAML:1.0
landmark: [ 1.01382004e+02, 2.48311996e+02, 1.05403999e+02,
    2.83558014e+02, 1.14205002e+02, 3.17933014e+02, 1.24141998e+02,
    3.51954010e+02, 1.42432007e+02, 3.82307007e+02, 1.65634003e+02,
    4.09010986e+02, 1.95431000e+02, 4.28156006e+02, 2.29654999e+02,
    4.35181000e+02, 2.63024994e+02, 4.23729004e+02, 2.90299011e+02,
    4.01240997e+02, 3.11981995e+02, 3.73199005e+02, 3.28212006e+02,
    3.41713989e+02, 3.35467010e+02, 3.07063995e+02, 3.38223999e+02,
    2.71678986e+02, 3.40878998e+02, 2.36285004e+02, 3.26237000e+02,
    2.11707993e+02, 2.97998993e+02, 1.89222000e+02, 2.60321014e+02,
    1.94938004e+02, 2.45707001e+02, 2.08046997e+02, 2.64140991e+02,
    2.07845001e+02, 2.95907990e+02, 2.01772003e+02, 1.21776001e+02,
    2.16936996e+02, 1.50535995e+02, 1.97065994e+02, 1.86009995e+02,
    1.97438995e+02, 2.05442993e+02, 2.12231003e+02, 1.82856995e+02,
    2.09638000e+02, 1.53151001e+02, 2.07524994e+02, 1.36975998e+02,
    2.44307007e+02, 1.67421005e+02, 2.25341995e+02, 1.98654999e+02,
    2.40835007e+02, 1.68973007e+02, 2.50490997e+02, 1.68315994e+02,
    2.36807999e+02, 3.07483002e+02, 2.37434998e+02, 2.84536011e+02,
    2.21520996e+02, 2.55432999e+02, 2.40050003e+02, 2.85695007e+02,
    2.46160995e+02, 2.81789001e+02, 2.32625000e+02, 2.06488998e+02,
    2.39945007e+02, 2.00214005e+02, 2.73934998e+02, 1.90800995e+02,
    2.96942993e+02, 2.01781998e+02, 3.10539001e+02, 2.28451004e+02,
    3.08447998e+02, 2.51981995e+02, 3.07924988e+02, 2.65054993e+02,
    2.93282990e+02, 2.53028000e+02, 2.73934998e+02, 2.46753006e+02,
    2.39423004e+02, 2.10315002e+02, 3.02212006e+02, 2.45184998e+02,
    3.01127014e+02, 1.76158997e+02, 3.41391998e+02, 1.95625000e+02,
    3.33105011e+02, 2.15475998e+02, 3.26877014e+02, 2.28791000e+02,
    3.30501007e+02, 2.41505997e+02, 3.24947998e+02, 2.58441010e+02,
    3.30506012e+02, 2.77083008e+02, 3.37730988e+02, 2.68847992e+02,
    3.56876007e+02, 2.53074997e+02, 3.68565002e+02, 2.32020004e+02,
    3.73363007e+02, 2.11158997e+02, 3.70804993e+02, 1.91218994e+02,
    3.60145996e+02, 2.04229004e+02, 3.52243988e+02, 2.31065994e+02,
    3.56032990e+02, 2.50464005e+02, 3.50376007e+02, 2.47761002e+02,
    3.39295990e+02, 2.29496994e+02, 3.42959991e+02, 2.06373001e+02,
    3.41192993e+02, 2.30542999e+02, 3.48712006e+02, 2.28973999e+02,
    2.84915985e+02 ]
noOfLandmarkPoint: 68
