%YAML:1.0
landmark: [ 9.95888977e+01, 2.63990997e+02, 9.80870972e+01,
    3.05644012e+02, 1.00109001e+02, 3.47196991e+02, 1.08071999e+02,
    3.88101990e+02, 1.21690002e+02, 4.27390991e+02, 1.43487000e+02,
    4.62838013e+02, 1.73787003e+02, 4.91201996e+02, 2.11082001e+02,
    5.09449005e+02, 2.52149002e+02, 5.15820007e+02, 2.91052002e+02,
    5.03207001e+02, 3.17760986e+02, 4.71450989e+02, 3.39213989e+02,
    4.35723999e+02, 3.57502014e+02, 3.98321991e+02, 3.70898010e+02,
    3.58856995e+02, 3.83694000e+02, 3.19187988e+02, 3.69623993e+02,
    2.96459991e+02, 3.49059998e+02, 2.73730988e+02, 3.13919006e+02,
    2.74170013e+02, 2.89533997e+02, 2.88884003e+02, 3.19641998e+02,
    2.86936005e+02, 3.43648987e+02, 2.86718994e+02, 1.45046005e+02,
    2.55873001e+02, 1.79679993e+02, 2.42886002e+02, 2.18643005e+02,
    2.55332001e+02, 2.37042007e+02, 2.71566986e+02, 2.02630997e+02,
    2.62980988e+02, 1.70539001e+02, 2.60074005e+02, 1.67431000e+02,
    2.74104004e+02, 1.98123993e+02, 2.65407013e+02, 2.21348007e+02,
    2.87800995e+02, 1.92940002e+02, 2.87709991e+02, 1.91044006e+02,
    2.75895996e+02, 3.42026001e+02, 3.13777008e+02, 3.19822998e+02,
    2.95832001e+02, 2.92239014e+02, 3.01871002e+02, 3.18527008e+02,
    3.14097992e+02, 3.15509003e+02, 3.03494995e+02, 2.42453003e+02,
    2.94295013e+02, 2.33794998e+02, 3.37045990e+02, 2.19184006e+02,
    3.55445007e+02, 2.24054001e+02, 3.75467987e+02, 2.63558014e+02,
    3.93867004e+02, 2.84662994e+02, 3.86832001e+02, 2.91157013e+02,
    3.73303009e+02, 2.85746002e+02, 3.46246002e+02, 2.82498993e+02,
    3.00789001e+02, 2.41985001e+02, 3.78766998e+02, 2.78666992e+02,
    3.86816986e+02, 1.81843994e+02, 4.06313995e+02, 2.10843002e+02,
    4.11614990e+02, 2.32326996e+02, 4.17216003e+02, 2.48156998e+02,
    4.23772003e+02, 2.62065002e+02, 4.23300995e+02, 2.69845001e+02,
    4.22829987e+02, 2.86828003e+02, 4.23089996e+02, 2.72614014e+02,
    4.38277008e+02, 2.54807007e+02, 4.46194000e+02, 2.39669998e+02,
    4.47110992e+02, 2.15173996e+02, 4.38497009e+02, 1.99673996e+02,
    4.25665985e+02, 2.17981995e+02, 4.23772003e+02, 2.44384995e+02,
    4.33201996e+02, 2.60178986e+02, 4.32023010e+02, 2.64582001e+02,
    4.28187988e+02, 2.47449005e+02, 4.27544006e+02, 2.19720001e+02,
    4.18657013e+02, 2.46035004e+02, 4.30372986e+02, 2.69510986e+02,
    3.75467987e+02 ]
noOfLandmarkPoint: 68
