%YAML:1.0
landmark: [ 6.20223999e+01, 3.20066010e+02, 6.62188034e+01,
    3.60481995e+02, 7.35077972e+01, 4.00424011e+02, 9.08104019e+01,
    4.36945007e+02, 1.15657997e+02, 4.69088013e+02, 1.45311996e+02,
    4.96770996e+02, 1.81725998e+02, 5.13987976e+02, 2.21891998e+02,
    5.19250977e+02, 2.61308990e+02, 5.10390991e+02, 2.95826996e+02,
    4.89223999e+02, 3.24042999e+02, 4.60126007e+02, 3.46782013e+02,
    4.26544006e+02, 3.59895996e+02, 3.88156006e+02, 3.68915985e+02,
    3.48544006e+02, 3.75864990e+02, 3.08507996e+02, 3.46526001e+02,
    2.85391998e+02, 3.03127014e+02, 2.73834015e+02, 2.64460999e+02,
    2.83984985e+02, 2.41615005e+02, 3.00506989e+02, 2.70411011e+02,
    2.94424988e+02, 3.07427002e+02, 2.85661011e+02, 8.33600998e+01,
    2.84502991e+02, 1.20379997e+02, 2.74071014e+02, 1.46442993e+02,
    2.78944000e+02, 1.75182999e+02, 2.94261993e+02, 1.40352005e+02,
    2.90272003e+02, 1.12976997e+02, 2.88091003e+02, 1.11079002e+02,
    3.19601013e+02, 1.38264008e+02, 3.05661987e+02, 1.70598999e+02,
    3.22539001e+02, 1.38248001e+02, 3.30407990e+02, 1.41149994e+02,
    3.16510010e+02, 3.14480988e+02, 3.18438995e+02, 2.82610992e+02,
    3.04092010e+02, 2.51613998e+02, 3.24605988e+02, 2.83803009e+02,
    3.31053986e+02, 2.82511993e+02, 3.14731995e+02, 1.87382004e+02,
    3.31623993e+02, 1.81095993e+02, 3.72210999e+02, 1.71419998e+02,
    3.94790009e+02, 1.78408005e+02, 4.09842010e+02, 2.11386993e+02,
    4.19641998e+02, 2.41304993e+02, 4.10378998e+02, 2.49906006e+02,
    3.93177002e+02, 2.38078995e+02, 3.69523010e+02, 2.31835007e+02,
    3.32513000e+02, 1.87009003e+02, 4.07153992e+02, 2.29477997e+02,
    4.07153992e+02, 1.49151001e+02, 4.37424011e+02, 1.69380997e+02,
    4.40118011e+02, 1.90235001e+02, 4.42096985e+02, 2.09050003e+02,
    4.45321991e+02, 2.26253006e+02, 4.42634003e+02, 2.48406006e+02,
    4.40403992e+02, 2.77178009e+02, 4.38312988e+02, 2.55268005e+02,
    4.58121002e+02, 2.33089005e+02, 4.67761993e+02, 2.10369995e+02,
    4.71864014e+02, 1.81960999e+02, 4.66334991e+02, 1.64272003e+02,
    4.54337006e+02, 1.78339005e+02, 4.49523010e+02, 2.08576004e+02,
    4.55214996e+02, 2.37229996e+02, 4.50566010e+02, 2.36544998e+02,
    4.47079010e+02, 2.07774994e+02, 4.50470001e+02, 1.79692993e+02,
    4.46769989e+02, 2.08289993e+02, 4.52627014e+02, 2.10498001e+02,
    3.96526001e+02 ]
noOfLandmarkPoint: 68
