%YAML:1.0
landmark: [ 2.23395004e+01, 2.87227997e+02, 2.73257008e+01,
    3.30134003e+02, 3.69627991e+01, 3.72252014e+02, 5.15343018e+01,
    4.12842987e+02, 7.47491989e+01, 4.49221008e+02, 1.04769997e+02,
    4.80237000e+02, 1.40863998e+02, 5.03334991e+02, 1.82970993e+02,
    5.12489014e+02, 2.23990997e+02, 5.02170990e+02, 2.57747986e+02,
    4.75209991e+02, 2.85505005e+02, 4.42324005e+02, 3.06928986e+02,
    4.04834015e+02, 3.19428009e+02, 3.63596985e+02, 3.25856995e+02,
    3.20863007e+02, 3.33348999e+02, 2.78308014e+02, 3.22050995e+02,
    2.43223007e+02, 2.84388000e+02, 2.24447006e+02, 2.31927002e+02,
    2.23819000e+02, 2.00738998e+02, 2.37276001e+02, 2.33363998e+02,
    2.43832001e+02, 2.76390991e+02, 2.42712997e+02, 3.12595005e+01,
    2.45007004e+02, 7.11166992e+01, 2.20369995e+02, 1.06627998e+02,
    2.26464996e+02, 1.39488998e+02, 2.47384995e+02, 1.01074997e+02,
    2.44341003e+02, 6.63470993e+01, 2.42225998e+02, 6.46318970e+01,
    2.80209991e+02, 8.83473969e+01, 2.64631012e+02, 1.24139000e+02,
    2.81014008e+02, 9.31046982e+01, 2.90200989e+02, 9.36994019e+01,
    2.74739990e+02, 2.79303986e+02, 2.77437988e+02, 2.48906998e+02,
    2.61657013e+02, 2.21330002e+02, 2.80509003e+02, 2.50100998e+02,
    2.86514008e+02, 2.47718002e+02, 2.73550995e+02, 1.43651001e+02,
    2.87227997e+02, 1.34731003e+02, 3.34800995e+02, 1.22837997e+02,
    3.56803986e+02, 1.35326004e+02, 3.81184998e+02, 1.70410995e+02,
    3.87726013e+02, 2.06686005e+02, 3.78212006e+02, 2.19173996e+02,
    3.54424988e+02, 2.03117996e+02, 3.33016998e+02, 1.95981995e+02,
    2.87822998e+02, 1.47218994e+02, 3.74644012e+02, 1.90630005e+02,
    3.74049011e+02, 1.15107002e+02, 4.15675995e+02, 1.37789993e+02,
    4.07431000e+02, 1.59862000e+02, 4.03421997e+02, 1.75169006e+02,
    4.07945007e+02, 1.92660995e+02, 4.02381012e+02, 2.14845001e+02,
    4.03717010e+02, 2.43554993e+02, 4.10324005e+02, 2.16274994e+02,
    4.36730011e+02, 1.95313995e+02, 4.45231995e+02, 1.73384995e+02,
    4.49571991e+02, 1.50434006e+02, 4.45036011e+02, 1.34414001e+02,
    4.35282013e+02, 1.48802002e+02, 4.24356995e+02, 1.74195007e+02,
    4.26188995e+02, 2.06397003e+02, 4.20937012e+02, 2.06154007e+02,
    4.15157990e+02, 1.73067001e+02, 4.20503998e+02, 1.50957993e+02,
    4.18626007e+02, 1.74192001e+02, 4.24432007e+02, 1.65654007e+02,
    3.54424988e+02 ]
noOfLandmarkPoint: 68
