%YAML:1.0
landmark: [ 6.27097015e+01, 2.11289993e+02, 6.87114029e+01,
    2.54882996e+02, 7.68989029e+01, 2.98113007e+02, 8.64750977e+01,
    3.41052002e+02, 1.04696999e+02, 3.80795013e+02, 1.38414001e+02,
    4.08657990e+02, 1.79154007e+02, 4.24940002e+02, 2.22419006e+02,
    4.32266998e+02, 2.65321014e+02, 4.23848999e+02, 3.03332001e+02,
    4.01937988e+02, 3.29623993e+02, 3.67415985e+02, 3.42434998e+02,
    3.25351990e+02, 3.50941986e+02, 2.82225006e+02, 3.51765015e+02,
    2.38270996e+02, 349., 1.94354996e+02, 3.19161011e+02, 1.76613007e+02,
    3.00613007e+02, 1.52419006e+02, 2.58949005e+02, 1.50085999e+02,
    2.27225998e+02, 1.65322998e+02, 2.65644012e+02, 1.62544006e+02,
    2.96580994e+02, 1.65322998e+02, 8.69031982e+01, 1.93548004e+02,
    9.85304031e+01, 1.65052002e+02, 1.35466003e+02, 1.57326004e+02,
    1.74806000e+02, 1.73386993e+02, 1.38516006e+02, 1.70160995e+02,
    1.08677002e+02, 1.74194000e+02, 1.15099998e+02, 2.14585007e+02,
    1.40013000e+02, 1.92001999e+02, 1.68802002e+02, 2.08022995e+02,
    1.41822998e+02, 2.21707993e+02, 1.43354996e+02, 2.07257996e+02,
    3.11730011e+02, 1.97033997e+02, 2.68794006e+02, 1.79266998e+02,
    2.34975006e+02, 2.01677994e+02, 2.72544006e+02, 2.10136993e+02,
    2.66742004e+02, 1.94354996e+02, 1.83677002e+02, 2.10483994e+02,
    1.86326004e+02, 2.47893005e+02, 1.77522003e+02, 2.86773987e+02,
    1.90727005e+02, 2.93743011e+02, 2.13516006e+02, 2.92742004e+02,
    2.39878998e+02, 2.88608002e+02, 2.45748001e+02, 2.74303009e+02,
    2.30341995e+02, 2.41656998e+02, 2.26419006e+02, 2.06451996e+02,
    1.94395004e+02, 2.84207001e+02, 2.29608994e+02, 2.81639008e+02,
    1.61097000e+02, 3.47580994e+02, 1.81643997e+02, 3.34635010e+02,
    2.04460007e+02, 3.25609009e+02, 2.19160995e+02, 3.29838989e+02,
    2.29709000e+02, 3.23527008e+02, 2.48468994e+02, 3.27177002e+02,
    2.74806000e+02, 3.34677002e+02, 2.56610992e+02, 3.50518005e+02,
    2.40453003e+02, 3.57028015e+02, 2.23194000e+02, 3.59677002e+02,
    1.96091003e+02, 3.59781006e+02, 1.78110001e+02, 3.54471008e+02,
    1.89294998e+02, 3.43161987e+02, 2.21906006e+02, 3.43261993e+02,
    2.44589005e+02, 3.39002991e+02, 2.43031998e+02, 3.37493011e+02,
    2.21171997e+02, 3.39960999e+02, 1.90151001e+02, 3.41101013e+02,
    2.20255005e+02, 3.41996002e+02, 2.08718994e+02, 2.66402008e+02 ]
noOfLandmarkPoint: 68
