%YAML:1.0
landmark: [ 5.23126984e+01, 2.37686005e+02, 5.24073982e+01,
    2.67101990e+02, 5.64197006e+01, 2.96221985e+02, 6.44779968e+01,
    3.24500000e+02, 7.61583023e+01, 3.51481995e+02, 9.25110016e+01,
    3.75904999e+02, 1.12209000e+02, 3.97596008e+02, 1.38886993e+02,
    4.09445007e+02, 1.68095001e+02, 4.09708008e+02, 1.94531006e+02,
    3.96994995e+02, 2.17492004e+02, 3.78765015e+02, 2.38098007e+02,
    3.57768005e+02, 2.53270004e+02, 3.32760010e+02, 2.62575012e+02,
    3.04850006e+02, 2.71100006e+02, 2.76687012e+02, 2.54453003e+02,
    2.57187012e+02, 2.35427994e+02, 2.37210999e+02, 2.01485992e+02,
    2.38149002e+02, 1.85487000e+02, 2.48626007e+02, 1.98481995e+02,
    2.47434006e+02, 2.32574005e+02, 2.49100998e+02, 7.32400970e+01,
    2.26746994e+02, 8.89356995e+01, 2.08673004e+02, 1.25507004e+02,
    2.19363007e+02, 1.38876007e+02, 2.33406006e+02, 1.17948997e+02,
    2.26746994e+02, 9.41676025e+01, 2.19136993e+02, 9.56747971e+01,
    2.38367996e+02, 1.14385002e+02, 2.32091003e+02, 1.31746994e+02,
    2.50516998e+02, 1.10524002e+02, 2.53052002e+02, 1.12240997e+02,
    2.39113007e+02, 2.30647003e+02, 2.68315002e+02, 2.13589996e+02,
    2.58230988e+02, 1.96561996e+02, 2.63903992e+02, 2.12477997e+02,
    2.72916992e+02, 2.12598007e+02, 2.62419006e+02, 1.41729996e+02,
    2.59565002e+02, 1.35546997e+02, 2.95237000e+02, 1.26510002e+02,
    3.12359009e+02, 1.28888000e+02, 3.29957001e+02, 1.48863998e+02,
    3.37566986e+02, 1.75024002e+02, 3.34238007e+02, 1.78352997e+02,
    3.21395996e+02, 1.76925995e+02, 2.99993011e+02, 1.77401993e+02,
    2.65272003e+02, 1.36973999e+02, 3.28529999e+02, 1.65511002e+02,
    3.30907990e+02, 1.09862999e+02, 3.53738007e+02, 1.20314003e+02,
    3.52329987e+02, 1.33755005e+02, 3.52889008e+02, 1.44108002e+02,
    3.57067993e+02, 1.57334000e+02, 3.56704010e+02, 1.70248993e+02,
    3.60662994e+02, 1.78352997e+02, 3.66105011e+02, 1.68436996e+02,
    3.79270996e+02, 1.51130005e+02, 3.83688995e+02, 1.40779007e+02,
    3.83226990e+02, 1.23919998e+02, 3.78023010e+02, 1.13009003e+02,
    3.68860992e+02, 1.26510002e+02, 3.63726990e+02, 1.42205994e+02,
    3.68958008e+02, 1.58852005e+02, 3.68483002e+02, 1.60729004e+02,
    3.66173004e+02, 1.42807007e+02, 3.64484009e+02, 1.29011993e+02,
    3.61123993e+02, 1.42815002e+02, 3.67605011e+02, 1.53145004e+02,
    3.19968994e+02 ]
noOfLandmarkPoint: 68
