%YAML:1.0
landmark: [ 7.21464996e+01, 1.81884003e+02, 7.28214035e+01,
    2.12490005e+02, 7.36689987e+01, 2.43091003e+02, 7.77810974e+01,
    2.73355988e+02, 9.03448029e+01, 3.01183014e+02, 1.08724998e+02,
    3.25562012e+02, 1.33740005e+02, 3.43006012e+02, 1.61919006e+02,
    3.54850006e+02, 1.92205994e+02, 3.56876007e+02, 2.17944000e+02,
    3.42092010e+02, 2.35830002e+02, 3.17421997e+02, 2.48138000e+02,
    2.89404999e+02, 2.55117004e+02, 2.59720001e+02, 2.62604004e+02,
    2.30050995e+02, 2.65005005e+02, 1.99561005e+02, 2.71532990e+02,
    1.69042007e+02, 2.62647003e+02, 1.58932007e+02, 2.47020996e+02,
    1.60149994e+02, 2.34358994e+02, 1.69718002e+02, 2.49216003e+02,
    1.71606995e+02, 2.64894989e+02, 1.70804001e+02, 1.18782997e+02,
    1.61606995e+02, 1.49987000e+02, 1.42987000e+02, 1.82912994e+02,
    1.50792999e+02, 2.05671005e+02, 1.69080994e+02, 1.76410995e+02,
    1.63347000e+02, 1.49994995e+02, 1.57296005e+02, 1.43906998e+02,
    1.82453995e+02, 1.61559006e+02, 1.75962006e+02, 1.77914993e+02,
    1.86572006e+02, 1.60735992e+02, 1.91729996e+02, 1.57307999e+02,
    1.81884003e+02, 2.57467010e+02, 1.92626007e+02, 2.48113998e+02,
    1.85584000e+02, 2.32059006e+02, 1.91526993e+02, 2.48158997e+02,
    1.98778000e+02, 2.45848999e+02, 1.89317993e+02, 1.97860992e+02,
    1.89994003e+02, 1.94697998e+02, 2.24757004e+02, 1.84945007e+02,
    2.40606003e+02, 1.93886002e+02, 2.51173004e+02, 2.17462006e+02,
    2.50147995e+02, 2.29647995e+02, 2.50360001e+02, 2.37369995e+02,
    2.39386993e+02, 2.32492996e+02, 2.21912003e+02, 2.25572006e+02,
    1.93373993e+02, 2.02826004e+02, 2.43858002e+02, 2.27210007e+02,
    2.45076996e+02, 1.70149994e+02, 2.85294006e+02, 1.85132004e+02,
    2.76174988e+02, 2.01957001e+02, 2.71825012e+02, 2.10285995e+02,
    2.75772003e+02, 2.15294998e+02, 2.72389008e+02, 2.23276993e+02,
    2.77294006e+02, 2.31654999e+02, 2.84618011e+02, 2.28134995e+02,
    2.97540009e+02, 2.16987000e+02, 3.06546997e+02, 2.04166000e+02,
    3.08500000e+02, 1.88776993e+02, 3.04306000e+02, 1.76057007e+02,
    2.95601013e+02, 1.86856995e+02, 2.91230988e+02, 2.07703003e+02,
    2.94250000e+02, 2.20307007e+02, 2.92983002e+02, 2.20264008e+02,
    2.84536987e+02, 2.08431000e+02, 2.84690002e+02, 1.88656998e+02,
    2.83074005e+02, 2.07839005e+02, 2.89263000e+02, 2.27600006e+02,
    2.35953995e+02 ]
noOfLandmarkPoint: 68
