%YAML:1.0
landmark: [ 6.58178024e+01, 2.82104004e+02, 6.87008972e+01,
    3.26097992e+02, 7.76772003e+01, 3.69367004e+02, 8.77509003e+01,
    4.12377014e+02, 1.02757004e+02, 4.53911987e+02, 1.29897003e+02,
    4.87657990e+02, 1.70947998e+02, 5.01856995e+02, 2.15035995e+02,
    5.01010986e+02, 2.56214996e+02, 4.85678986e+02, 2.94010986e+02,
    4.63112000e+02, 3.23412994e+02, 4.30316986e+02, 3.38131012e+02,
    3.88966003e+02, 3.44826996e+02, 3.45296997e+02, 3.47058014e+02,
    3.01186005e+02, 3.45016998e+02, 2.57048004e+02, 3.06153992e+02,
    2.53468002e+02, 2.74585999e+02, 2.21106995e+02, 2.32445999e+02,
    2.31412003e+02, 2.02348999e+02, 2.62161011e+02, 2.31457001e+02,
    2.50192001e+02, 2.70359009e+02, 2.39662003e+02, 7.70675964e+01,
    2.75455994e+02, 8.89673004e+01, 2.38584000e+02, 1.28602005e+02,
    2.42145996e+02, 1.64509003e+02, 2.65229004e+02, 1.30332001e+02,
    2.60243988e+02, 9.95992966e+01, 2.56666992e+02, 9.80330963e+01,
    2.83638000e+02, 1.17463997e+02, 2.68808990e+02, 1.50421005e+02,
    2.82019989e+02, 1.20021004e+02, 2.89263000e+02, 1.24623001e+02,
    2.76990997e+02, 2.75938995e+02, 2.69278015e+02, 2.52462006e+02,
    2.56536011e+02, 2.25912994e+02, 2.75298004e+02, 2.52723999e+02,
    2.80803009e+02, 2.50927994e+02, 2.65740997e+02, 1.63485992e+02,
    2.80570007e+02, 1.52237000e+02, 3.13808014e+02, 1.39964005e+02,
    3.39886993e+02, 1.48656998e+02, 3.58295990e+02, 1.79850006e+02,
    3.61875000e+02, 2.12065002e+02, 3.57273010e+02, 2.23315002e+02,
    3.36819000e+02, 2.07973999e+02, 3.12273987e+02, 2.04395004e+02,
    2.78013000e+02, 1.56839005e+02, 3.50625000e+02, 1.97746994e+02,
    3.48579987e+02, 1.34339005e+02, 4.20169006e+02, 1.56705002e+02,
    4.07806000e+02, 1.67716995e+02, 4.01648010e+02, 1.81384003e+02,
    4.06873993e+02, 1.92753006e+02, 3.99243011e+02, 2.15729004e+02,
    4.04966003e+02, 2.47860001e+02, 4.13010010e+02, 2.26106003e+02,
    4.22697998e+02, 2.09901001e+02, 4.30117004e+02, 1.84962997e+02,
    4.37554993e+02, 1.68473007e+02, 4.35477997e+02, 1.54416000e+02,
    4.30140991e+02, 1.69020996e+02, 4.17358002e+02, 1.82563004e+02,
    4.18132996e+02, 2.09526001e+02, 4.13437012e+02, 2.07367996e+02,
    4.10072998e+02, 1.82311005e+02, 4.11102997e+02, 1.69511993e+02,
    4.12877014e+02, 1.82311005e+02, 4.13363007e+02, 1.74735992e+02,
    3.39886993e+02 ]
noOfLandmarkPoint: 68
