%YAML:1.0
landmark: [ 6.29849014e+01, 2.45087997e+02, 5.97677994e+01,
    2.77197998e+02, 6.38409996e+01, 3.09250000e+02, 7.36874008e+01,
    3.39970001e+02, 9.10858002e+01, 3.67164001e+02, 1.10915001e+02,
    3.92648987e+02, 1.37259995e+02, 4.08701996e+02, 1.69306000e+02,
    4.12660004e+02, 2.00539001e+02, 4.05408997e+02, 2.30447998e+02,
    3.93131989e+02, 2.56001007e+02, 3.73526001e+02, 2.75665009e+02,
    3.48010986e+02, 2.85604004e+02, 3.17308990e+02, 2.92937012e+02,
    2.85812012e+02, 2.96321991e+02, 2.53664001e+02, 2.56382996e+02,
    2.28645004e+02, 2.25619003e+02, 2.15660995e+02, 1.92919006e+02,
    2.17869995e+02, 1.67121994e+02, 2.28645004e+02, 1.92764999e+02,
    2.28567001e+02, 2.24292999e+02, 2.25824997e+02, 6.53339005e+01,
    2.12985001e+02, 8.77474976e+01, 2.05938995e+02, 1.03753998e+02,
    2.09917007e+02, 1.27190002e+02, 2.27862000e+02, 9.88455963e+01,
    2.20352997e+02, 8.37704010e+01, 2.15660995e+02, 8.39714966e+01,
    2.42761993e+02, 9.87662964e+01, 2.37005005e+02, 1.20447998e+02,
    2.48802994e+02, 1.00561996e+02, 2.52337997e+02, 1.05265999e+02,
    2.42738998e+02, 2.28134995e+02, 2.55617996e+02, 2.06981003e+02,
    2.44190002e+02, 1.85848007e+02, 2.54990005e+02, 2.05274994e+02,
    2.62070007e+02, 2.07054993e+02, 2.52134003e+02, 1.30169006e+02,
    2.53222000e+02, 1.19102997e+02, 2.85076996e+02, 1.08516998e+02,
    3.07575012e+02, 1.12494003e+02, 3.20390015e+02, 1.31104996e+02,
    3.25734985e+02, 1.56682999e+02, 3.22600006e+02, 1.66404999e+02,
    3.09785004e+02, 1.61985992e+02, 2.88131989e+02, 1.64772995e+02,
    2.59181000e+02, 1.20447998e+02, 3.19065002e+02, 1.45636002e+02,
    3.19506989e+02, 1.06832001e+02, 3.50790985e+02, 1.14917999e+02,
    3.47933014e+02, 1.25539001e+02, 3.46066986e+02, 1.34509003e+02,
    3.49838013e+02, 1.48115997e+02, 3.46356995e+02, 1.65735001e+02,
    3.50959015e+02, 1.85848007e+02, 3.57067993e+02, 1.67378998e+02,
    3.67820007e+02, 1.53382996e+02, 3.72493988e+02, 1.39600998e+02,
    3.76234985e+02, 1.23116997e+02, 3.71897003e+02, 1.14390999e+02,
    3.63279999e+02, 1.22429001e+02, 3.58235992e+02, 1.37354004e+02,
    3.61864014e+02, 1.55378998e+02, 3.58957001e+02, 1.54692993e+02,
    3.57125000e+02, 1.35891998e+02, 3.57993988e+02, 1.22957001e+02,
    3.56257996e+02, 1.37029999e+02, 3.59074005e+02, 1.27959999e+02,
    3.07575012e+02 ]
noOfLandmarkPoint: 68
