%YAML:1.0
landmark: [ 3.68973999e+01, 3.09079010e+02, 4.43675003e+01,
    3.53901001e+02, 5.46390991e+01, 3.92184998e+02, 7.05131989e+01,
    4.27669006e+02, 1.01328003e+02, 4.67821014e+02, 1.37298004e+02,
    4.95571991e+02, 1.79731003e+02, 5.15713989e+02, 2.32056000e+02,
    5.19179016e+02, 3.00325989e+02, 5.00852997e+02, 3.39440002e+02,
    4.74358002e+02, 3.65253998e+02, 4.47582001e+02, 3.87997009e+02,
    3.95920990e+02, 3.97334015e+02, 3.53901001e+02, 4.00135986e+02,
    3.09079010e+02, 4.01070007e+02, 2.59588989e+02, 3.40373993e+02,
    2.24106003e+02, 2.96320007e+02, 2.11182999e+02, 2.52020004e+02,
    2.24492004e+02, 2.29255005e+02, 2.44649002e+02, 2.62048004e+02,
    2.38162994e+02, 2.97013000e+02, 2.25796997e+02, 6.39767990e+01,
    2.59588989e+02, 8.98849030e+01, 2.43421997e+02, 1.27901001e+02,
    2.46826996e+02, 1.50817993e+02, 2.66126007e+02, 1.18426003e+02,
    2.64229004e+02, 8.62403030e+01, 2.61579987e+02, 8.63014984e+01,
    2.98234985e+02, 1.09353996e+02, 2.82585999e+02, 1.44604004e+02,
    2.94766998e+02, 1.12337997e+02, 3.05079010e+02, 1.16267998e+02,
    2.92272003e+02, 3.09945007e+02, 2.67070007e+02, 2.69434998e+02,
    2.57273987e+02, 2.36847000e+02, 2.85656006e+02, 2.76631012e+02,
    2.82959991e+02, 2.76877014e+02, 2.68927002e+02, 1.65757996e+02,
    3.02542999e+02, 1.62957001e+02, 3.51098999e+02, 1.51751999e+02,
    3.74444000e+02, 1.61089005e+02, 3.92184998e+02, 2.00307999e+02,
    3.99656006e+02, 2.38593002e+02, 3.80980011e+02, 2.46996994e+02,
    3.53901001e+02, 2.30188995e+02, 3.38959991e+02, 2.25520004e+02,
    2.99742004e+02, 1.73227997e+02, 3.85648987e+02, 2.21785004e+02,
    3.80045990e+02, 1.52684998e+02, 4.24868011e+02, 1.67610992e+02,
    4.16544006e+02, 1.91934998e+02, 4.10183014e+02, 2.11093002e+02,
    4.14480011e+02, 2.30820007e+02, 4.02458008e+02, 2.59684998e+02,
    3.99037994e+02, 2.97420990e+02, 4.00588989e+02, 2.68838989e+02,
    4.30901001e+02, 2.43598999e+02, 4.44247986e+02, 2.18917999e+02,
    4.51222992e+02, 1.89576004e+02, 4.51640991e+02, 1.66673996e+02,
    4.42661987e+02, 1.79630997e+02, 4.37153015e+02, 2.15175995e+02,
    4.34893005e+02, 2.56619995e+02, 4.23181000e+02, 2.51811005e+02,
    4.11037994e+02, 2.12792999e+02, 4.22739014e+02, 1.80151001e+02,
    4.23819000e+02, 2.14509003e+02, 4.29408997e+02, 1.90035995e+02,
    3.72575989e+02 ]
noOfLandmarkPoint: 68
