%YAML:1.0
landmark: [ 7.55279999e+01, 2.82378998e+02, 8.22003021e+01,
    3.16376007e+02, 9.64161987e+01, 3.47949005e+02, 1.13461998e+02,
    3.78130005e+02, 1.33778000e+02, 4.06218994e+02, 1.58992004e+02,
    4.29778992e+02, 1.90106003e+02, 4.43593994e+02, 2.24574005e+02,
    4.41075989e+02, 2.55802994e+02, 4.26593994e+02, 2.81627014e+02,
    4.03569000e+02, 3.00394989e+02, 3.74539001e+02, 3.08494995e+02,
    3.40976990e+02, 3.12134003e+02, 3.06490997e+02, 3.14602997e+02,
    2.71903015e+02, 3.15424988e+02, 2.37235001e+02, 2.60306000e+02,
    2.18862000e+02, 2.23470993e+02, 2.11927994e+02, 1.96242004e+02,
    2.23990005e+02, 1.79466003e+02, 2.42483994e+02, 2.01811996e+02,
    2.31929001e+02, 2.24085999e+02, 2.17811996e+02, 7.02786026e+01,
    2.61381989e+02, 8.52807999e+01, 2.43684006e+02, 1.13318001e+02,
    2.46578003e+02, 1.28022003e+02, 2.56657013e+02, 1.07024002e+02,
    2.57182007e+02, 8.81266022e+01, 2.51932999e+02, 9.53722992e+01,
    2.80925995e+02, 1.11935997e+02, 2.70317993e+02, 1.39046005e+02,
    2.75554993e+02, 1.15476997e+02, 2.86078003e+02, 1.15947998e+02,
    2.73980011e+02, 2.40884003e+02, 2.48257996e+02, 2.12119995e+02,
    2.46205002e+02, 1.93007004e+02, 2.64341003e+02, 2.16367996e+02,
    2.61618988e+02, 2.17261002e+02, 2.50882996e+02, 1.47445007e+02,
    2.79755005e+02, 1.47339996e+02, 3.13493988e+02, 1.46395004e+02,
    3.31723999e+02, 1.51643997e+02, 3.43796997e+02, 1.74216995e+02,
    3.47997009e+02, 1.93113998e+02, 3.39072998e+02, 2.02563004e+02,
    3.18075012e+02, 1.88389999e+02, 3.06526001e+02, 1.76841003e+02,
    2.76605011e+02, 1.56893997e+02, 3.42221985e+02, 1.86815002e+02,
    3.35398010e+02, 1.54794006e+02, 3.74769012e+02, 1.64809998e+02,
    3.67885010e+02, 1.75815002e+02, 3.64097992e+02, 1.86289993e+02,
    3.65320007e+02, 1.97266998e+02, 3.58462006e+02, 2.14574997e+02,
    3.57432007e+02, 2.33535004e+02, 3.59019989e+02, 2.23889999e+02,
    3.74850006e+02, 2.11201004e+02, 3.87302002e+02, 1.96264008e+02,
    3.98390991e+02, 1.78567001e+02, 3.96255005e+02, 1.64690002e+02,
    3.89001007e+02, 1.73320007e+02, 3.82186005e+02, 1.91539993e+02,
    3.82118011e+02, 2.14710999e+02, 3.70854004e+02, 2.11975006e+02,
    3.63125000e+02, 1.88389999e+02, 3.71618988e+02, 1.71817001e+02,
    3.73424988e+02, 1.91014999e+02, 3.77393005e+02, 1.64768005e+02,
    3.34347992e+02 ]
noOfLandmarkPoint: 68
