%YAML:1.0
landmark: [ 8.12255020e+01, 3.06488007e+02, 8.83005981e+01,
    3.37914001e+02, 9.83531036e+01, 3.68636993e+02, 1.11360001e+02,
    3.98373993e+02, 1.31057007e+02, 4.24011993e+02, 1.57011002e+02,
    4.43454987e+02, 1.86052002e+02, 4.57612000e+02, 2.18233994e+02,
    4.58174011e+02, 2.48707001e+02, 4.47098999e+02, 2.77356995e+02,
    4.32101013e+02, 2.99515015e+02, 4.08632996e+02, 3.12290985e+02,
    3.78933990e+02, 3.16273010e+02, 3.46726013e+02, 3.18100006e+02,
    3.14311005e+02, 3.17931000e+02, 2.81842010e+02, 2.90204010e+02,
    2.58222992e+02, 2.66071014e+02, 2.46927002e+02, 2.26535004e+02,
    2.52574997e+02, 2.12671005e+02, 2.67979004e+02, 2.34237000e+02,
    2.61816986e+02, 2.61963013e+02, 2.54628998e+02, 8.94408035e+01,
    2.77221008e+02, 1.06385002e+02, 2.65411011e+02, 1.35139008e+02,
    2.63871002e+02, 1.56703995e+02, 2.74653992e+02, 1.32057999e+02,
    2.76194000e+02, 1.08439003e+02, 2.71572998e+02, 1.13264000e+02,
    3.03143005e+02, 1.31544998e+02, 2.88003998e+02, 1.58931000e+02,
    2.99498993e+02, 1.35139008e+02, 3.09056000e+02, 1.34625000e+02,
    2.96731995e+02, 2.64016998e+02, 2.86463013e+02, 2.43479004e+02,
    2.76194000e+02, 2.19345993e+02, 2.92625000e+02, 2.46559998e+02,
    2.97759003e+02, 2.42964996e+02, 2.84923004e+02, 1.65432999e+02,
    3.03407013e+02, 1.63893005e+02, 3.39863007e+02, 1.60811996e+02,
    3.56294006e+02, 168., 3.68102997e+02, 1.89052002e+02, 3.65023010e+02,
    2.10104004e+02, 3.63996002e+02, 2.21399994e+02, 3.52700012e+02,
    2.12158005e+02, 3.35755005e+02, 2.03942001e+02, 2.98786011e+02,
    1.75188995e+02, 3.60915009e+02, 2.01889008e+02, 3.58860992e+02,
    1.62865997e+02, 4.06613007e+02, 1.71569000e+02, 3.98041992e+02,
    1.84931000e+02, 3.93006989e+02, 1.92645996e+02, 3.94290009e+02,
    2.05300995e+02, 3.90416992e+02, 2.18766006e+02, 3.94104004e+02,
    2.28589005e+02, 4.00964996e+02, 2.25138000e+02, 4.08096008e+02,
    2.13436005e+02, 4.14566010e+02, 1.96240997e+02, 4.21502991e+02,
    1.78531006e+02, 4.19359009e+02, 1.67207001e+02, 4.13536987e+02,
    1.78225998e+02, 4.05449005e+02, 1.94093994e+02, 4.06237000e+02,
    2.14746002e+02, 4.01523010e+02, 2.15212997e+02, 3.99790009e+02,
    1.94279999e+02, 4.02890991e+02, 1.78867996e+02, 4.03692993e+02,
    1.94873001e+02, 4.04742004e+02, 1.86998001e+02, 3.48592010e+02 ]
noOfLandmarkPoint: 68
