%YAML:1.0
landmark: [ 8.58553009e+01, 2.68723999e+02, 8.59418030e+01,
    3.04210999e+02, 9.19441986e+01, 3.39119995e+02, 1.04897003e+02,
    3.72152008e+02, 1.19251999e+02, 4.04605988e+02, 1.38261002e+02,
    4.34558990e+02, 1.62268005e+02, 4.60270996e+02, 1.96931000e+02,
    4.64175995e+02, 2.29992996e+02, 4.51980988e+02, 2.56714996e+02,
    4.28701996e+02, 2.81609985e+02, 4.03441010e+02, 2.99273010e+02,
    3.72759003e+02, 3.11009003e+02, 3.39295990e+02, 3.18010010e+02,
    3.04502014e+02, 3.24989990e+02, 2.69696014e+02, 2.81244995e+02,
    2.52199005e+02, 2.59983002e+02, 2.37278000e+02, 2.20328995e+02,
    2.37746002e+02, 1.97160004e+02, 2.46852005e+02, 2.30697006e+02,
    2.47337997e+02, 2.55485001e+02, 2.45880005e+02, 8.48832016e+01,
    2.41505997e+02, 1.03352997e+02, 2.31298996e+02, 1.35889008e+02,
    2.37572006e+02, 1.45153000e+02, 2.48796005e+02, 1.33848007e+02,
    2.47755997e+02, 1.13686996e+02, 2.44134995e+02, 9.93751984e+01,
    2.68113007e+02, 1.24230003e+02, 2.55164993e+02, 1.52393997e+02,
    2.67649994e+02, 1.25184998e+02, 2.76139008e+02, 1.27168999e+02,
    2.63377991e+02, 2.64834015e+02, 2.71747986e+02, 2.37917007e+02,
    2.57585999e+02, 2.10634995e+02, 2.70089996e+02, 2.38938004e+02,
    2.77303009e+02, 2.39932007e+02, 2.64835999e+02, 1.59248001e+02,
    2.74071014e+02, 1.48554993e+02, 3.17815002e+02, 1.37376007e+02,
    3.31910004e+02, 1.43695007e+02, 3.47463013e+02, 1.66539001e+02,
    3.51351990e+02, 1.96188004e+02, 3.49407990e+02, 2.05908005e+02,
    3.34825989e+02, 1.93757004e+02, 3.15384003e+02, 1.96188004e+02,
    2.73584991e+02, 1.50985001e+02, 3.42117004e+02, 1.85494995e+02,
    3.43088989e+02, 1.40292007e+02, 3.88290985e+02, 1.49044998e+02,
    3.78459991e+02, 1.61046997e+02, 3.74958008e+02, 1.72856995e+02,
    3.76140015e+02, 1.91509995e+02, 3.74339996e+02, 2.06716003e+02,
    3.79121002e+02, 2.20490005e+02, 3.88777008e+02, 2.14856995e+02,
    4.05335999e+02, 1.97294998e+02, 4.16777008e+02, 1.75774002e+02,
    4.21828003e+02, 1.55343002e+02, 4.16312988e+02, 1.42307007e+02,
    4.05084991e+02, 1.55695999e+02, 3.97114014e+02, 1.75774002e+02,
    4.03845001e+02, 1.99876007e+02, 3.96971008e+02, 1.98091003e+02,
    3.83380005e+02, 1.73828995e+02, 3.84889008e+02, 1.57886993e+02,
    3.84061005e+02, 1.75770004e+02, 3.92036987e+02, 1.64595001e+02,
    3.33368011e+02 ]
noOfLandmarkPoint: 68
