%YAML:1.0
landmark: [ 4.47337990e+01, 2.22399994e+02, 4.67803993e+01,
    2.53188004e+02, 5.20415993e+01, 2.83608002e+02, 6.32723999e+01,
    3.12138000e+02, 8.14815979e+01, 3.37052002e+02, 1.04163002e+02,
    3.57898987e+02, 1.28763000e+02, 3.75320007e+02, 1.59218002e+02,
    3.71311005e+02, 1.88350998e+02, 3.61190002e+02, 2.12184006e+02,
    3.42032990e+02, 2.33279007e+02, 3.19494995e+02, 2.43761993e+02,
    2.91041992e+02, 2.46417999e+02, 2.60278992e+02, 2.47651993e+02,
    2.29427994e+02, 2.46848007e+02, 1.98572006e+02, 2.13233002e+02,
    1.78998993e+02, 1.90320999e+02, 1.69214996e+02, 1.58464005e+02,
    1.75227005e+02, 1.49406998e+02, 1.81552002e+02, 1.67279007e+02,
    1.82828995e+02, 1.91957993e+02, 1.77723007e+02, 4.47337990e+01,
    2.01125000e+02, 6.94129028e+01, 1.88360001e+02, 8.47310028e+01,
    1.87084000e+02, 9.45176010e+01, 1.93466003e+02, 8.40005035e+01,
    1.93707001e+02, 6.47209015e+01, 1.96608994e+02, 5.57967987e+01,
    2.20697998e+02, 7.45894012e+01, 2.07848007e+02, 9.91445007e+01,
    2.12384995e+02, 7.85865021e+01, 2.21794006e+02, 7.91995010e+01,
    2.13464996e+02, 1.94100998e+02, 2.00938995e+02, 1.74778000e+02,
    1.91166000e+02, 1.52526001e+02, 2.07408005e+02, 1.77050995e+02,
    2.08341995e+02, 1.77916000e+02, 1.98147003e+02, 1.03878998e+02,
    2.14315994e+02, 9.83470993e+01, 2.51759995e+02, 9.06881027e+01,
    2.65376007e+02, 9.91980972e+01, 2.78140991e+02, 1.16643997e+02,
    2.75162994e+02, 1.40897003e+02, 2.72609985e+02, 1.47279999e+02,
    2.61546997e+02, 1.36216995e+02, 2.46229004e+02, 1.32813004e+02,
    2.12188004e+02, 1.00474998e+02, 2.68779999e+02, 1.28983002e+02,
    2.65802002e+02, 9.79216003e+01, 3.16436005e+02, 1.07282997e+02,
    3.07501007e+02, 1.18771004e+02, 3.03670990e+02, 1.27280998e+02,
    3.03670990e+02, 1.40046005e+02, 3.02820007e+02, 1.58343002e+02,
    3.03670990e+02, 1.67279007e+02, 3.09627991e+02, 1.60876999e+02,
    3.13523010e+02, 1.46794006e+02, 3.17359009e+02, 1.29408997e+02,
    3.20265991e+02, 1.16804001e+02, 3.20459015e+02, 1.06152000e+02,
    3.18346008e+02, 1.14420998e+02, 3.10953003e+02, 1.28570007e+02,
    3.09661987e+02, 1.51300003e+02, 3.07324005e+02, 1.51404999e+02,
    3.08437988e+02, 1.28944000e+02, 3.10902008e+02, 1.15434998e+02,
    3.12247009e+02, 1.28759003e+02, 3.10227997e+02, 1.08558998e+02,
    2.56015015e+02 ]
noOfLandmarkPoint: 68
