%YAML:1.0
landmark: [ 5.22629013e+01, 2.60247009e+02, 5.28796997e+01,
    3.02003998e+02, 6.17876015e+01, 3.42734009e+02, 7.72677002e+01,
    3.81535004e+02, 9.74545975e+01, 4.17871002e+02, 1.27112999e+02,
    4.47580994e+02, 1.50994995e+02, 4.66227997e+02, 2.02113007e+02,
    4.78226013e+02, 2.37597000e+02, 4.62903015e+02, 2.71872986e+02,
    4.36196991e+02, 2.96153015e+02, 4.12394989e+02, 3.23080994e+02,
    3.56451996e+02, 3.28368988e+02, 3.21606995e+02, 3.30069000e+02,
    2.84622009e+02, 3.30571014e+02, 2.45468994e+02, 2.82954987e+02,
    2.24945007e+02, 2.56144989e+02, 2.02419006e+02, 2.09496002e+02,
    2.06369995e+02, 1.83617996e+02, 2.25766006e+02, 2.17886993e+02,
    2.21488007e+02, 2.55339005e+02, 2.15322998e+02, 5.63676987e+01,
    2.26587006e+02, 7.36756973e+01, 2.12998001e+02, 1.11790001e+02,
    2.14516006e+02, 1.32718002e+02, 2.30692001e+02, 1.03404999e+02,
    2.29897995e+02, 7.75046005e+01, 2.29621994e+02, 7.96230011e+01,
    2.60187988e+02, 1.01224998e+02, 2.49576004e+02, 1.26959000e+02,
    2.59950989e+02, 1.02414001e+02, 2.68578003e+02, 1.05625999e+02,
    2.57783997e+02, 2.55033005e+02, 2.48979996e+02, 2.24654007e+02,
    2.39151993e+02, 2.01132004e+02, 2.55542007e+02, 2.27404007e+02,
    2.61988007e+02, 2.26307999e+02, 2.49574005e+02, 1.44210999e+02,
    2.61889008e+02, 1.40850998e+02, 2.97335999e+02, 1.32880997e+02,
    3.32841003e+02, 1.38770004e+02, 3.53595001e+02, 1.65556000e+02,
    3.59584015e+02, 1.95983002e+02, 3.48826996e+02, 2.01873001e+02,
    3.30877991e+02, 1.89360001e+02, 2.95015015e+02, 1.86901993e+02,
    2.61889008e+02, 1.44660004e+02, 3.49108002e+02, 1.82240997e+02,
    3.45742004e+02, 1.15476997e+02, 3.81750000e+02, 1.43067993e+02,
    3.83880005e+02, 1.56807999e+02, 3.82979004e+02, 1.70462006e+02,
    3.85566986e+02, 1.86123001e+02, 3.81167999e+02, 2.05707001e+02,
    3.79029999e+02, 2.41906006e+02, 3.74360992e+02, 2.07845993e+02,
    4.02303009e+02, 1.88927994e+02, 4.09781006e+02, 1.75408005e+02,
    4.13768005e+02, 1.49796005e+02, 4.09506989e+02, 1.36132996e+02,
    3.98869995e+02, 1.49567001e+02, 3.93937012e+02, 1.72985992e+02,
    3.97626007e+02, 1.94701996e+02, 3.90898987e+02, 1.94695007e+02,
    3.87996002e+02, 1.72145004e+02, 3.93139008e+02, 1.51619995e+02,
    3.91884003e+02, 1.72705002e+02, 3.95382996e+02, 1.56526001e+02,
    3.34134003e+02 ]
noOfLandmarkPoint: 68
