%YAML:1.0
landmark: [ 6.03395996e+01, 2.81230988e+02, 6.45764999e+01,
    3.24966003e+02, 7.31495972e+01, 3.68023987e+02, 8.58816986e+01,
    4.10071991e+02, 1.03362000e+02, 4.50298004e+02, 1.34848007e+02,
    4.80348999e+02, 1.73701004e+02, 5.00649994e+02, 2.16923996e+02,
    5.07752014e+02, 2.60656006e+02, 5.04983002e+02, 2.98419006e+02,
    4.83776001e+02, 3.24292999e+02, 4.48501007e+02, 3.40983002e+02,
    4.07915985e+02, 3.50591003e+02, 3.65079010e+02, 3.55446014e+02,
    3.21412994e+02, 3.59786987e+02, 2.77687012e+02, 3.24350006e+02,
    2.58196014e+02, 2.93440002e+02, 2.37341995e+02, 2.65330994e+02,
    2.42037994e+02, 2.41662003e+02, 2.52289993e+02, 2.64248993e+02,
    2.54742996e+02, 2.93535004e+02, 2.52214996e+02, 9.45959015e+01,
    2.65873993e+02, 1.16830002e+02, 2.43261993e+02, 1.51667999e+02,
    2.44936005e+02, 1.84371002e+02, 2.58786987e+02, 1.53951004e+02,
    2.56903992e+02, 1.24289001e+02, 2.57075989e+02, 1.15975998e+02,
    2.79324005e+02, 1.40376007e+02, 2.61777008e+02, 1.69388000e+02,
    2.76742004e+02, 1.42399994e+02, 2.85166992e+02, 1.41255005e+02,
    2.70598999e+02, 3.03773987e+02, 2.77067993e+02, 2.76204010e+02,
    2.59774994e+02, 2.48464996e+02, 2.75911011e+02, 2.79052002e+02,
    2.83424988e+02, 2.77100006e+02, 2.68826996e+02, 1.83190002e+02,
    2.82411987e+02, 1.83190002e+02, 3.26118011e+02, 1.71968002e+02,
    3.56830994e+02, 1.84371002e+02, 3.70415009e+02, 2.15673996e+02,
    3.71596985e+02, 2.47567993e+02, 3.66281006e+02, 2.54065002e+02,
    3.53877991e+02, 2.41070999e+02, 3.27890015e+02, 2.33393005e+02,
    2.80640015e+02, 1.92639999e+02, 3.63917999e+02, 2.32802994e+02,
    3.63328003e+02, 1.64880997e+02, 4.11759003e+02, 1.81589005e+02,
    4.07191986e+02, 2.02537003e+02, 4.02363007e+02, 2.16856003e+02,
    4.04671997e+02, 2.31584000e+02, 4.00854004e+02, 2.49561996e+02,
    4.03911011e+02, 2.67058990e+02, 4.07625000e+02, 2.48585007e+02,
    4.28376007e+02, 2.30972000e+02, 4.32942993e+02, 2.19218002e+02,
    4.33612000e+02, 1.98315994e+02, 4.31898987e+02, 1.80878998e+02,
    4.25545013e+02, 1.90414001e+02, 4.16212006e+02, 2.17904007e+02,
    4.18084015e+02, 2.38182999e+02, 4.14552002e+02, 2.37292007e+02,
    4.10108002e+02, 2.17070007e+02, 4.11536011e+02, 1.90748993e+02,
    4.12912994e+02, 2.17718994e+02, 4.17079010e+02, 2.14492996e+02,
    3.48562012e+02 ]
noOfLandmarkPoint: 68
