%YAML:1.0
landmark: [ 7.94515991e+01, 2.66535004e+02, 8.11735001e+01,
    3.14276001e+02, 8.35408020e+01, 3.61989014e+02, 8.92447968e+01,
    4.09329987e+02, 1.02974998e+02, 4.55054993e+02, 1.34121002e+02,
    4.94816986e+02, 1.64843994e+02, 5.24956970e+02, 2.09427994e+02,
    5.41403015e+02, 2.56882996e+02, 5.41158020e+02, 3.04221008e+02,
    5.17661011e+02, 3.34299988e+02, 4.87889008e+02, 3.55313995e+02,
    4.45108002e+02, 3.68795990e+02, 3.99292999e+02, 3.78333008e+02,
    3.63088989e+02, 3.86923004e+02, 3.05652008e+02, 3.79644989e+02,
    2.85639008e+02, 3.52377014e+02, 2.66415009e+02, 3.13251007e+02,
    2.63466003e+02, 2.89587006e+02, 2.72903015e+02, 3.16015991e+02,
    2.77048004e+02, 3.43213013e+02, 2.80174988e+02, 1.23115997e+02,
    2.57438995e+02, 1.65076996e+02, 2.43852005e+02, 2.11460007e+02,
    2.47272003e+02, 2.26819000e+02, 2.62897003e+02, 1.99076004e+02,
    2.60096008e+02, 1.61699997e+02, 2.61078003e+02, 1.51522003e+02,
    2.80863007e+02, 1.84065002e+02, 2.67445007e+02, 2.15294006e+02,
    2.86921997e+02, 1.81220001e+02, 2.91595001e+02, 1.83154999e+02,
    2.72903015e+02, 3.42803009e+02, 3.05533997e+02, 3.24154999e+02,
    2.86548004e+02, 2.87309998e+02, 2.99351013e+02, 3.21213989e+02,
    3.09528015e+02, 3.17786987e+02, 2.93825989e+02, 2.32757004e+02,
    2.88084015e+02, 2.23427002e+02, 3.41985992e+02, 2.05608994e+02,
    3.70333008e+02, 2.10873993e+02, 3.90579987e+02, 2.41649994e+02,
    4.02324005e+02, 2.70402008e+02, 3.99489014e+02, 2.80526001e+02,
    3.80860992e+02, 2.74855988e+02, 3.41580994e+02, 2.74808990e+02,
    2.93432007e+02, 2.19783005e+02, 3.86531006e+02, 2.63518005e+02,
    3.93010010e+02, 1.75876999e+02, 4.33006012e+02, 2.03231995e+02,
    4.22213013e+02, 2.23429993e+02, 4.19855011e+02, 2.39220001e+02,
    4.27431000e+02, 2.54417007e+02, 4.24212006e+02, 2.66868988e+02,
    4.31619995e+02, 2.82309998e+02, 4.45742004e+02, 2.69994995e+02,
    4.55316986e+02, 2.54417999e+02, 4.62946991e+02, 2.33550995e+02,
    4.65902008e+02, 2.04320007e+02, 4.56510986e+02, 1.86953003e+02,
    4.43477997e+02, 2.08830002e+02, 4.35622986e+02, 2.38005005e+02,
    4.41604004e+02, 2.53589005e+02, 4.43188995e+02, 2.56471985e+02,
    4.39476013e+02, 2.38410004e+02, 4.35934998e+02, 2.12378006e+02,
    4.32834015e+02, 2.38410004e+02, 4.38364990e+02, 2.49561005e+02,
    3.82065002e+02 ]
noOfLandmarkPoint: 68
