%YAML:1.0
landmark: [ 5.76780014e+01, 2.12005997e+02, 6.43483963e+01,
    2.39792007e+02, 7.25930023e+01, 2.67148010e+02, 8.20989990e+01,
    2.94085999e+02, 9.44542999e+01, 3.19838013e+02, 1.11428001e+02,
    3.42640991e+02, 1.36242004e+02, 3.56601013e+02, 1.64343002e+02,
    3.59427002e+02, 1.92063004e+02, 3.52651001e+02, 2.16785995e+02,
    3.38752014e+02, 2.33371994e+02, 3.15803009e+02, 2.41429993e+02,
    2.88445007e+02, 2.44806000e+02, 2.60079010e+02, 2.49313004e+02,
    2.31863998e+02, 2.50871002e+02, 2.03354996e+02, 2.35630005e+02,
    1.89761993e+02, 2.18500000e+02, 1.69839996e+02, 1.85175003e+02,
    1.78451996e+02, 1.71781998e+02, 1.94292999e+02, 1.92664001e+02,
    1.87811996e+02, 2.15878998e+02, 1.80697998e+02, 7.25074005e+01,
    1.97587997e+02, 8.78223038e+01, 1.79574997e+02, 1.18035004e+02,
    1.82432007e+02, 1.32237000e+02, 1.95117004e+02, 1.12161003e+02,
    1.92306000e+02, 9.08178024e+01, 1.90432999e+02, 9.42726974e+01,
    2.10654007e+02, 1.09369003e+02, 2.00259003e+02, 1.30279999e+02,
    2.10695999e+02, 1.11106003e+02, 2.15098007e+02, 1.08345001e+02,
    2.05826996e+02, 2.17770996e+02, 2.04126999e+02, 1.99322998e+02,
    1.96613007e+02, 1.82315994e+02, 2.07716003e+02, 2.01591003e+02,
    2.10195999e+02, 2.00203995e+02, 2.00472000e+02, 1.42535004e+02,
    2.13242004e+02, 1.42115005e+02, 2.40608002e+02, 1.34251999e+02,
    2.61950012e+02, 1.41365997e+02, 2.72434998e+02, 1.62307007e+02,
    2.77089996e+02, 1.81431000e+02, 2.71311005e+02, 1.85923996e+02,
    2.58954987e+02, 1.76563004e+02, 2.39858994e+02, 1.72192993e+02,
    2.12830002e+02, 1.46065002e+02, 2.69660004e+02, 1.73955994e+02,
    2.67334015e+02, 1.23585999e+02, 2.99746002e+02, 1.41238998e+02, 297.,
    1.53945007e+02, 2.94825989e+02, 1.63572006e+02, 2.96272003e+02,
    1.74042999e+02, 2.92928009e+02, 1.87100006e+02, 2.93753998e+02,
    2.02675995e+02, 2.93566986e+02, 1.89419998e+02, 3.06817993e+02,
    1.76860001e+02, 3.12841003e+02, 1.65190994e+02, 3.14987000e+02,
    1.51964996e+02, 3.14673004e+02, 1.39988998e+02, 3.10596985e+02,
    1.49987000e+02, 3.02848999e+02, 1.64220993e+02, 3.04382996e+02,
    1.77451004e+02, 3.00661987e+02, 1.77878998e+02, 2.98351013e+02,
    1.64059006e+02, 3.01300995e+02, 1.50789001e+02, 3.00684998e+02,
    1.64220993e+02, 3.02598999e+02, 1.60660004e+02, 2.58964996e+02 ]
noOfLandmarkPoint: 68
