%YAML:1.0
landmark: [ 7.88322983e+01, 2.18807999e+02, 8.44329987e+01,
    2.45067993e+02, 9.30506973e+01, 2.70494995e+02, 1.00500999e+02,
    2.96277008e+02, 1.13823997e+02, 3.19522003e+02, 1.32505005e+02,
    3.38605988e+02, 1.56102005e+02, 3.51412994e+02, 1.82052994e+02,
    3.57217010e+02, 2.08179993e+02, 3.51523987e+02, 2.31240997e+02,
    3.37901001e+02, 2.49854004e+02, 3.18816010e+02, 2.60514008e+02,
    2.94339996e+02, 2.63653992e+02, 2.67679993e+02, 2.69003998e+02,
    2.41365997e+02, 2.74566010e+02, 2.15091003e+02, 2.53093002e+02,
    1.96509003e+02, 2.26626007e+02, 1.83095001e+02, 2.04580002e+02,
    1.90397995e+02, 1.93216995e+02, 1.99399994e+02, 2.06934006e+02,
    1.99473007e+02, 2.29143005e+02, 1.91554001e+02, 9.12204971e+01,
    2.01876999e+02, 1.11466003e+02, 1.85852005e+02, 1.34498993e+02,
    1.92927002e+02, 1.49031998e+02, 2.05181000e+02, 1.32406006e+02,
    2.02225998e+02, 1.11455002e+02, 1.94856995e+02, 1.13448997e+02,
    2.23397003e+02, 1.29201004e+02, 2.12850998e+02, 1.48311996e+02,
    2.24356995e+02, 1.30281006e+02, 2.29858994e+02, 1.29623993e+02,
    2.19220993e+02, 2.29526001e+02, 2.19197006e+02, 2.13087997e+02,
    2.10992996e+02, 1.96643005e+02, 2.22636002e+02, 2.14617996e+02,
    2.26735992e+02, 2.14276993e+02, 2.16742996e+02, 1.60182007e+02,
    2.25828003e+02, 1.57880997e+02, 2.48404007e+02, 1.50684006e+02,
    2.69187012e+02, 1.57703995e+02, 2.79096985e+02, 1.74634003e+02,
    2.81161987e+02, 1.92307999e+02, 2.78765015e+02, 2.00237000e+02,
    2.70424988e+02, 1.88856995e+02, 2.45658005e+02, 1.85371002e+02,
    2.25001999e+02, 1.63807999e+02, 2.75074005e+02, 1.86298004e+02,
    2.73924988e+02, 1.46554001e+02, 3.04700012e+02, 1.57772003e+02,
    3.01571014e+02, 1.69139008e+02, 2.99296997e+02, 1.77490005e+02,
    3.00554993e+02, 1.86914993e+02, 2.97480988e+02, 1.98350006e+02,
    2.98812988e+02, 2.10147003e+02, 3.01395996e+02, 2.02253998e+02,
    3.06776001e+02, 1.91018005e+02, 3.10531006e+02, 1.79102005e+02,
    3.13223999e+02, 1.65453995e+02, 3.12183014e+02, 1.54882996e+02,
    3.09429993e+02, 1.64501999e+02, 3.03942993e+02, 1.78255005e+02,
    3.04480988e+02, 1.92507996e+02, 3.01904999e+02, 1.92421005e+02,
    3.01855011e+02, 1.78031998e+02, 3.04015991e+02, 1.65641998e+02,
    3.04039001e+02, 1.78335999e+02, 3.05210999e+02, 1.74220993e+02,
    2.64644012e+02 ]
noOfLandmarkPoint: 68
