%YAML:1.0
landmark: [ 5.08064995e+01, 2.41934998e+02, 4.96222992e+01,
    2.85160004e+02, 5.49061012e+01, 3.28072998e+02, 6.43528976e+01,
    3.70239014e+02, 8.40253983e+01, 4.08625000e+02, 1.10963997e+02,
    4.42449005e+02, 1.41541000e+02, 4.72885986e+02, 1.81641998e+02,
    4.87924011e+02, 2.24175003e+02, 4.82953003e+02, 2.60063995e+02,
    4.59062012e+02, 2.92787994e+02, 4.31007996e+02, 3.17539001e+02,
    3.95638000e+02, 3.29217987e+02, 3.54126007e+02, 3.41901001e+02,
    3.12795990e+02, 3.49194000e+02, 2.70161011e+02, 3.45161011e+02,
    2.29031998e+02, 3.12903015e+02, 2.13710007e+02, 2.87096985e+02,
    2.16934998e+02, 2.67742004e+02, 2.27419006e+02, 2.86290009e+02,
    2.31451996e+02, 3.15322998e+02, 2.28225998e+02, 8.95160980e+01,
    2.14516006e+02, 1.29031998e+02, 1.92742004e+02, 1.63710007e+02,
    2.02419006e+02, 2.03225998e+02, 2.29839005e+02, 1.59677002e+02,
    2.15322998e+02, 1.28225998e+02, 2.05645004e+02, 1.25041000e+02,
    2.53082001e+02, 1.49479004e+02, 2.38332001e+02, 1.76089996e+02,
    2.58984985e+02, 1.48244995e+02, 2.58739990e+02, 1.51613007e+02,
    2.47580994e+02, 3.07819000e+02, 2.68755005e+02, 2.87416992e+02,
    2.50787003e+02, 2.60242004e+02, 2.65467010e+02, 2.86190002e+02,
    2.72825989e+02, 2.86290009e+02, 2.59677002e+02, 1.95160995e+02,
    2.58871002e+02, 1.88567001e+02, 3.05967987e+02, 1.73567001e+02,
    3.35967010e+02, 1.82057999e+02, 3.52947998e+02, 2.16128998e+02,
    3.66934998e+02, 2.43470993e+02, 3.57759003e+02, 2.53093002e+02,
    3.47854004e+02, 2.42751999e+02, 3.08071014e+02, 2.41934998e+02,
    2.62096985e+02, 1.93660995e+02, 3.51532990e+02, 2.35546005e+02,
    3.54928986e+02, 1.35078003e+02, 3.81532013e+02, 1.76039993e+02,
    3.85910004e+02, 2.00578003e+02, 3.87907990e+02, 2.09509995e+02,
    3.92851990e+02, 2.21255997e+02, 3.88791992e+02, 2.38610001e+02,
    3.90375000e+02, 2.64130005e+02, 3.92851990e+02, 2.46880005e+02,
    4.15148010e+02, 2.27774002e+02, 4.24562988e+02, 2.03026001e+02,
    4.27273987e+02, 1.84033997e+02, 4.23950989e+02, 1.61542999e+02,
    4.11963013e+02, 1.82554001e+02, 4.01343994e+02, 2.08378006e+02,
    4.03605988e+02, 2.28819000e+02, 4.03683014e+02, 2.29535995e+02,
    4.02328003e+02, 2.08660995e+02, 4.02191010e+02, 1.87479004e+02,
    3.99259003e+02, 2.08660995e+02, 4.02756989e+02, 2.21774002e+02,
    3.45161011e+02 ]
noOfLandmarkPoint: 68
