%YAML:1.0
landmark: [ 5.93741989e+01, 2.46554993e+02, 5.54612999e+01,
    2.79809998e+02, 6.01353989e+01, 3.13497986e+02, 7.11817017e+01,
    3.45546997e+02, 8.81952972e+01, 3.74981995e+02, 1.10127998e+02,
    4.00640991e+02, 1.42820999e+02, 4.08687988e+02, 1.76348999e+02,
    4.02980988e+02, 2.08623001e+02, 3.92707001e+02, 2.35671997e+02,
    3.72145996e+02, 2.53237000e+02, 3.43515015e+02, 2.62229004e+02,
    3.10721985e+02, 2.67196014e+02, 2.77138000e+02, 2.69691010e+02,
    2.43212997e+02, 2.73296997e+02, 2.09389999e+02, 2.21628998e+02,
    1.93981003e+02, 1.93830994e+02, 1.68386993e+02, 1.51031998e+02,
    1.81718002e+02, 1.36423004e+02, 2.04858002e+02, 1.65766006e+02,
    1.94347000e+02, 1.95934998e+02, 1.82419006e+02, 5.39355011e+01,
    2.24800003e+02, 50., 1.95750000e+02, 8.50805969e+01, 1.93645004e+02,
    1.07416000e+02, 2.13016006e+02, 8.43789978e+01, 2.10483994e+02,
    5.91209984e+01, 2.05572998e+02, 7.02292023e+01, 2.38656006e+02,
    8.09173965e+01, 2.25697006e+02, 1.00001999e+02, 2.31160004e+02,
    8.53203964e+01, 2.38615997e+02, 8.47547989e+01, 2.32957993e+02,
    2.00785995e+02, 2.20005997e+02, 1.77106003e+02, 2.10115005e+02,
    1.60654999e+02, 2.24003006e+02, 1.81455994e+02, 2.29128006e+02,
    1.80839005e+02, 2.18455002e+02, 1.09637001e+02, 2.32233994e+02,
    1.04024002e+02, 2.65209991e+02, 1.00980003e+02, 2.83071991e+02,
    9.73967972e+01, 3.02216003e+02, 1.23732002e+02, 3.11819000e+02,
    1.41910995e+02, 3.03096985e+02, 1.53839005e+02, 2.80644989e+02,
    1.38403000e+02, 2.68717987e+02, 1.36423004e+02, 2.31145004e+02,
    1.06637001e+02, 3.02201996e+02, 1.40121002e+02, 2.96803986e+02,
    9.74451981e+01, 3.40825989e+02, 1.07869003e+02, 3.32941010e+02,
    1.19748001e+02, 3.32645996e+02, 1.31664993e+02, 3.33261993e+02,
    1.48537994e+02, 3.28528015e+02, 1.66690002e+02, 3.27648010e+02,
    1.79798004e+02, 3.31863007e+02, 1.70382996e+02, 3.39296997e+02,
    1.57518997e+02, 3.45863007e+02, 1.37537003e+02, 3.52346008e+02,
    1.21397003e+02, 3.50696014e+02, 1.10986000e+02, 3.48045990e+02,
    1.16541000e+02, 3.41037994e+02, 1.34811005e+02, 3.41859985e+02,
    1.59259995e+02, 3.35803009e+02, 1.59054001e+02, 3.31941010e+02,
    1.33343002e+02, 3.38084991e+02, 1.15647003e+02, 3.36946991e+02,
    1.34600998e+02, 3.40601990e+02, 1.08322998e+02, 2.93690002e+02 ]
noOfLandmarkPoint: 68
