%YAML:1.0
landmark: [ 7.54910965e+01, 2.37020996e+02, 7.92585983e+01,
    2.70494995e+02, 8.49537964e+01, 3.03700989e+02, 9.10522995e+01,
    3.36720001e+02, 1.05886002e+02, 3.66941986e+02, 1.24365997e+02,
    3.95061005e+02, 1.52675995e+02, 4.12531006e+02, 1.82806000e+02,
    4.27083008e+02, 2.16395004e+02, 4.28035004e+02, 2.44697006e+02,
    4.12842987e+02, 2.65820007e+02, 3.86665009e+02, 2.88375000e+02,
    3.61657990e+02, 3.01605988e+02, 3.30997986e+02, 3.11028992e+02,
    2.98653015e+02, 3.17705994e+02, 2.65640991e+02, 3.08696014e+02,
    2.35960007e+02, 2.90843994e+02, 2.29576996e+02, 2.68420990e+02,
    2.32942993e+02, 2.53044998e+02, 2.41791000e+02, 2.68588013e+02,
    2.42246994e+02, 2.91394989e+02, 2.38830002e+02, 1.18952003e+02,
    2.20589996e+02, 1.53856003e+02, 2.09376007e+02, 1.76845993e+02,
    2.21449005e+02, 2.01634003e+02, 2.39671005e+02, 1.68242996e+02,
    2.29070007e+02, 1.48632996e+02, 2.20589996e+02, 1.43863007e+02,
    2.50800995e+02, 1.66003998e+02, 2.40675003e+02, 1.86414001e+02,
    2.57938995e+02, 1.63421997e+02, 2.58432007e+02, 1.62942993e+02,
    2.49210999e+02, 2.83843994e+02, 2.63421997e+02, 2.68964996e+02,
    2.53173004e+02, 2.48244003e+02, 2.64523987e+02, 2.69276001e+02,
    2.70223999e+02, 2.64174988e+02, 2.60341003e+02, 2.05343994e+02,
    2.64050995e+02, 1.99514008e+02, 3.03802002e+02, 1.89973999e+02,
    3.17052002e+02, 1.93154007e+02, 3.27122009e+02, 2.20714005e+02,
    3.43023010e+02, 2.42975006e+02, 3.35602997e+02, 2.45625000e+02,
    3.25002014e+02, 2.41914993e+02, 3.00092010e+02, 2.39264999e+02,
    2.70411011e+02, 2.04173004e+02, 3.29011993e+02, 2.34063004e+02,
    3.33062988e+02, 1.58703003e+02, 3.49912994e+02, 1.78348007e+02,
    3.48252014e+02, 1.98910004e+02, 3.48423004e+02, 2.11542007e+02,
    3.53498993e+02, 2.24453995e+02, 3.50884003e+02, 2.41444000e+02,
    3.54471008e+02, 2.60464996e+02, 3.56803009e+02, 2.38070999e+02,
    3.76559998e+02, 2.18973999e+02, 3.85445007e+02, 2.03638000e+02,
    3.86996002e+02, 1.86330994e+02, 3.81054993e+02, 1.71895004e+02,
    3.69348999e+02, 1.86757004e+02, 3.63553986e+02, 2.07082001e+02,
    3.70114014e+02, 2.25917007e+02, 3.68515015e+02, 2.27395004e+02,
    3.60725006e+02, 2.09722000e+02, 3.60699005e+02, 1.89966003e+02,
    3.55826996e+02, 2.08406006e+02, 3.64029999e+02, 2.27074005e+02,
    3.21821991e+02 ]
noOfLandmarkPoint: 68
