%YAML:1.0
landmark: [ 6.96765976e+01, 2.50908005e+02, 6.74448013e+01,
    2.88924988e+02, 7.41801987e+01, 3.26351990e+02, 8.74605026e+01,
    3.62066010e+02, 1.03921997e+02, 3.96419006e+02, 1.28154007e+02,
    4.25615997e+02, 1.60985992e+02, 4.44520996e+02, 1.98667999e+02,
    4.48035004e+02, 2.35434006e+02, 4.38428009e+02, 2.68516998e+02,
    4.19765015e+02, 2.93692993e+02, 3.91342987e+02, 3.09989990e+02,
    3.57032990e+02, 3.16657013e+02, 3.19539001e+02, 3.20829010e+02,
    2.81661987e+02, 3.19132996e+02, 2.43602005e+02, 2.69032990e+02,
    2.08113998e+02, 2.17641998e+02, 1.99947998e+02, 1.94261002e+02,
    2.05837997e+02, 1.75617004e+02, 2.17507996e+02, 1.96931000e+02,
    2.17718002e+02, 2.23108002e+02, 2.06548004e+02, 6.65454025e+01,
    2.16464005e+02, 8.02501984e+01, 2.07862000e+02, 1.13933998e+02,
    2.12320007e+02, 1.21863998e+02, 2.24292007e+02, 1.04120003e+02,
    2.19595001e+02, 8.11578979e+01, 2.12289001e+02, 8.67328033e+01,
    2.51779999e+02, 1.07038002e+02, 2.36554993e+02, 1.34375000e+02,
    2.53233994e+02, 1.08096001e+02, 2.59985992e+02, 1.09338997e+02,
    2.44645004e+02, 2.47147003e+02, 2.45904007e+02, 2.15369995e+02,
    2.29988007e+02, 1.93686005e+02, 2.49964996e+02, 2.19171997e+02,
    2.53725006e+02, 2.21020004e+02, 2.38382996e+02, 1.40651993e+02,
    2.54561005e+02, 1.29169998e+02, 2.95266998e+02, 1.18733002e+02,
    3.22404999e+02, 1.27083000e+02, 3.37539001e+02, 1.48479996e+02,
    3.40148010e+02, 1.82923996e+02, 3.34407990e+02, 1.90229996e+02,
    3.19795013e+02, 1.76139008e+02, 2.95266998e+02, 1.75095001e+02,
    2.56127014e+02, 1.32302002e+02, 3.30755005e+02, 1.67266998e+02,
    3.28144989e+02, 1.18733002e+02, 3.76679993e+02, 1.33453995e+02,
    3.66592010e+02, 1.42205994e+02, 3.62268005e+02, 1.53177002e+02,
    3.64154999e+02, 1.65406006e+02, 3.59779999e+02, 1.85522003e+02,
    3.62764008e+02, 2.15279999e+02, 3.70938995e+02, 2.00729004e+02,
    3.81862000e+02, 1.84427994e+02, 3.90263000e+02, 1.62048996e+02,
    3.96510986e+02, 1.46761002e+02, 3.94354004e+02, 1.32781998e+02,
    3.87643005e+02, 1.44552002e+02, 3.76446991e+02, 1.59438995e+02,
    3.78244995e+02, 1.78386002e+02, 3.73980988e+02, 1.77434998e+02,
    3.67846985e+02, 1.57210007e+02, 3.69016998e+02, 1.45554001e+02,
    3.70786987e+02, 1.58348999e+02, 3.72170013e+02, 1.38563995e+02,
    3.19795013e+02 ]
noOfLandmarkPoint: 68
