%YAML:1.0
landmark: [ 3.41514015e+01, 2.98394012e+02, 3.21086998e+01,
    3.39032013e+02, 3.66819992e+01, 3.79425995e+02, 5.03282013e+01,
    4.17625000e+02, 7.28749008e+01, 4.51484009e+02, 9.75150986e+01,
    4.83881012e+02, 1.24248001e+02, 5.14578003e+02, 1.60209000e+02,
    5.30976990e+02, 2.00559998e+02, 5.28341003e+02, 2.36546997e+02,
    5.09472992e+02, 2.67950012e+02, 4.83877991e+02, 2.94981995e+02,
    4.53444000e+02, 3.15644989e+02, 4.18618011e+02, 3.26756989e+02,
    3.79493988e+02, 3.32738007e+02, 3.39240997e+02, 2.99945007e+02,
    3.21981995e+02, 2.85566986e+02, 3.01980988e+02, 2.45500000e+02,
    2.93893005e+02, 2.05593994e+02, 3.01270996e+02, 2.45483994e+02,
    3.03446991e+02, 2.72377991e+02, 3.09062988e+02, 5.88898010e+01,
    2.84587006e+02, 8.76999969e+01, 2.62821014e+02, 1.15703003e+02,
    2.71497009e+02, 1.46912003e+02, 2.91490997e+02, 1.09278999e+02,
    2.81493011e+02, 8.53268967e+01, 2.75459991e+02, 7.94520035e+01,
    2.99911011e+02, 1.12019997e+02, 2.87618988e+02, 1.42837006e+02,
    3.12045990e+02, 1.06213997e+02, 3.16606995e+02, 1.06065002e+02,
    3.00119995e+02, 2.82760986e+02, 3.31683990e+02, 2.45556000e+02,
    3.13415985e+02, 2.20632996e+02, 3.22424011e+02, 2.44251999e+02,
    3.38420013e+02, 2.36085007e+02, 3.22557007e+02, 1.57268005e+02,
    3.20832001e+02, 1.40009003e+02, 3.81813995e+02, 1.22749001e+02,
    4.04252014e+02, 1.30804001e+02, 4.24386993e+02, 1.63595993e+02,
    4.32441986e+02, 1.98690002e+02, 4.31865997e+02, 2.10195999e+02,
    4.12881012e+02, 1.98690002e+02, 3.85842010e+02, 1.99841003e+02,
    3.26009003e+02, 1.41158997e+02, 4.20936005e+02, 1.87184006e+02,
    4.26688995e+02, 1.07791000e+02, 4.47975006e+02, 1.26834000e+02,
    4.42480988e+02, 1.43460007e+02, 4.43947998e+02, 1.58994003e+02,
    4.48549988e+02, 1.69925003e+02, 4.46248993e+02, 1.84882996e+02,
    4.48549988e+02, 2.07895004e+02, 4.58330994e+02, 1.91042999e+02,
    4.75859985e+02, 1.73570007e+02, 4.83184998e+02, 1.55542007e+02,
    4.84220001e+02, 1.26709000e+02, 4.73734009e+02, 1.15051003e+02,
    4.61579987e+02, 1.32852005e+02, 4.54734009e+02, 1.56947006e+02,
    4.62072998e+02, 1.85007996e+02, 4.62579987e+02, 1.86225998e+02,
    4.56515991e+02, 1.57145004e+02, 4.54069000e+02, 1.32102005e+02,
    4.49250000e+02, 1.56791000e+02, 4.60153015e+02, 1.63595993e+02,
    4.14606995e+02 ]
noOfLandmarkPoint: 68
