%YAML:1.0
landmark: [ 9.98078003e+01, 2.51264008e+02, 1.00444000e+02,
    2.88260010e+02, 1.03426003e+02, 3.25140991e+02, 1.07804001e+02,
    3.61877991e+02, 1.20545998e+02, 3.96494995e+02, 1.40052002e+02,
    4.27851013e+02, 1.68516006e+02, 4.51290009e+02, 2.01707993e+02,
    4.67384003e+02, 2.38001999e+02, 4.69903992e+02, 2.68018005e+02,
    4.48940002e+02, 2.90390015e+02, 4.19545013e+02, 3.08347992e+02,
    3.87221008e+02, 3.20674988e+02, 3.52350006e+02, 3.31941986e+02,
    3.17110992e+02, 3.38444000e+02, 2.80705994e+02, 3.55489990e+02,
    2.54880005e+02, 3.33859009e+02, 2.40988998e+02, 3.06134003e+02,
    2.38893997e+02, 2.94023010e+02, 2.40417007e+02, 3.14683990e+02,
    2.45582001e+02, 3.36894989e+02, 2.50231003e+02, 1.35964996e+02,
    2.37834000e+02, 1.75220993e+02, 2.18723007e+02, 2.13444000e+02,
    2.24921005e+02, 2.37720993e+02, 2.35768005e+02, 2.07761993e+02,
    2.32669006e+02, 1.71604996e+02, 2.33701996e+02, 1.60511993e+02,
    2.60799988e+02, 1.89179993e+02, 2.48179001e+02, 2.16082001e+02,
    2.67218994e+02, 1.87082001e+02, 2.73536987e+02, 1.87100998e+02,
    2.56946014e+02, 3.21838989e+02, 2.81225006e+02, 3.01243988e+02,
    2.65080994e+02, 2.78885010e+02, 2.74825012e+02, 2.99947998e+02,
    2.85253998e+02, 2.96605011e+02, 2.70891998e+02, 2.34104996e+02,
    2.70891998e+02, 2.29457001e+02, 3.12213989e+02, 2.17576004e+02,
    3.35458008e+02, 2.28423004e+02, 3.49404999e+02, 2.57865997e+02,
    3.59734985e+02, 2.81109009e+02, 3.49920990e+02, 2.83175995e+02,
    3.37523987e+02, 2.79042999e+02, 3.17380005e+02, 2.74911011e+02,
    2.74507996e+02, 2.40304001e+02, 3.47855011e+02, 2.72845001e+02,
    3.50954010e+02, 1.93815994e+02, 3.84011993e+02, 2.19285004e+02,
    3.78769012e+02, 2.35307999e+02, 3.77160004e+02, 2.48052002e+02,
    3.80395996e+02, 2.55602997e+02, 3.79928986e+02, 2.66923004e+02,
    3.83915985e+02, 2.75944000e+02, 3.90726990e+02, 2.66040009e+02,
    4.07614990e+02, 2.53862000e+02, 4.12015015e+02, 2.39787003e+02,
    4.09838013e+02, 2.28619995e+02, 4.07923004e+02, 2.13434998e+02,
    4.01542999e+02, 2.29923004e+02, 3.90445007e+02, 2.47018997e+02,
    3.93308990e+02, 2.60923004e+02, 3.94686005e+02, 2.60972992e+02,
    3.89471985e+02, 2.48567993e+02, 3.86595001e+02, 2.30438995e+02,
    3.85708008e+02, 2.44880997e+02, 3.90613007e+02, 2.66647003e+02,
    3.39074005e+02 ]
noOfLandmarkPoint: 68
