%YAML:1.0
landmark: [ 7.55299988e+01, 3.24992004e+02, 9.17947998e+01,
    3.63364990e+02, 1.11776001e+02, 3.99959991e+02, 1.32496994e+02,
    4.36139008e+02, 1.59740005e+02, 4.67528992e+02, 1.91925003e+02,
    4.93964996e+02, 2.30205994e+02, 5.10074005e+02, 2.71216003e+02,
    5.05487000e+02, 3.08102997e+02, 4.86859009e+02, 3.32052002e+02,
    4.52907990e+02, 3.48717010e+02, 4.14924988e+02, 3.55152008e+02,
    3.73750000e+02, 3.57376007e+02, 3.32135010e+02, 3.54687012e+02,
    2.90535004e+02, 3.50786011e+02, 2.49018997e+02, 3.11630005e+02,
    2.19214005e+02, 2.76696991e+02, 2.12804001e+02, 2.32514999e+02,
    2.33317001e+02, 2.16955994e+02, 2.56032013e+02, 2.47266006e+02,
    2.50766998e+02, 2.78903015e+02, 2.29149002e+02, 8.13740997e+01,
    2.80576996e+02, 1.00767998e+02, 2.59076996e+02, 1.46772995e+02,
    2.56165985e+02, 1.75464005e+02, 2.74148987e+02, 1.42701996e+02,
    2.78332001e+02, 1.11466003e+02, 2.79101013e+02, 1.18507004e+02,
    3.09657990e+02, 1.34255005e+02, 2.91958008e+02, 1.64675003e+02,
    2.98095001e+02, 1.43369003e+02, 3.12389008e+02, 1.39229996e+02,
    2.99278015e+02, 2.93796997e+02, 2.60964996e+02, 2.67526001e+02,
    2.53695999e+02, 2.47862000e+02, 2.75325989e+02, 2.76615997e+02,
    2.78519012e+02, 2.72475006e+02, 2.62459991e+02, 1.85397995e+02,
    2.98109009e+02, 1.89488998e+02, 3.49536987e+02, 1.84813995e+02,
    3.72912994e+02, 1.95917999e+02, 3.88108002e+02, 2.26891006e+02,
    3.84016998e+02, 2.63709015e+02, 3.70575989e+02, 2.63125000e+02,
    3.54796997e+02, 2.45007996e+02, 3.36679993e+02, 2.25138000e+02,
    2.85837006e+02, 2.04684006e+02, 3.79342010e+02, 2.45591995e+02,
    3.68821991e+02, 1.92410995e+02, 4.41872986e+02, 2.10360992e+02,
    4.25923004e+02, 2.25501999e+02, 4.16994995e+02, 2.35656998e+02,
    4.18497009e+02, 2.46042007e+02, 4.10505005e+02, 2.68809998e+02,
    4.10640015e+02, 2.93514008e+02, 4.13821991e+02, 2.89628998e+02,
    4.30013000e+02, 2.71841003e+02, 4.43705994e+02, 2.43839005e+02,
    4.54145996e+02, 2.27063995e+02, 4.56109985e+02, 2.10110001e+02,
    4.53479004e+02, 2.23115005e+02, 4.33294006e+02, 2.38934998e+02,
    4.29570007e+02, 2.67859009e+02, 4.20266998e+02, 2.66776001e+02,
    4.20429993e+02, 2.38878998e+02, 4.29437012e+02, 2.25444000e+02,
    4.32632996e+02, 2.38878998e+02, 4.28035004e+02, 2.21046997e+02,
    3.64731995e+02 ]
noOfLandmarkPoint: 68
