%YAML:1.0
landmark: [ 1.03578003e+02, 2.44363007e+02, 1.06627998e+02,
    2.76003998e+02, 1.12869003e+02, 3.07177002e+02, 1.22752998e+02,
    3.37302002e+02, 1.39544998e+02, 3.64255005e+02, 1.63740997e+02,
    3.84472992e+02, 1.90692993e+02, 4.01303009e+02, 2.21281998e+02,
    4.09093994e+02, 2.52214996e+02, 4.03191010e+02, 2.77101990e+02,
    3.83666992e+02, 2.97878998e+02, 3.59618988e+02, 3.13843994e+02,
    3.32269012e+02, 3.20613007e+02, 3.01238007e+02, 3.26337006e+02,
    2.69996002e+02, 3.26407013e+02, 2.38209000e+02, 3.12661011e+02,
    2.12320999e+02, 2.92161011e+02, 1.99143005e+02, 2.58130005e+02,
    2.04110992e+02, 2.44570999e+02, 2.20375000e+02, 2.66617004e+02,
    2.14257996e+02, 2.89231995e+02, 2.10125000e+02, 1.31089005e+02,
    2.24035995e+02, 1.60604004e+02, 2.03863007e+02, 1.86804993e+02,
    2.07882996e+02, 2.14554001e+02, 2.24768005e+02, 1.81033005e+02,
    2.19983002e+02, 1.59643005e+02, 2.14518005e+02, 1.59429993e+02,
    2.40007004e+02, 1.76645004e+02, 2.30179001e+02, 1.97427994e+02,
    2.41951996e+02, 1.77414993e+02, 2.48317993e+02, 1.76481995e+02,
    2.37214005e+02, 2.89696991e+02, 2.34459000e+02, 2.71230988e+02,
    2.26692993e+02, 2.51337997e+02, 2.41248993e+02, 2.73226990e+02,
    2.44363007e+02, 2.70928986e+02, 2.33554001e+02, 2.12136002e+02,
    2.46121002e+02, 2.11695999e+02, 2.79962006e+02, 2.01147995e+02,
    3.00179993e+02, 2.06421997e+02, 3.12485992e+02, 2.32856995e+02,
    3.19213989e+02, 2.53009995e+02, 3.11606995e+02, 2.56526001e+02,
    2.98421997e+02, 2.47735992e+02, 2.80841003e+02, 2.42901001e+02,
    2.44802002e+02, 2.15953995e+02, 3.06928986e+02, 2.45977997e+02,
    3.08091003e+02, 1.83453003e+02, 3.40904999e+02, 2.09371994e+02,
    3.36700989e+02, 2.23779007e+02, 3.36640991e+02, 2.33022003e+02,
    3.38371002e+02, 2.43320007e+02, 3.35042999e+02, 2.56891998e+02,
    3.37459991e+02, 2.73696991e+02, 3.39306000e+02, 2.59442993e+02,
    3.48464996e+02, 2.46682007e+02, 3.55166992e+02, 2.31949997e+02,
    3.58313995e+02, 2.17921005e+02, 3.56473999e+02, 2.04363998e+02,
    3.51747986e+02, 2.16606995e+02, 3.44933990e+02, 2.32483002e+02,
    3.46411987e+02, 2.47682007e+02, 3.44662994e+02, 2.48667999e+02,
    3.41122009e+02, 2.32839005e+02, 3.41971008e+02, 2.17919998e+02,
    3.40493011e+02, 2.32660995e+02, 3.44102997e+02, 2.35869003e+02,
    3.01497986e+02 ]
noOfLandmarkPoint: 68
