%YAML:1.0
landmark: [ 7.91477966e+01, 2.82221008e+02, 7.75132980e+01,
    3.39636993e+02, 8.18289032e+01, 3.96975006e+02, 9.52660980e+01,
    4.52712006e+02, 1.15174004e+02, 5.06649994e+02, 1.47171997e+02,
    5.52286987e+02, 1.93552002e+02, 5.85835999e+02, 2.50524994e+02,
    5.91200989e+02, 3.07686005e+02, 5.89500977e+02, 3.53894989e+02,
    5.56008972e+02, 3.93450012e+02, 5.14784973e+02, 4.14302002e+02,
    4.61360992e+02, 4.26658997e+02, 4.05220001e+02, 4.35928986e+02,
    3.48473999e+02, 4.42785004e+02, 2.91382996e+02, 4.27281006e+02,
    2.52623001e+02, 4.03321014e+02, 2.18796005e+02, 3.45532990e+02,
    2.19501007e+02, 3.13115997e+02, 2.39938004e+02, 3.56104004e+02,
    2.43462006e+02, 3.99092010e+02, 2.34300003e+02, 1.08746002e+02,
    2.47690002e+02, 1.32001999e+02, 2.06110992e+02, 1.93313004e+02,
    2.07520996e+02, 2.38414993e+02, 2.35710007e+02, 1.96132004e+02,
    2.34300003e+02, 1.43981995e+02, 2.22320007e+02, 1.44916000e+02,
    2.73440002e+02, 1.74285995e+02, 2.51214005e+02, 2.16569000e+02,
    2.72355011e+02, 1.76514008e+02, 2.83997986e+02, 1.77104004e+02,
    2.66717010e+02, 3.91463013e+02, 2.86345001e+02, 3.62446991e+02,
    2.61783997e+02, 3.20868011e+02, 2.77993011e+02, 3.60717010e+02,
    2.97041992e+02, 3.61036987e+02, 2.73765015e+02, 2.40529999e+02,
    2.77287994e+02, 2.30662994e+02, 3.45647003e+02, 2.10931000e+02,
    3.70312012e+02, 2.33481995e+02, 3.93567993e+02, 2.66604004e+02,
    3.94272003e+02, 2.97612000e+02, 3.97091003e+02, 3.22277008e+02,
    3.77359009e+02, 3.08183014e+02, 3.50579987e+02, 3.01841003e+02,
    2.80812012e+02, 2.40529999e+02, 3.80178009e+02, 2.91269989e+02,
    3.82291992e+02, 1.98246002e+02, 4.66153992e+02, 2.24065994e+02,
    4.48050995e+02, 2.49690994e+02, 4.42194000e+02, 2.63785004e+02,
    4.50649994e+02, 2.84927002e+02, 4.44308014e+02, 3.07640015e+02,
    4.52191010e+02, 3.30028992e+02, 4.76019989e+02, 3.14777008e+02,
    4.85747009e+02, 2.91987000e+02, 4.94704010e+02, 2.60967010e+02,
    4.99276001e+02, 2.36431000e+02, 4.94074005e+02, 2.15188995e+02,
    4.84092010e+02, 2.28279999e+02, 4.65617004e+02, 2.59557007e+02,
    4.70382996e+02, 2.96518005e+02, 4.69395996e+02, 2.96359009e+02,
    4.62450012e+02, 2.62376007e+02, 4.62631012e+02, 2.30759003e+02,
    4.58750000e+02, 2.62916992e+02, 4.63549011e+02, 2.67308990e+02,
    3.63968994e+02 ]
noOfLandmarkPoint: 68
