%YAML:1.0
landmark: [ 9.06993027e+01, 2.45460999e+02, 9.83958969e+01,
    2.80273987e+02, 1.08416000e+02, 3.14463013e+02, 1.21462997e+02,
    3.47640991e+02, 1.39171997e+02, 3.78500000e+02, 1.64647995e+02,
    4.03174988e+02, 1.96488998e+02, 4.19053986e+02, 2.30697998e+02,
    4.26196991e+02, 2.65167999e+02, 4.17386993e+02, 2.94210999e+02,
    3.97265991e+02, 3.18442993e+02, 3.71438995e+02, 3.33572998e+02,
    3.39263000e+02, 3.40815002e+02, 3.04377991e+02, 3.45898987e+02,
    2.69109009e+02, 3.45328003e+02, 2.33485001e+02, 3.26582001e+02,
    2.17343002e+02, 2.97039001e+02, 1.93376007e+02, 2.67170013e+02,
    1.96376999e+02, 2.46912994e+02, 2.12136002e+02, 2.72747986e+02,
    2.08179993e+02, 2.94015991e+02, 2.05660995e+02, 1.11528000e+02,
    2.25673996e+02, 1.35891998e+02, 2.01817001e+02, 1.68817001e+02,
    2.02339996e+02, 1.96404007e+02, 2.16822006e+02, 1.66203003e+02,
    2.13697998e+02, 1.42570999e+02, 2.13792007e+02, 1.36949005e+02,
    2.38214996e+02, 1.60104996e+02, 2.21968994e+02, 1.89664993e+02,
    2.41328003e+02, 1.61794006e+02, 2.53028000e+02, 1.59432999e+02,
    2.36608994e+02, 3.02256012e+02, 2.32862000e+02, 2.76929993e+02,
    2.21850006e+02, 2.52490997e+02, 2.39516006e+02, 2.81601990e+02,
    2.46658005e+02, 2.78677002e+02, 2.32964005e+02, 2.03694000e+02,
    2.47024002e+02, 2.02132004e+02, 2.90243011e+02, 1.94320999e+02,
    3.08467987e+02, 2.04735992e+02, 3.23567993e+02, 2.32854004e+02,
    3.27734009e+02, 2.53682999e+02, 3.19923004e+02, 2.62535004e+02,
    3.05342987e+02, 2.49516998e+02, 2.83472992e+02, 2.43789001e+02,
    2.45981995e+02, 2.12197998e+02, 3.19007996e+02, 2.44641006e+02,
    3.16700989e+02, 1.79740997e+02, 3.57934998e+02, 1.97014008e+02,
    3.51753998e+02, 2.14473999e+02, 3.49235992e+02, 2.29729996e+02,
    3.50125000e+02, 2.44466003e+02, 3.46769989e+02, 2.61101990e+02,
    3.48096985e+02, 2.77114990e+02, 3.51165985e+02, 2.64494995e+02,
    3.61835999e+02, 2.47020996e+02, 3.70223999e+02, 2.30770996e+02,
    3.73557007e+02, 2.12076996e+02, 3.71962006e+02, 1.96556000e+02,
    3.66881012e+02, 2.08772995e+02, 3.60226990e+02, 2.30746002e+02,
    3.62889008e+02, 2.52024994e+02, 3.57838989e+02, 2.50714005e+02,
    3.53300995e+02, 2.29802994e+02, 3.56118011e+02, 2.08539001e+02,
    3.55131012e+02, 2.30294998e+02, 3.60216003e+02, 2.30250000e+02,
    3.07425995e+02 ]
noOfLandmarkPoint: 68
