%YAML:1.0
landmark: [ 5.22350998e+01, 2.51951004e+02, 5.35951996e+01,
    2.92924988e+02, 5.98433990e+01, 3.33423004e+02, 6.88345032e+01,
    3.73402008e+02, 8.93271027e+01, 4.08588013e+02, 1.20427002e+02,
    4.35071014e+02, 1.57591003e+02, 4.52191010e+02, 1.97516998e+02,
    4.60856995e+02, 2.37593994e+02, 4.53807007e+02, 2.70462006e+02,
    4.29678986e+02, 2.96842010e+02, 3.98591003e+02, 3.10687012e+02,
    3.60065002e+02, 3.16002991e+02, 3.19527008e+02, 3.18308014e+02,
    2.78592987e+02, 3.14773010e+02, 2.37787003e+02, 2.99092010e+02,
    2.25141006e+02, 2.83454010e+02, 1.95858002e+02, 2.33835999e+02,
    1.91248993e+02, 2.01968002e+02, 2.07436005e+02, 2.35354004e+02, 213.,
    2.74304993e+02, 2.11988998e+02, 7.39868011e+01, 2.36270004e+02,
    9.62776031e+01, 2.02539001e+02, 1.47841003e+02, 1.97319000e+02,
    1.70604996e+02, 2.08953995e+02, 1.48347000e+02, 2.15024002e+02,
    1.02820000e+02, 2.17552994e+02, 9.87932968e+01, 2.39184998e+02,
    1.21141998e+02, 2.24139008e+02, 1.53500000e+02, 2.36132004e+02,
    1.21030998e+02, 2.41834000e+02, 1.24571999e+02, 2.33740005e+02,
    2.71774994e+02, 2.30705002e+02, 2.44720993e+02, 2.18522003e+02,
    2.22873993e+02, 2.31863998e+02, 2.49011993e+02, 2.32729004e+02,
    2.46988998e+02, 2.26153000e+02, 1.72121994e+02, 2.38292999e+02,
    1.67570007e+02, 2.71174011e+02, 1.59475998e+02, 2.92924988e+02,
    1.63522995e+02, 3.07088989e+02, 1.95897003e+02, 3.14170990e+02,
    2.24225006e+02, 3.06076996e+02, 2.29283997e+02, 2.88877991e+02,
    2.18660995e+02, 2.65609009e+02, 2.10061005e+02, 2.36776001e+02,
    1.76169006e+02, 3.00513000e+02, 2.11072998e+02, 2.98996002e+02,
    1.48852997e+02, 3.61214996e+02, 1.65429993e+02, 3.52104004e+02,
    1.82087997e+02, 3.46839996e+02, 1.95897003e+02, 3.47052002e+02,
    2.08481003e+02, 3.45079010e+02, 2.26671005e+02, 3.49459991e+02,
    2.45470993e+02, 3.55144989e+02, 2.28373001e+02, 3.64057007e+02,
    2.08207001e+02, 3.65639008e+02, 1.96156006e+02, 3.67515991e+02,
    1.76550995e+02, 3.65748993e+02, 1.62425995e+02, 3.66868011e+02,
    1.73785004e+02, 3.53703003e+02, 1.95421005e+02, 3.55681000e+02,
    2.17850998e+02, 3.52563995e+02, 2.19348999e+02, 3.54174988e+02,
    1.95940994e+02, 3.56338989e+02, 173., 3.55807007e+02, 1.95589996e+02,
    3.57404999e+02, 1.95897003e+02, 2.88877991e+02 ]
noOfLandmarkPoint: 68
