%YAML:1.0
landmark: [ 9.37595978e+01, 2.16503006e+02, 9.44824982e+01,
    2.49608002e+02, 9.97032013e+01, 2.82294006e+02, 1.08745003e+02,
    3.14126007e+02, 1.24443001e+02, 3.43197998e+02, 1.46639008e+02,
    3.67695007e+02, 1.74117996e+02, 3.85841003e+02, 2.06796005e+02,
    3.90049011e+02, 2.39559006e+02, 3.86377991e+02, 2.67390015e+02,
    3.68846985e+02, 2.88420990e+02, 3.43395996e+02, 3.02618011e+02,
    3.13535004e+02, 3.11747009e+02, 2.81707001e+02, 3.19049988e+02,
    2.49406998e+02, 3.22783997e+02, 2.16503006e+02, 2.98535004e+02,
    1.96744003e+02, 2.64738007e+02, 1.82893005e+02, 2.39022003e+02,
    1.87927994e+02, 2.24886993e+02, 1.97641998e+02, 2.36548004e+02,
    1.96369003e+02, 2.66651001e+02, 1.90007996e+02, 1.15764000e+02,
    1.90906006e+02, 1.35686996e+02, 1.85533005e+02, 1.55268997e+02,
    1.90186005e+02, 1.67406998e+02, 1.98988998e+02, 1.48761002e+02,
    1.98298004e+02, 1.30582993e+02, 1.92253006e+02, 1.26966003e+02,
    2.17979004e+02, 1.45839005e+02, 2.07261993e+02, 1.68686996e+02,
    2.21369003e+02, 1.45572006e+02, 2.24227005e+02, 1.44953003e+02,
    2.14257996e+02, 2.68911011e+02, 2.17106995e+02, 2.46992004e+02,
    2.06503998e+02, 2.27289993e+02, 2.21251999e+02, 2.49009995e+02,
    2.24619995e+02, 2.47341003e+02, 2.14257996e+02, 1.81328003e+02,
    2.25483994e+02, 1.78184006e+02, 2.51080994e+02, 1.70550003e+02,
    2.74433014e+02, 1.72796005e+02, 2.89252014e+02, 1.99740005e+02,
    2.99131989e+02, 2.21294998e+02, 2.92845001e+02, 2.30725006e+02,
    2.73984009e+02, 2.19050003e+02, 2.50182999e+02, 2.13212006e+02,
    2.26382996e+02, 1.80214996e+02, 2.88278015e+02, 2.14164993e+02,
    2.87509003e+02, 1.58425003e+02, 3.12604004e+02, 1.73035004e+02,
    3.11252014e+02, 1.86695999e+02, 3.10727997e+02, 1.99291000e+02,
    3.11256012e+02, 2.15483002e+02, 3.09933014e+02, 2.30830994e+02,
    3.10411011e+02, 2.44645996e+02, 3.13502014e+02, 2.33319000e+02,
    3.31501007e+02, 2.18248001e+02, 3.40872009e+02, 2.01087006e+02,
    3.46733002e+02, 1.82054993e+02, 3.41243011e+02, 1.69274994e+02,
    3.31476990e+02, 1.81516998e+02, 3.27458008e+02, 1.99740005e+02,
    3.28769989e+02, 2.23082993e+02, 3.25542999e+02, 2.21069000e+02,
    3.14359009e+02, 1.99908005e+02, 3.16959015e+02, 1.82320007e+02,
    3.15580994e+02, 2.00542007e+02, 3.24421997e+02, 1.99291000e+02,
    2.77575989e+02 ]
noOfLandmarkPoint: 68
