%YAML:1.0
landmark: [ 8.35034027e+01, 2.83804993e+02, 8.99075012e+01,
    3.37009003e+02, 1.01730003e+02, 3.75433014e+02, 1.16509003e+02,
    3.98587006e+02, 1.33257996e+02, 4.18783997e+02, 1.54934006e+02,
    4.40459991e+02, 1.85477005e+02, 4.53760986e+02, 2.19468002e+02,
    4.56716003e+02, 2.55837997e+02, 4.46063995e+02, 2.79567993e+02,
    4.30114990e+02, 2.98286987e+02, 4.08932007e+02, 3.13066010e+02,
    3.86270996e+02, 3.24397003e+02, 3.54743011e+02, 3.30308014e+02,
    3.11391998e+02, 3.32225006e+02, 2.69203003e+02, 3.07154999e+02,
    2.43903000e+02, 2.90406006e+02, 2.26660995e+02, 2.58059998e+02,
    2.31845001e+02, 2.40158005e+02, 2.43410004e+02, 2.59781006e+02,
    2.42727997e+02, 2.87941986e+02, 2.38977005e+02, 1.07149002e+02,
    2.52770004e+02, 1.26853996e+02, 2.33065002e+02, 1.64294006e+02,
    2.35528000e+02, 1.82028000e+02, 2.46858994e+02, 1.57231003e+02,
    2.44130005e+02, 1.31781006e+02, 2.44395004e+02, 1.25670998e+02,
    2.74789001e+02, 1.48001999e+02, 2.63808990e+02, 1.68886993e+02,
    2.73623993e+02, 1.47776993e+02, 2.82615997e+02, 1.43604004e+02,
    2.72475006e+02, 2.88023010e+02, 2.69928009e+02, 2.65476990e+02,
    2.58815002e+02, 2.44977005e+02, 2.74015015e+02, 2.67316986e+02,
    2.77013000e+02, 2.61833008e+02, 2.67056000e+02, 1.91880997e+02,
    2.78386993e+02, 1.91388000e+02, 3.23708008e+02, 1.84490997e+02,
    3.38487000e+02, 1.87940002e+02, 3.52773010e+02, 2.16018997e+02,
    3.58191986e+02, 2.43606003e+02, 3.49816986e+02, 2.47546997e+02,
    3.34053009e+02, 2.40158005e+02, 3.19273987e+02, 2.34738998e+02,
    2.77894012e+02, 2.04195999e+02, 3.49324005e+02, 2.31291000e+02,
    3.47846985e+02, 1.76608994e+02, 3.94645996e+02, 1.85923004e+02,
    3.83028992e+02, 2.04679001e+02, 3.78302002e+02, 2.19781998e+02,
    3.79510010e+02, 2.31785995e+02, 3.76785004e+02, 2.44919006e+02,
    3.79351990e+02, 2.52473007e+02, 3.87748993e+02, 2.45028000e+02,
    3.96721008e+02, 2.30369003e+02, 4.00520996e+02, 2.18684006e+02,
    4.02240997e+02, 2.00472000e+02, 4.01632996e+02, 1.85487000e+02,
    3.99984009e+02, 1.93897995e+02, 3.93338989e+02, 2.18335007e+02,
    3.93164001e+02, 2.38233994e+02, 3.89847992e+02, 2.37884995e+02,
    3.86531006e+02, 2.17811005e+02, 3.88799988e+02, 1.94421005e+02,
    3.89148987e+02, 2.17934006e+02, 3.91450012e+02, 2.16018997e+02,
    3.41441986e+02 ]
noOfLandmarkPoint: 68
