%YAML:1.0
landmark: [ 9.53684998e+01, 2.95048004e+02, 1.02332001e+02,
    3.30381989e+02, 1.12885002e+02, 3.64792999e+02, 1.25529999e+02,
    3.98510986e+02, 1.41608002e+02, 4.30695007e+02, 1.66095001e+02,
    4.56789001e+02, 1.97882996e+02, 4.73134003e+02, 2.33725006e+02,
    4.75144989e+02, 2.67179993e+02, 4.64075012e+02, 2.93971985e+02,
    4.40007996e+02, 3.16040985e+02, 4.11746002e+02, 3.31723999e+02,
    3.79343994e+02, 3.40678009e+02, 3.44569000e+02, 3.44960999e+02,
    3.08808990e+02, 3.49528992e+02, 2.73084015e+02, 3.17627991e+02,
    2.57394989e+02, 3.00893005e+02, 2.45367004e+02, 2.60625000e+02,
    2.46412994e+02, 2.39184006e+02, 2.62101013e+02, 2.60576996e+02,
    2.59330994e+02, 2.93279999e+02, 2.55477005e+02, 1.09488998e+02,
    2.60010010e+02, 1.25177002e+02, 2.49026993e+02, 1.60738998e+02,
    2.50595993e+02, 1.82181000e+02, 2.63670013e+02, 1.56554993e+02,
    2.62101013e+02, 1.28666000e+02, 2.59394012e+02, 1.29959000e+02,
    2.97227997e+02, 1.53251007e+02, 2.84062988e+02, 1.78408005e+02,
    2.93673004e+02, 1.55141006e+02, 3.03208008e+02, 1.56554993e+02,
    2.95048004e+02, 3.01423004e+02, 2.79786011e+02, 2.70915009e+02,
    2.69864014e+02, 2.50979004e+02, 2.87428986e+02, 2.74636993e+02,
    2.95359009e+02, 2.71084015e+02, 2.81450989e+02, 1.96824005e+02,
    2.93479004e+02, 1.90024994e+02, 3.32178986e+02, 1.81658005e+02,
    3.50481995e+02, 1.87410004e+02, 3.72446991e+02, 2.19311005e+02,
    3.74015991e+02, 2.50688995e+02, 3.67217010e+02, 2.58532990e+02,
    3.47345001e+02, 2.43889999e+02, 3.26425995e+02, 235., 2.92955994e+02,
    1.98391998e+02, 3.61987000e+02, 2.38660995e+02, 3.59372986e+02,
    1.71197998e+02, 3.96502991e+02, 1.88367004e+02, 3.89170990e+02,
    2.06759995e+02, 3.87089996e+02, 2.21925995e+02, 3.90751007e+02,
    2.39184006e+02, 3.85520996e+02, 2.57674011e+02, 3.87980011e+02,
    2.75268005e+02, 3.94411011e+02, 2.59170990e+02, 4.10371002e+02,
    2.46580994e+02, 4.18881989e+02, 2.30082001e+02, 4.24816010e+02,
    2.08205994e+02, 4.21531006e+02, 1.93475006e+02, 4.13075012e+02,
    2.02184006e+02, 4.03476013e+02, 2.26690002e+02, 4.06953003e+02,
    2.50434998e+02, 3.99005005e+02, 2.48628998e+02, 3.92036987e+02,
    2.24541000e+02, 3.97549011e+02, 2.00246994e+02, 3.94489014e+02,
    2.25587006e+02, 4.00687012e+02, 2.16695999e+02, 3.50481995e+02 ]
noOfLandmarkPoint: 68
