%YAML:1.0
landmark: [ 7.06799011e+01, 2.51779999e+02, 7.40848999e+01,
    3.02833008e+02, 8.61421967e+01, 3.52587006e+02, 9.87353973e+01,
    4.02207001e+02, 1.22297997e+02, 4.47420990e+02, 1.58929993e+02,
    4.83023987e+02, 2.02001007e+02, 5.10408997e+02, 2.52216995e+02,
    5.17721985e+02, 3.01790985e+02, 5.05684998e+02, 3.44419006e+02,
    4.77903992e+02, 3.74821991e+02, 4.36959015e+02, 3.91928986e+02,
    3.88799011e+02, 4.03450989e+02, 3.38904999e+02, 4.12204010e+02,
    2.88453003e+02, 4.18207001e+02, 2.37595001e+02, 3.64127014e+02,
    2.13658005e+02, 3.30057007e+02, 2.01589005e+02, 2.75480011e+02,
    2.09445999e+02, 2.54195007e+02, 2.26955994e+02, 2.78899994e+02,
    2.28848007e+02, 3.28665009e+02, 2.18091003e+02, 1.00822998e+02,
    2.25182999e+02, 1.26859001e+02, 2.14016006e+02, 1.63917007e+02,
    2.16712997e+02, 1.93024002e+02, 2.36707993e+02, 1.63266998e+02,
    2.35223999e+02, 1.31852005e+02, 2.34048996e+02, 1.18377998e+02,
    2.56437988e+02, 1.46632004e+02, 2.39970993e+02, 1.85044998e+02,
    2.61532013e+02, 1.47809998e+02, 2.68623993e+02, 1.47809998e+02,
    2.50893005e+02, 3.38493988e+02, 2.49246002e+02, 3.05621002e+02,
    2.30862000e+02, 2.72342010e+02, 2.55220001e+02, 3.08914001e+02,
    2.62763000e+02, 3.07388000e+02, 2.43800995e+02, 2.03662003e+02,
    2.64191010e+02, 1.96570007e+02, 3.20929993e+02, 1.81498001e+02,
    3.49299988e+02, 1.90363998e+02, 3.69690002e+02, 2.22279999e+02,
    3.79441986e+02, 2.57740997e+02, 3.71463989e+02, 2.71040009e+02,
    3.53733002e+02, 2.55082001e+02, 3.20929993e+02, 2.48876007e+02,
    2.61532013e+02, 1.99229004e+02, 3.67916992e+02, 2.47102997e+02,
    3.67031006e+02, 1.67311996e+02, 4.21454987e+02, 1.98203995e+02,
    4.09563995e+02, 2.12602005e+02, 4.05617004e+02, 2.25826004e+02,
    4.06924988e+02, 2.40108994e+02, 4.02005005e+02, 2.64489014e+02,
    4.06148010e+02, 2.94013000e+02, 4.13674988e+02, 2.69705994e+02,
    4.24044006e+02, 2.50699005e+02, 4.29040985e+02, 2.26712006e+02,
    4.32635010e+02, 2.09787994e+02, 4.32291992e+02, 1.92606995e+02,
    4.28421997e+02, 2.10860992e+02, 4.17101990e+02, 2.26494995e+02,
    4.18398010e+02, 2.55246994e+02, 4.14098999e+02, 2.56179993e+02,
    4.11727997e+02, 2.26216995e+02, 4.14507996e+02, 2.13074997e+02,
    4.15130005e+02, 2.27050003e+02, 4.16453003e+02, 2.19619995e+02,
    3.57278992e+02 ]
noOfLandmarkPoint: 68
