%YAML:1.0
landmark: [ 5.44303017e+01, 2.78226990e+02, 6.09552994e+01,
    3.22436005e+02, 7.17266998e+01, 3.65773987e+02, 8.98910980e+01,
    4.06519989e+02, 1.16681999e+02, 4.42181000e+02, 1.50184998e+02,
    4.71647003e+02, 1.89850006e+02, 4.91769989e+02, 2.34112000e+02,
    4.95915985e+02, 2.76117004e+02, 4.82092010e+02, 3.09593994e+02,
    4.52671997e+02, 3.36248993e+02, 4.16884003e+02, 3.53709991e+02,
    3.75959015e+02, 3.59128998e+02, 3.31626007e+02, 3.64588013e+02,
    2.87274994e+02, 3.64427002e+02, 2.42606003e+02, 3.18216003e+02,
    2.32979004e+02, 2.98841003e+02, 2.17526993e+02, 2.52587006e+02,
    2.24222000e+02, 2.22906998e+02, 2.38755005e+02, 2.42514999e+02,
    2.40369995e+02, 2.86669006e+02, 2.34567993e+02, 8.23492966e+01,
    2.59934998e+02, 9.80018005e+01, 2.41871002e+02, 1.51102997e+02,
    2.38606003e+02, 1.72845001e+02, 2.50307999e+02, 1.47731995e+02,
    2.51600006e+02, 1.20268997e+02, 2.51177994e+02, 1.05875999e+02,
    2.74240997e+02, 1.27122002e+02, 2.53962006e+02, 1.56011002e+02,
    2.70942993e+02, 1.28479996e+02, 2.81221008e+02, 1.27597000e+02,
    2.65712006e+02, 2.95157990e+02, 2.51033005e+02, 2.68773987e+02,
    2.39389999e+02, 2.41479004e+02, 2.63132996e+02, 2.74338989e+02,
    2.64967010e+02, 2.70079987e+02, 2.49345001e+02, 1.78621994e+02,
    2.73412994e+02, 1.75294998e+02, 3.22816010e+02, 1.66166000e+02,
    3.52028992e+02, 1.71033997e+02, 3.70894989e+02, 2.04615005e+02,
    3.74498993e+02, 2.39807007e+02, 3.64200989e+02, 2.44675003e+02,
    3.36812988e+02, 2.23373993e+02, 3.11860992e+02, 2.19113998e+02,
    2.70476013e+02, 1.83205994e+02, 3.62983002e+02, 2.25199997e+02,
    3.59332001e+02, 1.59367004e+02, 4.10119995e+02, 1.74722000e+02,
    4.00084991e+02, 1.94085999e+02, 3.95929993e+02, 2.09429001e+02,
    3.95678986e+02, 2.25018005e+02, 3.90083008e+02, 2.45063004e+02,
    3.87856995e+02, 2.74894012e+02, 3.90864990e+02, 2.57195007e+02,
    4.07606995e+02, 2.37468002e+02, 4.16932007e+02, 2.16167999e+02,
    4.23597992e+02, 1.90203003e+02, 4.22375000e+02, 1.72447998e+02,
    4.18079010e+02, 1.85949005e+02, 4.11196014e+02, 2.11934998e+02,
    4.10306000e+02, 2.40923004e+02, 4.02049988e+02, 2.39014999e+02,
    3.93481995e+02, 2.10578003e+02, 4.00796997e+02, 1.86082993e+02,
    4.02359009e+02, 2.11684998e+02, 4.06691010e+02, 2.00246994e+02,
    3.52636993e+02 ]
noOfLandmarkPoint: 68
