%YAML:1.0
landmark: [ 1.75937004e+01, 2.80864014e+02, 1.75844994e+01,
    3.28398987e+02, 1.90429001e+01, 3.75884003e+02, 3.08553009e+01,
    4.21812988e+02, 5.23848000e+01, 4.63781006e+02, 8.70771027e+01,
    4.97846985e+02, 1.24077003e+02, 5.25843994e+02, 1.70580994e+02,
    5.28817993e+02, 2.16296005e+02, 5.15893005e+02, 2.59856995e+02,
    4.97110992e+02, 2.97041992e+02, 4.67807007e+02, 3.22947998e+02,
    4.28083008e+02, 3.42636993e+02, 3.85101990e+02, 3.52362000e+02,
    3.38614990e+02, 3.55868011e+02, 2.91226013e+02, 3.19907013e+02,
    2.58921997e+02, 2.71716003e+02, 2.16630997e+02, 2.06893997e+02,
    2.14350006e+02, 1.76673996e+02, 2.35151001e+02, 2.17362000e+02,
    2.37425003e+02, 2.59998993e+02, 2.38037003e+02, 2.18602009e+01,
    2.35761002e+02, 4.86782990e+01, 2.08942993e+02, 9.19325027e+01,
    2.12455994e+02, 1.18162003e+02, 2.46121994e+02, 8.71398010e+01,
    2.33270004e+02, 5.52074013e+01, 2.27994003e+02, 4.36799011e+01,
    2.74408997e+02, 7.14019012e+01, 2.61667999e+02, 1.06113998e+02,
    2.74822998e+02, 7.29572983e+01, 2.85281006e+02, 7.97630005e+01,
    2.71112000e+02, 2.72234985e+02, 2.83394012e+02, 2.40156998e+02,
    2.62761993e+02, 2.02830994e+02, 2.78924988e+02, 2.38960999e+02,
    2.93514008e+02, 2.42500000e+02, 2.75377991e+02, 1.19380997e+02,
    2.85130005e+02, 1.04752998e+02, 3.35718994e+02, 9.25625992e+01,
    3.58880005e+02, 9.98766022e+01, 3.79604004e+02, 1.32789993e+02,
    3.85088989e+02, 1.70578995e+02, 3.82041992e+02, 1.81550003e+02,
    3.64975006e+02, 1.67531998e+02, 3.33890991e+02, 1.73626999e+02,
    2.87569000e+02, 1.12067001e+02, 3.72289001e+02, 1.53513000e+02,
    3.74726990e+02, 9.25625992e+01, 4.33239990e+02, 1.02778000e+02,
    4.21006012e+02, 1.25180000e+02, 4.18097992e+02, 1.40712997e+02,
    4.22877991e+02, 1.58113998e+02, 4.19506012e+02, 1.80264008e+02,
    4.27641998e+02, 1.94959000e+02, 4.39944000e+02, 1.89815002e+02,
    4.49148987e+02, 1.67848007e+02, 4.59132996e+02, 1.42542007e+02,
    4.65542999e+02, 1.09257004e+02, 4.57075989e+02, 9.38448029e+01,
    4.45912994e+02, 1.06166000e+02, 4.35419006e+02, 1.39347000e+02,
    4.43898987e+02, 1.77501999e+02, 4.40020996e+02, 1.75834000e+02,
    4.35518005e+02, 1.39274994e+02, 4.36131012e+02, 1.12077003e+02,
    4.30477997e+02, 1.40238007e+02, 4.37112000e+02, 1.23647003e+02,
    3.49738007e+02 ]
noOfLandmarkPoint: 68
