%YAML:1.0
landmark: [ 6.98572998e+01, 2.77406006e+02, 6.70931015e+01,
    3.15433014e+02, 6.76113968e+01, 3.53506989e+02, 7.69095001e+01,
    3.90407013e+02, 9.26417999e+01, 4.25066010e+02, 1.17331001e+02,
    4.53850006e+02, 1.50608002e+02, 4.72238007e+02, 1.86158005e+02,
    4.85981995e+02, 2.23492996e+02, 4.92360992e+02, 2.57165985e+02,
    4.76221985e+02, 2.79468994e+02, 4.45368988e+02, 3.01723999e+02,
    4.14457001e+02, 3.16649994e+02, 3.79415009e+02, 3.28497986e+02,
    3.43208008e+02, 3.33502014e+02, 3.05431000e+02, 3.29868988e+02,
    2.74291992e+02, 3.15816986e+02, 2.59092987e+02, 2.94058990e+02,
    2.62355988e+02, 2.79007996e+02, 2.77924988e+02, 3.01231995e+02,
    2.72565002e+02, 3.18277008e+02, 2.72628998e+02, 1.26427002e+02,
    2.57684998e+02, 1.71662003e+02, 2.35160004e+02, 1.99317993e+02,
    2.46645004e+02, 2.32819000e+02, 2.71178009e+02, 1.95104004e+02,
    2.59737000e+02, 1.66087006e+02, 2.51279007e+02, 1.57348007e+02,
    2.82089996e+02, 1.83119995e+02, 2.70221985e+02, 2.10315002e+02,
    2.92760986e+02, 1.79216995e+02, 2.94964996e+02, 1.78843994e+02,
    2.82596008e+02, 3.07936005e+02, 3.01307007e+02, 2.91526001e+02,
    2.89207001e+02, 2.67493988e+02, 2.99403992e+02, 2.90763000e+02,
    3.06994995e+02, 2.84717010e+02, 2.95571014e+02, 2.22438995e+02,
    3.02317993e+02, 2.22438995e+02, 3.36571014e+02, 2.09983002e+02,
    3.54734985e+02, 2.18806000e+02, 3.72898987e+02, 2.48906998e+02,
    3.85355011e+02, 2.68109009e+02, 3.76532013e+02, 2.73817993e+02,
    3.65114990e+02, 2.64308990e+02, 3.34679993e+02, 2.58248993e+02,
    3.04911987e+02, 2.29425003e+02, 3.70029999e+02, 2.59554993e+02,
    3.75812988e+02, 1.77806000e+02, 3.99368011e+02, 2.01292999e+02,
    3.96324005e+02, 2.24585999e+02, 3.97329987e+02, 2.36970001e+02,
    4.03519989e+02, 2.46597000e+02, 4.00912994e+02, 2.59752991e+02,
    4.04065002e+02, 2.74855988e+02, 4.09747009e+02, 2.63686005e+02,
    4.24963013e+02, 2.46253006e+02, 4.34488007e+02, 2.31261993e+02,
    4.37253998e+02, 2.07916000e+02, 4.29015015e+02, 1.91391006e+02,
    4.18437012e+02, 2.08513000e+02, 4.10261993e+02, 2.32388000e+02,
    4.16920990e+02, 2.52278000e+02, 4.16546997e+02, 2.53369003e+02,
    4.07972992e+02, 2.35125000e+02, 4.05878998e+02, 2.09197006e+02,
    4.00959015e+02, 2.33473999e+02, 4.10281006e+02, 2.56173004e+02,
    3.64076996e+02 ]
noOfLandmarkPoint: 68
