%YAML:1.0
landmark: [ 9.78292999e+01, 2.97367004e+02, 1.06397003e+02,
    3.35170013e+02, 1.18678001e+02, 3.71878998e+02, 1.35244995e+02,
    4.06917999e+02, 1.55205002e+02, 4.40092987e+02, 1.81863998e+02,
    4.68139008e+02, 2.11677994e+02, 4.92502014e+02, 2.49766998e+02,
    4.97169006e+02, 2.84799011e+02, 4.81792999e+02, 3.13113007e+02,
    4.55446991e+02, 3.33851013e+02, 4.22773987e+02, 3.49162994e+02,
    3.87226990e+02, 3.54316986e+02, 3.48899994e+02, 3.57071991e+02,
    3.10235992e+02, 3.61282990e+02, 2.71705994e+02, 3.39613007e+02,
    2.47755997e+02, 3.12523987e+02, 2.31492004e+02, 2.74143005e+02,
    2.34550995e+02, 2.43811996e+02, 2.51177002e+02, 2.76885986e+02,
    2.47755997e+02, 3.07679993e+02, 2.43194000e+02, 1.00681000e+02,
    2.69424988e+02, 1.18872002e+02, 2.49147003e+02, 1.60912003e+02,
    2.48957001e+02, 1.79945007e+02, 2.58019989e+02, 1.57134995e+02,
    2.60871002e+02, 1.29192993e+02, 2.60871002e+02, 1.33688995e+02,
    2.94170990e+02, 1.57115005e+02, 2.76665985e+02, 1.89729996e+02,
    2.87117004e+02, 1.60606003e+02, 2.97639008e+02, 1.58274994e+02,
    2.84251007e+02, 3.11795013e+02, 2.70515015e+02, 2.83174011e+02,
    2.57309998e+02, 2.60123993e+02, 2.77390015e+02, 2.87243988e+02,
    2.79658997e+02, 2.89432007e+02, 2.63722992e+02, 2.04464996e+02,
    2.91093994e+02, 2.02753998e+02, 3.33863007e+02, 1.89069000e+02,
    3.59523987e+02, 1.99332993e+02, 3.73209991e+02, 2.31837006e+02,
    3.76061005e+02, 2.63770996e+02, 3.68078003e+02, 2.70042999e+02,
    3.49829987e+02, 2.53505997e+02, 3.28160004e+02, 2.42671997e+02,
    2.86532013e+02, 2.09917007e+02, 3.69229004e+02, 2.48843994e+02,
    3.63497986e+02, 1.83936005e+02, 4.17688995e+02, 2.08904007e+02,
    4.08446014e+02, 2.24662994e+02, 4.04571991e+02, 2.37539001e+02,
    4.07424011e+02, 2.50468002e+02, 4.02225006e+02, 2.64122009e+02,
    4.04148010e+02, 2.88860992e+02, 4.06283997e+02, 2.72029999e+02,
    4.30765015e+02, 2.56729004e+02, 4.41174988e+02, 2.48373993e+02,
    4.45631012e+02, 2.25817993e+02, 4.43854004e+02, 2.08259995e+02,
    4.36329010e+02, 2.19761993e+02, 4.20911987e+02, 2.43085007e+02,
    4.22824005e+02, 2.56794006e+02, 4.17376007e+02, 2.56884003e+02,
    4.14404999e+02, 2.41694000e+02, 4.17348999e+02, 2.21003006e+02,
    4.18046997e+02, 2.42378998e+02, 4.18665985e+02, 2.26134003e+02,
    3.54962006e+02 ]
noOfLandmarkPoint: 68
