%YAML:1.0
landmark: [ 4.92473984e+01, 3.59992004e+02, 5.83939018e+01,
    4.07311005e+02, 7.30485001e+01, 4.53153992e+02, 9.69513016e+01,
    4.94947998e+02, 1.27195000e+02, 5.32281982e+02, 1.68266006e+02,
    5.57257019e+02, 2.12397003e+02, 5.76525024e+02, 2.59851013e+02,
    5.82190002e+02, 3.04873993e+02, 5.65546997e+02, 3.47782990e+02,
    5.43622009e+02, 3.85561005e+02, 5.13981995e+02, 4.11053986e+02,
    4.73308990e+02, 4.27940002e+02, 4.28174988e+02, 4.42997986e+02,
    3.82425995e+02, 4.48136993e+02, 3.34558990e+02, 4.00618988e+02,
    3.03102997e+02, 3.61799988e+02, 2.85032013e+02, 3.11360992e+02,
    3.00949005e+02, 2.98218994e+02, 3.09795990e+02, 3.16289001e+02,
    3.07787994e+02, 3.64476990e+02, 2.97079010e+02, 7.13336029e+01,
    3.17826996e+02, 9.94432983e+01, 3.03772003e+02, 1.35584000e+02,
    3.07787994e+02, 1.66371002e+02, 3.23851013e+02, 1.41608002e+02,
    3.21842987e+02, 1.06805000e+02, 3.13811005e+02, 1.04796997e+02,
    3.58653015e+02, 1.36923004e+02, 3.38575012e+02, 1.80425995e+02,
    3.61998993e+02, 1.45623001e+02, 3.74045990e+02, 1.50307999e+02,
    3.51290985e+02, 3.65816010e+02, 3.43928986e+02, 3.22312988e+02,
    3.24519989e+02, 2.84164001e+02, 3.55976013e+02, 3.23652008e+02,
    3.63338013e+02, 3.20973999e+02, 3.39243988e+02, 1.98496002e+02,
    3.66015015e+02, 1.93141998e+02, 4.28257996e+02, 1.89796005e+02,
    4.55028992e+02, 2.02511993e+02, 4.66407013e+02, 2.33968002e+02,
    4.65738007e+02, 2.63415985e+02, 4.62390991e+02, 2.80148010e+02,
    4.49674988e+02, 2.68101013e+02, 4.18888000e+02, 2.61408997e+02,
    3.61329987e+02, 2.11882004e+02, 4.57036987e+02, 2.53376999e+02,
    4.55028992e+02, 1.92699997e+02, 5.24218994e+02, 2.07421005e+02,
    5.10953003e+02, 2.25936996e+02, 5.05225006e+02, 2.39322006e+02,
    5.08571014e+02, 2.60070007e+02, 5.03885986e+02, 2.81322998e+02,
    5.07722992e+02, 2.98886993e+02, 5.17789978e+02, 2.90856995e+02,
    5.25973022e+02, 2.73455994e+02, 5.38689026e+02, 2.48022995e+02,
    5.46719971e+02, 2.21113998e+02, 5.43921997e+02, 2.02511993e+02,
    5.31327026e+02, 2.11212997e+02, 5.21956970e+02, 2.43511993e+02,
    5.21729980e+02, 2.74125000e+02, 5.19948975e+02, 2.71983002e+02,
    5.12783997e+02, 2.42061005e+02, 5.16960022e+02, 2.14860001e+02,
    5.15804016e+02, 2.43098007e+02, 5.19448975e+02, 2.29953003e+02,
    4.36959015e+02 ]
noOfLandmarkPoint: 68
