%YAML:1.0
landmark: [ 9.50714035e+01, 2.46856995e+02, 9.43001022e+01,
    2.85984985e+02, 9.77071991e+01, 3.24979004e+02, 1.02474998e+02,
    3.63746002e+02, 1.13761002e+02, 4.01214996e+02, 1.31582001e+02,
    4.34079010e+02, 1.67337997e+02, 4.46473999e+02, 2.06511993e+02,
    4.44341003e+02, 2.45388000e+02, 4.39764008e+02, 2.79847992e+02,
    4.26928009e+02, 3.06069000e+02, 3.96893005e+02, 3.16557007e+02,
    3.60661011e+02, 3.22157990e+02, 3.22014008e+02, 3.29283997e+02,
    2.83535004e+02, 3.31128998e+02, 2.44542999e+02, 2.98729004e+02,
    2.23714005e+02, 2.71266998e+02, 1.87604996e+02, 2.28837006e+02,
    1.93326004e+02, 2.03843002e+02, 2.14457001e+02, 2.33876999e+02,
    2.07667007e+02, 2.69359985e+02, 2.04768005e+02, 1.02786003e+02,
    2.23714005e+02, 1.12513000e+02, 2.02384003e+02, 1.42520996e+02,
    1.99320007e+02, 1.69899994e+02, 216., 1.38923996e+02, 2.13660004e+02,
    1.15849998e+02, 2.15255997e+02, 1.19186996e+02, 2.43382996e+02,
    1.38718002e+02, 2.30893997e+02, 1.59233002e+02, 2.41475998e+02,
    1.39371994e+02, 2.47272003e+02, 1.36729004e+02, 2.38371002e+02,
    2.72822998e+02, 2.38041000e+02, 2.50048996e+02, 2.23987000e+02,
    2.25500000e+02, 2.38615997e+02, 2.51895996e+02, 2.44136993e+02,
    2.49356995e+02, 2.32199997e+02, 1.73059006e+02, 2.42906998e+02,
    1.62570007e+02, 2.78184998e+02, 1.49725998e+02, 3.01052002e+02,
    1.61617004e+02, 3.11079987e+02, 1.83014008e+02, 3.14743011e+02,
    2.08337006e+02, 3.12510010e+02, 2.23306000e+02, 3.00494995e+02,
    2.10720993e+02, 2.74371002e+02, 2.10720993e+02, 2.41953003e+02,
    1.68003006e+02, 3.04921997e+02, 1.96233994e+02, 3.03618988e+02,
    1.42070999e+02, 3.56846985e+02, 1.59951996e+02, 3.45737000e+02,
    1.74539001e+02, 3.40028992e+02, 1.85929993e+02, 3.43975006e+02,
    1.98695999e+02, 3.38690002e+02, 2.18787003e+02, 3.46356995e+02,
    2.37785995e+02, 3.54856995e+02, 2.17554001e+02, 3.62925995e+02,
    2.02753006e+02, 3.67631989e+02, 1.87360992e+02, 3.70673004e+02,
    1.70408997e+02, 3.68766998e+02, 1.58332993e+02, 3.63661987e+02,
    1.70442993e+02, 3.55329987e+02, 1.86406998e+02, 3.56369995e+02,
    2.06565002e+02, 3.53803009e+02, 2.07457993e+02, 3.52132996e+02,
    1.86406998e+02, 3.53032990e+02, 1.70216003e+02, 3.52457001e+02,
    1.86406998e+02, 3.55416992e+02, 1.79929001e+02, 2.89286011e+02 ]
noOfLandmarkPoint: 68
