%YAML:1.0
landmark: [ 8.42359009e+01, 2.81653992e+02, 9.31931992e+01,
    3.31098999e+02, 1.03732002e+02, 3.76768005e+02, 1.17280998e+02,
    4.18316986e+02, 1.51705994e+02, 4.73625000e+02, 1.83134995e+02,
    4.99981995e+02, 2.18781998e+02, 5.18166016e+02, 2.62308990e+02,
    5.22406982e+02, 3.15096008e+02, 5.09532013e+02, 3.43622986e+02,
    4.94516998e+02, 3.67920013e+02, 4.72835999e+02, 3.93037994e+02,
    4.10678986e+02, 3.96376007e+02, 3.63707001e+02, 3.97381989e+02,
    3.16609009e+02, 3.95162994e+02, 2.69532013e+02, 3.87890015e+02,
    2.49531006e+02, 3.68897003e+02, 2.19753998e+02, 3.23584015e+02,
    2.31815002e+02, 2.95157013e+02, 2.62259003e+02, 3.29875000e+02,
    2.55492996e+02, 3.72131012e+02, 2.42257996e+02, 1.43026993e+02,
    2.78018005e+02, 1.64240005e+02, 2.33167007e+02, 2.16356003e+02,
    2.37227997e+02, 2.57579010e+02, 2.67108002e+02, 2.15628998e+02,
    2.63118011e+02, 1.81677002e+02, 2.56645996e+02, 1.80001999e+02,
    2.85320007e+02, 2.01626999e+02, 2.70609009e+02, 2.33335007e+02,
    2.89533997e+02, 2.02427994e+02, 2.91165009e+02, 2.00606003e+02,
    2.80441986e+02, 3.63645996e+02, 2.73169006e+02, 3.39882996e+02,
    2.61251007e+02, 3.14247986e+02, 2.82673004e+02, 3.43760986e+02,
    2.83308014e+02, 3.38190002e+02, 2.70138000e+02, 2.63640015e+02,
    2.88927002e+02, 2.57579010e+02, 3.25898987e+02, 2.41820999e+02,
    3.56204010e+02, 2.54548996e+02, 3.75598999e+02, 2.93945007e+02,
    3.78630005e+02, 3.21825012e+02, 3.72569000e+02, 3.33341003e+02,
    3.53174011e+02, 3.15764008e+02, 3.24687012e+02, 3.04247986e+02,
    2.86502991e+02, 2.73024994e+02, 3.64444000e+02, 3.09787994e+02,
    3.64984985e+02, 2.22425995e+02, 4.31359985e+02, 2.52669006e+02,
    4.18587006e+02, 2.76404999e+02, 4.11587006e+02, 2.90914001e+02,
    4.21056000e+02, 2.98856995e+02, 4.12562988e+02, 3.18265015e+02,
    4.17089996e+02, 3.52130005e+02, 4.24692993e+02, 3.35535004e+02,
    4.38756012e+02, 3.14048004e+02, 4.52048004e+02, 2.88489990e+02,
    4.58634003e+02, 2.60434998e+02, 4.53545013e+02, 2.38070007e+02,
    4.43834015e+02, 2.58657990e+02, 4.33635986e+02, 2.88723999e+02,
    4.37265015e+02, 3.12266998e+02, 4.34580994e+02, 3.10875000e+02,
    4.27029999e+02, 2.89096008e+02, 4.30753998e+02, 2.60917999e+02,
    4.26222992e+02, 2.89096008e+02, 4.34996002e+02, 2.99399994e+02,
    3.49536987e+02 ]
noOfLandmarkPoint: 68
