%YAML:1.0
landmark: [ 6.22840996e+01, 2.54158997e+02, 6.58635025e+01,
    2.92585999e+02, 7.37751007e+01, 3.30351990e+02, 8.31731033e+01,
    3.67778015e+02, 9.65920029e+01, 4.03949005e+02, 1.18748001e+02,
    4.35075989e+02, 1.52296997e+02, 4.52342010e+02, 1.90738007e+02,
    4.50026001e+02, 2.28207001e+02, 4.40928986e+02, 2.60733002e+02,
    4.21050995e+02, 2.81420013e+02, 3.88634003e+02, 2.93194000e+02,
    3.51925995e+02, 3.03519989e+02, 3.14730988e+02, 3.10997009e+02,
    2.76894989e+02, 3.13842987e+02, 2.38404999e+02, 2.80809998e+02,
    2.30274002e+02, 2.47218994e+02, 2.01679001e+02, 2.12729004e+02,
    2.11985001e+02, 1.90350006e+02, 2.31289993e+02, 2.14235992e+02,
    2.27733002e+02, 2.52858994e+02, 2.16552994e+02, 7.24480972e+01,
    2.48569000e+02, 8.73870010e+01, 2.19425003e+02, 1.21742996e+02,
    2.20617996e+02, 1.53251999e+02, 2.36371994e+02, 1.21742996e+02,
    2.38912994e+02, 9.17596970e+01, 2.33322998e+02, 9.58253021e+01,
    2.56191986e+02, 1.10563004e+02, 2.43994995e+02, 1.39037003e+02,
    2.56684998e+02, 1.12665001e+02, 2.61441986e+02, 1.14120003e+02,
    2.52126999e+02, 2.50826004e+02, 2.41962997e+02, 2.29990005e+02,
    2.31289993e+02, 2.04190994e+02, 2.49298004e+02, 2.29350006e+02,
    2.53113007e+02, 2.28464996e+02, 2.39929993e+02, 1.52235001e+02,
    2.57209015e+02, 1.42070999e+02, 2.92273987e+02, 1.33432007e+02,
    3.11585999e+02, 1.40546997e+02, 3.23782990e+02, 1.65449005e+02,
    3.26832001e+02, 1.98481995e+02, 3.20734009e+02, 2.05595993e+02,
    3.10570007e+02, 1.89841995e+02, 2.86683990e+02, 1.86792999e+02,
    2.55684006e+02, 1.49186005e+02, 3.18192993e+02, 1.83744003e+02,
    3.15143005e+02, 1.26317001e+02, 3.78160004e+02, 1.48552994e+02,
    3.66842010e+02, 1.62298996e+02, 3.60792999e+02, 1.70531006e+02,
    3.62406006e+02, 1.81024994e+02, 3.57972992e+02, 2.02460999e+02,
    3.61540009e+02, 2.28464996e+02, 3.69013000e+02, 2.15084000e+02,
    3.80453003e+02, 1.96869995e+02, 3.88889008e+02, 1.70531006e+02,
    3.94423004e+02, 1.53332993e+02, 3.93269012e+02, 1.39285004e+02,
    3.87036987e+02, 1.54011993e+02, 3.74375000e+02, 1.70531006e+02,
    3.74095001e+02, 1.96882996e+02, 3.70102997e+02, 1.95703003e+02,
    3.67795990e+02, 1.70981003e+02, 3.70088989e+02, 1.54867004e+02,
    3.71667999e+02, 1.71046005e+02, 3.71766998e+02, 1.62908005e+02,
    3.09045013e+02 ]
noOfLandmarkPoint: 68
