%YAML:1.0
landmark: [ 1.03950996e+02, 2.58631012e+02, 1.06695999e+02,
    2.97161011e+02, 1.11487000e+02, 3.32737000e+02, 1.22634003e+02,
    3.68131989e+02, 1.44162003e+02, 3.98337006e+02, 1.72932999e+02,
    4.21848999e+02, 2.07645004e+02, 4.34709991e+02, 2.44761002e+02,
    4.35687988e+02, 2.81273987e+02, 4.28459015e+02, 3.15542999e+02,
    4.14657013e+02, 3.38302002e+02, 3.85612000e+02, 3.51354004e+02,
    3.50769989e+02, 3.56630005e+02, 3.14065002e+02, 3.57074005e+02,
    2.76821014e+02, 3.54566986e+02, 2.39662994e+02, 3.23527008e+02,
    2.18395004e+02, 3.03032013e+02, 1.96983994e+02, 2.75503998e+02,
    1.95259995e+02, 2.52826004e+02, 2.07473007e+02, 2.75113007e+02,
    2.06848007e+02, 2.94795990e+02, 2.08615005e+02, 1.33266006e+02,
    2.33914993e+02, 1.53384995e+02, 2.09639008e+02, 1.80399994e+02,
    2.06324005e+02, 1.99944000e+02, 2.18970001e+02, 1.76951004e+02,
    2.19544006e+02, 1.55684006e+02, 2.21843994e+02, 1.42889008e+02,
    2.51039001e+02, 1.73906998e+02, 2.31929993e+02, 1.93046005e+02,
    2.42537003e+02, 1.74699997e+02, 2.51363998e+02, 1.71203003e+02,
    2.41386993e+02, 3.12031006e+02, 2.33339996e+02, 2.85915009e+02,
    2.18753006e+02, 2.59049011e+02, 2.34345993e+02, 2.89821014e+02,
    2.38636002e+02, 2.83290985e+02, 2.28740997e+02, 2.07416000e+02,
    2.45410995e+02, 2.06841003e+02, 2.78748993e+02, 1.97070007e+02,
    3.02316986e+02, 2.06266998e+02, 3.10938995e+02, 2.37306000e+02,
    3.08065002e+02, 2.62597992e+02, 3.03466003e+02, 2.70070007e+02,
    2.89096008e+02, 2.58574005e+02, 2.70127014e+02, 2.52251007e+02,
    2.41386993e+02, 2.20636993e+02, 2.99441986e+02, 2.52826004e+02,
    2.94843994e+02, 1.97643997e+02, 3.54623993e+02, 2.09322006e+02,
    3.41963013e+02, 2.26444000e+02, 3.32766998e+02, 2.38455994e+02,
    3.36230011e+02, 2.48977997e+02, 3.30147003e+02, 2.64253998e+02,
    3.33334015e+02, 2.80990997e+02, 3.44277008e+02, 2.67484985e+02,
    3.56371002e+02, 2.55781006e+02, 3.61854004e+02, 2.40755005e+02,
    3.64395996e+02, 2.24432999e+02, 3.64548004e+02, 2.08436996e+02,
    3.61110992e+02, 2.16889999e+02, 3.51424011e+02, 2.40492004e+02,
    3.49850006e+02, 2.62604004e+02, 3.45717010e+02, 2.60816010e+02,
    3.40921997e+02, 2.39173004e+02, 3.43375000e+02, 2.16496994e+02,
    3.45903992e+02, 2.39932999e+02, 3.47415985e+02, 2.35582001e+02,
    2.84497986e+02 ]
noOfLandmarkPoint: 68
