%YAML:1.0
landmark: [ 6.21451988e+01, 3.06684998e+02, 7.00510025e+01,
    3.51466003e+02, 8.20140991e+01, 3.87772003e+02, 9.54390030e+01,
    4.19992004e+02, 1.19603996e+02, 4.48453003e+02, 1.50750000e+02,
    4.73153992e+02, 1.80822006e+02, 4.91411987e+02, 2.19589005e+02,
    4.97092987e+02, 2.57612000e+02, 4.87115997e+02, 2.88757996e+02,
    4.63488007e+02, 3.13997009e+02, 4.37175995e+02, 3.32928009e+02,
    4.07220001e+02, 3.43532013e+02, 3.67903015e+02, 3.49976013e+02,
    3.28701996e+02, 3.53197998e+02, 2.92722992e+02, 3.18292999e+02,
    2.68558014e+02, 2.84998993e+02, 2.57817993e+02, 2.56010010e+02,
    2.68174011e+02, 2.27003006e+02, 2.82519989e+02, 2.54389999e+02,
    2.77687012e+02, 2.81777008e+02, 2.66946991e+02, 7.66440964e+01,
    2.83057007e+02, 1.04568001e+02, 2.66410004e+02, 1.39473007e+02,
    2.75539001e+02, 1.62026993e+02, 2.91112000e+02, 1.30343994e+02,
    2.85204987e+02, 1.02957001e+02, 2.77687012e+02, 1.05635002e+02,
    3.08973999e+02, 1.30669006e+02, 2.96872009e+02, 1.60416000e+02,
    3.09369995e+02, 1.31363007e+02, 3.17648987e+02, 1.36787994e+02,
    3.03463013e+02, 2.89894012e+02, 2.96216003e+02, 2.61369995e+02,
    2.87102997e+02, 2.36132004e+02, 3.03463013e+02, 2.62119995e+02,
    3.06186005e+02, 2.62445007e+02, 2.93796997e+02, 1.74914993e+02,
    3.13665985e+02, 1.70619003e+02, 3.55015015e+02, 1.63100998e+02,
    3.73809998e+02, 1.71692993e+02, 3.87772003e+02, 1.98542999e+02,
    3.89920013e+02, 2.28076996e+02, 3.81864990e+02, 2.35595001e+02,
    3.67903015e+02, 2.22707001e+02, 3.47497009e+02, 2.15188995e+02,
    3.13665985e+02, 1.80285004e+02, 3.82402008e+02, 2.15188995e+02,
    3.80790985e+02, 1.58268005e+02, 4.15696014e+02, 1.66979004e+02,
    4.10015991e+02, 1.89242004e+02, 4.08684998e+02, 2.08207993e+02,
    4.12473999e+02, 2.28427002e+02, 4.05458008e+02, 2.48445007e+02,
    4.07739990e+02, 2.61907990e+02, 4.11937012e+02, 2.55485992e+02,
    4.30187988e+02, 2.37386993e+02, 4.42737000e+02, 2.16800003e+02,
    4.48989990e+02, 1.87197006e+02, 4.47734985e+02, 1.70326996e+02,
    4.37237000e+02, 1.77910995e+02, 4.29807007e+02, 2.13041000e+02,
    4.32342987e+02, 2.40598007e+02, 4.26541992e+02, 2.37669006e+02,
    4.13438995e+02, 2.07947006e+02, 4.17347992e+02, 1.76766006e+02,
    4.15802002e+02, 2.09703995e+02, 4.25901001e+02, 1.95858002e+02,
    3.71661987e+02 ]
noOfLandmarkPoint: 68
