%YAML:1.0
landmark: [ 8.33600998e+01, 2.80058014e+02, 9.21755981e+01,
    3.25643005e+02, 1.04598999e+02, 3.70320007e+02, 1.23703003e+02,
    4.12459991e+02, 1.55029007e+02, 4.46639008e+02, 1.92529007e+02,
    4.73710999e+02, 2.37391998e+02, 4.85036987e+02, 2.83002991e+02,
    4.92572998e+02, 3.29319000e+02, 4.90664001e+02, 3.68990997e+02,
    4.68028015e+02, 3.99225006e+02, 4.33041992e+02, 4.17282013e+02,
    3.90346985e+02, 4.26714996e+02, 3.45013000e+02, 4.27907990e+02,
    2.98658997e+02, 4.22985992e+02, 2.52496994e+02, 4.13205994e+02,
    2.06264999e+02, 3.84756012e+02, 1.85815994e+02, 3.45795990e+02,
    1.95975998e+02, 3.31411011e+02, 2.11598999e+02, 3.53638000e+02,
    2.06264999e+02, 3.83867004e+02, 2.00041000e+02, 1.40261002e+02,
    2.28492004e+02, 1.77029999e+02, 1.99001007e+02, 2.22054993e+02,
    1.96485001e+02, 2.46059998e+02, 2.14266998e+02, 2.14054001e+02,
    2.09820999e+02, 1.76712997e+02, 2.12488007e+02, 1.57167999e+02,
    2.70321014e+02, 2.02572998e+02, 2.47145996e+02, 2.44317993e+02,
    2.63612000e+02, 2.01412003e+02, 2.78156006e+02, 1.99828995e+02,
    2.64944000e+02, 3.93979004e+02, 2.52817001e+02, 3.59794006e+02,
    2.37490005e+02, 3.22143005e+02, 2.61035004e+02, 3.63838989e+02,
    2.66464996e+02, 3.50971008e+02, 2.54274994e+02, 2.65619995e+02,
    2.67610992e+02, 2.71843994e+02, 2.99618011e+02, 2.60286011e+02,
    3.20954987e+02, 2.70065002e+02, 3.40515015e+02, 3.15407990e+02,
    3.43182007e+02, 3.40302002e+02, 3.36070007e+02, 3.49192993e+02,
    3.18287994e+02, 3.30522003e+02, 2.90726990e+02, 3.23410004e+02,
    2.67610992e+02, 2.92023987e+02, 3.30859985e+02, 3.31363007e+02,
    3.28850006e+02, 2.38059006e+02, 4.02750000e+02, 2.63897003e+02,
    3.83045990e+02, 2.90044006e+02, 3.70574005e+02, 3.13630005e+02,
    3.72522003e+02, 3.30191986e+02, 3.66026001e+02, 3.45459015e+02,
    3.72131012e+02, 3.63417999e+02, 3.88524994e+02, 3.49949005e+02,
    4.09983002e+02, 3.31699005e+02, 4.25044006e+02, 3.10074005e+02,
    4.33868011e+02, 2.78739990e+02, 4.30097992e+02, 2.56052002e+02,
    4.18976013e+02, 2.74510986e+02, 4.14308014e+02, 3.10963013e+02,
    4.16085999e+02, 3.34079010e+02, 4.07195007e+02, 3.28605988e+02,
    3.79440002e+02, 3.12740997e+02, 3.81411987e+02, 2.77898987e+02,
    3.83489014e+02, 3.09636993e+02, 3.94460999e+02, 3.19852997e+02,
    3.13842987e+02 ]
noOfLandmarkPoint: 68
