%YAML:1.0
landmark: [ 6.21017990e+01, 2.98384003e+02, 7.02847977e+01,
    3.43316010e+02, 8.01620026e+01, 3.81343994e+02, 9.18601990e+01,
    4.22101013e+02, 1.17751999e+02, 4.67877991e+02, 1.47649002e+02,
    4.91804993e+02, 1.79990005e+02, 5.07332001e+02, 2.20970001e+02,
    5.17643982e+02, 2.66311005e+02, 5.09078003e+02, 2.98319000e+02,
    4.96186005e+02, 3.35522003e+02, 4.67278015e+02, 3.60649994e+02,
    4.30942993e+02, 3.76640991e+02, 3.91816010e+02, 3.89559998e+02,
    3.51377014e+02, 4.01757996e+02, 3.10713013e+02, 3.70936005e+02,
    2.82972992e+02, 3.46894989e+02, 2.60165009e+02, 3.05593994e+02,
    2.65713013e+02, 2.80320007e+02, 2.79890991e+02, 3.09292999e+02,
    2.75575989e+02, 3.44428986e+02, 2.70644012e+02, 1.02169998e+02,
    2.81123993e+02, 1.44970001e+02, 2.53770004e+02, 1.85733994e+02,
    2.63194000e+02, 2.12511993e+02, 2.84821991e+02, 1.74910004e+02,
    2.75575989e+02, 1.37307007e+02, 2.68795013e+02, 1.31746994e+02,
    3.00126007e+02, 1.59837006e+02, 2.86464996e+02, 1.96774994e+02,
    3.07807007e+02, 1.59171005e+02, 3.14851990e+02, 1.55184006e+02,
    3.00233002e+02, 3.31653015e+02, 3.08937988e+02, 3.05549011e+02,
    2.95312988e+02, 2.73539001e+02, 3.11329010e+02, 3.04962006e+02,
    3.20243011e+02, 3.00045990e+02, 3.05165009e+02, 2.18059998e+02,
    3.11329010e+02, 2.11960999e+02, 3.44127014e+02, 1.98951004e+02,
    3.68657990e+02, 2.06964005e+02, 3.80369995e+02, 2.35320007e+02,
    3.80369995e+02, 2.68608002e+02, 3.81602997e+02, 2.75389008e+02,
    3.70506989e+02, 2.63675995e+02, 3.45233002e+02, 2.56895996e+02,
    3.11946014e+02, 2.22520004e+02, 3.76859985e+02, 2.53714996e+02,
    3.77363007e+02, 1.65046997e+02, 4.21054993e+02, 1.90738998e+02,
    4.15585999e+02, 2.16841003e+02, 4.13372986e+02, 2.29772003e+02,
    4.17355988e+02, 2.44296997e+02, 4.14115997e+02, 2.68364014e+02,
    4.18459991e+02, 2.94497986e+02, 4.26602997e+02, 2.73778015e+02,
    4.40592010e+02, 2.50841003e+02, 4.46170013e+02, 2.28539993e+02,
    4.46945007e+02, 2.04266006e+02, 4.43480988e+02, 1.84541000e+02,
    4.36083008e+02, 1.98492004e+02, 4.30286987e+02, 2.28371994e+02,
    4.35014008e+02, 2.57821991e+02, 4.33657990e+02, 2.56859985e+02,
    4.24145996e+02, 2.29261002e+02, 4.23846008e+02, 2.00595993e+02,
    4.21117004e+02, 2.29011993e+02, 4.28641998e+02, 2.37169998e+02,
    3.67424988e+02 ]
noOfLandmarkPoint: 68
