%YAML:1.0
landmark: [ 6.81974030e+01, 2.34479004e+02, 6.94503021e+01,
    2.62976990e+02, 7.33712997e+01, 2.91213989e+02, 8.01175995e+01,
    3.18916992e+02, 9.02874985e+01, 3.45553986e+02, 1.05453003e+02,
    3.69523987e+02, 1.29600006e+02, 3.84398987e+02, 1.57302994e+02,
    3.90903992e+02, 1.85464005e+02, 3.87906006e+02, 2.11464996e+02,
    3.76703003e+02, 2.29500000e+02, 3.54753998e+02, 2.40697006e+02,
    3.28562012e+02, 2.50207001e+02, 3.01667999e+02, 2.57843994e+02,
    2.74199005e+02, 2.61973999e+02, 2.45981995e+02, 2.56665009e+02,
    2.29169998e+02, 2.34686996e+02, 2.07404007e+02, 2.01608994e+02,
    2.13772003e+02, 1.85878998e+02, 2.24746002e+02, 2.04972000e+02,
    2.21615997e+02, 2.32533997e+02, 2.18600998e+02, 8.32395020e+01,
    2.18552002e+02, 1.00322998e+02, 2.02235992e+02, 1.28746002e+02,
    2.07835007e+02, 1.45177002e+02, 2.23860992e+02, 1.23578003e+02,
    2.15587006e+02, 1.02475998e+02, 2.10850006e+02, 1.03736000e+02,
    2.38511993e+02, 1.21369003e+02, 2.29593994e+02, 1.40869003e+02,
    2.40942001e+02, 1.20874001e+02, 2.45205002e+02, 1.18633003e+02,
    2.35363998e+02, 2.31906998e+02, 2.44343994e+02, 2.13347000e+02, 233.,
    1.94110001e+02, 2.43544006e+02, 2.14231003e+02, 2.49399994e+02,
    2.12423996e+02, 2.38018005e+02, 1.52121994e+02, 2.39056000e+02,
    1.47912994e+02, 2.69112000e+02, 1.36186996e+02, 2.90906006e+02,
    1.42748993e+02, 3.02523010e+02, 1.66643997e+02, 3.07316010e+02,
    1.86962997e+02, 3.05355011e+02, 1.93966003e+02, 2.92605011e+02,
    1.84106995e+02, 2.67871002e+02, 1.80602997e+02, 2.41009995e+02,
    1.49417999e+02, 2.97411011e+02, 1.78701996e+02, 2.99563995e+02,
    1.29250000e+02, 3.34463989e+02, 1.42317993e+02, 3.30009003e+02,
    1.54932999e+02, 3.27717010e+02, 1.63759003e+02, 3.30040009e+02,
    1.74348999e+02, 3.27970001e+02, 1.87876999e+02, 3.32023010e+02,
    1.97382004e+02, 3.37118988e+02, 1.91789993e+02, 3.43954010e+02,
    1.79464996e+02, 3.49416992e+02, 1.64742004e+02, 3.51502014e+02,
    1.47296005e+02, 3.48532013e+02, 1.36306000e+02, 3.42192993e+02,
    1.49932999e+02, 3.36256012e+02, 1.64143997e+02, 3.37746002e+02,
    1.78406998e+02, 3.37446991e+02, 1.79235992e+02, 3.34740997e+02,
    1.64143997e+02, 3.34606995e+02, 1.51035995e+02, 3.33657990e+02,
    1.64442993e+02, 3.36251007e+02, 1.67298004e+02, 2.90222992e+02 ]
noOfLandmarkPoint: 68
