%YAML:1.0
landmark: [ 4.41613007e+01, 2.66934998e+02, 5.27751007e+01,
    3.06049011e+02, 6.49104004e+01, 3.43389008e+02, 7.89673996e+01,
    3.81105011e+02, 1.02491997e+02, 4.13027008e+02, 1.31675003e+02,
    4.40052002e+02, 1.67054993e+02, 4.58123993e+02, 2.05906006e+02,
    4.62931000e+02, 2.44449997e+02, 4.53458008e+02, 2.75335999e+02,
    4.28850006e+02, 3.00726013e+02, 3.98196014e+02, 3.15109009e+02,
    3.61356995e+02, 3.23889008e+02, 3.22514008e+02, 3.30337006e+02,
    2.83231995e+02, 3.33677002e+02, 2.43548004e+02, 3.02226013e+02,
    2.16934998e+02, 2.66743988e+02, 1.99470993e+02, 2.31257996e+02,
    2.07257996e+02, 2.12710007e+02, 2.22580994e+02, 2.37516998e+02,
    2.17041000e+02, 2.65902008e+02, 2.11173996e+02, 6.27097015e+01,
    2.39516006e+02, 9.32967987e+01, 2.18350998e+02, 1.23387001e+02,
    2.16886993e+02, 1.47386993e+02, 2.32257996e+02, 1.22278999e+02,
    2.29147003e+02, 9.50199966e+01, 2.30421005e+02, 9.63137970e+01,
    2.59851990e+02, 1.17929001e+02, 2.41755997e+02, 1.48899002e+02,
    2.55615005e+02, 1.22001999e+02, 2.67084015e+02, 1.22387001e+02,
    2.51613007e+02, 2.71136993e+02, 2.47828995e+02, 2.44341003e+02,
    2.34399994e+02, 2.20084000e+02, 2.52899994e+02, 2.46268005e+02,
    2.58980011e+02, 2.44968002e+02, 2.44354996e+02, 1.60289993e+02,
    2.60484009e+02, 1.57065002e+02, 3.03226013e+02, 149., 3.29838989e+02,
    1.58677002e+02, 3.40322998e+02, 1.86097000e+02, 3.41934998e+02,
    2.12710007e+02, 3.34677002e+02, 2.15934998e+02, 3.11290009e+02,
    2.07871002e+02, 2.96773987e+02, 2.01419006e+02, 2.55645004e+02,
    1.69160995e+02, 3.33871002e+02, 2.02225998e+02, 3.29838989e+02,
    1.44164001e+02, 3.87266998e+02, 1.56779007e+02, 3.75014008e+02,
    1.74466995e+02, 3.67942993e+02, 1.85919998e+02, 3.70602997e+02,
    1.99184006e+02, 3.64136993e+02, 2.18084000e+02, 3.68863007e+02,
    2.36667999e+02, 3.79575989e+02, 2.26186996e+02, 3.90289001e+02,
    2.10559006e+02, 3.98919006e+02, 1.90727997e+02, 4.05144012e+02,
    1.71792999e+02, 4.02549011e+02, 1.56617996e+02, 3.96470001e+02,
    1.67057999e+02, 3.83942993e+02, 1.88024994e+02, 3.83316986e+02, 213.,
    3.79160004e+02, 2.11694000e+02, 3.76764008e+02, 1.87608994e+02,
    3.80407013e+02, 1.67358002e+02, 3.81427002e+02, 1.88341003e+02,
    3.81678986e+02, 1.80451996e+02, 3.12903015e+02 ]
noOfLandmarkPoint: 68
