%YAML:1.0
landmark: [ 7.70593033e+01, 2.35460999e+02, 8.39822998e+01,
    2.68709015e+02, 9.45678024e+01, 3.00981995e+02, 1.07606003e+02,
    3.32312012e+02, 1.25070000e+02, 3.61437988e+02, 1.48546997e+02,
    3.85450989e+02, 1.77994995e+02, 4.02294006e+02, 2.11268997e+02,
    4.07356995e+02, 2.44505997e+02, 4.00881989e+02, 2.73445007e+02,
    3.83526001e+02, 2.93209991e+02, 3.56121002e+02, 3.03673004e+02,
    3.23931000e+02, 3.08497009e+02, 2.90306000e+02, 3.13696991e+02,
    2.56734985e+02, 3.18709991e+02, 2.23138000e+02, 2.97813995e+02,
    2.03848007e+02, 2.72095001e+02, 1.87774002e+02, 2.42751999e+02,
    1.96959000e+02, 2.27087006e+02, 2.11886002e+02, 2.48507996e+02,
    2.08037003e+02, 2.73701996e+02, 1.99026001e+02, 9.52769012e+01,
    2.16707993e+02, 1.25552002e+02, 1.95169006e+02, 1.55397003e+02,
    2.02276001e+02, 1.74576996e+02, 2.14029007e+02, 1.50772995e+02,
    2.14613007e+02, 1.24736000e+02, 2.09813995e+02, 1.26619003e+02,
    2.34518997e+02, 1.44533997e+02, 2.23459000e+02, 1.69317993e+02,
    2.37365005e+02, 1.45393005e+02, 2.41666000e+02, 1.45106995e+02,
    2.31710999e+02, 2.70367004e+02, 2.25996994e+02, 2.51037994e+02,
    2.18427994e+02, 2.31876007e+02, 2.34897003e+02, 2.54167007e+02,
    2.35257996e+02, 2.50662003e+02, 2.25817001e+02, 1.83149994e+02,
    2.40283997e+02, 1.80470993e+02, 2.69217010e+02, 1.71362000e+02,
    2.85828003e+02, 1.78863007e+02, 2.99759003e+02, 2.07796997e+02,
    3.09938995e+02, 2.34587997e+02, 2.99759003e+02, 2.38339005e+02,
    2.82076996e+02, 2.25479004e+02, 2.64394989e+02, 2.16369995e+02,
    2.37604996e+02, 1.91492996e+02, 3.00273987e+02, 2.19494995e+02,
    2.99265015e+02, 1.59574005e+02, 3.30835999e+02, 1.81817001e+02,
    3.23518005e+02, 1.99522003e+02, 3.21842987e+02, 2.07796997e+02,
    3.24941986e+02, 2.18352005e+02, 3.20636993e+02, 2.36186005e+02,
    3.21161011e+02, 2.57092010e+02, 3.22799011e+02, 2.44046005e+02,
    3.43750000e+02, 2.29205994e+02, 3.55195007e+02, 2.12084000e+02,
    3.61377014e+02, 1.94192993e+02, 3.58819000e+02, 1.78253006e+02,
    3.49759003e+02, 1.91766998e+02, 3.40746002e+02, 2.10136002e+02,
    3.43036011e+02, 2.30895004e+02, 3.37278992e+02, 2.30035995e+02,
    3.26763000e+02, 2.09076996e+02, 3.29416992e+02, 1.91416000e+02,
    3.29223999e+02, 2.09606003e+02, 3.35802002e+02, 2.07261002e+02,
    2.90649994e+02 ]
noOfLandmarkPoint: 68
