%YAML:1.0
landmark: [ 1.06045998e+02, 3.18533997e+02, 1.15452003e+02,
    3.45026001e+02, 1.26832001e+02, 3.70712006e+02, 1.42281006e+02,
    3.94144012e+02, 1.62125000e+02, 4.13993011e+02, 1.84895996e+02,
    4.30454010e+02, 2.09923996e+02, 4.43010986e+02, 2.37669006e+02,
    4.42687988e+02, 2.63467010e+02, 4.31769989e+02, 2.85773987e+02,
    4.14691010e+02, 3.03466003e+02, 3.92984985e+02, 3.16941986e+02,
    3.68326996e+02, 3.25040009e+02, 3.41502014e+02, 3.27752014e+02,
    3.13542999e+02, 3.27118988e+02, 2.85445007e+02, 2.83959991e+02,
    2.69619995e+02, 2.61420990e+02, 2.62907013e+02, 2.27852005e+02,
    2.66743011e+02, 2.11546997e+02, 2.77292999e+02, 2.32574997e+02,
    2.75154999e+02, 2.56842987e+02, 2.71505005e+02, 1.01250999e+02,
    2.90240997e+02, 1.12324997e+02, 2.81713989e+02, 1.35455002e+02,
    2.80811005e+02, 1.61194000e+02, 2.91679993e+02, 1.33380005e+02,
    2.90720001e+02, 1.13719002e+02, 2.90240997e+02, 1.22089996e+02,
    3.06901001e+02, 1.41561005e+02, 2.95527008e+02, 1.63113007e+02,
    3.05587006e+02, 1.44171005e+02, 3.13268005e+02, 1.46328003e+02,
    3.02709015e+02, 2.64778015e+02, 2.93597992e+02, 2.38964005e+02,
    2.83484009e+02, 2.20658997e+02, 2.99832001e+02, 2.44623001e+02,
    3.01695007e+02, 2.43677002e+02, 2.91200012e+02, 1.74621994e+02,
    3.11341003e+02, 1.76061005e+02, 3.55459991e+02, 1.71744995e+02,
    3.66010010e+02, 1.75580994e+02, 3.78477997e+02, 2.02436005e+02,
    3.81355988e+02, 2.22576996e+02, 3.72243988e+02, 2.24016006e+02,
    3.58816986e+02, 2.15384003e+02, 3.46347992e+02, 2.08669998e+02,
    3.06545990e+02, 1.84692993e+02, 3.77519012e+02, 2.11067993e+02,
    3.72723999e+02, 1.75100998e+02, 3.96221985e+02, 1.81130005e+02,
    3.95237000e+02, 1.92557007e+02, 3.94848999e+02, 2.03875000e+02,
    3.95263000e+02, 2.20832993e+02, 3.90148987e+02, 2.35623001e+02,
    3.87143005e+02, 2.52309006e+02, 3.85671997e+02, 2.38414001e+02,
    4.01596008e+02, 2.25218002e+02, 4.08028992e+02, 2.11067993e+02,
    4.13006012e+02, 1.92667999e+02, 4.12830994e+02, 1.83494003e+02,
    4.08263000e+02, 1.90014008e+02, 4.04080994e+02, 2.08533997e+02,
    4.04907990e+02, 2.29893005e+02, 3.96722992e+02, 2.28391998e+02,
    3.91354004e+02, 2.05639999e+02, 3.98765991e+02, 1.88903000e+02,
    3.97569000e+02, 2.07593002e+02, 4.03794006e+02, 1.91886002e+02,
    3.68886993e+02 ]
noOfLandmarkPoint: 68
