%YAML:1.0
landmark: [ 1.22487999e+02, 2.44692993e+02, 1.27181000e+02,
    2.76625000e+02, 1.32679993e+02, 3.08425995e+02, 1.40307999e+02,
    3.39760986e+02, 1.57522003e+02, 3.66644989e+02, 1.82944000e+02,
    3.86468994e+02, 2.11917999e+02, 4.00239014e+02, 2.43897003e+02,
    4.03910004e+02, 2.75335999e+02, 3.97489014e+02, 3.01830994e+02,
    3.79522003e+02, 3.17200989e+02, 3.51423004e+02, 3.23204987e+02,
    3.19765015e+02, 3.25602997e+02, 2.87585999e+02, 3.25971985e+02,
    2.55315002e+02, 3.25924011e+02, 2.23039993e+02, 3.15852997e+02,
    2.13975998e+02, 2.92688995e+02, 1.91819000e+02, 2.62069000e+02,
    2.02897003e+02, 2.47369003e+02, 2.19514999e+02, 2.66854004e+02,
    2.15205002e+02, 2.92186005e+02, 2.04912003e+02, 1.45147995e+02,
    2.35628998e+02, 1.63578003e+02, 2.05772003e+02, 1.95626999e+02,
    2.09466995e+02, 2.21688004e+02, 2.23542999e+02, 1.94212997e+02,
    2.23255997e+02, 1.66800995e+02, 2.20522003e+02, 1.71886993e+02,
    2.40119003e+02, 1.85509995e+02, 2.29059998e+02, 2.04649002e+02,
    2.39854996e+02, 1.85845993e+02, 2.42218994e+02, 1.85432007e+02,
    2.37139008e+02, 2.94200012e+02, 2.27067993e+02, 2.77079010e+02,
    2.17501007e+02, 2.60710999e+02, 2.31770004e+02, 2.80917999e+02,
    2.32222000e+02, 2.76071991e+02, 2.24046997e+02, 2.17660004e+02,
    2.40664001e+02, 2.15141998e+02, 2.65842010e+02, 2.08091995e+02,
    2.82459015e+02, 2.14134995e+02, 2.91523010e+02, 2.39313004e+02,
    2.94545013e+02, 2.60964996e+02, 2.91019989e+02, 2.67511993e+02,
    2.77927002e+02, 2.56433014e+02, 2.63324005e+02, 2.48880005e+02,
    2.39154007e+02, 2.24709000e+02, 2.86488007e+02, 2.51901001e+02,
    2.85480988e+02, 2.01546005e+02, 3.34829010e+02, 2.20828995e+02,
    3.24153992e+02, 2.34570999e+02, 3.19036987e+02, 2.43845001e+02,
    3.21737000e+02, 2.52240005e+02, 3.17003998e+02, 2.64983002e+02,
    3.20467987e+02, 2.82114990e+02, 3.23751007e+02, 2.72717987e+02,
    3.38562988e+02, 2.60388000e+02, 3.47789001e+02, 2.44852005e+02,
    3.52454010e+02, 2.29966995e+02, 3.51731995e+02, 2.16326996e+02,
    3.45779999e+02, 2.30259003e+02, 3.34235992e+02, 2.43341003e+02,
    3.34829010e+02, 2.57691010e+02, 3.31401001e+02, 2.58032990e+02,
    3.26713013e+02, 2.43235001e+02, 328., 2.30886002e+02, 3.28894012e+02,
    2.43192001e+02, 3.30497986e+02, 2.39313004e+02, 2.75410004e+02 ]
noOfLandmarkPoint: 68
