%YAML:1.0
landmark: [ 8.24148026e+01, 2.52569000e+02, 8.52121964e+01,
    2.84074005e+02, 9.21839981e+01, 3.14904999e+02, 1.02061996e+02,
    3.44937988e+02, 1.20053001e+02, 3.70859009e+02, 1.42632004e+02,
    3.92923004e+02, 1.71552994e+02, 4.05326996e+02, 2.02026993e+02,
    4.12843994e+02, 2.33136002e+02, 4.08316986e+02, 2.58985992e+02,
    3.90459991e+02, 2.79253998e+02, 3.66408997e+02, 2.92148987e+02,
    3.37553009e+02, 2.97040985e+02, 3.06334991e+02, 3.01213013e+02,
    2.74976013e+02, 3.03459991e+02, 2.43423004e+02, 3.01427002e+02,
    2.14966003e+02, 2.74372986e+02, 2.03289993e+02, 2.45977005e+02,
    2.11268005e+02, 2.35876007e+02, 2.21572006e+02, 2.50647995e+02,
    2.21638000e+02, 2.77544006e+02, 2.11917007e+02, 1.08838997e+02,
    2.29703003e+02, 1.33421005e+02, 2.15322006e+02, 1.68800003e+02,
    2.18522995e+02, 1.84044998e+02, 2.25128998e+02, 1.64735001e+02,
    2.28177994e+02, 1.33738007e+02, 2.22589005e+02, 1.28806000e+02,
    2.50942993e+02, 1.53623993e+02, 2.34748001e+02, 1.77789001e+02,
    2.52001007e+02, 1.53246002e+02, 2.58808014e+02, 1.53556000e+02,
    2.44947006e+02, 2.77164001e+02, 2.40692993e+02, 2.55781998e+02,
    2.27949997e+02, 2.33843002e+02, 2.44947006e+02, 260., 2.48845001e+02,
    2.53153000e+02, 2.36309006e+02, 1.93190994e+02, 2.53078003e+02,
    1.92175003e+02, 2.91696991e+02, 1.83028000e+02, 3.11006989e+02,
    1.94716003e+02, 3.24726990e+02, 2.22156006e+02, 3.25743011e+02,
    2.45531006e+02, 3.17104004e+02, 2.49087997e+02, 3.04908997e+02,
    2.38925003e+02, 2.87631989e+02, 2.26729004e+02, 2.50029007e+02,
    2.03354004e+02, 3.18628998e+02, 2.36891998e+02, 3.15579987e+02,
    1.62194000e+02, 3.49626007e+02, 1.92436996e+02, 3.43131989e+02,
    2.12365997e+02, 3.40897003e+02, 2.24697006e+02, 3.42003998e+02,
    2.32455994e+02, 3.38282013e+02, 2.45362000e+02, 3.37781006e+02,
    2.57726013e+02, 3.38954987e+02, 2.53567993e+02, 3.54005005e+02,
    2.38875000e+02, 3.62989014e+02, 2.24188995e+02, 3.66394989e+02,
    2.03647995e+02, 3.66485992e+02, 1.84363998e+02, 3.61980988e+02,
    1.96147003e+02, 3.55820007e+02, 2.23399002e+02, 3.57147003e+02,
    2.39942001e+02, 3.52098999e+02, 2.38593994e+02, 3.43787994e+02,
    2.23042999e+02, 3.47269012e+02, 1.98815994e+02, 3.48278015e+02,
    2.22968994e+02, 3.51278992e+02, 2.24697006e+02, 3.07958008e+02 ]
noOfLandmarkPoint: 68
