%YAML:1.0
landmark: [ 8.70988998e+01, 2.41746002e+02, 8.59104004e+01,
    2.76062988e+02, 8.69590988e+01, 3.10389008e+02, 9.09177017e+01,
    3.44390991e+02, 1.04445000e+02, 3.75846008e+02, 1.27669998e+02,
    4.00936005e+02, 1.54061005e+02, 4.22911987e+02, 1.81408997e+02,
    4.43536987e+02, 2.14585007e+02, 4.50709991e+02, 2.46035995e+02,
    4.38401001e+02, 2.67660004e+02, 4.11851990e+02, 2.87373993e+02,
    3.83744995e+02, 3.02158997e+02, 3.48618988e+02, 3.12144989e+02,
    3.19899994e+02, 3.26838013e+02, 2.88875000e+02, 3.24789001e+02,
    2.72481995e+02, 3.13006989e+02, 2.54041000e+02, 2.85856995e+02,
    2.55065002e+02, 2.66390991e+02, 2.63260986e+02, 2.86239990e+02,
    2.64339996e+02, 3.05834991e+02, 2.64798004e+02, 1.45496994e+02,
    2.35087006e+02, 1.65987000e+02, 2.30477005e+02, 1.90063995e+02,
    2.34061996e+02, 2.14139999e+02, 2.48917999e+02, 1.92625000e+02,
    2.46869003e+02, 1.69572998e+02, 2.41233994e+02, 1.57651993e+02,
    2.52485992e+02, 1.81354996e+02, 2.48406006e+02, 2.02735001e+02,
    2.65372009e+02, 1.77783997e+02, 2.62602997e+02, 1.77768997e+02,
    2.54041000e+02, 3.02890991e+02, 2.81528015e+02, 2.88417999e+02,
    2.70433014e+02, 2.66709991e+02, 2.77914001e+02, 2.87144989e+02,
    2.83378998e+02, 2.81759003e+02, 2.76067993e+02, 2.20287003e+02,
    2.74531006e+02, 2.17725998e+02, 3.08852997e+02, 2.01332993e+02,
    3.31391998e+02, 2.08505005e+02, 3.41125000e+02, 2.40778000e+02,
    3.59054993e+02, 2.64854004e+02, 3.51882996e+02, 2.65365997e+02,
    3.38052002e+02, 2.59730988e+02, 3.18585999e+02, 2.57170013e+02,
    2.78628998e+02, 2.24453995e+02, 3.44851013e+02, 2.56167999e+02,
    3.50190002e+02, 1.78794006e+02, 3.70837006e+02, 1.97570007e+02,
    3.67792999e+02, 2.16363007e+02, 3.71386993e+02, 2.24453995e+02,
    3.77050995e+02, 2.36751007e+02, 3.74785004e+02, 2.47516006e+02,
    3.75970001e+02, 2.58707001e+02, 3.81082001e+02, 2.47072006e+02,
    3.92419006e+02, 2.31093002e+02, 3.96348999e+02, 2.16636993e+02,
    3.94417999e+02, 2.02539993e+02, 3.89010010e+02, 1.89628006e+02,
    3.80760986e+02, 1.98951004e+02, 3.77524994e+02, 2.22835007e+02,
    3.86112000e+02, 2.38518997e+02, 3.87089996e+02, 2.40007996e+02,
    3.81065002e+02, 2.23968002e+02, 3.81257996e+02, 2.00673996e+02,
    3.72516998e+02, 2.23483002e+02, 3.83199005e+02, 2.47949005e+02,
    3.39588989e+02 ]
noOfLandmarkPoint: 68
