%YAML:1.0
landmark: [ 9.28852997e+01, 2.60820007e+02, 9.72948990e+01,
    2.96683014e+02, 1.03449997e+02, 3.32289001e+02, 1.11613998e+02,
    3.67438995e+02, 1.29311005e+02, 3.98785004e+02, 1.53848007e+02,
    4.25255005e+02, 1.82632996e+02, 4.46890991e+02, 2.17496994e+02,
    4.55300995e+02, 2.53113998e+02, 4.50515991e+02, 2.84322998e+02,
    4.32733002e+02, 3.06838013e+02, 4.04763000e+02, 3.18544006e+02,
    3.70675995e+02, 3.25670013e+02, 3.35252991e+02, 3.31377991e+02,
    2.99608002e+02, 3.33333008e+02, 2.63528015e+02, 3.18170013e+02,
    2.44031998e+02, 3.04816010e+02, 2.19539001e+02, 2.85005005e+02,
    2.16270004e+02, 2.62932007e+02, 2.30492996e+02, 2.87602997e+02,
    2.26772995e+02, 3.00960999e+02, 2.27804993e+02, 1.38375000e+02,
    2.49447998e+02, 170., 2.26014008e+02, 1.96826004e+02, 2.16968002e+02,
    2.10401001e+02, 2.30492996e+02, 1.90731995e+02, 2.27559006e+02,
    1.72557007e+02, 2.33095001e+02, 1.54201004e+02, 2.59292999e+02,
    1.79662994e+02, 2.44304993e+02, 2.03673996e+02, 2.57148987e+02,
    1.79031006e+02, 2.64358002e+02, 1.77908997e+02, 2.54322006e+02,
    3.06579010e+02, 2.62535004e+02, 2.88554993e+02, 2.48128998e+02,
    2.63588989e+02, 2.59192993e+02, 2.87190002e+02, 2.66247986e+02,
    2.85135010e+02, 2.57571014e+02, 2.14192001e+02, 2.58112000e+02,
    2.11485001e+02, 2.98729004e+02, 2.01737000e+02, 3.16600006e+02,
    2.08776993e+02, 3.30138000e+02, 2.36936996e+02, 3.33928986e+02,
    2.58058014e+02, 3.32304993e+02, 2.66181000e+02, 3.19848999e+02,
    2.56433014e+02, 3.00894989e+02, 2.50475998e+02, 2.58653992e+02,
    2.19065994e+02, 3.23640015e+02, 2.53184006e+02, 3.25806000e+02,
    1.87656006e+02, 3.76712006e+02, 2.09632004e+02, 3.65726013e+02,
    2.27660995e+02, 3.60669006e+02, 2.34770996e+02, 3.63714996e+02,
    2.44492004e+02, 3.61428009e+02, 2.56453003e+02, 3.66338013e+02,
    2.73221008e+02, 3.77795013e+02, 2.59625000e+02, 3.89627014e+02,
    2.44722000e+02, 3.94190002e+02, 2.31522003e+02, 3.91334015e+02,
    2.14612000e+02, 3.90843994e+02, 1.99445007e+02, 3.85459991e+02,
    2.12860992e+02, 3.77026001e+02, 2.32557007e+02, 3.77462006e+02,
    2.48371994e+02, 3.78981995e+02, 2.45285004e+02, 3.72181000e+02,
    2.32557007e+02, 3.72595001e+02, 2.14723999e+02, 3.71062988e+02,
    2.32985992e+02, 3.74045013e+02, 2.40727997e+02, 3.11183990e+02 ]
noOfLandmarkPoint: 68
