%YAML:1.0
landmark: [ 5.00862999e+01, 2.86596985e+02, 5.50373993e+01,
    3.23752991e+02, 6.55551987e+01, 3.59683014e+02, 7.69424973e+01,
    3.95397003e+02, 9.03264999e+01, 4.30355988e+02, 1.13413002e+02,
    4.59623993e+02, 1.46431000e+02, 4.76833008e+02, 1.83468002e+02,
    4.80330994e+02, 2.19988998e+02, 4.72369995e+02, 2.52897995e+02,
    4.54520996e+02, 2.80143005e+02, 4.28980011e+02, 2.96726013e+02,
    3.95587006e+02, 3.05177002e+02, 3.59083008e+02, 3.10944000e+02,
    3.22049988e+02, 3.10338989e+02, 2.84614014e+02, 2.77126007e+02,
    2.65281006e+02, 2.47362000e+02, 2.48522003e+02, 2.08651993e+02,
    2.51087006e+02, 1.79964996e+02, 2.63794006e+02, 2.10203995e+02,
    2.64785004e+02, 2.42921997e+02, 2.61315002e+02, 5.85135002e+01,
    2.68255005e+02, 7.73508987e+01, 2.47434998e+02, 1.08581001e+02,
    2.49417999e+02, 1.40802994e+02, 2.64290009e+02, 1.10564003e+02,
    2.65777008e+02, 7.93338013e+01, 2.59828003e+02, 8.51810989e+01,
    2.87726013e+02, 1.08241997e+02, 2.72723999e+02, 1.37289001e+02,
    2.88675995e+02, 1.09931999e+02, 2.97352997e+02, 1.09572998e+02,
    2.81144012e+02, 2.49042999e+02, 2.88242004e+02, 2.21197006e+02,
    2.74140991e+02, 1.97341003e+02, 2.89295990e+02, 2.24244003e+02,
    2.96752991e+02, 2.26067001e+02, 2.81144012e+02, 1.41794998e+02,
    2.92545990e+02, 1.44768997e+02, 3.33691010e+02, 1.31384003e+02,
    3.54015015e+02, 1.41298996e+02, 3.69877991e+02, 1.65589005e+02,
    3.76322998e+02, 1.92358002e+02, 3.70869995e+02, 2.01281006e+02,
    3.58476990e+02, 1.89384003e+02, 3.36665009e+02, 1.83434998e+02,
    2.91058990e+02, 1.45264999e+02, 3.65911987e+02, 1.81947998e+02,
    3.66903992e+02, 1.23453003e+02, 4.05570007e+02, 1.35789993e+02,
    3.99967010e+02, 1.48679993e+02, 3.97679993e+02, 1.62804001e+02,
    4.00503998e+02, 1.77201004e+02, 3.97406006e+02, 1.95378006e+02,
    4.00854004e+02, 2.14169998e+02, 4.05074005e+02, 1.91580002e+02,
    4.20678009e+02, 1.75432007e+02, 4.24673004e+02, 1.63606003e+02,
    4.25398987e+02, 1.51343994e+02, 4.24101013e+02, 1.39007996e+02,
    4.19338013e+02, 1.48977997e+02, 4.06526001e+02, 1.63707001e+02,
    4.08845001e+02, 1.85145004e+02, 4.06089996e+02, 1.85136002e+02,
    4.04626007e+02, 1.63076996e+02, 4.06222992e+02, 1.48141998e+02,
    4.05003998e+02, 1.63460999e+02, 4.08618988e+02, 1.64598007e+02,
    3.55997986e+02 ]
noOfLandmarkPoint: 68
