%YAML:1.0
landmark: [ 5.27032013e+01, 2.24800995e+02, 4.64305000e+01,
    2.61213989e+02, 4.32557983e+01, 2.98028992e+02, 4.29794998e+01,
    3.34955994e+02, 4.90386009e+01, 3.71367004e+02, 6.47302017e+01,
    4.04529999e+02, 9.34142990e+01, 4.26066986e+02, 1.28735001e+02,
    4.36644012e+02, 1.65020996e+02, 4.31309998e+02, 2.00169006e+02,
    4.19963013e+02, 2.29128006e+02, 3.97657990e+02, 2.49677002e+02,
    3.66980011e+02, 2.66378998e+02, 3.34053009e+02, 2.79769012e+02,
    2.99618988e+02, 2.88997986e+02, 2.63846008e+02, 2.66179993e+02,
    2.34436005e+02, 2.40955002e+02, 2.03906006e+02, 2.09554993e+02,
    2.02423996e+02, 1.86570007e+02, 2.12632004e+02, 2.11311005e+02,
    2.14302994e+02, 2.44376007e+02, 2.15673996e+02, 6.43657990e+01,
    1.99955002e+02, 7.83339996e+01, 1.80261002e+02, 1.11523003e+02,
    1.85250000e+02, 1.29270996e+02, 2.09589005e+02, 1.03549004e+02,
    1.99673004e+02, 7.75478973e+01, 1.92393005e+02, 7.68031998e+01,
    2.25421005e+02, 9.77782974e+01, 2.13317001e+02, 1.21517998e+02,
    2.34785995e+02, 9.56942978e+01, 2.36524994e+02, 9.98607025e+01,
    2.25815002e+02, 2.34917999e+02, 2.54024002e+02, 2.13388000e+02,
    2.29727997e+02, 1.82320007e+02, 2.47160995e+02, 2.10156998e+02,
    2.57678986e+02, 2.12936996e+02, 2.44070007e+02, 1.28764008e+02,
    2.35957001e+02, 1.10001999e+02, 2.79058014e+02, 1.01889000e+02,
    2.93763000e+02, 1.08481003e+02, 3.05933014e+02, 1.27750000e+02,
    3.09481995e+02, 1.55130997e+02, 3.14045990e+02, 1.66794006e+02,
    3.02382996e+02, 1.58681000e+02, 2.83114014e+02, 1.69328995e+02,
    2.41028000e+02, 1.12537003e+02, 3.00862000e+02, 1.44990005e+02,
    3.06440002e+02, 9.02264023e+01, 3.49033997e+02, 1.02214996e+02,
    3.40282990e+02, 1.12642998e+02, 3.37322998e+02, 1.24199997e+02,
    3.42441986e+02, 1.40179993e+02, 3.42039001e+02, 1.56584000e+02,
    3.52946014e+02, 1.64259003e+02, 3.65260010e+02, 1.55813995e+02,
    3.76816986e+02, 1.39526993e+02, 3.83312012e+02, 1.16594002e+02,
    3.83514008e+02, 1.03448997e+02, 3.76364014e+02, 9.49626999e+01,
    3.64548004e+02, 1.06335999e+02, 3.58869995e+02, 1.18622002e+02,
    3.65766998e+02, 1.45498001e+02, 3.66334991e+02, 1.45565002e+02,
    3.54575989e+02, 1.23693001e+02, 3.48019012e+02, 1.10226997e+02,
    3.46944000e+02, 1.23568001e+02, 3.55907013e+02, 1.24199997e+02,
    2.92242004e+02 ]
noOfLandmarkPoint: 68
