%YAML:1.0
landmark: [ 9.02881012e+01, 2.55878998e+02, 9.08059006e+01,
    2.93242004e+02, 9.58050003e+01, 3.30238007e+02, 1.05287003e+02,
    3.66369995e+02, 1.20967003e+02, 4.00153992e+02, 1.44227005e+02,
    4.29341003e+02, 1.75419006e+02, 4.49170013e+02, 2.12169998e+02,
    4.54944000e+02, 2.48597000e+02, 4.47477997e+02, 2.80062012e+02,
    4.27864014e+02, 3.05851013e+02, 4.00860992e+02, 3.25957001e+02,
    3.69451996e+02, 3.36686005e+02, 3.33743988e+02, 3.43434998e+02,
    2.96994995e+02, 3.46546997e+02, 2.59769012e+02, 3.16398987e+02,
    2.41778000e+02, 2.88877014e+02, 2.22774002e+02, 2.61747986e+02,
    2.20903000e+02, 2.41514999e+02, 2.35942993e+02, 2.67247009e+02,
    2.33565002e+02, 2.88177002e+02, 2.33251999e+02, 1.08765999e+02,
    2.41291000e+02, 1.30779007e+02, 2.25580002e+02, 1.65904007e+02,
    2.28292999e+02, 1.86440994e+02, 2.41016006e+02, 1.59845993e+02,
    2.39731003e+02, 1.33117996e+02, 2.34466995e+02, 1.31417007e+02,
    2.58880005e+02, 1.55048996e+02, 2.46046997e+02, 1.81608002e+02,
    2.60502991e+02, 1.54494995e+02, 2.66114990e+02, 1.56906006e+02,
    2.53934006e+02, 3.02445007e+02, 2.60002014e+02, 2.67807007e+02,
    2.46069000e+02, 2.42190994e+02, 2.58364014e+02, 2.68820007e+02,
    2.65207001e+02, 2.67773010e+02, 2.53934006e+02, 1.94834000e+02,
    2.61713989e+02, 1.86567001e+02, 2.99156006e+02, 1.76841995e+02,
    3.22497009e+02, 1.81705002e+02, 3.40975006e+02, 2.06503998e+02,
    3.49240997e+02, 2.33735001e+02, 3.40002014e+02, 2.42487000e+02,
    3.23955994e+02, 2.32761993e+02, 3.03045990e+02, 2.28386002e+02,
    2.61713989e+02, 1.90944000e+02, 3.35139008e+02, 2.23037003e+02,
    3.35626007e+02, 1.52529007e+02, 3.71122986e+02, 1.81253006e+02,
    3.71059998e+02, 1.98348007e+02, 3.71238007e+02, 2.05531998e+02,
    3.74040009e+02, 2.16130005e+02, 3.70164001e+02, 2.35511993e+02,
    3.69296997e+02, 2.67286987e+02, 3.70149994e+02, 2.40220993e+02,
    3.90264008e+02, 2.24529999e+02, 3.94704010e+02, 2.06990005e+02,
    3.95921997e+02, 1.95401993e+02, 3.95843994e+02, 1.78955994e+02,
    3.90687012e+02, 1.87619003e+02, 3.83385986e+02, 2.07330994e+02,
    3.85501007e+02, 2.28705002e+02, 3.83522003e+02, 2.28384995e+02,
    3.75709991e+02, 2.06240005e+02, 3.77045990e+02, 1.88020004e+02,
    3.76095001e+02, 2.06884003e+02, 3.82372986e+02, 2.07145996e+02,
    3.26537994e+02 ]
noOfLandmarkPoint: 68
