%YAML:1.0
landmark: [ 1.12680000e+02, 2.17595001e+02, 1.16026001e+02,
    2.43675995e+02, 1.22195999e+02, 2.69222992e+02, 1.31774002e+02,
    2.93686005e+02, 1.45673996e+02, 3.15967010e+02, 1.63509995e+02,
    3.35227997e+02, 1.85737000e+02, 3.49040009e+02, 2.11472000e+02,
    3.53936005e+02, 2.37445999e+02, 3.51256012e+02, 2.58718994e+02,
    3.36132996e+02, 2.75481995e+02, 3.15946991e+02, 2.86541992e+02,
    2.92139008e+02, 2.94247009e+02, 2.67006012e+02, 2.99472992e+02,
    2.41237000e+02, 3.03549988e+02, 2.15255997e+02, 2.89515015e+02,
    1.90460999e+02, 2.74076996e+02, 1.80636993e+02, 2.47878998e+02,
    1.84848007e+02, 2.37587006e+02, 1.96074997e+02, 2.52089996e+02,
    1.93735992e+02, 2.67996002e+02, 1.88589996e+02, 1.26246002e+02,
    1.99817993e+02, 1.40281006e+02, 1.85783005e+02, 1.65074997e+02,
    1.85783005e+02, 1.76302994e+02, 1.92800995e+02, 1.63671997e+02,
    1.94671997e+02, 1.46830002e+02, 1.92332993e+02, 1.45427002e+02,
    2.19466003e+02, 1.62139999e+02, 2.06233994e+02, 1.86126999e+02,
    2.20401993e+02, 1.64608002e+02, 2.26483994e+02, 1.64139999e+02,
    2.14320007e+02, 2.70803009e+02, 2.16190994e+02, 2.53128006e+02,
    2.02720993e+02, 2.33845001e+02, 2.16658997e+02, 2.56299988e+02,
    2.23209000e+02, 2.53024994e+02, 2.10110001e+02, 1.94080002e+02,
    2.20401993e+02, 1.94080002e+02, 2.50809998e+02, 1.88466003e+02,
    2.67183990e+02, 1.94080002e+02, 2.76071991e+02, 2.12792999e+02,
    2.76540009e+02, 2.32440994e+02, 2.76540009e+02, 2.37119995e+02,
    2.65779999e+02, 2.31037994e+02, 2.52214005e+02, 2.25891998e+02,
    2.20401993e+02, 2.01098007e+02, 2.70925995e+02, 2.24020996e+02,
    2.70925995e+02, 1.87531006e+02, 3.10691010e+02, 1.94919998e+02,
    3.01095001e+02, 2.05192001e+02, 2.96786011e+02, 2.13151001e+02,
    2.98770996e+02, 2.22393005e+02, 2.96066986e+02, 2.32237000e+02,
    3.00243988e+02, 2.38054993e+02, 3.08820007e+02, 2.38735992e+02,
    3.18867004e+02, 2.29229004e+02, 3.25126007e+02, 2.16524994e+02,
    3.29398987e+02, 2.00257996e+02, 3.26550995e+02, 1.90615997e+02,
    3.19545990e+02, 1.99113998e+02, 3.09858002e+02, 2.15098999e+02,
    3.12562988e+02, 2.27686996e+02, 3.09669006e+02, 2.27123993e+02,
    3.05557007e+02, 2.13656998e+02, 3.06661011e+02, 1.99934006e+02,
    3.06497009e+02, 2.14257996e+02, 3.09002991e+02, 2.10921997e+02,
    2.59699005e+02 ]
noOfLandmarkPoint: 68
