%YAML:1.0
landmark: [ 7.73639984e+01, 2.38029007e+02, 8.40399017e+01,
    2.69183014e+02, 9.19384003e+01, 2.98781006e+02, 1.00750999e+02,
    3.32720001e+02, 1.16289001e+02, 3.61071991e+02, 1.39110992e+02,
    3.84216003e+02, 1.68050995e+02, 3.98317993e+02, 1.99899994e+02,
    4.04390991e+02, 2.31070999e+02, 3.98687012e+02, 2.60898010e+02,
    3.83834991e+02, 2.83768005e+02, 3.61171997e+02, 2.99730988e+02,
    3.32522003e+02, 3.09769989e+02, 3.01665985e+02, 3.16975006e+02,
    2.73010010e+02, 3.22701996e+02, 2.38029007e+02, 2.94329987e+02,
    2.18001999e+02, 2.69082001e+02, 2.01367004e+02, 2.41253998e+02,
    2.06005997e+02, 2.19225998e+02, 2.16889008e+02, 2.42035004e+02,
    2.16332993e+02, 2.67626007e+02, 2.09656998e+02, 9.23846970e+01,
    2.19671005e+02, 1.13525002e+02, 1.99643005e+02, 1.45235001e+02,
    2.05761993e+02, 1.64707001e+02, 2.17445007e+02, 1.38003006e+02,
    2.14664001e+02, 1.15750000e+02, 2.10768997e+02, 1.21680000e+02,
    2.42207993e+02, 1.40529007e+02, 2.28500000e+02, 167., 2.46143005e+02,
    1.40309006e+02, 2.50358994e+02, 1.44123001e+02, 2.38585007e+02,
    2.71194000e+02, 2.40024994e+02, 2.48535995e+02, 2.28973007e+02,
    2.23119995e+02, 2.46373993e+02, 2.49477997e+02, 2.47164993e+02,
    2.50380005e+02, 2.37473007e+02, 1.77501999e+02, 2.48598999e+02,
    1.73608002e+02, 2.79752991e+02, 1.65263000e+02, 2.93661011e+02,
    1.70270004e+02, 3.04787994e+02, 1.94748001e+02, 3.09238007e+02,
    2.20895004e+02, 3.02562988e+02, 2.27014999e+02, 2.92549011e+02,
    2.15332001e+02, 2.77528015e+02, 2.11438004e+02, 2.46929993e+02,
    1.78615005e+02, 3.02562988e+02, 2.09768997e+02, 3.01450012e+02,
    1.48572998e+02, 3.33717010e+02, 1.69815002e+02, 3.29005005e+02,
    1.87811996e+02, 3.27308014e+02, 1.98085999e+02, 3.29821991e+02,
    2.11410995e+02, 3.25799011e+02, 2.29690994e+02, 3.27855011e+02,
    2.48154999e+02, 3.30378998e+02, 2.32438004e+02, 3.41652008e+02,
    2.16539993e+02, 3.46540985e+02, 1.98438995e+02, 3.49614990e+02,
    1.80914001e+02, 3.47989990e+02, 1.66768005e+02, 3.43846008e+02,
    1.78462006e+02, 3.35648987e+02, 1.97955002e+02, 3.36686005e+02,
    2.20350998e+02, 3.35441010e+02, 2.19729004e+02, 3.31915985e+02,
    1.97955002e+02, 3.33368011e+02, 1.78462006e+02, 3.33782013e+02,
    1.97955002e+02, 3.34819000e+02, 1.94192001e+02, 2.93661011e+02 ]
noOfLandmarkPoint: 68
