%YAML:1.0
landmark: [ 9.58647003e+01, 2.13938004e+02, 9.87690964e+01,
    2.48654007e+02, 1.02954002e+02, 2.73765015e+02, 1.15091003e+02,
    3.12268005e+02, 1.27647003e+02, 3.40726990e+02, 1.50578995e+02,
    3.64880005e+02, 1.77550003e+02, 3.79643005e+02, 2.04001007e+02,
    3.85088989e+02, 2.39389999e+02, 3.75463989e+02, 2.56627014e+02,
    3.62609009e+02, 2.73489014e+02, 3.41894012e+02, 2.85782990e+02,
    3.09033997e+02, 2.92540985e+02, 2.76276001e+02, 2.98947998e+02,
    2.50604004e+02, 3.05135010e+02, 2.13938004e+02, 2.85686005e+02,
    1.96044998e+02, 2.69417999e+02, 1.78953995e+02, 2.47373001e+02,
    1.80362000e+02, 2.30451004e+02, 1.88266006e+02, 2.50089005e+02,
    1.89921997e+02, 2.67700989e+02, 1.88794998e+02, 1.20759003e+02,
    2.08492996e+02, 1.41955994e+02, 1.84692001e+02, 1.66604996e+02,
    1.82328003e+02, 1.79884003e+02, 1.92934006e+02, 1.64848999e+02,
    1.92673004e+02, 1.48287003e+02, 1.93531006e+02, 1.36875000e+02,
    2.12686996e+02, 1.54154999e+02, 2.00149994e+02, 1.75942993e+02,
    2.11341003e+02, 1.55070999e+02, 2.19386002e+02, 1.55766998e+02,
    2.10048996e+02, 2.68056000e+02, 2.10774002e+02, 2.49468994e+02,
    2.00306000e+02, 2.29552994e+02, 2.11410004e+02, 2.50348999e+02,
    2.18981995e+02, 2.48343994e+02, 2.09270996e+02, 1.87664001e+02,
    2.15494003e+02, 1.82052994e+02, 2.49910004e+02, 1.72427994e+02,
    2.71253998e+02, 1.77449997e+02, 2.83390991e+02, 2.00889008e+02,
    2.88622009e+02, 2.21811996e+02, 2.84227997e+02, 2.29345001e+02,
    2.70835999e+02, 2.21811996e+02, 2.48654007e+02, 2.21115997e+02,
    2.16272003e+02, 1.89897995e+02, 2.80226990e+02, 2.14279007e+02,
    2.80460999e+02, 1.60434998e+02, 3.17407013e+02, 1.77095001e+02,
    3.09562012e+02, 1.91641998e+02, 3.05929993e+02, 2.00444000e+02,
    3.09181000e+02, 2.09966995e+02, 3.05045990e+02, 2.22097000e+02,
    3.07854004e+02, 2.44455002e+02, 3.15851013e+02, 2.29475006e+02,
    3.29522003e+02, 2.17298996e+02, 3.36113007e+02, 2.01994995e+02,
    3.39306000e+02, 1.85367004e+02, 3.36467987e+02, 1.71298996e+02,
    3.29138000e+02, 1.84042007e+02, 3.21247009e+02, 2.00468002e+02,
    3.23567993e+02, 2.18598999e+02, 3.20506012e+02, 2.17417999e+02,
    3.16062988e+02, 2.00886002e+02, 3.18127991e+02, 1.85166000e+02,
    3.17101990e+02, 2.01024994e+02, 3.21024994e+02, 2.01667007e+02,
    2.72285004e+02 ]
noOfLandmarkPoint: 68
