%YAML:1.0
landmark: [ 8.17113037e+01, 2.13397995e+02, 8.32337036e+01,
    2.47764999e+02, 8.83106003e+01, 2.81765015e+02, 9.64244995e+01,
    3.15195007e+02, 1.07241997e+02, 3.47795013e+02, 1.27632004e+02,
    3.75308990e+02, 1.54451996e+02, 3.96653015e+02, 1.87348999e+02,
    4.05230011e+02, 2.20417999e+02, 3.96536987e+02, 2.49542007e+02,
    3.78390015e+02, 2.75431000e+02, 3.55782990e+02, 2.93773010e+02,
    3.26987000e+02, 3.02569000e+02, 2.93739990e+02, 3.10407990e+02,
    2.60278015e+02, 3.13697998e+02, 2.26039001e+02, 2.89904999e+02,
    2.12654999e+02, 2.64201996e+02, 1.95557999e+02, 2.40367996e+02,
    1.95938004e+02, 2.17781006e+02, 2.01501999e+02, 2.38626999e+02,
    2.04477997e+02, 2.63213013e+02, 2.07011993e+02, 9.58386993e+01,
    2.02988998e+02, 1.15246002e+02, 1.90602997e+02, 1.43074005e+02,
    1.92889999e+02, 1.67218994e+02, 2.05218994e+02, 1.45132004e+02,
    2.02966995e+02, 1.18113998e+02, 2.02393997e+02, 1.18614998e+02,
    2.17589005e+02, 1.37001007e+02, 2.06617996e+02, 1.62772003e+02,
    2.20104996e+02, 1.37128006e+02, 2.26380997e+02, 1.38964996e+02,
    2.14884995e+02, 2.59718994e+02, 2.23966003e+02, 2.40018005e+02,
    2.09207993e+02, 2.18128998e+02, 2.22936005e+02, 2.38888000e+02,
    2.32136002e+02, 2.39343994e+02, 2.19347000e+02, 1.70936996e+02,
    2.25294998e+02, 1.59955002e+02, 2.63533997e+02, 1.45449005e+02,
    2.85292999e+02, 1.53910995e+02, 2.99395996e+02, 1.76878998e+02,
    3.01813995e+02, 1.99847000e+02, 3.00605011e+02, 2.05891006e+02,
    2.92143005e+02, 2.00651993e+02, 2.67562988e+02, 2.06626999e+02,
    2.26039001e+02, 1.59955002e+02, 2.93755005e+02, 1.93399002e+02,
    2.94157990e+02, 1.37477005e+02, 3.30878998e+02, 1.53326996e+02,
    3.23584015e+02, 1.65862000e+02, 3.20046997e+02, 1.76884995e+02,
    3.24187012e+02, 1.87988998e+02, 3.20156006e+02, 2.02128006e+02,
    3.26003998e+02, 2.17037003e+02, 3.35339996e+02, 2.05007004e+02,
    3.42178009e+02, 1.92626999e+02, 3.46687012e+02, 1.75738998e+02,
    3.50618988e+02, 1.60610992e+02, 3.45609985e+02, 1.49378006e+02,
    3.38286987e+02, 1.60804993e+02, 3.30537994e+02, 1.76817001e+02,
    3.31950989e+02, 1.96494995e+02, 3.31993011e+02, 1.96326004e+02,
    3.31195007e+02, 1.76996002e+02, 3.30161987e+02, 1.61033997e+02,
    3.29910004e+02, 1.76998993e+02, 3.30681000e+02, 1.77281998e+02,
    2.83278015e+02 ]
noOfLandmarkPoint: 68
