%YAML:1.0
landmark: [ 8.00565033e+01, 3.21821991e+02, 7.98218002e+01,
    3.63703003e+02, 8.96644974e+01, 4.04381989e+02, 1.05550003e+02,
    4.43174011e+02, 1.28796997e+02, 4.77966003e+02, 1.57764008e+02,
    5.08217010e+02, 1.93119003e+02, 5.30646973e+02, 2.33272003e+02,
    5.41729980e+02, 2.74656006e+02, 5.36388000e+02, 3.10250000e+02,
    5.15122986e+02, 3.38145996e+02, 4.83808990e+02, 3.61109985e+02,
    4.49019989e+02, 3.74661987e+02, 4.09337006e+02, 3.86371002e+02,
    3.69105988e+02, 3.93433014e+02, 3.27769012e+02, 3.86296997e+02,
    2.95062988e+02, 3.55794006e+02, 2.82089996e+02, 3.18756012e+02,
    2.90350006e+02, 2.88776001e+02, 3.03983002e+02, 3.27821014e+02,
    3.00908997e+02, 3.58841003e+02, 2.93483002e+02, 1.19897003e+02,
    2.85549011e+02, 1.53792007e+02, 2.79007996e+02, 2.03983994e+02,
    2.85152008e+02, 2.35257996e+02, 3.06360992e+02, 1.89098999e+02,
    2.96825989e+02, 1.60061996e+02, 2.87725006e+02, 1.52630005e+02,
    3.22744995e+02, 1.77975998e+02, 3.07506989e+02, 2.11505997e+02,
    3.25981995e+02, 1.78167999e+02, 3.32565002e+02, 1.76983002e+02,
    3.15281006e+02, 3.57324005e+02, 3.25964996e+02, 3.28759003e+02,
    3.12640991e+02, 2.95338989e+02, 3.27257996e+02, 3.29458008e+02,
    3.34095001e+02, 3.26238007e+02, 3.18848999e+02, 2.34662994e+02,
    3.32526001e+02, 2.27528000e+02, 3.86044006e+02, 2.15634995e+02,
    4.05666992e+02, 2.23960007e+02, 4.23506012e+02, 2.59044006e+02,
    4.34803986e+02, 2.84019012e+02, 4.25885010e+02, 2.92343994e+02,
    4.08640015e+02, 2.86992004e+02, 3.86044006e+02, 2.82829987e+02,
    3.32526001e+02, 2.39421005e+02, 4.21127014e+02, 2.76272003e+02,
    4.22369995e+02, 1.97201004e+02, 4.64536011e+02, 2.22227997e+02,
    4.59333008e+02, 2.43951996e+02, 4.56381989e+02, 2.60233002e+02,
    4.61562988e+02, 2.74536987e+02, 4.56139008e+02, 2.89325012e+02,
    4.61242004e+02, 3.06020996e+02, 4.63941986e+02, 2.91748993e+02,
    4.80592010e+02, 2.76842987e+02, 4.95627991e+02, 2.56665009e+02,
    4.99619995e+02, 2.25667007e+02, 4.92058014e+02, 2.10423996e+02,
    4.79056000e+02, 2.32104996e+02, 4.69803009e+02, 2.57113007e+02,
    4.75562012e+02, 2.79101990e+02, 4.72625000e+02, 2.81317993e+02,
    4.71928009e+02, 2.59325012e+02, 4.73593994e+02, 2.34725006e+02,
    4.70278992e+02, 2.58196014e+02, 4.76565002e+02, 2.62612000e+02,
    4.08640015e+02 ]
noOfLandmarkPoint: 68
