%YAML:1.0
landmark: [ 9.32534027e+01, 2.65329010e+02, 9.59756012e+01,
    3.02559998e+02, 1.00776001e+02, 3.39562012e+02, 1.12393997e+02,
    3.74739990e+02, 1.31050003e+02, 4.07072998e+02, 1.51434998e+02,
    4.38212006e+02, 1.79837997e+02, 4.62350006e+02, 2.13886002e+02,
    4.76278992e+02, 2.51029007e+02, 4.75891998e+02, 2.81938995e+02,
    4.56109009e+02, 3.01079010e+02, 4.24187988e+02, 3.15881012e+02,
    3.89927002e+02, 3.27807007e+02, 3.54565002e+02, 3.35795990e+02,
    3.18134003e+02, 3.38295990e+02, 2.80903992e+02, 3.37777008e+02,
    2.45082001e+02, 3.21355011e+02, 2.35574997e+02, 2.97221985e+02,
    2.39080002e+02, 2.79112000e+02, 2.54427002e+02, 3.00431000e+02,
    2.51386002e+02, 3.19122009e+02, 2.48578003e+02, 1.40496994e+02,
    2.44563004e+02, 1.67112000e+02, 2.21270996e+02, 2.22005005e+02,
    2.24835007e+02, 2.42251999e+02, 2.46639008e+02, 2.03677994e+02,
    2.39044006e+02, 1.73723007e+02, 2.35737000e+02, 1.60990005e+02,
    2.66406006e+02, 1.91259995e+02, 2.54134995e+02, 2.19501999e+02,
    2.70931000e+02, 1.88811996e+02, 2.76234985e+02, 1.87740005e+02,
    2.63252014e+02, 3.20296997e+02, 2.77705994e+02, 3.00480011e+02,
    2.63717987e+02, 2.72066010e+02, 2.77766998e+02, 3.00078003e+02,
    2.85403992e+02, 2.98321014e+02, 2.72596985e+02, 2.34983994e+02,
    2.73635010e+02, 2.36022003e+02, 3.19839996e+02, 2.22524002e+02,
    3.39567993e+02, 2.36356003e+02, 3.49997009e+02, 2.61460999e+02,
    3.52546997e+02, 2.81188995e+02, 3.49432007e+02, 2.85860992e+02,
    3.35933990e+02, 2.81188995e+02, 3.22954987e+02, 2.76515991e+02,
    2.77789001e+02, 2.42309998e+02, 3.41023987e+02, 2.76412994e+02,
    3.44665985e+02, 2.10063995e+02, 3.94079987e+02, 2.24865005e+02,
    3.80290985e+02, 2.44328003e+02, 3.75908997e+02, 2.54192001e+02,
    3.83696991e+02, 2.65095001e+02, 3.79023987e+02, 2.77553986e+02,
    3.86292999e+02, 2.85342010e+02, 3.97713989e+02, 2.82528992e+02,
    4.09069000e+02, 2.67093994e+02, 4.20136993e+02, 2.46772995e+02,
    4.22904999e+02, 2.24628006e+02, 4.17652008e+02, 2.12141006e+02,
    4.03944000e+02, 2.23505997e+02, 3.97282013e+02, 2.53673004e+02,
    3.99790985e+02, 2.69681000e+02, 4.01187988e+02, 2.68451996e+02,
    3.92562012e+02, 2.53074005e+02, 3.91778015e+02, 2.27141006e+02,
    3.88803009e+02, 2.51973007e+02, 3.95096008e+02, 2.73920013e+02,
    3.33858002e+02 ]
noOfLandmarkPoint: 68
