%YAML:1.0
landmark: [ 1.99659996e+01, 2.45970001e+02, 1.89129009e+01,
    2.89455994e+02, 2.21264000e+01, 3.32795013e+02, 3.30401993e+01,
    3.74859009e+02, 4.76295013e+01, 4.15842010e+02, 6.59719009e+01,
    4.55015015e+02, 1.02757004e+02, 4.77144989e+02, 1.45617996e+02,
    4.83234985e+02, 1.88235001e+02, 4.75178009e+02, 2.28529007e+02,
    4.58917999e+02, 2.63384003e+02, 4.33315002e+02, 2.86075012e+02,
    3.96420013e+02, 2.98937012e+02, 3.54917999e+02, 3.07230988e+02,
    3.12230011e+02, 3.11380005e+02, 2.68933014e+02, 2.45223999e+02,
    2.33395004e+02, 2.23354004e+02, 2.15352005e+02, 1.81255005e+02,
    2.09884995e+02, 1.55011002e+02, 2.26834000e+02, 1.85628998e+02,
    2.27380997e+02, 2.20621002e+02, 2.25740005e+02, 4.12890015e+01,
    2.21912994e+02, 6.01217995e+01, 2.04889008e+02, 8.72153015e+01,
    2.09884995e+02, 1.12900002e+02, 2.27794998e+02, 8.77621002e+01,
    2.22460007e+02, 6.09716988e+01, 2.15352005e+02, 6.40082016e+01,
    2.46839996e+02, 8.50283966e+01, 2.37768997e+02, 1.07991997e+02,
    2.54171005e+02, 8.28414001e+01, 2.58545013e+02, 8.83087997e+01,
    2.46516998e+02, 2.32102005e+02, 2.70026001e+02, 2.02031006e+02,
    2.49796997e+02, 1.79126999e+02, 2.63635010e+02, 1.99298004e+02,
    2.73854004e+02, 2.04218002e+02, 2.59638000e+02, 1.18926003e+02,
    2.54718002e+02, 9.76034012e+01, 2.93536011e+02, 8.17479019e+01,
    3.27433990e+02, 8.77621002e+01, 3.46023987e+02, 1.05805000e+02,
    3.50944000e+02, 1.42983002e+02, 3.47664001e+02, 1.51731003e+02,
    3.32902008e+02, 1.40796005e+02, 3.13218994e+02, 1.53371002e+02,
    2.57450989e+02, 9.04957962e+01, 3.42743011e+02, 1.27127998e+02,
    3.42743011e+02, 6.26119003e+01, 3.79921997e+02, 8.04866028e+01,
    3.78526001e+02, 9.32326965e+01, 3.78635986e+02, 1.06898003e+02,
    3.83201996e+02, 1.21295998e+02, 3.80904999e+02, 1.46778000e+02,
    3.84326996e+02, 1.86175995e+02, 3.90856995e+02, 1.42628006e+02,
    4.06609985e+02, 1.23426003e+02, 4.09907990e+02, 1.02524002e+02,
    4.11085999e+02, 8.91923981e+01, 4.06424011e+02, 7.61372986e+01,
    3.95705994e+02, 8.43152008e+01, 3.91632996e+02, 1.05258003e+02,
    3.95777008e+02, 1.31723999e+02, 3.94665985e+02, 1.31679993e+02,
    3.89217010e+02, 1.05258003e+02, 3.88670013e+02, 8.51175003e+01,
    3.85696014e+02, 1.05258003e+02, 3.92497009e+02, 9.86968994e+01,
    3.26888000e+02 ]
noOfLandmarkPoint: 68
