%YAML:1.0
landmark: [ 7.05549011e+01, 2.86705994e+02, 7.48195038e+01,
    3.27786011e+02, 8.18257980e+01, 3.68466003e+02, 9.53516006e+01,
    4.07415009e+02, 1.16421997e+02, 4.42873993e+02, 1.42742004e+02,
    4.74654999e+02, 1.73992996e+02, 5.01584015e+02, 2.10897995e+02,
    5.17905029e+02, 2.50123001e+02, 5.05907013e+02, 2.83635010e+02,
    4.82260986e+02, 3.09393005e+02, 4.49987000e+02, 3.28519989e+02,
    4.13532990e+02, 3.40091003e+02, 3.73901001e+02, 3.49673004e+02,
    3.33730011e+02, 3.56643005e+02, 2.93024994e+02, 3.35386993e+02,
    2.70621002e+02, 3.13557007e+02, 2.52238007e+02, 2.67130005e+02,
    2.65674988e+02, 2.53238007e+02, 2.77515015e+02, 2.70278015e+02,
    2.80350006e+02, 3.16429993e+02, 2.69471985e+02, 9.87042007e+01,
    2.73493011e+02, 1.25704002e+02, 2.55110001e+02, 1.70690994e+02,
    2.68458008e+02, 1.93492004e+02, 2.81536011e+02, 1.68789993e+02,
    2.83381012e+02, 1.30300003e+02, 2.71195007e+02, 1.28117996e+02,
    2.95395996e+02, 1.51841003e+02, 2.86704987e+02, 1.80889999e+02,
    3.02635010e+02, 1.49834000e+02, 3.09119995e+02, 1.50981003e+02,
    2.94174011e+02, 3.06812012e+02, 2.94709015e+02, 2.79117004e+02,
    2.89632996e+02, 2.55328995e+02, 3.00757996e+02, 2.81825012e+02,
    3.06816010e+02, 2.81960999e+02, 2.94174011e+02, 2.02684006e+02,
    3.07386993e+02, 1.93492004e+02, 3.51622009e+02, 1.78556000e+02,
    3.85515991e+02, 1.80854004e+02, 4.11941986e+02, 2.21067001e+02,
    4.22856995e+02, 2.53238007e+02, 4.11941986e+02, 2.61855011e+02,
    3.84941010e+02, 2.52089005e+02, 3.52196014e+02, 2.40598999e+02,
    3.03940002e+02, 1.97514008e+02, 4.06196991e+02, 2.42322998e+02,
    4.06770996e+02, 1.69363998e+02, 4.28027008e+02, 1.98539001e+02,
    4.30273987e+02, 2.11048004e+02, 4.31888000e+02, 2.22688004e+02,
    4.32428009e+02, 2.36110001e+02, 4.29997009e+02, 2.49703003e+02,
    4.27605988e+02, 2.65876007e+02, 4.22856995e+02, 2.42595001e+02,
    4.36200012e+02, 2.30009003e+02, 4.42481995e+02, 2.19225998e+02,
    4.47131989e+02, 2.06395996e+02, 4.45947998e+02, 1.93496994e+02,
    4.42372009e+02, 2.04406006e+02, 4.34954987e+02, 2.20460007e+02,
    4.38019989e+02, 2.32384003e+02, 4.31740997e+02, 2.34975006e+02,
    4.32330994e+02, 2.22197006e+02, 4.36197998e+02, 2.07253998e+02,
    4.35427002e+02, 2.21014999e+02, 4.35093994e+02, 2.20492996e+02,
    3.98729004e+02 ]
noOfLandmarkPoint: 68
