%YAML:1.0
landmark: [ 8.50133972e+01, 2.85572998e+02, 8.86961975e+01,
    3.19200989e+02, 9.70593033e+01, 3.51868988e+02, 1.13416000e+02,
    3.81460999e+02, 1.31917999e+02, 4.09750000e+02, 1.52865005e+02,
    4.36303986e+02, 1.78399994e+02, 4.57825989e+02, 2.11093994e+02,
    4.65200012e+02, 2.43714996e+02, 4.57153015e+02, 2.70691986e+02,
    4.37050995e+02, 2.93588013e+02, 4.12157990e+02, 3.09493988e+02,
    3.82454010e+02, 3.19468994e+02, 3.50138000e+02, 3.27807007e+02,
    3.17351013e+02, 3.35319000e+02, 2.84364014e+02, 3.07506989e+02,
    2.65015991e+02, 2.85740997e+02, 2.52923996e+02, 2.50242004e+02,
    2.53149002e+02, 2.25886002e+02, 2.65621002e+02, 2.53371002e+02,
    2.62381989e+02, 2.82114014e+02, 2.57760986e+02, 8.56179962e+01,
    2.55343002e+02, 1.07987999e+02, 2.45669006e+02, 1.41951004e+02,
    2.55606995e+02, 1.55147003e+02, 2.66226013e+02, 1.44485001e+02,
    2.63824005e+02, 1.09196999e+02, 2.55947006e+02, 1.10239998e+02,
    2.82097992e+02, 1.32488998e+02, 2.72024994e+02, 1.59563995e+02,
    2.82621002e+02, 1.33369003e+02, 2.92985992e+02, 1.35800003e+02,
    2.77108002e+02, 2.79760010e+02, 2.80989014e+02, 2.55283997e+02,
    2.71347992e+02, 2.31401993e+02, 2.83394989e+02, 2.55278000e+02,
    2.90186005e+02, 2.59139008e+02, 2.76503998e+02, 1.76307999e+02,
    2.97059998e+02, 1.69658005e+02, 3.40592010e+02, 1.61798004e+02,
    3.56311005e+02, 1.63612000e+02, 3.71425995e+02, 1.93237000e+02,
    3.79890991e+02, 2.25281006e+02, 3.73239990e+02, 2.28908997e+02,
    3.56915985e+02, 2.20444000e+02, 3.38173004e+02, 2.16212006e+02,
    2.95851013e+02, 1.75703995e+02, 3.71425995e+02, 2.15003006e+02,
    3.70217010e+02, 1.52123993e+02, 4.04075012e+02, 1.74908005e+02,
    4.04494995e+02, 1.86326004e+02, 4.05822998e+02, 1.94445999e+02,
    4.08911987e+02, 2.10181000e+02, 4.04925995e+02, 2.21755997e+02,
    4.02523987e+02, 2.44628006e+02, 4.02260986e+02, 2.27867004e+02,
    4.20194000e+02, 2.12406998e+02, 4.28593994e+02, 1.99283005e+02,
    4.31584015e+02, 1.81332001e+02, 4.29714996e+02, 1.69322998e+02,
    4.21967010e+02, 1.79703995e+02, 4.14328003e+02, 1.98343002e+02,
    4.19041992e+02, 2.20199997e+02, 4.12248993e+02, 2.18384003e+02,
    4.10308990e+02, 1.97792999e+02, 4.15181000e+02, 1.83828995e+02,
    4.12010986e+02, 1.98356995e+02, 4.15278992e+02, 1.93237000e+02,
    3.55101990e+02 ]
noOfLandmarkPoint: 68
