%YAML:1.0
landmark: [ 9.41513977e+01, 2.13078995e+02, 9.91635971e+01,
    2.42274002e+02, 1.04681999e+02, 2.71377014e+02, 1.12625000e+02,
    2.99876007e+02, 1.26594002e+02, 3.25959991e+02, 1.46134995e+02,
    3.47942993e+02, 1.73108994e+02, 3.59929993e+02, 2.02126007e+02,
    3.65591003e+02, 2.31380005e+02, 3.63080994e+02, 2.54475998e+02,
    3.44832001e+02, 2.71471008e+02, 3.20839996e+02, 2.84063995e+02,
    2.94028992e+02, 2.89164001e+02, 2.66683990e+02, 2.94247009e+02,
    2.38033005e+02, 2.96557007e+02, 2.08457993e+02, 2.87315002e+02,
    1.90897995e+02, 2.73914001e+02, 1.74261002e+02, 2.43149994e+02,
    1.74667007e+02, 2.29550995e+02, 1.83042007e+02, 2.50807999e+02,
    1.83042007e+02, 2.69054993e+02, 1.81710999e+02, 1.13559998e+02,
    1.91360001e+02, 1.36666000e+02, 1.76572006e+02, 1.58384995e+02,
    1.77496002e+02, 1.75945999e+02, 1.87662994e+02, 1.58839996e+02,
    1.85953995e+02, 1.36619995e+02, 1.85513000e+02, 1.38738007e+02,
    2.07468002e+02, 1.57738007e+02, 1.98544998e+02, 1.74130997e+02,
    2.08113007e+02, 1.56556000e+02, 2.14612000e+02, 1.60233994e+02,
    2.04761002e+02, 2.71381012e+02, 2.03238998e+02, 255., 1.94192993e+02,
    2.36029999e+02, 2.08184006e+02, 2.57445007e+02, 2.11811996e+02,
    2.60049988e+02, 2.01063995e+02, 1.85188004e+02, 2.14003006e+02,
    1.87035995e+02, 2.48199997e+02, 1.77794006e+02, 2.65298004e+02,
    1.83339005e+02, 2.78699005e+02, 2.08294006e+02, 2.80085999e+02,
    2.29550995e+02, 2.76389008e+02, 2.35557999e+02, 2.63911987e+02,
    2.28164993e+02, 2.47274994e+02, 2.20770996e+02, 2.14927002e+02,
    1.94429993e+02, 2.69457001e+02, 2.22619003e+02, 2.69919006e+02,
    1.65854004e+02, 3.19153015e+02, 1.81994995e+02, 3.09088013e+02,
    1.97270004e+02, 3.04558014e+02, 2.06445007e+02, 3.05502014e+02,
    2.16481003e+02, 3.02786011e+02, 2.31729996e+02, 3.05657013e+02,
    2.40179993e+02, 3.11509003e+02, 2.28016006e+02, 3.19635010e+02,
    2.15938995e+02, 3.24153015e+02, 2.06445007e+02, 3.27221008e+02,
    1.90222000e+02, 3.24735992e+02, 1.79832993e+02, 3.21562988e+02,
    1.87384003e+02, 3.15940002e+02, 2.06182999e+02, 3.16101013e+02,
    2.22731995e+02, 3.14493988e+02, 2.22893005e+02, 3.09834015e+02,
    2.05701004e+02, 3.10799011e+02, 1.87865997e+02, 3.12244995e+02,
    2.05750000e+02, 3.13407013e+02, 2.15686996e+02, 2.56056000e+02 ]
noOfLandmarkPoint: 68
