%YAML:1.0
landmark: [ 8.07800980e+01, 2.26494995e+02, 9.08600006e+01,
    2.55291000e+02, 1.02959999e+02, 2.83290009e+02, 1.16905998e+02,
    3.10424011e+02, 1.33723999e+02, 3.35821991e+02, 1.53225998e+02,
    3.59277008e+02, 1.78337997e+02, 3.76238007e+02, 2.08371994e+02,
    3.78739014e+02, 2.37339996e+02, 3.70028992e+02, 2.60572998e+02,
    3.50303986e+02, 2.79561005e+02, 3.26768005e+02, 2.90389008e+02,
    2.98290985e+02, 2.96839996e+02, 2.68488007e+02, 2.99721008e+02,
    2.38136002e+02, 2.99269989e+02, 2.07632004e+02, 2.64688995e+02,
    1.93485001e+02, 2.36436005e+02, 1.87856003e+02, 2.06643005e+02,
    1.94358002e+02, 1.90287003e+02, 2.04488007e+02, 2.08725998e+02,
    2.05334000e+02, 2.33028000e+02, 2.00153000e+02, 8.49718018e+01,
    2.10776001e+02, 1.10804001e+02, 1.96320007e+02, 1.33298996e+02,
    2.00382996e+02, 1.50990005e+02, 2.09203995e+02, 1.32796005e+02,
    2.11326996e+02, 1.13198997e+02, 2.10632996e+02, 1.09125000e+02,
    2.25003006e+02, 1.27402000e+02, 2.13001999e+02, 1.50804001e+02,
    2.23839996e+02, 1.30123001e+02, 2.33203995e+02, 1.30556000e+02,
    2.20207001e+02, 2.46951996e+02, 2.13296997e+02, 2.22591995e+02,
    2.06940994e+02, 2.04360001e+02, 2.21442001e+02, 2.26710999e+02,
    2.25225006e+02, 2.26440002e+02, 2.12348007e+02, 1.59373993e+02,
    2.28589996e+02, 1.61992996e+02, 2.66315002e+02, 1.58850006e+02,
    2.82558014e+02, 1.65136993e+02, 2.95132996e+02, 1.85570999e+02,
    3.00895996e+02, 2.03386002e+02, 2.93561005e+02, 2.09149994e+02,
    2.79414001e+02, 2.00766006e+02, 2.61600006e+02, 1.91335007e+02,
    2.27542007e+02, 1.70376999e+02, 2.95132996e+02, 1.96574997e+02,
    2.92513000e+02, 1.57802002e+02, 3.19234985e+02, 1.69932007e+02,
    3.16316986e+02, 1.80397995e+02, 3.14910004e+02, 1.88714996e+02,
    3.17662994e+02, 1.97223999e+02, 3.13221008e+02, 2.11287994e+02,
    3.13442993e+02, 2.30108002e+02, 3.14519012e+02, 2.15113998e+02,
    3.28290985e+02, 2.03576004e+02, 3.33531006e+02, 1.93431000e+02,
    3.36524994e+02, 1.82934006e+02, 3.35162994e+02, 1.72548996e+02,
    3.31260986e+02, 1.78578995e+02, 3.22201996e+02, 1.91207001e+02,
    3.23442993e+02, 2.06345001e+02, 3.19816010e+02, 2.06839996e+02,
    3.17217987e+02, 1.90270004e+02, 3.19903015e+02, 1.78488998e+02,
    3.19541992e+02, 1.90822998e+02, 3.22351990e+02, 1.78235992e+02,
    2.85701996e+02 ]
noOfLandmarkPoint: 68
