%YAML:1.0
landmark: [ 8.32025986e+01, 2.50893005e+02, 8.76662979e+01,
    2.86475006e+02, 9.34913025e+01, 3.21860992e+02, 9.97596970e+01,
    3.57097992e+02, 1.17939003e+02, 3.87825989e+02, 1.43162994e+02,
    4.13197998e+02, 1.73595001e+02, 4.32084991e+02, 2.07328995e+02,
    4.43407990e+02, 2.42776001e+02, 4.39345001e+02, 2.72446991e+02,
    4.20114014e+02, 2.97519012e+02, 3.94588013e+02, 3.15632996e+02,
    3.63696014e+02, 3.26425995e+02, 3.29605011e+02, 3.30635010e+02,
    2.94001007e+02, 3.34264008e+02, 2.58321014e+02, 3.25351013e+02,
    2.37522995e+02, 3.05625000e+02, 2.20584000e+02, 2.78113007e+02,
    2.20444000e+02, 2.58005005e+02, 2.32076004e+02, 2.84901001e+02,
    2.31287003e+02, 3.04088013e+02, 2.31369003e+02, 1.37177994e+02,
    2.32570999e+02, 1.68233002e+02, 2.13998001e+02, 1.92662003e+02,
    2.18039001e+02, 2.18884995e+02, 2.31580994e+02, 1.94190002e+02,
    2.29253006e+02, 1.66889999e+02, 2.23658005e+02, 1.56927994e+02,
    2.49589996e+02, 1.84679993e+02, 2.36714005e+02, 2.06863007e+02,
    2.54988007e+02, 1.82470993e+02, 2.56674011e+02, 1.82240997e+02,
    2.44951004e+02, 3.02076996e+02, 2.54360001e+02, 2.84423004e+02,
    2.43445007e+02, 2.62571014e+02, 2.54475006e+02, 2.85153992e+02,
    2.58108002e+02, 2.82269012e+02, 2.48912994e+02, 2.19875000e+02,
    2.56835999e+02, 2.19380005e+02, 2.91993988e+02, 2.10466995e+02,
    3.07345001e+02, 2.20369995e+02, 3.21705994e+02, 2.47606003e+02,
    3.31114014e+02, 2.68898987e+02, 3.23686005e+02, 2.73355988e+02,
    3.10316010e+02, 2.63946991e+02, 2.89023010e+02, 2.55033997e+02,
    2.55350006e+02, 2.33244995e+02, 3.18734985e+02, 2.60976013e+02,
    3.20714996e+02, 1.81250000e+02, 3.56368988e+02, 2.15520004e+02,
    3.50311005e+02, 2.37485992e+02, 3.49359009e+02, 2.46119995e+02,
    3.52407013e+02, 2.56743011e+02, 3.50295013e+02, 2.68683990e+02,
    3.52973999e+02, 2.74841003e+02, 3.59339996e+02, 2.67011993e+02,
    3.74002991e+02, 2.52934998e+02, 3.79662994e+02, 2.41664001e+02,
    3.79148010e+02, 2.26231995e+02, 3.78635010e+02, 2.07768997e+02,
    3.73691010e+02, 2.19190002e+02, 3.64656006e+02, 2.44139999e+02,
    3.68253998e+02, 2.55697006e+02, 3.67165985e+02, 2.57190002e+02,
    3.56575989e+02, 2.44688004e+02, 3.55645996e+02, 2.21046005e+02,
    3.53884003e+02, 2.43113007e+02, 3.61566986e+02, 2.55033997e+02,
    3.11307007e+02 ]
noOfLandmarkPoint: 68
