%YAML:1.0
landmark: [ 1.00174004e+02, 2.76460999e+02, 9.79019012e+01,
    3.16013000e+02, 1.01959999e+02, 3.55438995e+02, 1.10440002e+02,
    3.94106995e+02, 1.29298996e+02, 4.28796997e+02, 1.57324005e+02,
    4.56748993e+02, 1.89737000e+02, 4.79419006e+02, 2.27761993e+02,
    4.90162994e+02, 2.66983002e+02, 4.95157990e+02, 3.02266998e+02,
    4.78471985e+02, 3.29976013e+02, 4.50191010e+02, 3.52472992e+02,
    4.17648010e+02, 3.64334015e+02, 3.79906006e+02, 3.73273010e+02,
    3.41274994e+02, 3.79510010e+02, 3.02119995e+02, 3.73678009e+02,
    2.78210999e+02, 3.60571014e+02, 2.59859985e+02, 3.28381989e+02,
    2.58023010e+02, 3.01949005e+02, 2.72378998e+02, 3.28303986e+02,
    2.75651001e+02, 3.54403992e+02, 2.77703003e+02, 1.63156006e+02,
    2.67131012e+02, 1.82983002e+02, 2.47302994e+02, 2.40554993e+02,
    2.50470993e+02, 2.66376007e+02, 2.70045990e+02, 2.32912003e+02,
    2.68316010e+02, 2.05505005e+02, 2.69734009e+02, 1.90546997e+02,
    2.80592010e+02, 2.13065002e+02, 2.72208008e+02, 2.33744003e+02,
    2.86539001e+02, 2.11660004e+02, 2.90161011e+02, 2.05727005e+02,
    2.79959991e+02, 3.49885010e+02, 2.93669006e+02, 3.32041992e+02,
    2.83308014e+02, 3.15498993e+02, 2.90888000e+02, 3.30904999e+02,
    2.98334015e+02, 3.26441986e+02, 2.88708008e+02, 2.57045013e+02,
    2.95705994e+02, 2.51214005e+02, 3.31862000e+02, 2.40132996e+02,
    3.56355011e+02, 2.47714996e+02, 3.75015991e+02, 2.77455994e+02,
    3.93677002e+02, 3.06031006e+02, 3.89011993e+02, 3.07196991e+02,
    3.65684998e+02, 3.01949005e+02, 3.42359009e+02, 2.94368011e+02,
    2.98621002e+02, 2.60772003e+02, 3.77644989e+02, 2.98450012e+02,
    3.84346985e+02, 2.04559998e+02, 4.12921997e+02, 2.42410995e+02,
    4.08480988e+02, 2.61209015e+02, 4.09415985e+02, 2.71614014e+02,
    4.13790009e+02, 2.81223999e+02, 4.12333008e+02, 2.95588013e+02,
    4.15635010e+02, 3.10113007e+02, 4.20502991e+02, 3.01385010e+02,
    4.34187988e+02, 2.85265991e+02, 4.40213013e+02, 2.67592010e+02,
    4.40464996e+02, 2.49175003e+02, 4.35987000e+02, 2.31139008e+02,
    4.27104004e+02, 2.50139999e+02, 4.19342987e+02, 2.70074005e+02,
    4.23920990e+02, 2.85726013e+02, 4.24825012e+02, 2.87221008e+02,
    4.20154999e+02, 2.70946014e+02, 4.18260986e+02, 2.50815994e+02,
    4.15781006e+02, 2.70084015e+02, 4.21661011e+02, 2.93783997e+02,
    3.76182007e+02 ]
noOfLandmarkPoint: 68
