%YAML:1.0
landmark: [ 5.58326988e+01, 2.33871994e+02, 5.57565994e+01,
    2.70803986e+02, 5.83530998e+01, 3.07623993e+02, 6.71038971e+01,
    3.43450012e+02, 8.07259979e+01, 3.77756012e+02, 1.03162003e+02,
    4.06725006e+02, 1.33311005e+02, 4.27834015e+02, 1.69110001e+02,
    4.34871002e+02, 2.05037994e+02, 4.26544006e+02, 2.39072006e+02,
    4.12747986e+02, 2.62686005e+02, 3.84739990e+02, 2.76289001e+02,
    3.50493988e+02, 2.84385986e+02, 3.14464996e+02, 2.92748993e+02,
    2.78492004e+02, 2.99321014e+02, 2.42151001e+02, 2.59876007e+02,
    2.10496994e+02, 2.29682999e+02, 1.91505005e+02, 1.86867996e+02,
    1.98153000e+02, 1.73194000e+02, 2.11957993e+02, 1.93817993e+02,
    2.11729996e+02, 2.26274002e+02, 2.02705994e+02, 5.68067017e+01,
    2.03679993e+02, 7.28768997e+01, 1.90044006e+02, 1.04927002e+02,
    2.01714996e+02, 1.17679001e+02, 2.14880005e+02, 9.56470032e+01,
    2.12960999e+02, 7.43377991e+01, 2.00757996e+02, 7.31595993e+01,
    2.38240005e+02, 9.26060028e+01, 2.22604004e+02, 1.17665001e+02,
    2.41912994e+02, 9.32434998e+01, 2.47828003e+02, 9.33299026e+01,
    2.31436996e+02, 2.28334000e+02, 2.45270996e+02, 2.03451996e+02,
    2.30311005e+02, 1.80679993e+02, 2.41761002e+02, 2.04072998e+02,
    2.49201004e+02, 2.03386002e+02, 2.35332993e+02, 1.24983002e+02,
    2.43125000e+02, 1.19139999e+02, 2.69420990e+02, 1.10861000e+02,
    2.99614014e+02, 1.15244003e+02, 3.12761993e+02, 1.37158005e+02,
    3.21528015e+02, 1.62479996e+02, 3.16657990e+02, 1.73194000e+02,
    3.04971008e+02, 1.63453995e+02, 2.78187012e+02, 1.61020004e+02,
    2.43125000e+02, 1.20113998e+02, 3.09352997e+02, 1.51279999e+02,
    3.10813995e+02, 1.05016998e+02, 3.53181000e+02, 1.18542999e+02,
    3.50502014e+02, 1.30740005e+02, 3.46830994e+02, 1.43625000e+02,
    3.48294006e+02, 1.58108994e+02, 3.46061005e+02, 1.75179993e+02,
    3.50437988e+02, 1.91212006e+02, 3.56102997e+02, 1.81973999e+02,
    3.66343994e+02, 1.63979996e+02, 3.74389008e+02, 1.46410004e+02,
    3.75582001e+02, 1.26436996e+02, 3.73813995e+02, 1.15949997e+02,
    3.66272003e+02, 1.29761002e+02, 3.57532990e+02, 1.44908005e+02,
    3.60928986e+02, 1.62757004e+02, 3.58549988e+02, 1.63511002e+02,
    3.55023987e+02, 1.44843002e+02, 3.55316986e+02, 1.32076996e+02,
    3.55914001e+02, 1.44712997e+02, 3.59368011e+02, 1.29365997e+02,
    2.97665985e+02 ]
noOfLandmarkPoint: 68
