%YAML:1.0
landmark: [ 6.00668983e+01, 2.66171997e+02, 6.44878998e+01,
    3.01260986e+02, 7.09113007e+01, 3.36032013e+02, 8.22067032e+01,
    3.69472992e+02, 1.00059998e+02, 3.99955994e+02, 1.23541000e+02,
    4.26341003e+02, 1.53317001e+02, 4.44321991e+02, 1.88298004e+02,
    4.48688995e+02, 2.22757996e+02, 4.41496002e+02, 2.53110992e+02,
    4.23596985e+02, 2.77782013e+02, 3.98641998e+02, 2.90053986e+02,
    3.65567993e+02, 2.99035004e+02, 3.31364014e+02, 3.04460999e+02,
    2.96423004e+02, 3.07143005e+02, 2.61162994e+02, 2.77092987e+02,
    2.40016998e+02, 2.54276993e+02, 2.21653000e+02, 2.25315994e+02,
    2.24518005e+02, 2.05307007e+02, 2.40016998e+02, 2.30639008e+02,
    2.35093002e+02, 2.53164993e+02, 2.31669998e+02, 8.62212982e+01,
    2.45582001e+02, 1.01803001e+02, 2.22766006e+02, 1.29070007e+02,
    2.23322998e+02, 1.50216003e+02, 2.37235001e+02, 1.26288002e+02,
    2.33339005e+02, 1.04028999e+02, 2.33339005e+02, 1.05647003e+02,
    2.62648010e+02, 1.26122002e+02, 2.51112000e+02, 1.50319000e+02,
    2.62911011e+02, 1.25834999e+02, 2.67674011e+02, 1.24061996e+02,
    2.57268005e+02, 2.56701996e+02, 2.61306000e+02, 2.35126999e+02,
    2.51591003e+02, 2.10656998e+02, 2.62799011e+02, 2.36701996e+02,
    2.66216003e+02, 2.33688004e+02, 2.56712006e+02, 1.62459000e+02,
    2.67841003e+02, 1.58007004e+02, 3.01786011e+02, 1.47990005e+02,
    3.20149994e+02, 1.55225006e+02, 3.34618011e+02, 1.85274002e+02,
    3.40183014e+02, 2.11429001e+02, 3.34062012e+02, 2.15880997e+02,
    3.20149994e+02, 2.06419998e+02, 3.00673004e+02, 1.98072998e+02,
    2.66727997e+02, 1.66910995e+02, 3.31835999e+02, 1.98072998e+02,
    3.31835999e+02, 1.32408997e+02, 3.70233002e+02, 1.55270004e+02,
    3.62834991e+02, 1.73580994e+02, 3.60371002e+02, 1.85830994e+02,
    3.62998993e+02, 1.98669006e+02, 3.60223999e+02, 2.12766998e+02,
    3.62872986e+02, 2.32018005e+02, 3.68006989e+02, 2.18703003e+02,
    3.80053986e+02, 2.01610992e+02, 3.86233002e+02, 1.86944000e+02,
    3.88040009e+02, 1.65212997e+02, 3.86009003e+02, 1.48723999e+02,
    3.80121002e+02, 1.64067993e+02, 3.72821991e+02, 1.86944000e+02,
    3.75240997e+02, 2.03039001e+02, 3.73855988e+02, 2.03673996e+02,
    3.70812988e+02, 1.86386993e+02, 3.71346008e+02, 1.66162003e+02,
    3.70346985e+02, 1.86190994e+02, 3.73717987e+02, 1.83048004e+02,
    3.21819000e+02 ]
noOfLandmarkPoint: 68
