%YAML:1.0
landmark: [ 7.73638992e+01, 2.40972000e+02, 7.45330963e+01,
    2.79670013e+02, 7.59898987e+01, 3.18434998e+02, 8.42846985e+01,
    3.56260010e+02, 1.14931999e+02, 4.01812012e+02, 1.47246002e+02,
    4.28352997e+02, 1.70281998e+02, 4.43233002e+02, 1.99761002e+02,
    4.46464996e+02, 2.38419998e+02, 4.45854004e+02, 2.72408997e+02,
    4.24359985e+02, 2.97259003e+02, 3.98872986e+02, 3.15519012e+02,
    3.64681000e+02, 3.23042999e+02, 3.26721008e+02, 3.26785004e+02,
    2.88085999e+02, 3.29811005e+02, 2.49386993e+02, 3.13746002e+02,
    2.28733002e+02, 2.91062012e+02, 2.14011993e+02, 2.51020996e+02,
    2.15990005e+02, 2.29597000e+02, 2.29498001e+02, 2.53921997e+02,
    2.32757996e+02, 2.89579010e+02, 2.30820007e+02, 1.06433998e+02,
    2.16492996e+02, 1.34608994e+02, 2.06664993e+02, 1.66382004e+02,
    2.10735992e+02, 2.04352997e+02, 2.31028000e+02, 1.64016998e+02,
    2.28843002e+02, 1.34850998e+02, 2.26865005e+02, 1.27109001e+02,
    2.43643997e+02, 1.47742004e+02, 2.34156006e+02, 1.76867996e+02,
    2.49837997e+02, 1.46914993e+02, 2.52514999e+02, 1.49272995e+02,
    2.41737000e+02, 2.95157013e+02, 2.53701004e+02, 2.69891998e+02,
    2.38619003e+02, 2.46332001e+02, 2.52893005e+02, 2.70438995e+02,
    2.58787994e+02, 2.70907013e+02, 2.46326996e+02, 1.92113007e+02,
    2.52447006e+02, 1.83789993e+02, 2.93106995e+02, 1.73904007e+02,
    3.16834991e+02, 1.78847000e+02, 3.29687988e+02, 2.08507004e+02,
    3.40563995e+02, 2.34212997e+02, 3.32160004e+02, 2.42617004e+02,
    3.19800995e+02, 2.33718994e+02, 2.94096008e+02, 2.31126999e+02,
    2.54742004e+02, 1.90710999e+02, 3.26721985e+02, 2.28281006e+02,
    3.27710999e+02, 1.57688004e+02, 3.69490997e+02, 1.75897003e+02,
    3.60790985e+02, 1.93645996e+02, 3.56920013e+02, 2.05117996e+02,
    3.62605988e+02, 2.18479004e+02, 3.58095001e+02, 2.36412994e+02,
    3.63334015e+02, 2.61726990e+02, 3.73316010e+02, 2.36692001e+02,
    3.82873993e+02, 2.19998993e+02, 3.85044006e+02, 2.06770004e+02,
    3.83881012e+02, 1.91835999e+02, 3.83364014e+02, 1.78880997e+02,
    3.80028015e+02, 1.87714005e+02, 3.70010010e+02, 2.05485001e+02,
    3.72752014e+02, 2.25067001e+02, 3.72920013e+02, 2.26669998e+02,
    3.68487000e+02, 2.05485001e+02, 3.69113007e+02, 1.87362000e+02,
    3.65234009e+02, 2.05699997e+02, 3.71039001e+02, 2.12001999e+02,
    3.17471985e+02 ]
noOfLandmarkPoint: 68
