%YAML:1.0
landmark: [ 7.19744034e+01, 2.03356995e+02, 6.74918976e+01,
    2.47742996e+02, 6.89738998e+01, 2.92601990e+02, 7.30324020e+01,
    3.37242004e+02, 9.26903992e+01, 3.77266998e+02, 1.26106003e+02,
    4.06584015e+02, 1.69468002e+02, 4.17678986e+02, 2.13927994e+02,
    4.23946991e+02, 2.58528015e+02, 4.29134003e+02, 3.02816010e+02,
    4.26612000e+02, 3.41026001e+02, 4.04134003e+02, 3.62669006e+02,
    3.65024994e+02, 3.76580994e+02, 3.22360992e+02, 3.85584991e+02,
    2.78407990e+02, 3.84390015e+02, 2.33612000e+02, 3.87678986e+02,
    1.79022003e+02, 3.76497009e+02, 1.49423996e+02, 3.36377014e+02,
    1.38901001e+02, 3.18618011e+02, 1.57975006e+02, 3.39665009e+02,
    1.56001999e+02, 3.70578003e+02, 1.59289993e+02, 1.31169006e+02,
    1.49423996e+02, 1.56820007e+02, 1.15880997e+02, 2.39692001e+02,
    1.07331001e+02, 2.54820007e+02, 1.36927994e+02, 2.26537994e+02,
    1.29692993e+02, 1.63397003e+02, 1.25088997e+02, 1.57477997e+02,
    1.78363998e+02, 2.00735992e+02, 1.59889008e+02, 2.31800003e+02,
    1.86914001e+02, 2.01490997e+02, 1.82233002e+02, 2.02201996e+02,
    1.76391006e+02, 3.66631989e+02, 2.20457993e+02, 3.49661011e+02,
    1.92033005e+02, 3.12040985e+02, 2.02699997e+02, 3.47558014e+02,
    2.15854004e+02, 3.40980988e+02, 2.04014999e+02, 2.50873001e+02,
    1.84940994e+02, 2.46927002e+02, 2.22431000e+02, 2.25222000e+02,
    2.42820007e+02, 2.30483994e+02, 2.59920990e+02, 2.78497986e+02,
    2.66497986e+02, 3.11382996e+02, 2.75048004e+02, 3.20591003e+02,
    2.59263000e+02, 3.12699005e+02, 2.42820007e+02, 2.96914001e+02,
    1.88229996e+02, 2.54820007e+02, 2.50054993e+02, 2.98886993e+02,
    2.57290009e+02, 1.66686005e+02, 3.05303009e+02, 2.19287003e+02,
    2.94187012e+02, 2.52464996e+02, 2.90893005e+02, 2.75209015e+02,
    2.90834015e+02, 2.85434998e+02, 2.97610992e+02, 3.08402008e+02,
    3.11092010e+02, 3.21248993e+02, 3.36216003e+02, 3.00256012e+02,
    3.51298004e+02, 2.83583008e+02, 3.54308014e+02, 2.71263000e+02,
    3.53316986e+02, 2.40354004e+02, 3.48154999e+02, 2.15352997e+02,
    3.39631989e+02, 2.25828003e+02, 3.26372986e+02, 2.65342987e+02,
    3.34901001e+02, 2.87592010e+02, 3.36610992e+02, 2.88132996e+02,
    3.13183990e+02, 2.67973999e+02, 3.04645996e+02, 2.28656006e+02,
    3.03558014e+02, 2.66118988e+02, 3.21292999e+02, 2.96914001e+02,
    2.22431000e+02 ]
noOfLandmarkPoint: 68
