%YAML:1.0
landmark: [ 7.35504990e+01, 2.64890015e+02, 7.18109970e+01,
    3.05701996e+02, 7.17749023e+01, 3.46550995e+02, 7.43753967e+01,
    3.87178986e+02, 8.83242035e+01, 4.25506012e+02, 1.09175003e+02,
    4.60490997e+02, 1.41395996e+02, 4.85255005e+02, 1.79638000e+02,
    4.98945007e+02, 2.20106003e+02, 4.95539001e+02, 2.57398987e+02,
    4.79282013e+02, 2.90105011e+02, 4.54964996e+02, 3.14179993e+02,
    4.22130005e+02, 3.31700989e+02, 3.85252014e+02, 3.45319000e+02,
    3.46773010e+02, 3.54505005e+02, 3.06973999e+02, 3.39093994e+02,
    2.86229004e+02, 3.24274994e+02, 2.64890015e+02, 2.71056000e+02,
    2.63015991e+02, 2.48998993e+02, 2.71410004e+02, 2.74490997e+02,
    2.78170013e+02, 3.14791992e+02, 2.79115997e+02, 1.04964996e+02,
    2.44145004e+02, 1.31638000e+02, 2.29326996e+02, 1.77016006e+02,
    2.41904007e+02, 2.03358002e+02, 2.61334015e+02, 1.72128998e+02,
    2.56273987e+02, 1.37565002e+02, 2.43552002e+02, 1.35362000e+02,
    2.70518005e+02, 1.57095993e+02, 2.65296997e+02, 1.80399994e+02,
    2.85029999e+02, 1.52975998e+02, 2.84450989e+02, 1.55347000e+02,
    2.71410004e+02, 3.07678986e+02, 3.04010986e+02, 2.86933014e+02,
    2.88600006e+02, 2.60260986e+02, 2.98083008e+02, 2.83970001e+02,
    3.08752014e+02, 2.83377014e+02, 2.96304993e+02, 1.97431000e+02,
    2.95119995e+02, 1.87947006e+02, 3.31868988e+02, 1.72070007e+02,
    3.51592987e+02, 1.77871002e+02, 3.72174988e+02, 2.10470993e+02,
    3.81657990e+02, 2.42479004e+02, 3.82251007e+02, 2.48406006e+02,
    3.69210999e+02, 2.43070999e+02, 3.37795990e+02, 2.41292999e+02,
    2.99269012e+02, 1.87947006e+02, 3.67433014e+02, 2.28845993e+02,
    3.75730988e+02, 1.48826996e+02, 3.98846985e+02, 1.71582993e+02,
    3.98382996e+02, 1.91766006e+02, 4.00326996e+02, 2.03757004e+02,
    4.06221985e+02, 2.20220993e+02, 4.05408997e+02, 2.34705002e+02,
    4.11230011e+02, 2.49488007e+02, 4.16587006e+02, 2.34772003e+02,
    4.29053986e+02, 2.16690002e+02, 4.31429993e+02, 2.00988007e+02,
    4.29669006e+02, 1.84011002e+02, 4.25295990e+02, 1.67242004e+02,
    4.17127014e+02, 1.80789993e+02, 4.11506012e+02, 2.02537994e+02,
    4.17399994e+02, 2.20016998e+02, 4.18010010e+02, 2.21445007e+02,
    4.13959015e+02, 2.03757004e+02, 4.12115997e+02, 1.80992996e+02,
    4.07238007e+02, 2.03787003e+02, 4.14612000e+02, 2.15212997e+02,
    3.59726990e+02 ]
noOfLandmarkPoint: 68
