%YAML:1.0
landmark: [ 4.14870987e+01, 2.32839996e+02, 3.67607002e+01,
    2.73950989e+02, 3.72428017e+01, 3.15296997e+02, 3.97649002e+01,
    3.56588989e+02, 4.97934990e+01, 3.96656006e+02, 7.20318985e+01,
    4.31087006e+02, 1.02820999e+02, 4.58402008e+02, 1.42748001e+02,
    4.67666992e+02, 1.83272003e+02, 4.60213013e+02, 2.20804001e+02,
    4.42875000e+02, 2.53796005e+02, 4.18188995e+02, 2.75032013e+02,
    3.82950989e+02, 2.88260986e+02, 3.43743011e+02, 3.04714996e+02,
    3.05773987e+02, 3.18947998e+02, 2.66915009e+02, 2.93798004e+02,
    2.38518997e+02, 2.61239990e+02, 2.11440002e+02, 2.22307007e+02,
    2.14789993e+02, 2.02123001e+02, 2.22294006e+02, 2.26460999e+02,
    2.25539001e+02, 2.55667999e+02, 2.23104996e+02, 5.28451996e+01,
    2.06067993e+02, 8.85419006e+01, 1.86597000e+02, 1.20456001e+02,
    2.01794998e+02, 1.38031006e+02, 2.19860001e+02, 1.15315002e+02,
    2.13369003e+02, 8.61081009e+01, 1.98766006e+02, 7.62755966e+01,
    2.41893997e+02, 1.02012001e+02, 2.29587006e+02, 1.27860001e+02,
    2.48382004e+02, 1.00084000e+02, 2.54792999e+02, 1.03956001e+02,
    2.40141998e+02, 2.51488007e+02, 2.66330994e+02, 2.28662994e+02,
    2.48707993e+02, 1.98860992e+02, 2.60476013e+02, 2.25438995e+02,
    2.72614014e+02, 2.27272995e+02, 2.57178986e+02, 1.42897995e+02,
    2.49876999e+02, 1.34203995e+02, 2.89891998e+02, 1.19371002e+02,
    3.26950012e+02, 1.25050003e+02, 3.36684998e+02, 1.46143997e+02,
    3.44798004e+02, 1.66229004e+02, 3.45438995e+02, 1.83462997e+02,
    3.32628998e+02, 1.76973007e+02, 2.92065002e+02, 1.84274002e+02,
    2.55556000e+02, 1.29606003e+02, 3.31089996e+02, 1.61302994e+02,
    3.34945007e+02, 9.09757996e+01, 3.72381989e+02, 1.12157997e+02,
    3.71002991e+02, 1.29938995e+02, 3.69838013e+02, 1.38897003e+02,
    3.74515991e+02, 1.53358002e+02, 3.71339996e+02, 1.71791000e+02,
    3.77984985e+02, 1.97255005e+02, 3.86984985e+02, 1.76781998e+02,
    3.98114990e+02, 1.59363007e+02, 4.02134003e+02, 1.37072998e+02,
    4.03247009e+02, 1.19764999e+02, 3.97777008e+02, 1.05580002e+02,
    3.89326996e+02, 1.20935997e+02, 3.80466003e+02, 1.39125000e+02,
    3.84549011e+02, 1.65813995e+02, 3.85053986e+02, 1.64929001e+02,
    3.84074005e+02, 1.39352997e+02, 3.81812988e+02, 1.23205002e+02,
    3.79941986e+02, 1.39125000e+02, 3.82953003e+02, 1.42897995e+02,
    3.19648010e+02 ]
noOfLandmarkPoint: 68
