%YAML:1.0
landmark: [ 3.75093002e+01, 2.84493988e+02, 3.01114006e+01,
    3.25872009e+02, 3.68345985e+01, 3.67256012e+02, 4.83111992e+01,
    4.07776001e+02, 6.09258003e+01, 4.47882996e+02, 8.31859970e+01,
    4.83515991e+02, 1.18555000e+02, 5.04725006e+02, 1.60500000e+02,
    5.04839996e+02, 2.01328003e+02, 4.94911011e+02, 2.39397995e+02,
    4.77015991e+02, 2.68473999e+02, 4.47294006e+02, 2.84696991e+02,
    4.08480011e+02, 2.97570007e+02, 3.68380005e+02, 3.08003998e+02,
    3.27589996e+02, 3.15723999e+02, 2.86187012e+02, 2.66627014e+02,
    2.52891998e+02, 2.40667999e+02, 2.22417999e+02, 1.89878006e+02,
    2.21854004e+02, 1.59404999e+02, 2.48940994e+02, 1.93828995e+02,
    2.42733994e+02, 2.36718002e+02, 2.30882996e+02, 3.63806992e+01,
    2.43862000e+02, 5.47734985e+01, 2.17453995e+02, 9.15139999e+01,
    2.21169998e+02, 1.07486000e+02, 2.43862000e+02, 7.48880997e+01,
    2.40666000e+02, 5.55679016e+01, 2.27496994e+02, 5.77150002e+01,
    2.78839996e+02, 8.11371994e+01, 2.67734009e+02, 1.09179001e+02,
    2.81673004e+02, 8.26399002e+01, 2.87308014e+02, 8.71704025e+01,
    2.74335999e+02, 2.34904007e+02, 2.80360992e+02, 2.04330994e+02,
    2.67973999e+02, 1.80593994e+02, 2.81286011e+02, 2.06619995e+02,
    2.89312012e+02, 2.11886993e+02, 2.75464996e+02, 1.19902000e+02,
    2.85622986e+02, 1.02406998e+02, 3.31334015e+02, 8.94276962e+01,
    3.56727997e+02, 9.50709991e+01, 3.77044006e+02, 1.17643997e+02,
    3.79302002e+02, 1.56018997e+02, 3.79302002e+02, 1.64483994e+02,
    3.58985992e+02, 1.52632996e+02, 3.36412994e+02, 1.50940002e+02,
    2.92394989e+02, 1.01843002e+02, 3.67450989e+02, 1.39731003e+02,
    3.68561005e+02, 9.05562973e+01, 4.24447998e+02, 1.00130997e+02,
    4.11191010e+02, 1.13807999e+02, 4.07311005e+02, 1.26672997e+02,
    4.09210999e+02, 1.42334000e+02, 4.08260010e+02, 1.63098007e+02,
    4.15471985e+02, 1.80285004e+02, 4.27834015e+02, 1.67371994e+02,
    4.41489990e+02, 1.49442001e+02, 4.49756989e+02, 1.26109001e+02,
    4.53229004e+02, 1.08734001e+02, 4.48518005e+02, 9.71620026e+01,
    4.39352997e+02, 1.08915001e+02, 4.30821014e+02, 1.31188004e+02,
    4.35170013e+02, 1.54977997e+02, 4.31343994e+02, 1.55057999e+02,
    4.21371002e+02, 1.28931000e+02, 4.20497986e+02, 1.09844002e+02,
    4.20523987e+02, 1.28468994e+02, 4.26328003e+02, 1.11436996e+02,
    3.51649994e+02 ]
noOfLandmarkPoint: 68
