%YAML:1.0
landmark: [ 5.62123985e+01, 2.62653015e+02, 6.12076988e+01,
    3.01588013e+02, 7.09217987e+01, 3.39634003e+02, 8.12805023e+01,
    3.77489990e+02, 9.96442032e+01, 4.12122009e+02, 1.23765999e+02,
    4.42997986e+02, 1.56279007e+02, 4.64692993e+02, 1.94151993e+02,
    4.74019989e+02, 2.32317001e+02, 4.66092987e+02, 2.64733002e+02,
    4.44311005e+02, 2.88076996e+02, 4.12910004e+02, 3.03071014e+02,
    3.76678986e+02, 3.13951996e+02, 3.38945007e+02, 3.26200012e+02,
    3.01635010e+02, 3.34066986e+02, 2.63177002e+02, 3.20960999e+02,
    2.32246002e+02, 2.95796997e+02, 2.17042999e+02, 2.51395996e+02,
    2.23154999e+02, 2.29216003e+02, 2.36440002e+02, 2.60148010e+02,
    2.30149002e+02, 2.95796997e+02, 2.24906998e+02, 7.19400024e+01,
    2.38013000e+02, 1.15138000e+02, 2.21065002e+02, 1.55529007e+02,
    2.26987000e+02, 1.76266998e+02, 2.43255997e+02, 1.47955994e+02,
    2.37876999e+02, 1.16621002e+02, 2.32091995e+02, 1.11359001e+02,
    2.63218994e+02, 1.35061005e+02, 2.50169998e+02, 1.62942001e+02,
    2.64764008e+02, 1.35770996e+02, 2.71576996e+02, 1.33278000e+02,
    2.59506989e+02, 2.90523010e+02, 2.60484985e+02, 2.63118011e+02,
    2.48824997e+02, 2.37292007e+02, 2.61147003e+02, 2.63425995e+02,
    2.68382996e+02, 2.61720001e+02, 2.56362000e+02, 1.80460999e+02,
    2.71565002e+02, 1.74169998e+02, 3.11408997e+02, 1.62636002e+02,
    3.31329987e+02, 1.69451004e+02, 3.48105988e+02, 1.97237000e+02,
    3.60164001e+02, 2.25546997e+02, 3.50727997e+02, 2.29740997e+02,
    3.30282013e+02, 2.22925003e+02, 3.12457001e+02, 2.22925003e+02,
    2.73138000e+02, 1.80460999e+02, 3.50203003e+02, 2.12964996e+02,
    3.51252014e+02, 1.51626999e+02, 3.91095001e+02, 1.70003998e+02,
    3.82101013e+02, 1.88169998e+02, 3.78838989e+02, 2.01955002e+02,
    3.82183014e+02, 2.16378006e+02, 3.77936005e+02, 2.32197998e+02,
    3.81191010e+02, 2.49662003e+02, 3.87425995e+02, 2.33964996e+02,
    4.05763000e+02, 2.17843002e+02, 4.15670990e+02, 1.98809998e+02,
    4.19928986e+02, 1.80098999e+02, 4.15932007e+02, 1.62820999e+02,
    4.06565002e+02, 1.79363998e+02, 3.96877014e+02, 2.00382004e+02,
    4.01056000e+02, 2.23132996e+02, 3.96194000e+02, 2.22740997e+02,
    3.87326996e+02, 2.01255997e+02, 3.89192993e+02, 1.82382996e+02,
    3.88101013e+02, 2.00845001e+02, 3.93876007e+02, 1.97761002e+02,
    3.37621002e+02 ]
noOfLandmarkPoint: 68
