%YAML:1.0
landmark: [ 6.58616028e+01, 3.27865997e+02, 7.41992035e+01,
    3.64108002e+02, 8.40615005e+01, 3.99958008e+02, 9.84178009e+01,
    4.34157013e+02, 1.20628998e+02, 4.63862000e+02, 1.50326996e+02,
    4.86143005e+02, 1.82432999e+02, 5.04645996e+02, 2.18684998e+02,
    5.12478027e+02, 2.55449997e+02, 5.08714996e+02, 2.88973999e+02,
    4.92851990e+02, 3.18470001e+02, 4.70299011e+02, 3.42347992e+02,
    4.41951996e+02, 3.54143005e+02, 4.06830994e+02, 3.62459015e+02,
    3.70588989e+02, 3.68139008e+02, 3.33839996e+02, 3.58580994e+02,
    3.05165009e+02, 3.38895996e+02, 2.90458008e+02, 3.02531006e+02,
    2.88220001e+02, 2.77915009e+02, 2.94373993e+02, 3.06010986e+02,
    2.98593994e+02, 3.34686005e+02, 2.98593994e+02, 9.51334991e+01,
    3.06957001e+02, 1.24624001e+02, 2.81506989e+02, 1.62667007e+02,
    2.77591003e+02, 2.08039993e+02, 2.90230988e+02, 1.73856003e+02,
    2.93255005e+02, 1.31897003e+02, 2.92136993e+02, 1.31574005e+02,
    3.28463013e+02, 1.65028000e+02, 3.11139008e+02, 1.91910004e+02,
    3.30852997e+02, 1.68612000e+02, 3.39813995e+02, 1.64429993e+02,
    3.25476013e+02, 3.28712006e+02, 3.33242004e+02, 3.04218994e+02,
    3.14126007e+02, 2.70765015e+02, 3.32644989e+02, 3.01829010e+02,
    3.44592987e+02, 2.95855988e+02, 3.28463013e+02, 2.15806000e+02,
    3.41605988e+02, 2.08039993e+02, 3.79240997e+02, 2.00274002e+02,
    3.95371002e+02, 2.07442001e+02, 4.09708008e+02, 2.34324997e+02,
    4.12695007e+02, 2.53440994e+02, 4.11500000e+02, 2.64790985e+02,
    3.97162994e+02, 2.59415009e+02, 3.79240997e+02, 2.58817993e+02,
    3.41605988e+02, 2.19389999e+02, 4.05526001e+02, 2.49259003e+02,
    4.06721008e+02, 1.93701996e+02, 4.53915009e+02, 2.04684998e+02,
    4.40963013e+02, 2.26054993e+02, 4.35583008e+02, 2.35518997e+02,
    4.41368988e+02, 2.45906006e+02, 4.35931000e+02, 2.58053009e+02,
    4.42846985e+02, 2.64790985e+02, 4.55109009e+02, 2.63731995e+02,
    4.62946014e+02, 2.49335999e+02, 4.68484009e+02, 2.30643997e+02,
    4.73282990e+02, 2.11610001e+02, 4.67260986e+02, 1.98119995e+02,
    4.60984009e+02, 2.09660995e+02, 4.49787994e+02, 2.32910995e+02,
    4.52006989e+02, 2.54050995e+02, 4.51709991e+02, 2.53686005e+02,
    4.50914001e+02, 2.32949005e+02, 4.50226013e+02, 2.10302994e+02,
    4.49006012e+02, 2.32910995e+02, 4.50264008e+02, 2.38505997e+02,
    3.92384003e+02 ]
noOfLandmarkPoint: 68
