%YAML:1.0
landmark: [ 7.11045990e+01, 2.52375000e+02, 7.70442963e+01,
    2.92075989e+02, 8.54393997e+01, 3.31342987e+02, 9.56486969e+01,
    3.70161987e+02, 1.11181999e+02, 4.07145996e+02, 1.37876999e+02,
    4.35829987e+02, 1.72304993e+02, 4.55937988e+02, 2.12061005e+02,
    4.56966003e+02, 2.50339996e+02, 4.45049988e+02, 2.82774994e+02,
    4.22204987e+02, 3.07558990e+02, 3.91005005e+02, 3.21458008e+02,
    3.53372986e+02, 3.31890015e+02, 3.14604004e+02, 3.37421997e+02,
    2.74872986e+02, 3.39308990e+02, 2.34764008e+02, 3.09621002e+02,
    2.28222000e+02, 2.82838013e+02, 1.96246994e+02, 2.41283997e+02,
    2.07225006e+02, 2.23070007e+02, 2.30738007e+02, 2.46742996e+02,
    2.26464996e+02, 2.83790009e+02, 2.17574997e+02, 9.42517014e+01,
    2.44826996e+02, 1.10809998e+02, 2.07371002e+02, 1.50766998e+02,
    2.14227997e+02, 1.80298996e+02, 2.38285995e+02, 1.50080994e+02,
    2.34229004e+02, 1.18526001e+02, 2.26328003e+02, 1.18907997e+02,
    2.52878998e+02, 1.38656006e+02, 2.40143997e+02, 1.63031006e+02,
    2.52660004e+02, 1.40154999e+02, 2.55776993e+02, 1.40546005e+02,
    2.47343002e+02, 2.82885986e+02, 2.40244003e+02, 2.61967010e+02,
    2.32024994e+02, 2.39330002e+02, 2.47554001e+02, 2.64612000e+02,
    2.52130005e+02, 2.64333008e+02, 2.39794998e+02, 1.83820999e+02,
    2.53382004e+02, 1.74763000e+02, 2.85083008e+02, 1.62182999e+02,
    3.08734009e+02, 1.68725006e+02, 3.22320007e+02, 2.03949005e+02,
    3.30371002e+02, 2.33638000e+02, 3.24835999e+02, 2.41186005e+02,
    3.08734009e+02, 2.29612000e+02, 2.86592987e+02, 2.21561005e+02,
    2.53884995e+02, 1.83317993e+02, 3.17287994e+02, 2.19548004e+02,
    3.16785004e+02, 1.53628998e+02, 3.82200989e+02, 1.79557999e+02,
    3.72778015e+02, 1.93996994e+02, 3.68671997e+02, 2.06464996e+02,
    3.70627014e+02, 2.17701004e+02, 3.66166992e+02, 2.35755997e+02,
    3.70453003e+02, 2.56785004e+02, 3.79181000e+02, 2.38649994e+02,
    3.86431000e+02, 2.25328995e+02, 3.95066986e+02, 2.03949005e+02,
    3.99812012e+02, 1.89677002e+02, 3.99721985e+02, 1.77132004e+02,
    3.94725006e+02, 1.90199005e+02, 3.83394012e+02, 2.03949005e+02,
    3.85220001e+02, 2.26195999e+02, 3.79200989e+02, 2.25822006e+02,
    3.75941010e+02, 2.06464996e+02, 3.78678009e+02, 1.91809006e+02,
    3.78247009e+02, 2.04955002e+02, 3.82704010e+02, 1.99923004e+02,
    3.04204987e+02 ]
noOfLandmarkPoint: 68
