%YAML:1.0
landmark: [ 8.34080963e+01, 2.96037994e+02, 8.84157028e+01,
    3.33188995e+02, 9.71100006e+01, 3.69626007e+02, 1.09988998e+02,
    4.04799988e+02, 1.32968994e+02, 4.34041992e+02, 1.62304993e+02,
    4.57358002e+02, 1.94794998e+02, 4.75847992e+02, 2.28781006e+02,
    4.89713989e+02, 2.68516998e+02, 4.83852997e+02, 2.98873993e+02,
    4.64708008e+02, 3.20408997e+02, 4.34959991e+02, 3.34743988e+02,
    4.00588013e+02, 3.42522003e+02, 3.63914001e+02, 3.47786987e+02,
    3.26809998e+02, 3.51871002e+02, 2.89542999e+02, 3.40503998e+02,
    2.66269012e+02, 3.17772003e+02, 2.53820007e+02, 2.94072998e+02,
    2.63321991e+02, 2.71223999e+02, 2.75470001e+02, 2.95957001e+02,
    2.72153015e+02, 3.17772003e+02, 2.66269012e+02, 1.12095001e+02,
    2.78717987e+02, 1.53770996e+02, 2.66269012e+02, 1.78001999e+02,
    2.71169006e+02, 2.05731995e+02, 2.78717987e+02, 1.77587006e+02,
    2.79799988e+02, 1.47817001e+02, 2.79259003e+02, 1.50186996e+02,
    2.94919006e+02, 1.72714996e+02, 2.82506989e+02, 2.00929993e+02,
    2.98973999e+02, 1.70016998e+02, 3.07816986e+02, 1.72714996e+02,
    2.93332001e+02, 3.18795990e+02, 2.88270996e+02, 2.97248993e+02,
    2.77644012e+02, 2.72757996e+02, 2.94804993e+02, 2.99464996e+02,
    2.98610992e+02, 2.92333008e+02, 2.86837006e+02, 2.18181000e+02,
    3.02532990e+02, 2.21427994e+02, 3.47997986e+02, 2.13850998e+02,
    3.68566010e+02, 2.15473999e+02, 3.83721008e+02, 2.54985992e+02,
    3.97252991e+02, 2.78800995e+02, 3.88592987e+02, 2.77177002e+02,
    3.76144012e+02, 2.71223999e+02, 3.48540009e+02, 2.59856995e+02,
    2.98743988e+02, 2.29546997e+02, 3.85345001e+02, 2.70682007e+02,
    3.84803986e+02, 1.90576996e+02, 4.11325012e+02, 2.15016006e+02,
    4.10645996e+02, 2.32886993e+02, 4.13434998e+02, 2.46326004e+02,
    4.15114014e+02, 2.61712006e+02, 4.10894989e+02, 2.73203003e+02,
    4.07125000e+02, 2.85295990e+02, 4.02665009e+02, 2.80424988e+02,
    4.19444000e+02, 2.66062012e+02, 4.33231995e+02, 2.44720993e+02,
    4.38467987e+02, 2.19998001e+02, 4.36398010e+02, 2.03037994e+02,
    4.27393005e+02, 2.20475998e+02, 4.25420990e+02, 2.44701996e+02,
    4.28644989e+02, 2.71838989e+02, 4.22484009e+02, 2.71567993e+02,
    4.15582001e+02, 2.45785004e+02, 4.21609009e+02, 2.22882996e+02,
    4.18572998e+02, 2.45785004e+02, 4.24856995e+02, 2.59316010e+02,
    3.81015015e+02 ]
noOfLandmarkPoint: 68
