%YAML:1.0
landmark: [ 7.01050034e+01, 2.28281998e+02, 7.53033981e+01,
    2.60700989e+02, 8.12117996e+01, 2.92968994e+02, 9.34608002e+01,
    3.23377991e+02, 1.13810997e+02, 3.53066010e+02, 1.33287994e+02,
    3.75472992e+02, 1.58783997e+02, 3.92971008e+02, 1.90457993e+02,
    3.99938995e+02, 2.20929001e+02, 3.89326996e+02, 2.48612000e+02,
    3.71717987e+02, 2.70674011e+02, 3.47528992e+02, 2.88557007e+02,
    3.20026001e+02, 2.98135986e+02, 2.89089996e+02, 3.03204010e+02,
    2.58686005e+02, 3.07638000e+02, 2.24481003e+02, 2.89269012e+02,
    2.01677994e+02, 2.50630005e+02, 1.82675003e+02, 2.26559998e+02,
    1.90910004e+02, 2.06289993e+02, 2.07378998e+02, 2.24272995e+02,
    2.04328995e+02, 2.54365005e+02, 1.95867004e+02, 8.27733994e+01,
    2.02945007e+02, 1.00509003e+02, 1.88376007e+02, 1.34207993e+02,
    1.94212997e+02, 1.54983002e+02, 2.11179001e+02, 1.25846001e+02,
    2.04845001e+02, 1.04309998e+02, 2.01677994e+02, 1.02509003e+02,
    2.28199997e+02, 1.29156006e+02, 2.19772003e+02, 1.51412003e+02,
    2.31507996e+02, 1.27780998e+02, 2.34056000e+02, 1.27746002e+02,
    2.26380997e+02, 2.60278992e+02, 2.22828995e+02, 2.36108002e+02,
    2.17044006e+02, 2.15854996e+02, 2.30076996e+02, 2.38572006e+02,
    2.32341003e+02, 2.36695007e+02, 2.23848007e+02, 1.61951004e+02,
    2.36516006e+02, 1.55617004e+02, 2.67553986e+02, 1.44214996e+02,
    2.86556000e+02, 1.53082993e+02, 3.01125000e+02, 1.79052994e+02,
    3.08092987e+02, 2.09457993e+02, 2.97958008e+02, 2.16425003e+02,
    2.82122009e+02, 2.02490005e+02, 2.64386993e+02, 1.97423004e+02,
    2.35882996e+02, 1.59255005e+02, 2.97563995e+02, 1.97729996e+02,
    2.95204987e+02, 1.28380005e+02, 3.16326996e+02, 1.53528000e+02,
    3.13401001e+02, 1.69048996e+02, 3.13227997e+02, 1.82220001e+02,
    3.16326996e+02, 1.95451004e+02, 3.11903992e+02, 2.14169998e+02,
    3.11371002e+02, 2.47462997e+02, 3.10626007e+02, 2.21097000e+02,
    3.40545990e+02, 2.02891998e+02, 3.51492004e+02, 1.86020996e+02,
    3.56233002e+02, 1.65089996e+02, 3.51761993e+02, 1.48682999e+02,
    3.39746002e+02, 1.60136993e+02, 3.35980011e+02, 1.84559998e+02,
    3.40407013e+02, 2.04806000e+02, 3.33440002e+02, 2.02664001e+02,
    3.19057007e+02, 1.82188004e+02, 3.22873993e+02, 1.61585007e+02,
    3.21097992e+02, 1.83324997e+02, 3.32712006e+02, 1.75886002e+02,
    2.87190002e+02 ]
noOfLandmarkPoint: 68
