%YAML:1.0
landmark: [ 7.55102005e+01, 2.49160995e+02, 8.08616028e+01,
    2.80654999e+02, 8.82288971e+01, 3.11769012e+02, 9.73554001e+01,
    3.42388000e+02, 1.12089996e+02, 3.70673004e+02, 1.35738998e+02,
    3.91933990e+02, 1.63007004e+02, 4.08250000e+02, 1.94537994e+02,
    4.10205994e+02, 2.24403000e+02, 3.99035004e+02, 2.51143005e+02,
    3.81691986e+02, 2.73380005e+02, 3.58752991e+02, 2.86753998e+02,
    3.29962006e+02, 2.92713013e+02, 2.98566010e+02, 2.96325012e+02,
    2.66803009e+02, 2.95102997e+02, 2.34882996e+02, 2.77377991e+02,
    2.22080994e+02, 2.56699005e+02, 2.02386993e+02, 2.23710999e+02,
    2.09772003e+02, 2.00076996e+02, 2.25528000e+02, 2.21630997e+02,
    2.24108002e+02, 2.52266998e+02, 2.14695999e+02, 8.88039017e+01,
    2.31436005e+02, 1.04558998e+02, 2.17158005e+02, 1.38822998e+02,
    2.20240997e+02, 1.64626999e+02, 2.29959000e+02, 1.34593002e+02,
    2.28481995e+02, 1.10959999e+02, 2.27496994e+02, 1.15393997e+02,
    2.48436005e+02, 1.29785004e+02, 2.37882996e+02, 1.51692993e+02,
    2.46811005e+02, 1.32923996e+02, 2.51378006e+02, 1.29669998e+02,
    2.42761002e+02, 2.47518997e+02, 2.38397003e+02, 2.30738998e+02,
    2.30167999e+02, 2.11778000e+02, 2.42417007e+02, 2.32399002e+02,
    2.44356003e+02, 2.31587997e+02, 2.35375000e+02, 1.66104004e+02,
    2.48177002e+02, 1.62658005e+02, 2.84610992e+02, 1.54779999e+02,
    3.04798004e+02, 1.61673004e+02, 3.22031006e+02, 1.86783997e+02,
    3.22523010e+02, 2.13371002e+02, 3.14644989e+02, 2.16324997e+02,
    2.96920013e+02, 2.05001007e+02, 2.77717987e+02, 1.99093002e+02,
    2.48669006e+02, 1.69550995e+02, 3.16122009e+02, 2.02046997e+02,
    3.12675995e+02, 1.50841003e+02, 3.46648987e+02, 1.64677994e+02,
    3.43606995e+02, 1.76279007e+02, 3.42540985e+02, 1.87968994e+02,
    3.43427002e+02, 2.00207993e+02, 3.40282013e+02, 2.13304001e+02,
    3.40610992e+02, 2.23218002e+02, 3.40739990e+02, 2.13503006e+02,
    3.45368988e+02, 2.01184006e+02, 3.51515015e+02, 1.86977997e+02,
    3.55252014e+02, 1.71324997e+02, 3.53760986e+02, 1.60181000e+02,
    3.49592987e+02, 1.71891998e+02, 3.46898010e+02, 1.87253006e+02,
    3.48342010e+02, 2.02707001e+02, 3.44772003e+02, 2.03195999e+02,
    3.43722992e+02, 1.88177002e+02, 3.45852997e+02, 1.74147995e+02,
    3.46265015e+02, 1.87751999e+02, 3.47217010e+02, 1.84813995e+02,
    3.04798004e+02 ]
noOfLandmarkPoint: 68
