%YAML:1.0
landmark: [ 7.21754990e+01, 2.44867996e+02, 7.33433990e+01,
    2.89393005e+02, 7.89999008e+01, 3.33571014e+02, 9.08772964e+01,
    3.76395996e+02, 1.09482002e+02, 4.16859009e+02, 1.34278000e+02,
    4.53675995e+02, 1.66917007e+02, 4.83984985e+02, 2.06927002e+02,
    5.02227997e+02, 2.51028000e+02, 4.99303009e+02, 2.87644989e+02,
    4.74311005e+02, 3.18126007e+02, 4.41960999e+02, 3.42269989e+02,
    4.04587006e+02, 3.59933990e+02, 3.63710999e+02, 3.73627014e+02,
    3.21433014e+02, 3.80928009e+02, 2.77487000e+02, 3.62368988e+02,
    2.45992996e+02, 3.42122986e+02, 2.19559998e+02, 2.82893005e+02,
    2.33526001e+02, 2.67325012e+02, 2.48804993e+02, 2.92246002e+02,
    2.46686005e+02, 3.39311005e+02, 2.38682007e+02, 1.02544998e+02,
    2.20123001e+02, 1.37412994e+02, 2.01563995e+02, 1.90218994e+02,
    2.16832993e+02, 2.12210999e+02, 2.42056000e+02, 1.79225998e+02,
    2.30897003e+02, 1.41912003e+02, 2.15061005e+02, 1.38899002e+02,
    2.49802002e+02, 1.63957001e+02, 2.38546005e+02, 1.90753998e+02,
    2.62416992e+02, 1.61179001e+02, 2.62029999e+02, 1.62158005e+02,
    2.51054001e+02, 3.26285004e+02, 2.70528992e+02, 3.04226013e+02,
    2.54895996e+02, 2.74790009e+02, 2.73507996e+02, 3.04760010e+02,
    2.80516998e+02, 3.02756012e+02, 2.65677002e+02, 2.13897995e+02,
    2.70175995e+02, 2.06587006e+02, 3.16854004e+02, 1.90278000e+02,
    3.50035004e+02, 1.98151001e+02, 3.69718994e+02, 2.32457001e+02,
    3.80967010e+02, 2.63389008e+02, 3.74779999e+02, 2.66763000e+02,
    3.49472992e+02, 2.57765015e+02, 3.16291992e+02, 2.54389999e+02,
    2.76924011e+02, 2.12210999e+02, 3.64095001e+02, 2.50453995e+02,
    3.68593994e+02, 1.67220001e+02, 3.92777008e+02, 1.90026001e+02,
    3.96601013e+02, 2.10380997e+02, 3.99649994e+02, 2.28520004e+02,
    4.04587006e+02, 2.44076004e+02, 4.01981995e+02, 2.60040009e+02,
    4.02231995e+02, 2.78010986e+02, 4.01213013e+02, 2.63136993e+02,
    4.18282013e+02, 2.47089005e+02, 4.25721985e+02, 2.26832993e+02,
    4.26519989e+02, 2.04548996e+02, 4.22842987e+02, 1.86554001e+02,
    4.13166992e+02, 2.04259003e+02, 4.09082001e+02, 2.27487000e+02,
    4.15239014e+02, 2.45677002e+02, 4.13559998e+02, 2.45957001e+02,
    4.08523010e+02, 2.28326996e+02, 4.08523010e+02, 2.05938995e+02,
    4.05444000e+02, 2.28326996e+02, 4.10481995e+02, 2.34707001e+02,
    3.55096985e+02 ]
noOfLandmarkPoint: 68
