%YAML:1.0
landmark: [ 1.39339996e+02, 3.84769989e+02, 1.61712006e+02,
    4.25665009e+02, 1.90233994e+02, 4.62497986e+02, 2.25455002e+02,
    4.92955994e+02, 2.66806000e+02, 5.14315002e+02, 3.12239990e+02,
    5.23796021e+02, 3.58713013e+02, 5.20273010e+02, 4.04151001e+02,
    5.10179993e+02, 4.41528015e+02, 4.83121002e+02, 4.62740997e+02,
    4.41915009e+02, 4.72938995e+02, 3.96483002e+02, 4.72437988e+02,
    3.49894989e+02, 4.65821014e+02, 3.03770996e+02, 4.50188995e+02,
    2.59910004e+02, 4.25455994e+02, 2.20419998e+02, 4.00835999e+02,
    2.02453995e+02, 3.78213013e+02, 1.89147003e+02, 3.34963013e+02,
    2.17757996e+02, 3.24316986e+02, 2.50362000e+02, 3.54713013e+02,
    2.23339996e+02, 3.76881989e+02, 2.01123001e+02, 1.73274994e+02,
    3.34200012e+02, 1.89244003e+02, 3.08250000e+02, 2.43139999e+02,
    2.86292999e+02, 2.77739990e+02, 2.90950012e+02, 2.41809006e+02,
    3.04924011e+02, 2.05231003e+02, 3.20553986e+02, 1.99889999e+02,
    3.59484985e+02, 2.22371002e+02, 3.28652008e+02, 2.65097992e+02,
    3.27546997e+02, 2.35154999e+02, 3.49503998e+02, 2.29832001e+02,
    3.38858002e+02, 3.89113007e+02, 2.41309998e+02, 3.57066986e+02,
    2.41615005e+02, 3.38290009e+02, 2.74980988e+02, 3.73092987e+02,
    2.62514008e+02, 3.59582001e+02, 2.53024002e+02, 2.88385986e+02,
    3.26216003e+02, 3.11674988e+02, 3.69466003e+02, 3.13005005e+02,
    3.92753998e+02, 3.29640015e+02, 4.00074005e+02, 3.65571014e+02,
    3.99407990e+02, 3.86197998e+02, 3.80112000e+02, 3.83536011e+02,
    3.54826996e+02, 3.62520996e+02, 3.35795990e+02, 3.32302002e+02,
    2.94942993e+02, 3.44944000e+02, 3.94751007e+02, 3.78148010e+02,
    3.75449005e+02, 2.95704987e+02, 4.55300995e+02, 3.30031006e+02,
    4.30565002e+02, 3.54225006e+02, 4.16511993e+02, 3.72890015e+02,
    4.12716003e+02, 3.85153015e+02, 3.98416992e+02, 4.08807007e+02,
    3.86066986e+02, 4.28782013e+02, 3.74123993e+02, 4.29598999e+02,
    4.18657990e+02, 4.16946991e+02, 4.45106995e+02, 3.98481995e+02,
    4.63760010e+02, 3.72009003e+02, 4.71536011e+02, 3.41686005e+02,
    4.69104004e+02, 3.55563995e+02, 4.49471985e+02, 3.85532013e+02,
    4.41328003e+02, 4.09501007e+02, 4.19382996e+02, 3.99471985e+02,
    4.01649994e+02, 3.74221008e+02, 4.20700989e+02, 3.48050995e+02,
    4.29847992e+02, 3.80019012e+02, 4.28880005e+02, 3.63575012e+02,
    3.69466003e+02 ]
noOfLandmarkPoint: 68
