%YAML:1.0
landmark: [ 6.99296036e+01, 2.28195007e+02, 7.52807999e+01,
    2.64457001e+02, 8.29322968e+01, 3.00296997e+02, 9.30894012e+01,
    3.35472992e+02, 1.09555000e+02, 3.68204010e+02, 1.31158005e+02,
    3.97503998e+02, 1.60931000e+02, 4.18744995e+02, 1.96899002e+02,
    4.23368011e+02, 2.32526001e+02, 4.15498993e+02, 2.61993988e+02,
    3.94088989e+02, 2.84153992e+02, 3.65105011e+02, 2.96226990e+02,
    3.30571014e+02, 3.03223999e+02, 2.94593994e+02, 3.09487000e+02,
    2.58477997e+02, 3.13412994e+02, 2.22037003e+02, 2.93822998e+02,
    1.95729996e+02, 2.67196014e+02, 1.82940002e+02, 2.29076004e+02,
    1.85315002e+02, 2.03145996e+02, 1.96289993e+02, 2.28929993e+02,
    2.01910995e+02, 2.63812012e+02, 1.99199005e+02, 7.72061996e+01,
    2.13082001e+02, 9.70128021e+01, 1.87936005e+02, 1.38024002e+02,
    1.87856995e+02, 1.58927002e+02, 2.01886993e+02, 1.35947006e+02,
    2.03649994e+02, 1.06898003e+02, 2.05845001e+02, 1.05752998e+02,
    2.27074997e+02, 1.27112999e+02, 2.15445999e+02, 1.48988007e+02,
    2.23645996e+02, 1.29285995e+02, 2.29804993e+02, 1.25903000e+02,
    2.22597000e+02, 2.60798004e+02, 2.19798996e+02, 2.39334000e+02,
    2.10970001e+02, 2.22095001e+02, 2.20987000e+02, 2.42238998e+02,
    2.24925995e+02, 2.40647995e+02, 217., 1.63404999e+02, 2.24276001e+02,
    1.55009003e+02, 2.69614990e+02, 1.46052994e+02, 2.84726990e+02,
    1.51651001e+02, 3.01519012e+02, 1.81315994e+02, 3.12153992e+02,
    2.13220993e+02, 3.01519012e+02, 2.19938004e+02, 2.87526001e+02,
    2.10421997e+02, 2.66816010e+02, 2.00906998e+02, 2.23716995e+02,
    1.62285004e+02, 3.02079010e+02, 2.00906998e+02, 3.02639008e+02,
    1.41574997e+02, 3.38462006e+02, 1.65259995e+02, 3.31718994e+02,
    1.76468994e+02, 3.31583008e+02, 1.82996002e+02, 3.33424011e+02,
    1.95940002e+02, 3.30748993e+02, 2.15921997e+02, 3.31537994e+02,
    2.33931000e+02, 3.33424011e+02, 2.18348007e+02, 3.47433014e+02,
    2.03979996e+02, 3.53634003e+02, 1.83554993e+02, 3.58052002e+02,
    1.74832001e+02, 3.55589996e+02, 1.61884995e+02, 3.50575989e+02,
    1.73442993e+02, 3.40756012e+02, 1.83647995e+02, 3.43076996e+02,
    2.08386002e+02, 3.38994995e+02, 2.09186005e+02, 3.36308014e+02,
    1.84556000e+02, 3.39084015e+02, 1.73072998e+02, 3.37531006e+02,
    1.84046997e+02, 3.40582001e+02, 1.82436005e+02, 2.94803009e+02 ]
noOfLandmarkPoint: 68
