%YAML:1.0
landmark: [ 7.07901001e+01, 2.75071014e+02, 8.07718964e+01,
    3.04661987e+02, 9.15745010e+01, 3.33959991e+02, 1.05246002e+02,
    3.61980988e+02, 1.26442001e+02, 3.84677002e+02, 1.53610001e+02,
    4.00015991e+02, 1.81675003e+02, 4.13557007e+02, 2.12615997e+02,
    4.14584015e+02, 2.41421005e+02, 4.03117004e+02, 2.65144012e+02,
    3.82852997e+02, 2.87259003e+02, 3.60954987e+02, 3.01592010e+02,
    3.33303009e+02, 3.07778015e+02, 3.02786011e+02, 3.09463989e+02,
    2.71614014e+02, 3.09040009e+02, 2.40389008e+02, 2.73855011e+02,
    2.18776001e+02, 2.51985992e+02, 2.10707993e+02, 2.22847000e+02,
    2.18979996e+02, 2.09518005e+02, 2.30335999e+02, 2.30091003e+02,
    2.27531998e+02, 2.52393997e+02, 2.20882004e+02, 1.00947998e+02,
    2.44912994e+02, 1.30014999e+02, 2.30207993e+02, 1.50483994e+02,
    2.30759003e+02, 1.62772995e+02, 2.38378998e+02, 1.47585999e+02,
    2.41289993e+02, 1.29770004e+02, 242., 1.14518997e+02, 2.65520996e+02,
    1.33117004e+02, 2.54966003e+02, 1.59505005e+02, 2.59468994e+02,
    1.37641006e+02, 2.70045013e+02, 1.33117004e+02, 2.59992004e+02,
    2.64009003e+02, 2.43253006e+02, 2.38167999e+02, 2.37876007e+02,
    2.16759003e+02, 2.53138000e+02, 2.41686996e+02, 2.52955002e+02,
    2.38167999e+02, 2.43908005e+02, 1.70311996e+02, 2.65018005e+02,
    1.70311996e+02, 3.00203003e+02, 1.60761993e+02, 3.18800995e+02,
    1.69307007e+02, 3.29355988e+02, 1.98962006e+02, 3.33880005e+02,
    2.24093994e+02, 3.25837006e+02, 2.28617996e+02, 3.09752991e+02,
    2.17559998e+02, 2.94674011e+02, 2.08513000e+02, 2.60997009e+02,
    1.79862000e+02, 3.28351013e+02, 2.12533997e+02, 3.24329987e+02,
    1.57244003e+02, 3.53984985e+02, 1.76457001e+02, 3.50686005e+02,
    1.91755997e+02, 3.48838989e+02, 2.03485992e+02, 3.49460999e+02,
    2.15541000e+02, 3.44976013e+02, 2.31636002e+02, 3.42506012e+02,
    2.50733994e+02, 3.38906006e+02, 2.35621994e+02, 3.60359985e+02,
    2.21270996e+02, 3.68419006e+02, 2.06602997e+02, 3.72082001e+02,
    1.90561005e+02, 3.71735992e+02, 1.75505005e+02, 3.66533997e+02,
    1.86031006e+02, 3.58196014e+02, 2.04682999e+02, 3.59024994e+02,
    2.22423004e+02, 3.53862000e+02, 2.22490997e+02, 3.48804993e+02,
    2.03723007e+02, 3.53265015e+02, 1.86533005e+02, 3.53790985e+02,
    2.03914993e+02, 3.55953003e+02, 1.94940994e+02, 3.16286987e+02 ]
noOfLandmarkPoint: 68
