%YAML:1.0
landmark: [ 8.62828979e+01, 2.78108002e+02, 9.55907974e+01,
    3.10740997e+02, 1.05728996e+02, 3.43123993e+02, 1.20446999e+02,
    3.73571014e+02, 1.39279007e+02, 4.01790009e+02, 1.62682999e+02,
    4.26105988e+02, 1.93013000e+02, 4.41015991e+02, 2.26764999e+02,
    4.42444000e+02, 2.59334015e+02, 4.33865997e+02, 2.84045990e+02,
    4.10799988e+02, 3.04660004e+02, 3.84052002e+02, 3.18316986e+02,
    3.53036011e+02, 3.24527008e+02, 3.19748993e+02, 3.28164001e+02,
    2.86010010e+02, 3.31009003e+02, 2.52195999e+02, 3.06248993e+02,
    2.32042007e+02, 2.71967987e+02, 2.19462997e+02, 2.43533997e+02,
    2.31084000e+02, 2.25632996e+02, 2.41830994e+02, 2.43483002e+02,
    2.40436005e+02, 2.71759003e+02, 2.29561996e+02, 1.04134003e+02,
    2.51619995e+02, 1.29145996e+02, 2.33787994e+02, 1.63031998e+02,
    2.39987000e+02, 1.82445999e+02, 2.53348007e+02, 1.57354004e+02,
    2.49710999e+02, 1.29602005e+02, 2.45240005e+02, 1.32106003e+02,
    2.77808014e+02, 1.49414993e+02, 2.67497986e+02, 1.74201996e+02,
    2.76109009e+02, 1.50988998e+02, 2.78990997e+02, 1.51927002e+02,
    2.72350006e+02, 2.82324005e+02, 2.59459015e+02, 2.60908997e+02,
    2.52490997e+02, 2.37996002e+02, 2.68407990e+02, 2.64169006e+02,
    2.66441986e+02, 2.61910004e+02, 2.58529999e+02, 1.87628006e+02,
    2.79260010e+02, 1.86125000e+02, 3.14522003e+02, 1.79585999e+02,
    3.35524994e+02, 1.86501007e+02, 3.47378998e+02, 2.10662003e+02,
    3.50087006e+02, 2.36882004e+02, 3.40958008e+02, 2.43304001e+02,
    3.27622009e+02, 2.28712006e+02, 3.07187012e+02, 2.22177994e+02,
    2.75229004e+02, 1.93416000e+02, 3.44415985e+02, 2.25852005e+02,
    3.41721008e+02, 1.68626007e+02, 3.77726013e+02, 1.88845001e+02,
    3.71056000e+02, 2.05828995e+02, 3.67118988e+02, 2.19875000e+02,
    3.67937012e+02, 2.32044006e+02, 3.61790985e+02, 2.50546005e+02,
    3.60532990e+02, 2.67667999e+02, 3.60451996e+02, 2.56105011e+02,
    3.83532990e+02, 2.40518997e+02, 3.98312012e+02, 2.21026001e+02,
    4.09972992e+02, 1.98608002e+02, 4.05388000e+02, 1.79791000e+02,
    3.94382996e+02, 1.95977005e+02, 3.85167999e+02, 2.19613998e+02,
    3.86308990e+02, 2.39867996e+02, 3.76893005e+02, 2.38776001e+02,
    3.69256012e+02, 2.19242996e+02, 3.75171997e+02, 1.99061005e+02,
    3.76516998e+02, 2.19466003e+02, 3.78457001e+02, 2.08934006e+02,
    3.36266998e+02 ]
noOfLandmarkPoint: 68
