%YAML:1.0
landmark: [ 76., 2.99519012e+02, 9.30095978e+01, 3.35192993e+02,
    1.13959000e+02, 3.68705994e+02, 1.38065002e+02, 3.99933014e+02,
    1.69608002e+02, 4.23619995e+02, 2.04841995e+02, 4.41507996e+02,
    2.42128998e+02, 4.53566986e+02, 2.81217987e+02, 4.48963013e+02,
    3.12296997e+02, 4.26056000e+02, 3.31212006e+02, 3.91352997e+02,
    3.44651001e+02, 3.54365997e+02, 3.48959015e+02, 3.15113007e+02,
    3.43700012e+02, 2.76015015e+02, 3.36623993e+02, 2.37130997e+02,
    3.25734985e+02, 1.99134995e+02, 2.97987000e+02, 1.92606003e+02,
    2.65832001e+02, 1.85302002e+02, 2.30160995e+02, 2.01154999e+02,
    2.13110001e+02, 2.27699997e+02, 2.38410004e+02, 2.10561005e+02,
    2.64526001e+02, 1.98319000e+02, 8.25289993e+01, 2.72587006e+02,
    9.11424026e+01, 2.47121002e+02, 1.26855003e+02, 2.39173004e+02,
    1.61694000e+02, 2.47287003e+02, 1.24152000e+02, 2.55447998e+02,
    1.02115997e+02, 2.57080994e+02, 1.18439003e+02, 2.90541992e+02,
    1.36233002e+02, 2.66454010e+02, 1.70671005e+02, 2.74218994e+02,
    1.44960007e+02, 2.89778015e+02, 1.43738998e+02, 2.74218994e+02,
    2.86782013e+02, 2.23138000e+02, 2.47921997e+02, 2.24350998e+02,
    2.31063004e+02, 2.48667007e+02, 2.58223999e+02, 2.45214996e+02,
    2.53916000e+02, 2.32597000e+02, 1.79647995e+02, 2.73403015e+02,
    1.93391006e+02, 3.07265015e+02, 1.93942993e+02, 3.42627014e+02,
    2.07757004e+02, 3.51743988e+02, 2.33725998e+02, 3.48980988e+02,
    2.54169998e+02, 3.34062988e+02, 2.58313995e+02, 3.15829010e+02,
    2.38145996e+02, 2.96490997e+02, 2.18822998e+02, 2.57080994e+02,
    2.10660995e+02, 3.43589996e+02, 2.44938995e+02, 3.28899994e+02,
    1.98363998e+02, 3.96498993e+02, 2.14759003e+02, 3.82424988e+02,
    2.26819000e+02, 3.72463989e+02, 2.42565994e+02, 3.72463989e+02,
    2.56380005e+02, 3.60308014e+02, 2.74834015e+02, 3.57578003e+02,
    2.92846985e+02, 3.55888000e+02, 2.83213013e+02, 3.73263000e+02,
    2.73194000e+02, 3.88477997e+02, 2.57166992e+02, 4.01825012e+02,
    2.36011002e+02, 4.05730988e+02, 2.19834000e+02, 4.02335999e+02,
    2.28785995e+02, 3.87320007e+02, 2.49473007e+02, 3.83790985e+02,
    2.66480011e+02, 3.70820007e+02, 2.66697998e+02, 3.68835999e+02,
    2.47539001e+02, 3.80200012e+02, 2.29169998e+02, 3.84731995e+02,
    2.48643997e+02, 3.81580994e+02, 2.22903000e+02, 3.24002991e+02 ]
noOfLandmarkPoint: 68
