%YAML:1.0
landmark: [ 5.21269989e+01, 2.72527008e+02, 5.82990990e+01,
    3.19221008e+02, 6.76649017e+01, 3.65382996e+02, 8.35419006e+01,
    4.09578003e+02, 1.08985001e+02, 4.49187012e+02, 1.38261002e+02,
    4.85971985e+02, 1.80742996e+02, 5.05625000e+02, 2.26481995e+02,
    5.15390015e+02, 2.72782990e+02, 5.07662994e+02, 3.12582001e+02,
    4.83479004e+02, 3.39645996e+02, 4.45018005e+02, 3.60667999e+02,
    4.02927002e+02, 3.72613007e+02, 3.57470001e+02, 3.76526001e+02,
    3.10540985e+02, 3.76365997e+02, 2.63556000e+02, 3.45608002e+02,
    2.41768997e+02, 3.23821014e+02, 2.13574997e+02, 2.77553986e+02,
    2.16897003e+02, 2.59101990e+02, 2.33438995e+02, 2.80721008e+02,
    2.31893997e+02, 3.18053986e+02, 2.28313004e+02, 9.18559036e+01,
    2.42410004e+02, 1.17487000e+02, 2.13574997e+02, 1.62714005e+02,
    2.12686996e+02, 1.86052002e+02, 2.32158005e+02, 1.45884003e+02,
    2.25798004e+02, 1.19015999e+02, 2.28229004e+02, 1.21973000e+02,
    2.65479004e+02, 1.47686996e+02, 2.50199997e+02, 1.74589996e+02,
    2.63484009e+02, 1.48244995e+02, 2.69322998e+02, 1.43759995e+02,
    2.58429993e+02, 3.18363007e+02, 2.65850006e+02, 2.93213013e+02,
    2.52244003e+02, 2.59742004e+02, 2.63556000e+02, 2.90500000e+02,
    2.69322998e+02, 2.86656006e+02, 2.57148010e+02, 1.97585999e+02,
    2.69322998e+02, 1.90537003e+02, 3.09692993e+02, 1.75158005e+02,
    3.34042999e+02, 1.85410995e+02, 3.55829987e+02, 2.27703003e+02,
    3.64160004e+02, 2.63587006e+02, 3.55829987e+02, 2.73199005e+02,
    3.32760986e+02, 2.57820007e+02, 3.11614990e+02, 2.45645004e+02,
    2.69963989e+02, 2.01401001e+02, 3.53166992e+02, 2.48848999e+02,
    3.53266998e+02, 1.44401001e+02, 3.90432007e+02, 1.80641006e+02,
    3.83643005e+02, 2.04615997e+02, 3.83191010e+02, 2.21556000e+02,
    3.87588013e+02, 2.41455994e+02, 3.82553986e+02, 2.71114990e+02,
    3.84036987e+02, 3.03316010e+02, 3.88510010e+02, 2.82872009e+02,
    4.20237000e+02, 2.56010986e+02, 4.41610992e+02, 2.21498001e+02,
    4.51109009e+02, 1.89076004e+02, 4.42285004e+02, 1.63330002e+02,
    4.19877991e+02, 1.82468994e+02, 4.12626007e+02, 2.21024994e+02,
    4.18734009e+02, 2.59200012e+02, 4.11098999e+02, 2.56563995e+02,
    3.91651001e+02, 2.21714005e+02, 3.93997986e+02, 1.89615997e+02,
    3.91627014e+02, 2.21822998e+02, 4.10216003e+02, 2.28985001e+02,
    3.43654999e+02 ]
noOfLandmarkPoint: 68
