%YAML:1.0
landmark: [ 4.62676010e+01, 2.75066986e+02, 4.28274002e+01,
    3.14095001e+02, 4.52229996e+01, 3.53157013e+02, 5.73576012e+01,
    3.90290009e+02, 7.45186996e+01, 4.25514008e+02, 9.86424026e+01,
    4.56243988e+02, 1.28511002e+02, 4.81272003e+02, 1.66444000e+02,
    4.88523987e+02, 2.03947998e+02, 4.77664001e+02, 2.36283005e+02,
    4.55933990e+02, 2.62299011e+02, 4.26661011e+02, 2.80093994e+02,
    3.91950012e+02, 2.90510010e+02, 3.54187988e+02, 2.94226990e+02,
    3.15274994e+02, 2.93829010e+02, 2.76089996e+02, 2.82063995e+02,
    2.37216995e+02, 2.52397995e+02, 2.16246002e+02, 2.08880005e+02,
    2.18179001e+02, 1.82324005e+02, 2.31591003e+02, 2.12796997e+02,
    2.34149994e+02, 2.51886002e+02, 2.30567993e+02, 5.29169006e+01,
    2.31591003e+02, 7.23535004e+01, 2.18802994e+02, 1.07135002e+02,
    2.22384003e+02, 1.23501999e+02, 2.37727997e+02, 1.02878998e+02,
    2.36020996e+02, 7.64033966e+01, 2.32695999e+02, 6.58071976e+01,
    2.67428986e+02, 9.19201965e+01, 2.52979004e+02, 1.24674004e+02,
    2.68303986e+02, 9.30851974e+01, 2.76339996e+02, 1.00997002e+02,
    2.63303009e+02, 2.54990005e+02, 2.65964996e+02, 2.23731003e+02,
    2.50153000e+02, 1.92044998e+02, 2.68097992e+02, 2.26641998e+02,
    2.75023987e+02, 2.32449997e+02, 2.61256989e+02, 1.30151993e+02,
    2.74044006e+02, 1.18388000e+02, 3.18032013e+02, 1.04577003e+02,
    3.39002991e+02, 1.14806999e+02, 3.58951996e+02, 1.42427994e+02,
    3.64066010e+02, 1.85904007e+02, 3.55882996e+02, 1.92042007e+02,
    3.38492004e+02, 1.80278000e+02, 3.18544006e+02, 1.76186005e+02,
    2.75066986e+02, 1.24525002e+02, 3.50768005e+02, 1.65955994e+02,
    3.51790985e+02, 8.71866989e+01, 3.90664001e+02, 1.13738998e+02,
    3.93246002e+02, 1.26583000e+02, 3.92022003e+02, 1.36800995e+02,
    3.91687012e+02, 1.59705002e+02, 3.90118988e+02, 1.86983994e+02,
    3.90341003e+02, 2.31427002e+02, 3.87083008e+02, 1.94824005e+02,
    4.11962006e+02, 1.74313995e+02, 4.20557007e+02, 1.46520004e+02,
    4.25957001e+02, 1.31737000e+02, 4.24058014e+02, 1.15842003e+02,
    4.15552002e+02, 1.31031006e+02, 4.07677002e+02, 1.44473999e+02,
    4.11635010e+02, 1.71233002e+02, 4.03920990e+02, 1.70690002e+02,
    3.98266998e+02, 1.42427994e+02, 3.99871002e+02, 1.33589996e+02,
    4.01389008e+02, 1.44707993e+02, 4.03166992e+02, 1.40893005e+02,
    3.34911011e+02 ]
noOfLandmarkPoint: 68
