%YAML:1.0
landmark: [ 1.29615997e+02, 2.36153000e+02, 1.32828995e+02,
    2.65786987e+02, 1.40664001e+02, 2.94527008e+02, 1.49298004e+02,
    3.23058014e+02, 1.61397003e+02, 3.50282013e+02, 1.81654999e+02,
    3.71587006e+02, 2.09139999e+02, 3.82352997e+02, 2.38873001e+02,
    3.84186005e+02, 2.68053009e+02, 3.79145996e+02, 2.93153992e+02,
    3.63398987e+02, 3.09441010e+02, 3.38584991e+02, 3.20635986e+02,
    3.10973999e+02, 3.26196991e+02, 2.81734009e+02, 3.30834991e+02,
    2.52296997e+02, 3.30510010e+02, 2.22500000e+02, 3.07105011e+02,
    2.10796997e+02, 2.73096008e+02, 1.98367004e+02, 2.49041000e+02,
    2.03231995e+02, 2.36401993e+02, 2.11772003e+02, 2.53468002e+02,
    2.11285004e+02, 2.80286987e+02, 2.05921005e+02, 1.41319000e+02,
    2.23475006e+02, 1.58384995e+02, 2.12259995e+02, 1.81964005e+02,
    2.12194000e+02, 1.96417999e+02, 2.19087006e+02, 1.80815002e+02,
    2.19574005e+02, 1.61311005e+02, 2.15673004e+02, 1.61845993e+02,
    2.36291000e+02, 1.78037003e+02, 2.26626999e+02, 1.97330002e+02,
    2.36710999e+02, 1.79007004e+02, 2.39792007e+02, 1.79839996e+02,
    2.32251999e+02, 2.82237000e+02, 2.27376007e+02, 2.61923004e+02,
    2.19699005e+02, 2.44988007e+02, 2.33139008e+02, 2.64944000e+02,
    2.34929001e+02, 2.64196014e+02, 2.25912994e+02, 2.06171005e+02,
    2.38102997e+02, 2.04707993e+02, 2.67359985e+02, 1.96906006e+02,
    2.85889008e+02, 2.01781998e+02, 2.97591003e+02, 2.20311005e+02,
    3.02467010e+02, 2.39328003e+02, 2.96615997e+02, 2.44203995e+02,
    2.86864014e+02, 2.36401993e+02, 2.67846985e+02, 2.33964005e+02,
    2.36153000e+02, 2.05705002e+02, 2.94678986e+02, 2.30617996e+02,
    2.94147003e+02, 1.85203995e+02, 3.24408997e+02, 2.04876007e+02,
    3.22519012e+02, 2.15102997e+02, 3.20931000e+02, 2.22261993e+02,
    3.22459015e+02, 2.29988998e+02, 3.19201996e+02, 2.44171005e+02,
    3.18924988e+02, 2.64196014e+02, 3.19532990e+02, 2.48845001e+02,
    3.32997009e+02, 2.36824005e+02, 3.38468994e+02, 2.25251007e+02,
    3.41497986e+02, 2.13987000e+02, 3.40390991e+02, 2.02485992e+02,
    3.35891998e+02, 2.11445999e+02, 3.29414001e+02, 2.22397003e+02,
    3.30080994e+02, 2.36809998e+02, 3.26932007e+02, 2.36268997e+02,
    3.23540985e+02, 2.22565002e+02, 3.25884003e+02, 2.11835007e+02,
    3.25921997e+02, 2.22565002e+02, 3.28066010e+02, 2.17873001e+02,
    2.89789001e+02 ]
noOfLandmarkPoint: 68
