%YAML:1.0
landmark: [ 5.28744011e+01, 2.60372986e+02, 5.58792992e+01,
    3.05335999e+02, 6.33816986e+01, 3.49665985e+02, 8.07695007e+01,
    3.91174988e+02, 1.06148003e+02, 4.28276001e+02, 1.39134995e+02,
    4.58895996e+02, 1.76664001e+02, 4.83721008e+02, 2.20179001e+02,
    4.92903015e+02, 2.65104004e+02, 4.89670013e+02, 3.01619995e+02,
    4.66053986e+02, 3.20247009e+02, 4.25071991e+02, 3.34169006e+02,
    3.82237000e+02, 3.43809998e+02, 3.38234009e+02, 3.47860992e+02,
    2.93377991e+02, 3.49348999e+02, 2.48339005e+02, 3.44717010e+02,
    2.28714005e+02, 3.13109985e+02, 2.12320007e+02, 2.87450012e+02,
    2.16641998e+02, 2.60734985e+02, 2.26459000e+02, 2.81065002e+02,
    2.28108002e+02, 3.07506012e+02, 2.26914993e+02, 1.03198997e+02,
    2.41774994e+02, 1.52567001e+02, 2.23598007e+02, 1.74912003e+02,
    2.24783997e+02, 2.03847000e+02, 2.31929001e+02, 1.84677994e+02,
    2.34776001e+02, 1.53604996e+02, 2.38270996e+02, 1.32598007e+02,
    2.54039993e+02, 1.62199005e+02, 2.38787994e+02, 1.86496994e+02,
    2.56598999e+02, 1.60619995e+02, 2.64200989e+02, 1.62274994e+02,
    2.49432999e+02, 3.29899994e+02, 2.48990997e+02, 2.99609009e+02,
    2.35259995e+02, 2.70760010e+02, 2.55386993e+02, 3.02933990e+02,
    2.60598999e+02, 3.03401001e+02, 2.45057007e+02, 2.01658997e+02,
    2.62561005e+02, 1.99832993e+02, 3.12371002e+02, 1.88315002e+02,
    3.42075012e+02, 2.02257996e+02, 3.58441986e+02, 2.35572998e+02,
    3.69773010e+02, 2.65910004e+02, 3.56018005e+02, 2.71971985e+02,
    3.35407013e+02, 2.59242004e+02, 3.11157990e+02, 2.51983002e+02,
    2.61467010e+02, 2.15595001e+02, 3.55411011e+02, 2.54554001e+02,
    3.54363007e+02, 1.74309006e+02, 4.03687012e+02, 2.02841003e+02,
    3.95678009e+02, 2.22746994e+02, 3.92946991e+02, 2.32291000e+02,
    3.94934998e+02, 2.47723999e+02, 3.89964996e+02, 2.66515991e+02,
    3.91178009e+02, 2.81520996e+02, 4.00404999e+02, 2.64091003e+02,
    4.08152008e+02, 2.47117004e+02, 4.12394989e+02, 2.33384995e+02,
    4.12438995e+02, 2.21050003e+02, 4.13606995e+02, 2.06501007e+02,
    4.14820007e+02, 2.16488998e+02, 4.02878998e+02, 2.32192001e+02,
    4.01614014e+02, 2.44660995e+02, 3.99528015e+02, 2.45994003e+02,
    3.97171997e+02, 2.31733994e+02, 3.99196014e+02, 2.16895996e+02,
    3.99207001e+02, 2.32136993e+02, 4.00800995e+02, 2.38854996e+02,
    3.45704987e+02 ]
noOfLandmarkPoint: 68
