%YAML:1.0
landmark: [ 6.25057983e+01, 2.94298004e+02, 6.28903008e+01,
    3.36610992e+02, 7.40327988e+01, 3.77403992e+02, 9.15111008e+01,
    4.15933990e+02, 1.16535004e+02, 4.50104004e+02, 1.41845001e+02,
    4.84058990e+02, 1.77764008e+02, 5.04688995e+02, 2.19167007e+02,
    4.97481995e+02, 2.56643005e+02, 4.78006012e+02, 2.87959991e+02,
    4.49545990e+02, 3.13717010e+02, 4.16080994e+02, 3.26170990e+02,
    3.75739014e+02, 3.31071991e+02, 3.33684998e+02, 3.30460999e+02,
    2.91325012e+02, 3.29102997e+02, 2.48970993e+02, 2.65286987e+02,
    2.39427994e+02, 2.37681000e+02, 2.22421005e+02, 1.97039001e+02,
    2.27363998e+02, 1.68070999e+02, 2.39427994e+02, 1.95744995e+02,
    2.42225006e+02, 2.22136002e+02, 2.38621994e+02, 5.65415993e+01,
    2.68056000e+02, 6.30275002e+01, 2.51529999e+02, 9.65301971e+01,
    2.52078995e+02, 1.13796997e+02, 2.60303009e+02, 9.66014023e+01,
    2.61678986e+02, 6.89374008e+01, 2.62487000e+02, 7.85024033e+01,
    2.92303986e+02, 9.56532974e+01, 2.74005005e+02, 1.22828003e+02,
    2.84290009e+02, 9.85131989e+01, 2.94479004e+02, 1.01273003e+02,
    2.78195007e+02, 2.47072006e+02, 2.61445007e+02, 2.15947006e+02,
    2.47761002e+02, 1.91921997e+02, 2.73744995e+02, 2.21541000e+02,
    2.69720001e+02, 2.23537994e+02, 2.54934998e+02, 1.30496994e+02,
    2.83562988e+02, 1.20695999e+02, 3.33912994e+02, 1.14105003e+02,
    3.63022003e+02, 1.21245003e+02, 3.71260986e+02, 1.46003998e+02,
    3.73622009e+02, 1.81789001e+02, 3.60500000e+02, 1.89542007e+02,
    3.45589996e+02, 1.74035004e+02, 3.22925995e+02, 1.72841995e+02,
    2.78791992e+02, 1.25089996e+02, 3.66317993e+02, 1.62987000e+02,
    3.60825989e+02, 1.34076004e+02, 4.12984985e+02, 1.37181000e+02,
    4.02184998e+02, 1.47860992e+02, 3.98510010e+02, 1.57932007e+02,
    3.99266998e+02, 1.79410004e+02, 3.94162994e+02, 2.03167007e+02,
    3.93938995e+02, 2.24233994e+02, 3.98196991e+02, 2.13921005e+02,
    4.14209015e+02, 1.96042999e+02, 4.25005005e+02, 1.69264008e+02,
    4.33859009e+02, 1.49626007e+02, 4.32515991e+02, 1.36587006e+02,
    4.24170013e+02, 1.44223999e+02, 4.18367004e+02, 1.69100998e+02,
    4.19936005e+02, 2.02233002e+02, 4.10161011e+02, 1.99356995e+02,
    4.00885986e+02, 1.64684006e+02, 4.03884003e+02, 1.45029007e+02,
    4.06877991e+02, 1.66893005e+02, 4.11704010e+02, 1.28707993e+02,
    3.50360992e+02 ]
noOfLandmarkPoint: 68
