%YAML:1.0
landmark: [ 5.34837990e+01, 2.86054993e+02, 5.64028015e+01,
    3.26174988e+02, 5.90620995e+01, 3.66294006e+02, 6.69377975e+01,
    4.05731995e+02, 8.14004974e+01, 4.42928986e+02, 1.02757004e+02,
    4.77020996e+02, 1.30815002e+02, 5.04825989e+02, 1.69419006e+02,
    5.15642029e+02, 2.08983994e+02, 5.11515015e+02, 2.43966995e+02,
    4.91938995e+02, 2.70442993e+02, 4.61880005e+02, 2.93027008e+02,
    4.28636993e+02, 3.09148987e+02, 3.91808990e+02, 3.23209015e+02,
    3.54117004e+02, 3.32708008e+02, 3.15088013e+02, 3.17338013e+02,
    2.91178986e+02, 2.84615997e+02, 2.64054993e+02, 2.42779999e+02,
    2.65407990e+02, 2.19139999e+02, 2.68976990e+02, 2.40582001e+02,
    2.77265991e+02, 2.79723999e+02, 2.79712006e+02, 6.20227013e+01,
    2.63854004e+02, 9.55835037e+01, 2.44705994e+02, 1.33789001e+02,
    2.47679993e+02, 1.67052002e+02, 2.67269012e+02, 1.31085999e+02,
    2.61816986e+02, 1.00005997e+02, 2.61364990e+02, 8.79087982e+01,
    2.88088989e+02, 1.22207001e+02, 2.80983002e+02, 1.52807007e+02,
    2.91139008e+02, 1.22884003e+02, 3.00093994e+02, 1.20942001e+02,
    2.86908997e+02, 2.89019989e+02, 3.13960999e+02, 2.53718994e+02,
    2.95821014e+02, 2.20298996e+02, 3.03302002e+02, 2.54798004e+02,
    3.17136993e+02, 2.52442001e+02, 3.04841003e+02, 1.65343994e+02,
    2.99717987e+02, 1.55449997e+02, 3.46252014e+02, 1.42240005e+02,
    3.65334015e+02, 1.41751007e+02, 3.81968994e+02, 1.74737000e+02,
    3.99622986e+02, 2.07311996e+02, 3.93710999e+02, 2.14651001e+02,
    3.76096985e+02, 2.04376999e+02, 3.46740997e+02, 2.07184998e+02,
    3.05695007e+02, 1.53492996e+02, 3.86372009e+02, 1.92634003e+02,
    3.92243011e+02, 1.17526001e+02, 4.20117004e+02, 1.34292999e+02,
    4.11980988e+02, 1.51214005e+02, 4.13832001e+02, 1.66018997e+02,
    4.20177002e+02, 1.90343002e+02, 4.19648010e+02, 2.10436005e+02,
    4.22028015e+02, 2.29386002e+02, 4.30364014e+02, 2.08311996e+02,
    4.48570007e+02, 1.87378006e+02, 4.55290009e+02, 1.65343994e+02,
    4.55127014e+02, 1.42440002e+02, 4.48463989e+02, 1.26180000e+02,
    4.34130005e+02, 1.39315994e+02, 4.27050995e+02, 1.67341003e+02,
    4.36569000e+02, 1.97746002e+02, 4.36569000e+02, 1.99332001e+02,
    4.29431000e+02, 1.67341003e+02, 4.28902008e+02, 1.43018005e+02,
    4.23350006e+02, 1.67341003e+02, 4.32868011e+02, 1.74737000e+02,
    3.74859985e+02 ]
noOfLandmarkPoint: 68
