%YAML:1.0
landmark: [ 6.99980011e+01, 3.08316986e+02, 7.13136978e+01,
    3.45433014e+02, 7.57097015e+01, 3.82296997e+02, 8.28245010e+01,
    4.18737000e+02, 9.73888016e+01, 4.52708008e+02, 1.19921997e+02,
    4.82209991e+02, 1.46451004e+02, 5.08036011e+02, 1.80209000e+02,
    5.23109009e+02, 2.16949997e+02, 5.23275024e+02, 2.50125000e+02,
    5.06858002e+02, 2.77335999e+02, 4.81967987e+02, 2.99445007e+02,
    4.52131989e+02, 3.18056000e+02, 4.20085999e+02, 3.31722992e+02,
    3.85584015e+02, 3.38938995e+02, 3.49183014e+02, 3.26238007e+02,
    3.29855011e+02, 3.03162994e+02, 3.12317993e+02, 2.72635010e+02,
    3.05579987e+02, 2.47819000e+02, 3.09973999e+02, 2.71209991e+02,
    3.16938995e+02, 2.95234009e+02, 3.22345001e+02, 9.54011002e+01,
    2.96720001e+02, 1.32108994e+02, 2.81145996e+02, 1.51916000e+02,
    2.85510010e+02, 1.82654999e+02, 3.03899994e+02, 1.56285995e+02,
    2.97384003e+02, 1.32783005e+02, 2.93265991e+02, 1.26143997e+02,
    3.10829987e+02, 1.51016998e+02, 3.03046997e+02, 1.75694000e+02,
    3.18588989e+02, 1.49251999e+02, 3.19950989e+02, 1.51729996e+02,
    3.11631012e+02, 2.97019989e+02, 3.38825012e+02, 2.73479004e+02,
    3.24756989e+02, 2.46912994e+02, 3.31755005e+02, 2.73260986e+02,
    3.41709991e+02, 2.70460999e+02, 3.30959015e+02, 1.90386002e+02,
    3.28750000e+02, 1.76028000e+02, 3.78451996e+02, 1.65535995e+02,
    3.87287994e+02, 1.62222000e+02, 4.09929993e+02, 1.99222000e+02,
    4.22631012e+02, 2.31251999e+02, 4.20973999e+02, 2.36774994e+02,
    4.04959991e+02, 2.30699997e+02, 3.87839996e+02, 2.29595001e+02,
    3.34273010e+02, 1.76580002e+02, 4.09377014e+02, 2.17445999e+02,
    4.15451996e+02, 1.46759003e+02, 4.34227997e+02, 1.63229004e+02,
    4.34716003e+02, 1.80378998e+02, 4.37917999e+02, 1.95414993e+02,
    4.42325989e+02, 2.09358994e+02, 4.43278015e+02, 2.23013000e+02,
    4.46171997e+02, 2.38983994e+02, 4.50795013e+02, 2.20548996e+02,
    4.65751007e+02, 2.05936005e+02, 4.67618011e+02, 1.92042999e+02,
    4.65153992e+02, 1.74149002e+02, 4.60920013e+02, 1.59246994e+02,
    4.53582001e+02, 1.73994003e+02, 4.47071991e+02, 1.92746002e+02,
    4.52605011e+02, 2.13343994e+02, 4.54061005e+02, 2.13283005e+02,
    4.51207001e+02, 1.92990005e+02, 4.48264008e+02, 1.74298004e+02,
    4.43614014e+02, 1.92938004e+02, 4.50859009e+02, 2.01431000e+02,
    4.01645996e+02 ]
noOfLandmarkPoint: 68
