%YAML:1.0
landmark: [ 6.57193985e+01, 2.46554993e+02, 6.11543007e+01,
    3.01252991e+02, 6.63632965e+01, 3.55766998e+02, 7.76240005e+01,
    4.09494995e+02, 9.52431030e+01, 4.61369995e+02, 1.24921997e+02,
    5.07444000e+02, 1.69751999e+02, 5.36385010e+02, 2.24455002e+02,
    5.33596008e+02, 2.78083008e+02, 5.22271973e+02, 3.25205994e+02,
    4.94796997e+02, 3.60566010e+02, 4.53128998e+02, 3.78868988e+02,
    4.01602997e+02, 3.93233002e+02, 3.48648987e+02, 4.03003998e+02,
    2.94639008e+02, 4.10170990e+02, 2.40210007e+02, 3.51252014e+02,
    2.22987000e+02, 3.09554993e+02, 1.74039001e+02, 2.44289993e+02,
    1.82197006e+02, 2.08938995e+02, 2.10296997e+02, 2.53354996e+02,
    2.01231995e+02, 3.08648010e+02, 1.98513000e+02, 6.57193985e+01,
    2.22987000e+02, 7.47838974e+01, 1.83102997e+02, 1.33475006e+02,
    1.84626999e+02, 1.61802994e+02, 2.10296997e+02, 1.27679001e+02,
    2.07024994e+02, 9.30273972e+01, 202., 9.21949997e+01, 2.39832993e+02,
    1.17152000e+02, 2.29968994e+02, 1.41268997e+02, 2.34828995e+02,
    1.18627998e+02, 2.41473007e+02, 1.17387001e+02, 2.36584000e+02,
    3.15619995e+02, 2.34399002e+02, 2.74890991e+02, 2.24785004e+02,
    2.44806000e+02, 2.35220001e+02, 2.76983002e+02, 2.42296005e+02,
    2.74203003e+02, 2.30238998e+02, 1.60897003e+02, 2.41115997e+02,
    1.50018997e+02, 2.94596985e+02, 1.39141998e+02, 3.35386993e+02,
    1.49701004e+02, 3.57049011e+02, 1.72681000e+02, 3.63487000e+02,
    2.12565002e+02, 3.58048004e+02, 2.31600006e+02, 3.26322998e+02,
    2.08938995e+02, 3.02755005e+02, 2.16190002e+02, 2.41115997e+02,
    1.58707993e+02, 3.55203003e+02, 1.98968002e+02, 3.48076996e+02,
    1.22825996e+02, 4.06997009e+02, 1.50828995e+02, 3.98772003e+02,
    1.70701004e+02, 3.99312012e+02, 1.82651993e+02, 4.02464996e+02,
    1.99533005e+02, 3.97863007e+02, 2.30938004e+02, 3.97460999e+02,
    2.73296997e+02, 4.04277008e+02, 2.45186005e+02, 4.22354004e+02,
    2.21628998e+02, 4.39628998e+02, 1.92623001e+02, 4.46881012e+02,
    1.54552002e+02, 4.41441986e+02, 1.37669998e+02, 4.24806000e+02,
    1.59488998e+02, 4.18411987e+02, 1.88996994e+02, 4.23312988e+02,
    2.27951996e+02, 4.16653015e+02, 2.28677002e+02, 4.06440002e+02,
    1.88089996e+02, 4.10622986e+02, 1.63169006e+02, 4.07589996e+02,
    1.89903000e+02, 4.16967987e+02, 1.56365005e+02, 3.33574005e+02 ]
noOfLandmarkPoint: 68
