%YAML:1.0
landmark: [ 8.93752975e+01, 2.78617004e+02, 9.17089005e+01,
    3.21911987e+02, 9.98022003e+01, 3.64528015e+02, 1.08950996e+02,
    4.06856995e+02, 1.31886993e+02, 4.43498993e+02, 1.60264999e+02,
    4.76243011e+02, 1.96518997e+02, 4.99687012e+02, 2.38156006e+02,
    5.11665985e+02, 2.80980988e+02, 5.16932007e+02, 3.17450989e+02,
    4.95609009e+02, 3.37372986e+02, 4.57140991e+02, 3.61204987e+02,
    4.20910004e+02, 3.76740997e+02, 3.80502991e+02, 3.85885010e+02,
    3.38178009e+02, 3.83571991e+02, 2.94925995e+02, 3.86708008e+02,
    2.62307007e+02, 3.67802002e+02, 2.47250000e+02, 3.44346985e+02,
    2.54018997e+02, 3.22097992e+02, 2.72343994e+02, 3.43960999e+02,
    2.65798004e+02, 3.67417999e+02, 2.61252014e+02, 1.43322006e+02,
    2.54153000e+02, 1.92544998e+02, 2.30824005e+02, 2.32556000e+02,
    2.41389008e+02, 2.66269012e+02, 2.66071014e+02, 2.26893997e+02,
    2.55589005e+02, 1.91462006e+02, 2.48912003e+02, 1.91921005e+02,
    2.85028992e+02, 2.16309006e+02, 2.72108002e+02, 2.46723007e+02,
    2.96681000e+02, 2.13429993e+02, 3.00558014e+02, 2.11695999e+02,
    2.85516998e+02, 3.62243988e+02, 2.94925995e+02, 3.45484985e+02,
    2.78308014e+02, 3.16451996e+02, 2.98062012e+02, 3.45201996e+02,
    3.04824005e+02, 3.37153015e+02, 2.89907990e+02, 2.70032990e+02,
    3.07471985e+02, 2.64388000e+02, 3.49500000e+02, 2.51214996e+02,
    3.69572998e+02, 2.61877991e+02, 3.86510010e+02, 2.96378998e+02,
    3.97800995e+02, 3.22097992e+02, 3.85255005e+02, 3.26489014e+02,
    3.63299988e+02, 3.17079010e+02, 3.38835999e+02, 3.07042999e+02,
    3.06217010e+02, 2.80696991e+02, 3.82118988e+02, 3.14800995e+02,
    3.84390991e+02, 2.19850006e+02, 4.22265015e+02, 2.51888000e+02,
    4.18660004e+02, 2.74684998e+02, 4.17339996e+02, 2.88223999e+02,
    4.21636993e+02, 2.99955994e+02, 4.18726013e+02, 3.11410004e+02,
    4.23056000e+02, 3.23351990e+02, 4.27910004e+02, 3.15174988e+02,
    4.41821991e+02, 3.00203003e+02, 4.53976990e+02, 2.81760010e+02,
    4.58147003e+02, 2.58980988e+02, 4.52091003e+02, 2.42591995e+02,
    4.41377014e+02, 2.61802002e+02, 4.34377991e+02, 2.85714996e+02,
    4.39829010e+02, 3.07532990e+02, 4.37059998e+02, 3.07243011e+02,
    4.30141998e+02, 2.87596985e+02, 4.30419006e+02, 2.64118011e+02,
    4.27201996e+02, 2.86970001e+02, 4.33556000e+02, 3.07042999e+02,
    3.73963989e+02 ]
noOfLandmarkPoint: 68
