%YAML:1.0
landmark: [ 5.83310013e+01, 3.49330994e+02, 7.18939972e+01,
    3.95833008e+02, 8.61028976e+01, 4.44917999e+02, 1.03400002e+02,
    4.79615997e+02, 1.36479996e+02, 5.12732971e+02, 1.81690002e+02,
    5.26296021e+02, 2.23024002e+02, 5.34692017e+02, 2.69592987e+02,
    5.32557983e+02, 3.14654999e+02, 5.22570984e+02, 3.53989014e+02,
    5.02333008e+02, 3.89734985e+02, 4.68039001e+02, 4.10322998e+02,
    4.28126007e+02, 4.17427002e+02, 3.84208008e+02, 4.22593994e+02,
    3.37059998e+02, 4.19364990e+02, 2.91850006e+02, 3.70278992e+02,
    2.71829010e+02, 3.40955994e+02, 2.50576004e+02, 2.90951996e+02,
    2.62924988e+02, 2.54671005e+02, 2.89266998e+02, 3.00527008e+02,
    2.73765991e+02, 3.39924011e+02, 2.64723999e+02, 7.77067032e+01,
    3.18976013e+02, 1.08855003e+02, 2.94553986e+02, 1.44947006e+02,
    2.94519012e+02, 1.82335007e+02, 3.11872009e+02, 1.43584000e+02,
    3.07351013e+02, 1.09353996e+02, 3.06704987e+02, 1.19788002e+02,
    3.43087006e+02, 1.43408005e+02, 3.27191010e+02, 1.75876999e+02,
    3.35768005e+02, 1.47548004e+02, 3.43415009e+02, 1.50042999e+02,
    3.35122986e+02, 3.34779999e+02, 3.02390015e+02, 3.02885010e+02,
    2.92207001e+02, 2.74692993e+02, 3.17683990e+02, 3.08104004e+02,
    3.14151001e+02, 3.01173004e+02, 3.04121002e+02, 1.98481995e+02,
    3.35768005e+02, 1.92669006e+02, 3.75811005e+02, 1.87501999e+02,
    4.10687988e+02, 1.99774002e+02, 4.19084015e+02, 2.28190994e+02,
    4.13916992e+02, 2.66942993e+02, 4.07458008e+02, 2.77921997e+02,
    3.89373993e+02, 2.59860992e+02, 3.60122009e+02, 2.52733994e+02,
    3.26080994e+02, 2.10753006e+02, 4.10687988e+02, 2.52087997e+02,
    4.03583008e+02, 1.86856003e+02, 4.63002014e+02, 2.03998993e+02,
    4.55269012e+02, 2.31220993e+02, 4.49485992e+02, 2.48858994e+02,
    4.52022003e+02, 2.68696014e+02, 4.41016998e+02, 2.97071014e+02,
    4.40130005e+02, 3.14735992e+02, 4.39751007e+02, 3.07876007e+02,
    4.53554993e+02, 2.85200012e+02, 4.68362000e+02, 2.50147003e+02,
    4.79878998e+02, 2.19160004e+02, 4.80029999e+02, 1.97615005e+02,
    4.72149994e+02, 2.16363998e+02, 4.68634003e+02, 2.52087997e+02,
    4.67523010e+02, 2.90875000e+02, 4.55140991e+02, 2.87292999e+02,
    4.47542999e+02, 2.49503998e+02, 4.57188995e+02, 2.17332993e+02,
    4.60346985e+02, 2.50149994e+02, 4.63002014e+02, 2.24315994e+02,
    3.86144989e+02 ]
noOfLandmarkPoint: 68
