%YAML:1.0
landmark: [ 3.93109016e+01, 3.09782990e+02, 4.45014000e+01,
    3.41727997e+02, 5.14803009e+01, 3.73322998e+02, 6.20158997e+01,
    4.03877014e+02, 7.92538986e+01, 4.31187012e+02, 1.01433998e+02,
    4.54696991e+02, 1.26924004e+02, 4.74615997e+02, 1.56179993e+02,
    4.87463989e+02, 1.88326996e+02, 4.85622009e+02, 2.16940002e+02,
    4.70933990e+02, 2.43347000e+02, 4.52235992e+02, 2.66160004e+02,
    4.29404999e+02, 2.82118011e+02, 4.01325989e+02, 2.94431000e+02,
    3.71397003e+02, 3.07881012e+02, 3.41962006e+02, 3.07261993e+02,
    3.15352997e+02, 2.95527008e+02, 2.95613007e+02, 2.62705994e+02,
    2.96169006e+02, 2.42904007e+02, 3.00501007e+02, 2.62705994e+02,
    3.04213989e+02, 2.85602997e+02, 3.04833008e+02, 7.76780014e+01,
    2.82554993e+02, 1.12950996e+02, 2.72653992e+02, 1.52556000e+02,
    2.78842010e+02, 1.76690002e+02, 2.95549988e+02, 1.46985992e+02,
    2.89980988e+02, 1.16664001e+02, 2.85648987e+02, 1.09857002e+02,
    3.12259003e+02, 1.35847000e+02, 2.99881989e+02, 1.59806000e+02,
    3.19260010e+02, 1.36466003e+02, 3.26492004e+02, 1.35847000e+02,
    3.11020996e+02, 2.75506989e+02, 3.33984985e+02, 2.54662003e+02,
    3.16589996e+02, 2.28052002e+02, 3.32061005e+02, 2.54662003e+02,
    3.41962006e+02, 2.49710999e+02, 3.26492004e+02, 1.71738998e+02,
    3.30822998e+02, 1.64313004e+02, 3.66096008e+02, 1.53792999e+02,
    3.85898987e+02, 1.58125000e+02, 4.00131989e+02, 1.87828995e+02,
    4.10652008e+02, 2.14438004e+02, 4.06938995e+02, 2.20007996e+02,
    3.88993011e+02, 2.15675995e+02, 3.71665985e+02, 2.16294998e+02,
    3.35773987e+02, 1.71738998e+02, 4.00750000e+02, 2.02061996e+02,
    4.04463013e+02, 1.39559998e+02, 4.29834991e+02, 1.55375000e+02,
    4.24112000e+02, 1.75156006e+02, 4.28268005e+02, 1.85352997e+02,
    4.29834991e+02, 1.97979004e+02, 4.27877991e+02, 2.13175003e+02,
    4.31670013e+02, 2.17531998e+02, 4.36023010e+02, 2.10462997e+02,
    4.46019012e+02, 1.97589005e+02, 4.54015991e+02, 1.76690002e+02,
    4.53351013e+02, 1.57796005e+02, 4.49334991e+02, 1.42580994e+02,
    4.39777008e+02, 1.60526001e+02, 4.33730011e+02, 1.81203003e+02,
    4.39582001e+02, 2.06171005e+02, 4.38216003e+02, 2.07125000e+02,
    4.35773010e+02, 1.81886993e+02, 4.35468994e+02, 1.61679993e+02,
    4.31096985e+02, 1.81593002e+02, 4.37631012e+02, 1.93397995e+02,
    3.88993011e+02 ]
noOfLandmarkPoint: 68
