%YAML:1.0
landmark: [ 7.12312012e+01, 2.64385010e+02, 7.17978973e+01,
    3.10286011e+02, 8.36980972e+01, 3.49953003e+02, 9.89982986e+01,
    3.91320007e+02, 1.21098999e+02, 4.22487000e+02, 1.49998993e+02,
    4.44588013e+02, 1.72098999e+02, 4.60454010e+02, 201., 4.64988007e+02,
    2.37266998e+02, 4.53653992e+02, 2.62200012e+02, 4.39487000e+02,
    2.87134003e+02, 4.18520996e+02, 3.10933990e+02, 3.72619995e+02,
    3.22834991e+02, 3.25019012e+02, 3.27368011e+02, 2.92152008e+02,
    3.29635010e+02, 2.58152008e+02, 2.95634003e+02, 2.42285004e+02,
    2.74666992e+02, 2.23018005e+02, 2.35908005e+02, 2.24093994e+02,
    2.12899994e+02, 2.33218002e+02, 2.34395004e+02, 2.38009003e+02,
    2.74101013e+02, 2.34350998e+02, 8.70980988e+01, 2.44550995e+02,
    1.06304001e+02, 2.32130005e+02, 1.33563995e+02, 2.33764999e+02,
    1.61899002e+02, 2.45684998e+02, 1.31863998e+02, 2.46847000e+02,
    1.09799004e+02, 2.47537003e+02, 1.08287003e+02, 2.61942993e+02,
    1.30240997e+02, 2.50927994e+02, 1.53904999e+02, 2.60612000e+02,
    1.31740997e+02, 2.66050995e+02, 1.29031998e+02, 2.55884995e+02,
    2.71217010e+02, 2.55632004e+02, 2.46505005e+02, 2.44363007e+02,
    2.24199005e+02, 2.57619995e+02, 2.49895004e+02, 2.62151001e+02,
    2.49733994e+02, 2.49651993e+02, 1.68699005e+02, 2.65518005e+02,
    1.63031998e+02, 3.08585999e+02, 1.52832001e+02, 3.31819000e+02,
    1.62466003e+02, 3.45420013e+02, 1.88533005e+02, 3.49385986e+02,
    2.18567001e+02, 3.42585999e+02, 2.24233002e+02, 3.26153015e+02,
    2.12899994e+02, 3.06885986e+02, 2.07233002e+02, 2.66084991e+02,
    1.69832993e+02, 3.41453003e+02, 2.04966003e+02, 3.39186005e+02,
    1.51132004e+02, 3.85653015e+02, 1.69078995e+02, 3.75053986e+02,
    1.83408005e+02, 3.70946991e+02, 1.93065994e+02, 3.72619995e+02,
    2.02927002e+02, 3.69118988e+02, 2.17886002e+02, 3.72175995e+02,
    2.36132996e+02, 3.78852997e+02, 2.19682999e+02, 3.93686005e+02,
    2.07395996e+02, 3.97144989e+02, 1.95899994e+02, 3.99253998e+02,
    1.82108002e+02, 3.98716003e+02, 1.69343002e+02, 3.96158997e+02,
    1.79473007e+02, 3.84227997e+02, 1.94100998e+02, 3.83867004e+02,
    2.08514999e+02, 3.81889008e+02, 2.09539993e+02, 3.79451996e+02,
    1.93936996e+02, 3.80576996e+02, 1.79847000e+02, 3.81476990e+02,
    1.94188995e+02, 3.83532990e+02, 1.86266006e+02, 3.27286011e+02 ]
noOfLandmarkPoint: 68
