%YAML:1.0
landmark: [ 8.10108032e+01, 2.84226013e+02, 9.44473038e+01,
    3.23006989e+02, 1.12897003e+02, 3.59614014e+02, 1.35733994e+02,
    3.93684998e+02, 1.65432007e+02, 4.21859985e+02, 1.98820999e+02,
    4.45731995e+02, 2.35356995e+02, 4.63992004e+02, 2.75799988e+02,
    4.61735992e+02, 3.11963989e+02, 4.42875000e+02, 3.37437988e+02,
    4.10923004e+02, 3.56535004e+02, 3.74665985e+02, 3.63924988e+02,
    3.34450012e+02, 3.62592010e+02, 2.93477997e+02, 3.56278992e+02,
    2.52925995e+02, 3.49140015e+02, 2.12537003e+02, 3.02287994e+02,
    1.88264008e+02, 2.65032013e+02, 1.79233002e+02, 2.27306000e+02,
    1.99641998e+02, 2.14792999e+02, 2.21569000e+02, 2.32949997e+02,
    2.12783997e+02, 2.66725006e+02, 1.92779999e+02, 7.76239014e+01,
    2.63904999e+02, 9.23327026e+01, 2.44442001e+02, 1.26250999e+02,
    2.36966003e+02, 1.52134995e+02, 2.44712997e+02, 1.32658997e+02,
    2.51518005e+02, 9.68162994e+01, 2.53179993e+02, 1.09727997e+02,
    2.77662994e+02, 1.27516998e+02, 2.56122986e+02, 1.61447998e+02,
    2.63256012e+02, 1.35921997e+02, 2.76963013e+02, 1.35201004e+02,
    2.62212006e+02, 2.79333008e+02, 2.22682007e+02, 2.45552994e+02,
    2.18718994e+02, 2.26391006e+02, 2.43472000e+02, 2.53815994e+02,
    2.39925995e+02, 2.52613007e+02, 2.26085007e+02, 1.78102005e+02,
    2.66726990e+02, 1.82052994e+02, 3.26562012e+02, 1.79231003e+02,
    3.49141998e+02, 1.89955994e+02, 3.63253998e+02, 2.24389008e+02,
    3.67204987e+02, 2.55436005e+02, 3.37851990e+02, 256., 3.20352997e+02,
    2.33985001e+02, 3.00032013e+02, 2.13100006e+02, 2.58825012e+02,
    1.99033005e+02, 3.62824005e+02, 2.41289001e+02, 3.47082001e+02,
    1.80923996e+02, 3.83575012e+02, 2.01431000e+02, 3.79092010e+02,
    2.18112000e+02, 3.78235992e+02, 2.33985001e+02, 3.75671997e+02,
    2.55940994e+02, 3.64519989e+02, 2.79247986e+02, 3.53895996e+02,
    3.05674988e+02, 3.43497009e+02, 2.91595001e+02, 3.81654999e+02,
    2.74278015e+02, 4.01109985e+02, 2.53742004e+02, 4.18007996e+02,
    2.28539993e+02, 4.17401001e+02, 2.07621994e+02, 4.09699005e+02,
    2.18270004e+02, 4.00449005e+02, 2.46417007e+02, 3.99811005e+02,
    2.73596008e+02, 3.80217987e+02, 2.66131989e+02, 3.65505005e+02,
    2.38867996e+02, 3.81173004e+02, 2.18199005e+02, 3.82407013e+02,
    2.42306000e+02, 3.89825012e+02, 2.11406006e+02, 3.57609009e+02 ]
noOfLandmarkPoint: 68
