%YAML:1.0
landmark: [ 6.71047974e+01, 2.59830994e+02, 6.41910019e+01,
    3.00694000e+02, 6.97771988e+01, 3.41278992e+02, 8.04087982e+01,
    3.80829987e+02, 1.00484001e+02, 4.16562988e+02, 1.27754997e+02,
    4.46890015e+02, 1.64847000e+02, 4.68346985e+02, 2.02695007e+02,
    4.78707001e+02, 2.43251007e+02, 4.74191010e+02, 2.80039001e+02,
    4.56838989e+02, 3.05078003e+02, 4.24476013e+02, 3.23850006e+02,
    3.88684998e+02, 3.29752991e+02, 3.63156006e+02, 3.38177002e+02,
    3.22877014e+02, 3.41596985e+02, 2.67161011e+02, 3.35080994e+02,
    2.36210007e+02, 3.14717987e+02, 2.21548004e+02, 2.82136993e+02,
    2.26434998e+02, 2.57701996e+02, 2.39468002e+02, 2.85394989e+02,
    2.38653000e+02, 3.17161011e+02, 2.34580994e+02, 1.09459999e+02,
    2.37839005e+02, 1.33895004e+02, 2.18289993e+02, 1.73806000e+02,
    2.23992004e+02, 2.03128998e+02, 2.40281998e+02, 1.75434998e+02,
    2.38653000e+02, 1.35524002e+02, 2.32136993e+02, 1.33503998e+02,
    2.67641998e+02, 1.58591003e+02, 2.52061005e+02, 1.89932007e+02,
    2.71997009e+02, 1.57932999e+02, 2.76924011e+02, 1.60774002e+02,
    2.63088989e+02, 3.06162994e+02, 2.68725006e+02, 2.80739990e+02,
    2.53878998e+02, 2.56287994e+02, 2.70763000e+02, 2.81289001e+02,
    2.76201996e+02, 2.81322998e+02, 2.63088989e+02, 2.04757996e+02,
    2.72863007e+02, 2.08195999e+02, 3.13933990e+02, 1.98862000e+02,
    3.49454987e+02, 2.08973999e+02, 3.59308014e+02, 2.36716003e+02,
    3.69160004e+02, 2.58237000e+02, 3.59566986e+02, 2.66533997e+02,
    3.46343994e+02, 2.54865997e+02, 3.07192993e+02, 2.47927002e+02,
    2.73677002e+02, 2.17529999e+02, 3.55419006e+02, 2.54347000e+02,
    3.53604004e+02, 1.74621002e+02, 3.99113007e+02, 2.02223007e+02,
    3.92046997e+02, 2.25091003e+02, 3.87496002e+02, 2.35679001e+02,
    3.92496002e+02, 2.44705994e+02, 3.86781006e+02, 2.59902008e+02,
    3.88937988e+02, 2.78878998e+02, 3.95855011e+02, 2.70197998e+02,
    4.10067993e+02, 2.53994003e+02, 4.22395996e+02, 2.31789993e+02,
    4.32165009e+02, 2.06869003e+02, 4.24545990e+02, 1.89576004e+02,
    4.11687012e+02, 2.00703003e+02, 4.02843994e+02, 2.33934006e+02,
    4.05535004e+02, 2.57567993e+02, 4.02303009e+02, 2.58006012e+02,
    3.98889008e+02, 2.34123993e+02, 4.01570007e+02, 2.04029999e+02,
    3.99954010e+02, 2.33604996e+02, 4.03126007e+02, 2.39050003e+02,
    3.44010010e+02 ]
noOfLandmarkPoint: 68
