%YAML:1.0
landmark: [ 1.02386002e+02, 3.95290009e+02, 1.10737999e+02,
    4.58337006e+02, 1.18707001e+02, 5.21431030e+02, 1.27172997e+02,
    5.84439026e+02, 1.47537994e+02, 6.44466980e+02, 1.83817993e+02,
    6.96380981e+02, 2.37054001e+02, 7.30461975e+02, 2.99364990e+02,
    7.40939026e+02, 3.61980988e+02, 7.31210022e+02, 4.16096985e+02,
    6.98802979e+02, 4.53290985e+02, 6.47622986e+02, 4.75519989e+02,
    5.88138000e+02, 4.91032013e+02, 5.26466003e+02, 5.04787994e+02,
    4.64381012e+02, 5.13585999e+02, 4.01410004e+02, 4.75648010e+02,
    3.75709991e+02, 4.21121002e+02, 3.30334991e+02, 3.44248993e+02,
    3.37415985e+02, 3.03089996e+02, 3.73261993e+02, 3.60278992e+02,
    3.61160004e+02, 4.22765015e+02, 3.52437012e+02, 1.18294998e+02,
    3.64695007e+02, 1.42445007e+02, 3.25084015e+02, 2.06190002e+02,
    3.34835999e+02, 2.46794998e+02, 3.65919006e+02, 1.92720001e+02,
    3.58316986e+02, 1.51279999e+02, 3.49984009e+02, 1.51279999e+02,
    3.94161987e+02, 1.89949005e+02, 3.73540985e+02, 2.34608994e+02,
    4.02352997e+02, 1.90822006e+02, 4.10447998e+02, 1.90500000e+02,
    3.86723999e+02, 4.26963989e+02, 4.02393005e+02, 3.87600006e+02,
    3.83289001e+02, 3.47269989e+02, 4.03800995e+02, 3.90734009e+02,
    4.14779999e+02, 3.91204987e+02, 3.91618988e+02, 2.46056000e+02,
    4.03731995e+02, 2.38748993e+02, 4.71248993e+02, 2.23572006e+02,
    5.20270996e+02, 2.38029999e+02, 5.45973999e+02, 2.77390015e+02,
    5.49489990e+02, 3.16747009e+02, 5.47580994e+02, 3.36024994e+02,
    5.21877014e+02, 3.17467010e+02, 4.69368988e+02, 3.08199005e+02,
    4.05444000e+02, 2.43653000e+02, 5.29909973e+02, 3.03895996e+02,
    5.31515991e+02, 2.02725006e+02, 6.05887024e+02, 2.34929993e+02,
    5.97072998e+02, 2.60446991e+02, 5.91796997e+02, 2.79186005e+02,
    5.98877991e+02, 2.97763000e+02, 5.91872009e+02, 3.32092010e+02,
    6.04049988e+02, 3.58833008e+02, 6.11620972e+02, 3.36294006e+02,
    6.27031982e+02, 3.08799011e+02, 6.39669006e+02, 2.78549011e+02,
    6.46666016e+02, 2.52998993e+02, 6.39747986e+02, 2.32393005e+02,
    6.27375977e+02, 2.51664993e+02, 6.11841003e+02, 2.79824005e+02,
    6.19905029e+02, 3.10592010e+02, 6.13875977e+02, 3.13803009e+02,
    6.11080017e+02, 2.79186005e+02, 6.13533020e+02, 2.50248001e+02,
    6.08695984e+02, 2.79824005e+02, 6.17992981e+02, 2.76166992e+02,
    5.05433014e+02 ]
noOfLandmarkPoint: 68
