%YAML:1.0
landmark: [ 6.02198982e+01, 2.81757996e+02, 6.70537033e+01,
    3.28455994e+02, 7.84433975e+01, 3.71166992e+02, 9.49585037e+01,
    4.12739990e+02, 1.15253998e+02, 4.36890015e+02, 1.42460007e+02,
    4.55178009e+02, 1.76335007e+02, 4.63134003e+02, 2.16641998e+02,
    4.66692993e+02, 2.56592010e+02, 4.59231995e+02, 2.84596985e+02,
    4.49187012e+02, 3.07377014e+02, 4.32101990e+02, 3.24460999e+02,
    4.05906006e+02, 3.39837006e+02, 3.68320007e+02, 3.52936005e+02,
    3.17066010e+02, 3.57492004e+02, 2.74924011e+02, 3.30156006e+02,
    2.45880005e+02, 2.96727997e+02, 2.27391998e+02, 2.60690002e+02,
    2.36395004e+02, 2.41886002e+02, 2.54992004e+02, 2.63440002e+02,
    2.51886002e+02, 3.02821014e+02, 2.41893997e+02, 9.43889999e+01,
    2.49296997e+02, 1.21723999e+02, 2.32212997e+02, 1.66529999e+02,
    2.38373001e+02, 1.87214996e+02, 2.59548004e+02, 1.63339005e+02,
    2.53880997e+02, 1.27418999e+02, 2.46449997e+02, 1.21484001e+02,
    2.79572998e+02, 1.45682007e+02, 2.67821991e+02, 1.73643997e+02,
    2.79600006e+02, 1.47009003e+02, 2.88058990e+02, 1.43934006e+02,
    2.74924011e+02, 3.04985992e+02, 2.78596008e+02, 2.78389008e+02,
    2.67053009e+02, 2.53845001e+02, 2.76632996e+02, 2.79121002e+02,
    2.86437988e+02, 2.75485992e+02, 2.74355011e+02, 1.92341003e+02,
    2.82897003e+02, 1.84936996e+02, 3.17066010e+02, 1.75826004e+02,
    3.39276001e+02, 1.84367996e+02, 3.56360992e+02, 2.17397995e+02,
    3.56929993e+02, 2.45302994e+02, 3.52944000e+02, 2.48149994e+02,
    3.32441986e+02, 2.40746994e+02, 3.18204987e+02, 2.37899002e+02,
    2.82328003e+02, 1.95757996e+02, 3.48957001e+02, 2.30496002e+02,
    3.47817993e+02, 1.76964005e+02, 3.99071991e+02, 1.83487000e+02,
    3.89640991e+02, 2.01100998e+02, 3.83160004e+02, 2.15690002e+02,
    3.85404999e+02, 2.29261002e+02, 3.81863007e+02, 2.44108002e+02,
    3.87523010e+02, 2.52705994e+02, 3.97364014e+02, 2.46936005e+02,
    4.06450989e+02, 2.30587997e+02, 4.10299988e+02, 2.16259003e+02,
    4.11031006e+02, 1.98449005e+02, 4.09381012e+02, 1.83613998e+02,
    4.06707001e+02, 1.94798996e+02, 3.98776001e+02, 2.15992004e+02,
    3.98726990e+02, 2.39341003e+02, 3.97178009e+02, 2.36763000e+02,
    3.91143005e+02, 2.15274002e+02, 3.92488007e+02, 1.94847000e+02,
    3.92734985e+02, 2.16080002e+02, 3.96561005e+02, 2.15690002e+02,
    3.35290009e+02 ]
noOfLandmarkPoint: 68
