%YAML:1.0
landmark: [ 6.30247993e+01, 3.05177002e+02, 6.85751038e+01,
    3.41237000e+02, 8.08835983e+01, 3.75507996e+02, 9.99492035e+01,
    4.06634003e+02, 1.25293999e+02, 4.32726990e+02, 1.54410004e+02,
    4.54735992e+02, 1.86029999e+02, 4.64497986e+02, 2.23516998e+02,
    4.56298004e+02, 2.54804993e+02, 4.37023987e+02, 2.83380005e+02,
    4.14382996e+02, 3.03825012e+02, 3.84506012e+02, 3.11730011e+02,
    3.48934998e+02, 3.15475006e+02, 3.12625000e+02, 3.13109985e+02,
    2.76286987e+02, 3.07864014e+02, 2.40160004e+02, 2.37574997e+02,
    2.26688004e+02, 2.08873993e+02, 2.11459000e+02, 1.73729004e+02,
    2.26688004e+02, 1.57328995e+02, 2.43675003e+02, 1.80173004e+02,
    2.37817001e+02, 2.08287994e+02, 2.22587997e+02, 6.24390984e+01,
    2.80575989e+02, 7.00537033e+01, 2.55975006e+02, 9.40690002e+01,
    2.52460999e+02, 1.12226997e+02, 2.65346985e+02, 9.28974991e+01,
    2.67104004e+02, 7.18108978e+01, 2.69446991e+02, 8.12519989e+01,
    2.96735992e+02, 9.93246994e+01, 2.82328003e+02, 1.22276001e+02,
    2.85447998e+02, 1.02804001e+02, 2.94942993e+02, 1.01683998e+02,
    2.89362000e+02, 2.24688995e+02, 2.52460999e+02, 1.94229996e+02,
    2.48360992e+02, 1.77244003e+02, 2.66519012e+02, 2.00087997e+02,
    2.65933014e+02, 2.02431000e+02, 2.55389999e+02, 1.30384995e+02,
    2.87019989e+02, 1.25112999e+02, 3.27434998e+02, 1.22183998e+02,
    3.42665009e+02, 1.29212997e+02, 3.55550995e+02, 1.57328995e+02,
    3.53794006e+02, 1.88373001e+02, 3.37393005e+02, 1.93645004e+02,
    3.18648987e+02, 1.73729004e+02, 3.05177002e+02, 1.60257004e+02,
    2.78819000e+02, 1.37998993e+02, 3.52622009e+02, 1.71972000e+02,
    3.40321991e+02, 1.35656006e+02, 3.84252014e+02, 1.42100006e+02,
    3.72536987e+02, 1.57328995e+02, 3.67265991e+02, 1.64358002e+02,
    3.67851013e+02, 1.83100998e+02, 3.61407990e+02, 2.10630997e+02,
    3.52622009e+02, 2.38746002e+02, 3.52036987e+02, 2.27026993e+02,
    3.76447998e+02, 2.10619995e+02, 3.91846985e+02, 1.81343994e+02,
    4.08266998e+02, 1.63656998e+02, 4.06885010e+02, 1.45727997e+02,
    3.99832001e+02, 1.52057007e+02, 3.95381012e+02, 1.79587006e+02,
    3.92451996e+02, 2.15490997e+02, 3.73480011e+02, 2.07582993e+02,
    3.58953003e+02, 1.69628998e+02, 3.74295013e+02, 1.49955002e+02,
    3.76333008e+02, 1.75544998e+02, 3.83507996e+02, 1.42684998e+02,
    3.38565002e+02 ]
noOfLandmarkPoint: 68
