%YAML:1.0
landmark: [ 7.09906006e+01, 2.83747986e+02, 7.59723969e+01,
    3.20598999e+02, 8.40231018e+01, 3.56865997e+02, 9.76981964e+01,
    3.91428009e+02, 1.18102997e+02, 4.22393005e+02, 1.45080994e+02,
    4.47809998e+02, 1.76817993e+02, 4.66800995e+02, 2.12319000e+02,
    4.77742004e+02, 2.48393997e+02, 4.74446014e+02, 2.74747986e+02,
    4.48390015e+02, 2.98875000e+02, 4.20108002e+02, 3.15140991e+02,
    3.86825012e+02, 3.26363007e+02, 3.51395996e+02, 3.32069000e+02,
    3.14692993e+02, 3.33812988e+02, 2.77549011e+02, 3.30093994e+02,
    2.50274994e+02, 3.07158997e+02, 2.38498001e+02, 2.71578003e+02,
    2.45514999e+02, 2.54470993e+02, 2.57713989e+02, 2.80006989e+02,
    2.54384995e+02, 3.07778992e+02, 2.49654999e+02, 1.05703003e+02,
    2.68251007e+02, 1.35716003e+02, 2.53145004e+02, 1.70871994e+02,
    2.53119003e+02, 1.99302994e+02, 2.59572998e+02, 1.75567993e+02,
    2.62751007e+02, 1.43145004e+02, 2.64282990e+02, 1.41852997e+02,
    2.87416992e+02, 1.66087006e+02, 2.74816986e+02, 1.92009995e+02,
    2.88921997e+02, 1.64975006e+02, 2.95903992e+02, 1.70169006e+02,
    2.81888000e+02, 3.12429993e+02, 2.76987000e+02, 2.92156006e+02,
    2.65369995e+02, 2.62964996e+02, 2.83420013e+02, 2.94338013e+02,
    2.85858002e+02, 2.94761993e+02, 2.71971008e+02, 2.07981003e+02,
    2.90566010e+02, 2.06740997e+02, 3.28997986e+02, 1.94964005e+02,
    3.56272003e+02, 2.02401993e+02, 3.73007996e+02, 2.38973999e+02,
    3.81066986e+02, 2.66868011e+02, 3.69289001e+02, 2.66868011e+02,
    3.50692993e+02, 2.55710007e+02, 3.28377991e+02, 2.46412003e+02,
    2.89946991e+02, 2.18518005e+02, 3.69908997e+02, 2.54470993e+02,
    3.68049988e+02, 1.76987000e+02, 4.14539001e+02, 2.04593994e+02,
    4.11528015e+02, 2.20544998e+02, 4.09243988e+02, 2.32774994e+02,
    4.12059998e+02, 2.42389008e+02, 4.07958008e+02, 2.53188004e+02,
    4.07795013e+02, 2.71826996e+02, 4.07721008e+02, 2.64765015e+02,
    4.23269989e+02, 2.49039001e+02, 4.33584991e+02, 2.31535995e+02,
    4.38713989e+02, 2.12095001e+02, 4.35612000e+02, 1.96432007e+02,
    4.28325989e+02, 2.10798004e+02, 4.16256989e+02, 2.32477005e+02,
    4.20041992e+02, 2.43442993e+02, 4.16453003e+02, 2.44130997e+02,
    4.15296997e+02, 2.32921005e+02, 4.17837006e+02, 2.12457993e+02,
    4.16266998e+02, 2.32475998e+02, 4.16770996e+02, 2.44552994e+02,
    3.56891998e+02 ]
noOfLandmarkPoint: 68
