%YAML:1.0
landmark: [ 1.04461998e+02, 2.46901993e+02, 1.07181000e+02,
    2.82282013e+02, 1.12974998e+02, 3.17281006e+02, 1.20806999e+02,
    3.51885010e+02, 1.34209000e+02, 3.84617004e+02, 1.56576004e+02,
    4.12049011e+02, 1.84479004e+02, 4.33852997e+02, 2.17315002e+02,
    4.46763000e+02, 2.52307007e+02, 4.44428009e+02, 2.80833008e+02,
    4.23777008e+02, 3.03204010e+02, 3.96322998e+02, 3.18028992e+02,
    3.64174011e+02, 3.27169006e+02, 3.29894989e+02, 3.35924988e+02,
    2.95505005e+02, 3.44996002e+02, 2.61196014e+02, 3.38095001e+02,
    2.41479996e+02, 3.20158997e+02, 2.30570007e+02, 2.88941010e+02,
    2.28791000e+02, 2.63174988e+02, 2.35565002e+02, 2.83565002e+02,
    2.42123993e+02, 3.16901001e+02, 2.40494003e+02, 1.30093002e+02,
    2.30143005e+02, 1.63350998e+02, 2.16067001e+02, 1.94039993e+02,
    2.21082993e+02, 2.21279007e+02, 2.36550995e+02, 1.85350006e+02,
    2.35022995e+02, 1.57695007e+02, 2.32115005e+02, 1.56432999e+02,
    2.48248993e+02, 1.80276001e+02, 2.37903000e+02, 2.03776993e+02,
    2.54093994e+02, 1.79639008e+02, 2.60415985e+02, 1.78889999e+02,
    2.46408997e+02, 3.09003998e+02, 2.56238007e+02, 2.86005005e+02,
    2.47992004e+02, 2.64653992e+02, 2.58390015e+02, 2.88286011e+02,
    2.67260986e+02, 2.85847992e+02, 2.53309006e+02, 2.21279007e+02,
    2.61196014e+02, 2.11914001e+02, 3.00135010e+02, 2.00084000e+02,
    3.21329010e+02, 2.05998993e+02, 3.38088013e+02, 2.36065994e+02,
    3.45973999e+02, 2.66131989e+02, 3.40058990e+02, 2.67610992e+02,
    3.26257996e+02, 2.60710999e+02, 3.02105988e+02, 2.54796005e+02,
    2.63660004e+02, 2.16843002e+02, 3.35130005e+02, 2.53809998e+02,
    3.38088013e+02, 1.85296997e+02, 3.69632996e+02, 2.06830994e+02,
    3.64033997e+02, 2.23651001e+02, 3.61817993e+02, 2.31630005e+02,
    3.66183014e+02, 2.42095001e+02, 3.62964996e+02, 2.55787994e+02,
    3.67761993e+02, 2.69583008e+02, 3.74069000e+02, 2.54352005e+02,
    3.86398010e+02, 2.40733994e+02, 3.89772003e+02, 2.29164993e+02,
    3.89348999e+02, 2.13056000e+02, 3.84941010e+02, 2.01253998e+02,
    3.79183014e+02, 2.13330002e+02, 3.70890991e+02, 2.30587997e+02,
    3.73701996e+02, 2.48317001e+02, 3.74053986e+02, 2.49772995e+02,
    3.72662994e+02, 2.31468002e+02, 3.72503998e+02, 2.12785004e+02,
    3.70399994e+02, 2.30923004e+02, 3.75726990e+02, 2.40994995e+02,
    3.29708008e+02 ]
noOfLandmarkPoint: 68
