%YAML:1.0
landmark: [ 6.28827019e+01, 2.64075989e+02, 6.95744019e+01,
    2.98268005e+02, 7.93666000e+01, 3.31697998e+02, 8.99770966e+01,
    3.64881989e+02, 1.08899002e+02, 3.93635986e+02, 1.37520004e+02,
    4.13276001e+02, 1.70276993e+02, 4.25053986e+02, 2.04669006e+02,
    4.27881989e+02, 2.38919006e+02, 4.21503998e+02, 2.70817993e+02,
    4.07966003e+02, 2.95763000e+02, 3.83851990e+02, 3.14072998e+02,
    3.54291992e+02, 3.24196991e+02, 3.21031006e+02, 3.31147003e+02,
    2.86886993e+02, 3.38963013e+02, 2.52931000e+02, 2.92864990e+02,
    2.29628998e+02, 2.69378998e+02, 2.10029007e+02, 2.28792999e+02,
    2.14255997e+02, 2.07761002e+02, 2.32669006e+02, 2.33595993e+02,
    2.24057007e+02, 2.64497009e+02, 2.21524002e+02, 7.55468979e+01,
    2.41787003e+02, 9.78359985e+01, 2.19498001e+02, 1.32688004e+02,
    2.20783997e+02, 1.56598007e+02, 2.38746994e+02, 1.31776001e+02,
    2.32162003e+02, 1.01382004e+02, 2.27602997e+02, 9.83424988e+01,
    2.61542999e+02, 1.22657997e+02, 2.49384995e+02, 1.46744995e+02,
    2.61014008e+02, 1.25696999e+02, 2.69140991e+02, 1.24683998e+02,
    2.60529999e+02, 2.68015015e+02, 2.57386993e+02, 2.44740997e+02,
    2.44826004e+02, 2.21591995e+02, 2.59398010e+02, 2.45246994e+02,
    2.66609009e+02, 2.41701004e+02, 2.54451004e+02, 1.57610992e+02,
    2.64075989e+02, 1.56884995e+02, 2.88979004e+02, 1.49505997e+02,
    3.10174011e+02, 1.53052002e+02, 3.23343994e+02, 1.75341003e+02,
    3.23851013e+02, 2.03201996e+02, 3.21317993e+02, 2.08774002e+02,
    3.07134003e+02, 2.01535995e+02, 2.86628998e+02, 2.01682999e+02,
    2.66101990e+02, 1.61664001e+02, 3.18278992e+02, 1.91044998e+02,
    3.17772003e+02, 1.46973007e+02, 3.65390015e+02, 1.51923004e+02,
    3.57476013e+02, 1.68403000e+02, 3.52860992e+02, 1.81419998e+02,
    3.55765015e+02, 1.94098999e+02, 3.52609985e+02, 2.10768997e+02,
    3.58811005e+02, 2.15865997e+02, 3.66403015e+02, 2.15158997e+02,
    3.74687012e+02, 1.98255997e+02, 3.80802002e+02, 1.82938995e+02,
    3.83626007e+02, 1.63098999e+02, 3.79760986e+02, 1.50143997e+02,
    3.73614014e+02, 1.59725998e+02, 3.68332001e+02, 1.81612000e+02,
    3.70381012e+02, 2.06869003e+02, 3.67808990e+02, 2.03916000e+02,
    3.63316010e+02, 1.81434998e+02, 3.64346985e+02, 1.60651001e+02,
    3.63273987e+02, 1.81434998e+02, 3.66121002e+02, 1.71287994e+02,
    3.03082001e+02 ]
noOfLandmarkPoint: 68
