%YAML:1.0
landmark: [ 6.61468964e+01, 2.78609985e+02, 6.66119995e+01,
    3.09838989e+02, 7.08842010e+01, 3.40744995e+02, 7.98674011e+01,
    3.70652008e+02, 8.95910034e+01, 4.00335999e+02, 1.02169998e+02,
    4.28898010e+02, 1.21973999e+02, 4.52533997e+02, 1.52358994e+02,
    4.58092987e+02, 1.83169006e+02, 4.53987000e+02, 2.10281998e+02,
    4.38627991e+02, 2.35899994e+02, 4.20817993e+02, 2.55184006e+02,
    3.96398987e+02, 2.69455994e+02, 3.68623993e+02, 2.82520996e+02,
    3.40256012e+02, 2.92804993e+02, 3.10768005e+02, 2.74652008e+02,
    2.82760010e+02, 2.58572998e+02, 2.60976013e+02, 2.25378006e+02,
    2.57345001e+02, 2.09817993e+02, 2.65125000e+02, 2.25897003e+02,
    2.66681000e+02, 2.51311996e+02, 2.67717987e+02, 8.17070007e+01,
    2.44897003e+02, 1.07122002e+02, 2.33485992e+02, 1.36686005e+02,
    2.39192001e+02, 1.54839005e+02, 2.52677002e+02, 1.31498993e+02,
    2.50084000e+02, 1.08158997e+02, 2.44378006e+02, 9.81138000e+01,
    2.75407990e+02, 1.21651001e+02, 2.66627014e+02, 1.42156998e+02,
    2.82864014e+02, 1.18291000e+02, 2.89487000e+02, 1.22681999e+02,
    2.76536011e+02, 2.49643997e+02, 3.04152008e+02, 2.26531006e+02,
    2.88714996e+02, 2.03014008e+02, 2.96304993e+02, 2.24121002e+02,
    3.09536987e+02, 2.25378006e+02, 2.98320007e+02, 1.49134003e+02,
    2.92614014e+02, 1.40317001e+02, 3.29440002e+02, 1.33574005e+02,
    3.42924988e+02, 1.37205002e+02, 3.57967010e+02, 1.56914001e+02,
    3.65747009e+02, 1.79216995e+02, 3.63153015e+02, 1.87514999e+02,
    3.54335999e+02, 1.83884995e+02, 3.38776001e+02, 1.89070999e+02,
    2.98320007e+02, 1.44061005e+02, 3.56639008e+02, 1.68843002e+02,
    3.60559998e+02, 1.18014000e+02, 3.89087006e+02, 1.28580994e+02,
    3.84595001e+02, 1.40783997e+02, 3.84065002e+02, 1.50690002e+02,
    3.86493988e+02, 1.68069000e+02, 3.87609985e+02, 1.81572006e+02,
    3.92385010e+02, 1.86996994e+02, 4.01535004e+02, 1.78669006e+02,
    4.08446014e+02, 1.65626999e+02, 4.12733002e+02, 1.43429001e+02,
    4.15539001e+02, 1.31123993e+02, 4.10558990e+02, 1.21746002e+02,
    4.01403015e+02, 1.31628006e+02, 3.97886993e+02, 1.47998993e+02,
    4.03675995e+02, 1.69600006e+02, 4.01378998e+02, 1.69632996e+02,
    3.94252014e+02, 1.49371994e+02, 3.92645996e+02, 1.36386002e+02,
    3.91282013e+02, 1.49102005e+02, 3.97510986e+02, 1.56395004e+02,
    3.48631012e+02 ]
noOfLandmarkPoint: 68
