%YAML:1.0
landmark: [ 6.74755020e+01, 3.14864990e+02, 6.58322983e+01,
    3.56872986e+02, 7.20669022e+01, 4.08076996e+02, 8.70074997e+01,
    4.52308014e+02, 1.10887001e+02, 4.92468994e+02, 1.43475006e+02,
    5.25848022e+02, 1.83925003e+02, 5.44349976e+02, 2.32169998e+02,
    5.46255981e+02, 2.77281006e+02, 5.34137024e+02, 3.18804993e+02,
    5.12770996e+02, 3.53558014e+02, 4.81920990e+02, 3.71686005e+02,
    4.38993988e+02, 3.81306000e+02, 3.93220001e+02, 3.89135986e+02,
    3.47098999e+02, 3.91962006e+02, 3.00394012e+02, 3.56341003e+02,
    2.67556000e+02, 3.24658997e+02, 2.40947998e+02, 2.85654999e+02,
    2.44735992e+02, 2.50589996e+02, 2.66442993e+02, 2.86210999e+02,
    2.60320007e+02, 3.22946014e+02, 2.51972000e+02, 7.91636963e+01,
    2.78131012e+02, 1.11445000e+02, 2.50858994e+02, 1.55972000e+02,
    2.54197998e+02, 1.83800995e+02, 2.75347992e+02, 1.51518997e+02,
    2.70338989e+02, 1.14227997e+02, 2.63660004e+02, 1.10811996e+02,
    3.15566010e+02, 1.36988998e+02, 3.03940002e+02, 1.75033997e+02,
    3.12709015e+02, 1.38925003e+02, 3.20091003e+02, 1.42057007e+02,
    3.08743011e+02, 3.25085999e+02, 3.03589996e+02, 2.96174988e+02,
    2.91963013e+02, 2.64860992e+02, 3.08498993e+02, 2.95683014e+02,
    3.09016998e+02, 2.96786987e+02, 2.99281006e+02, 1.93819000e+02,
    3.15977997e+02, 1.86026993e+02, 3.51042999e+02, 1.76565002e+02,
    3.71635986e+02, 1.86584000e+02, 3.89446991e+02, 2.20535004e+02,
    3.93342987e+02, 2.49477005e+02, 3.87221008e+02, 2.61721985e+02,
    3.71079987e+02, 2.50589996e+02, 3.46033997e+02, 2.40572006e+02,
    3.10412994e+02, 1.96046005e+02, 3.83325012e+02, 2.36212006e+02,
    3.80640991e+02, 1.65434006e+02, 4.43992004e+02, 1.85524002e+02,
    4.32830994e+02, 2.10404007e+02, 4.26601013e+02, 2.24431000e+02,
    4.29520996e+02, 2.40524002e+02, 4.23902008e+02, 2.62075012e+02,
    4.29743988e+02, 2.76192993e+02, 4.36756012e+02, 2.70071014e+02,
    4.56792999e+02, 2.50490005e+02, 4.65631012e+02, 2.26100998e+02,
    4.70708008e+02, 2.03263000e+02, 4.69613007e+02, 1.83595993e+02,
    4.62851990e+02, 1.94811005e+02, 4.51868988e+02, 2.25544006e+02,
    4.51783997e+02, 2.56944000e+02, 4.47338989e+02, 2.55253006e+02,
    4.39636993e+02, 2.24988007e+02, 4.42878998e+02, 1.95578003e+02,
    4.43242004e+02, 2.25570999e+02, 4.47872986e+02, 2.16639008e+02,
    3.72192993e+02 ]
noOfLandmarkPoint: 68
