%YAML:1.0
landmark: [ 6.74355011e+01, 2.58871002e+02, 7.60822983e+01,
    2.96729004e+02, 8.71844025e+01, 3.33938995e+02, 1.01523003e+02,
    3.69971008e+02, 1.21222000e+02, 4.03399994e+02, 1.48604004e+02,
    4.30707001e+02, 1.81522995e+02, 4.51075989e+02, 2.19091003e+02,
    4.60174988e+02, 2.55330002e+02, 4.48735992e+02, 2.81204987e+02,
    4.19971008e+02, 3.01615997e+02, 3.86940002e+02, 3.21983002e+02,
    3.53882996e+02, 3.32609009e+02, 3.16730011e+02, 3.36665009e+02,
    2.78217987e+02, 3.33565002e+02, 2.39516006e+02, 3.09371002e+02,
    2.16934998e+02, 2.88903015e+02, 200., 2.48580994e+02, 2.04839005e+02,
    2.34371002e+02, 2.21774002e+02, 2.61790009e+02, 2.14516006e+02,
    2.92434998e+02, 2.12097000e+02, 8.92097015e+01, 2.37903000e+02,
    1.04225998e+02, 2.17742004e+02, 1.51317001e+02, 2.12279999e+02,
    1.81951996e+02, 2.30645004e+02, 1.47274002e+02, 2.27419006e+02,
    1.14209999e+02, 2.29839005e+02, 1.19373001e+02, 2.53759003e+02,
    1.39328995e+02, 2.44457993e+02, 1.61345993e+02, 2.52126999e+02,
    1.39983994e+02, 2.57471985e+02, 1.40016006e+02, 250., 2.80971008e+02,
    2.40820007e+02, 2.62760986e+02, 2.34794006e+02, 2.42233994e+02,
    2.45091003e+02, 2.63790985e+02, 2.47651001e+02, 2.60984009e+02,
    2.40322998e+02, 1.76306000e+02, 2.54031998e+02, 1.81345993e+02,
    2.86713989e+02, 1.73731995e+02, 3.22778992e+02, 1.82947998e+02,
    3.34799988e+02, 2.11800003e+02, 3.42815002e+02, 2.39048996e+02,
    3.29990997e+02, 2.45059998e+02, 3.17167999e+02, 2.28630997e+02,
    2.81102997e+02, 2.21468002e+02, 250., 1.90904999e+02, 3.32429993e+02,
    2.30031998e+02, 3.29032013e+02, 1.51306000e+02, 3.62903015e+02,
    1.75169006e+02, 3.57351990e+02, 1.96660004e+02, 3.54821014e+02,
    2.13003006e+02, 3.56839996e+02, 2.23742996e+02, 3.53583008e+02,
    2.44927994e+02, 3.52545990e+02, 2.73886993e+02, 3.51613007e+02,
    2.55873993e+02, 3.83459991e+02, 2.38962997e+02, 3.99029999e+02,
    2.17434998e+02, 4.08065002e+02, 1.90033005e+02, 4.03884003e+02,
    1.70130005e+02, 3.89670990e+02, 1.82988998e+02, 3.88390015e+02,
    2.16207993e+02, 3.93705994e+02, 2.43535995e+02, 3.83222992e+02,
    2.39203995e+02, 3.60674011e+02, 2.13403000e+02, 3.66056000e+02,
    1.82167007e+02, 3.63617004e+02, 2.14371002e+02, 3.78032990e+02,
    2.11789993e+02, 3.20161011e+02 ]
noOfLandmarkPoint: 68
