%YAML:1.0
landmark: [ 3.55354996e+01, 2.48210007e+02, 4.31044998e+01,
    2.96246002e+02, 5.46268005e+01, 3.43479004e+02, 7.17295990e+01,
    3.88957001e+02, 9.66401978e+01, 4.30634003e+02, 1.30509995e+02,
    4.65302002e+02, 1.73281006e+02, 4.85428986e+02, 2.21380005e+02,
    4.79902008e+02, 2.66558014e+02, 4.61950989e+02, 3.06114014e+02,
    4.34617004e+02, 3.31803009e+02, 3.93385010e+02, 3.47553986e+02,
    3.47545013e+02, 3.54199005e+02, 2.99389008e+02, 3.56816986e+02,
    2.50837006e+02, 3.55617004e+02, 2.02220993e+02, 2.90006012e+02,
    1.79533997e+02, 2.52602005e+02, 1.53167007e+02, 2.02934006e+02,
    1.58684998e+02, 1.81473007e+02, 1.77694000e+02, 2.06606003e+02,
    1.83966003e+02, 2.51988998e+02, 1.73401993e+02, 4.16673012e+01,
    2.21843002e+02, 5.39309998e+01, 1.97315994e+02, 9.25615005e+01,
    1.86891998e+02, 1.20154999e+02, 2.01608002e+02, 1.00447998e+02,
    2.07964005e+02, 7.00176010e+01, 2.13112000e+02, 6.79059982e+01,
    2.41597000e+02, 8.88342972e+01, 2.23231995e+02, 1.21691002e+02,
    2.31972000e+02, 9.44990005e+01, 2.44039993e+02, 9.37879028e+01,
    2.30427994e+02, 2.69971008e+02, 2.08595993e+02, 2.34406006e+02,
    1.92576996e+02, 2.06552994e+02, 2.16169998e+02, 2.40908005e+02,
    2.19811005e+02, 2.41565002e+02, 2.02834000e+02, 1.33031998e+02,
    2.34720001e+02, 1.23834000e+02, 2.91132996e+02, 1.17702003e+02,
    3.14433990e+02, 1.28126007e+02, 3.30989990e+02, 1.56332001e+02,
    3.32216003e+02, 2.01095001e+02, 3.21178986e+02, 2.06613007e+02,
    2.96651001e+02, 1.87604996e+02, 2.73350006e+02, 1.78406998e+02,
    2.29201004e+02, 1.34871002e+02, 3.21178986e+02, 1.78406998e+02,
    3.13821014e+02, 1.27513000e+02, 3.89855011e+02, 1.41070999e+02,
    3.76510010e+02, 1.52026993e+02, 3.66348999e+02, 1.64304001e+02,
    3.65941010e+02, 1.79156006e+02, 3.58980011e+02, 2.05876999e+02,
    3.64468994e+02, 2.28074997e+02, 3.70233002e+02, 2.06201996e+02,
    3.92648987e+02, 1.90235001e+02, 3.97639008e+02, 1.73501999e+02,
    4.02118988e+02, 1.68542999e+02, 4.04601990e+02, 1.54917007e+02,
    4.03915985e+02, 1.64091995e+02, 3.82891998e+02, 1.69873001e+02,
    3.78854004e+02, 1.89899994e+02, 3.73858002e+02, 1.90279999e+02,
    3.74506012e+02, 1.68671997e+02, 3.77542999e+02, 1.62488007e+02,
    3.82497986e+02, 1.69151001e+02, 3.77477997e+02, 1.50813995e+02,
    3.03395996e+02 ]
noOfLandmarkPoint: 68
