%YAML:1.0
landmark: [ 7.49253998e+01, 3.00768005e+02, 7.51862030e+01,
    3.39240997e+02, 8.17494965e+01, 3.77143005e+02, 9.11761017e+01,
    4.14464996e+02, 1.04540001e+02, 4.50488007e+02, 1.28257996e+02,
    4.80559998e+02, 1.60897003e+02, 5.00527008e+02, 1.98776993e+02,
    5.05821991e+02, 2.36416000e+02, 4.98312988e+02, 2.71235992e+02,
    4.82115997e+02, 2.99300995e+02, 4.56187012e+02, 3.13743988e+02,
    4.20652008e+02, 3.24684998e+02, 3.83743988e+02, 3.32182007e+02,
    3.46015991e+02, 3.34406006e+02, 3.07596985e+02, 3.05515991e+02,
    2.89213013e+02, 2.78727997e+02, 2.68201996e+02, 2.44444000e+02,
    2.68153015e+02, 2.26201996e+02, 2.84484985e+02, 2.51503998e+02,
    2.82233002e+02, 2.77677002e+02, 2.80808014e+02, 9.90875015e+01,
    2.82384003e+02, 1.23682999e+02, 2.63919006e+02, 1.57451004e+02,
    2.67877991e+02, 1.80503998e+02, 2.83434998e+02, 1.53123993e+02,
    2.80752014e+02, 1.21149002e+02, 2.73454987e+02, 1.25583000e+02,
    2.98145996e+02, 1.45578995e+02, 2.88360992e+02, 1.70598007e+02,
    3.03928009e+02, 1.42889999e+02, 3.06139008e+02, 1.46360992e+02,
    2.94990997e+02, 2.86082001e+02, 3.09697998e+02, 2.59604004e+02,
    2.97286011e+02, 2.32412003e+02, 3.06303986e+02, 2.60890991e+02,
    3.14492004e+02, 2.59817993e+02, 3.02869995e+02, 1.82078995e+02,
    3.07596985e+02, 1.72098999e+02, 3.46992004e+02, 1.60542999e+02,
    3.68002014e+02, 1.61069000e+02, 3.83760010e+02, 1.88382004e+02,
    3.94790985e+02, 2.18848007e+02, 3.88488007e+02, 2.27251999e+02,
    3.72730011e+02, 2.16220993e+02, 3.49092987e+02, 2.16220993e+02,
    3.08647003e+02, 1.74199997e+02, 3.81658997e+02, 2.05190994e+02,
    3.82183990e+02, 1.38481995e+02, 4.21579010e+02, 1.63528000e+02,
    4.21632996e+02, 1.79300995e+02, 4.20800995e+02, 1.90093994e+02,
    4.25687012e+02, 2.00537994e+02, 4.21444000e+02, 2.16774994e+02,
    4.21912994e+02, 2.49837997e+02, 4.26307007e+02, 2.22057999e+02,
    4.43096008e+02, 2.04298004e+02, 4.47648010e+02, 1.91009003e+02,
    4.49417999e+02, 1.72563004e+02, 4.46148987e+02, 1.57654007e+02,
    4.39819000e+02, 1.71641998e+02, 4.29884003e+02, 1.90067001e+02,
    4.32178009e+02, 2.08992004e+02, 4.31295013e+02, 2.09175995e+02,
    4.27979004e+02, 1.89867004e+02, 4.27931000e+02, 1.72268005e+02,
    4.26523010e+02, 1.90160004e+02, 4.29290985e+02, 1.88908005e+02,
    3.74304993e+02 ]
noOfLandmarkPoint: 68
