%YAML:1.0
landmark: [ 5.44864006e+01, 2.64364014e+02, 5.85373001e+01,
    3.04604004e+02, 6.53229980e+01, 3.44441986e+02, 7.81328964e+01,
    3.82778015e+02, 9.37680969e+01, 4.20054993e+02, 1.19246002e+02,
    4.50954987e+02, 1.51567001e+02, 4.75259003e+02, 1.89320999e+02,
    4.86755005e+02, 2.28778000e+02, 4.78307007e+02, 2.61261993e+02,
    4.55421997e+02, 2.85341003e+02, 4.23268005e+02, 3.02643005e+02,
    3.86714996e+02, 3.19369995e+02, 3.49894989e+02, 3.31433014e+02,
    3.11351013e+02, 3.39292999e+02, 2.71681000e+02, 3.30286987e+02,
    2.41287003e+02, 2.99207001e+02, 2.23492004e+02, 2.58725006e+02,
    2.26546005e+02, 2.40229996e+02, 2.42412003e+02, 2.65662994e+02,
    2.39145004e+02, 2.94214996e+02, 2.34130997e+02, 7.30606995e+01,
    2.33970001e+02, 1.06511002e+02, 2.17179001e+02, 1.50641998e+02,
    2.22903000e+02, 1.79440994e+02, 2.44100998e+02, 1.47048996e+02,
    2.36054001e+02, 1.09970001e+02, 2.29755005e+02, 1.10233002e+02,
    2.61222992e+02, 1.37949005e+02, 2.50207001e+02, 1.67291000e+02,
    2.67639008e+02, 1.35970001e+02, 2.70710999e+02, 1.34412003e+02,
    2.59860992e+02, 2.97449005e+02, 2.68480011e+02, 2.69880005e+02,
    2.55625000e+02, 2.40554001e+02, 2.69613007e+02, 2.70113007e+02,
    2.77911011e+02, 2.70061005e+02, 2.64927002e+02, 1.83380997e+02,
    2.75621002e+02, 1.77188995e+02, 3.12769989e+02, 1.60867004e+02,
    3.35846985e+02, 1.65932007e+02, 3.54984009e+02, 2.00828995e+02,
    3.69618011e+02, 2.32350006e+02, 3.57234985e+02, 2.37414993e+02,
    3.39223999e+02, 2.25595001e+02, 3.19523987e+02, 2.28410004e+02,
    2.78997986e+02, 1.81692001e+02, 3.56673004e+02, 2.21227997e+02,
    3.58597992e+02, 1.47358002e+02, 3.89881012e+02, 1.69250000e+02,
    3.83283997e+02, 1.88235992e+02, 3.80528992e+02, 2.00828995e+02,
    3.84816010e+02, 2.13694000e+02, 3.80571014e+02, 2.27117996e+02,
    3.82234985e+02, 2.49798004e+02, 3.91570007e+02, 2.29274002e+02,
    4.11412994e+02, 2.12692993e+02, 4.24285004e+02, 1.95764008e+02,
    4.30407013e+02, 1.75442993e+02, 4.25007996e+02, 1.57770004e+02,
    4.12233002e+02, 1.73641006e+02, 4.05718994e+02, 1.98570007e+02,
    4.11035004e+02, 2.20119995e+02, 4.04688995e+02, 2.19026001e+02,
    3.89420013e+02, 2.00110001e+02, 3.92670013e+02, 1.78600998e+02,
    3.90281006e+02, 1.99606003e+02, 3.98963989e+02, 1.98578003e+02,
    3.42601013e+02 ]
noOfLandmarkPoint: 68
