%YAML:1.0
landmark: [ 7.40718994e+01, 2.36772995e+02, 7.16636963e+01,
    2.86907990e+02, 7.69730988e+01, 3.20907990e+02, 8.85779037e+01,
    3.58140015e+02, 9.78427963e+01, 3.81324005e+02, 1.18167999e+02,
    4.06595001e+02, 1.44080002e+02, 4.22881989e+02, 1.90604004e+02,
    4.30670013e+02, 2.18197006e+02, 4.29661011e+02, 2.48628006e+02, 421.,
    2.81024994e+02, 3.99239990e+02, 3.08585999e+02, 3.53787994e+02,
    3.14872009e+02, 3.18489990e+02, 3.17290009e+02, 2.80774994e+02,
    3.16806000e+02, 2.43542007e+02, 2.75221985e+02, 2.29035995e+02,
    2.53544006e+02, 2.18869003e+02, 2.28013000e+02, 2.13550003e+02,
    2.06076996e+02, 2.19365997e+02, 2.22399994e+02, 2.23264999e+02,
    2.48188995e+02, 2.27117996e+02, 9.34132996e+01, 2.23718002e+02,
    1.09502998e+02, 2.08598007e+02, 1.34511993e+02, 2.07628998e+02,
    1.58690002e+02, 2.17914993e+02, 1.33684998e+02, 2.18746002e+02,
    1.11968002e+02, 2.20425003e+02, 1.12019997e+02, 2.33382996e+02,
    1.29906006e+02, 2.25007996e+02, 1.56541000e+02, 2.36371002e+02,
    1.29658005e+02, 2.40541000e+02, 1.25809998e+02, 2.30003006e+02,
    2.61298004e+02, 2.41871994e+02, 2.37621002e+02, 2.30421005e+02,
    2.18425003e+02, 2.40606995e+02, 2.39684006e+02, 2.46268997e+02,
    2.36539001e+02, 2.35322006e+02, 1.66427002e+02, 2.40641006e+02,
    1.55789001e+02, 2.82225006e+02, 1.47569000e+02, 2.99631989e+02,
    1.53371994e+02, 3.17523010e+02, 1.79966003e+02, 3.26709991e+02,
    2.10912003e+02, 3.15105988e+02, 2.15264008e+02, 3.01566986e+02,
    2.06076996e+02, 2.84158997e+02, 2.00757996e+02, 2.39673996e+02,
    1.60141006e+02, 3.12687988e+02, 1.95438995e+02, 3.14138000e+02,
    1.37414993e+02, 3.50403992e+02, 1.51774994e+02, 3.45234009e+02,
    1.64641006e+02, 3.42747986e+02, 1.77548004e+02, 3.46535004e+02,
    1.88473007e+02, 3.44550995e+02, 2.01255997e+02, 3.48126007e+02,
    2.18164993e+02, 3.55721985e+02, 2.04182999e+02, 3.63250000e+02,
    1.91050003e+02, 3.68082001e+02, 1.78031998e+02, 3.69260986e+02,
    1.60863998e+02, 3.66395996e+02, 1.49832993e+02, 3.60255005e+02,
    1.59154007e+02, 3.52667999e+02, 1.78507996e+02, 3.54600006e+02,
    1.93662994e+02, 3.54229004e+02, 1.93567001e+02, 3.53398010e+02,
    1.77738998e+02, 3.53239990e+02, 1.57893997e+02, 3.51425995e+02,
    1.78067993e+02, 3.55364990e+02, 1.77548004e+02, 3.03501007e+02 ]
noOfLandmarkPoint: 68
