%YAML:1.0
landmark: [ 5.74874001e+01, 2.21621994e+02, 5.83707008e+01,
    2.56717987e+02, 6.01220016e+01, 2.91778992e+02, 6.53862991e+01,
    3.26433990e+02, 7.92313004e+01, 3.58597992e+02, 9.89384003e+01,
    3.87595001e+02, 1.23960999e+02, 4.12157013e+02, 1.55389008e+02,
    4.26899994e+02, 1.90268005e+02, 4.26679993e+02, 2.22149994e+02,
    4.12269012e+02, 2.51223007e+02, 3.92898010e+02, 2.72200989e+02,
    3.64993988e+02, 2.85765015e+02, 3.32632996e+02, 2.97786011e+02,
    2.99648010e+02, 3.09894012e+02, 2.66694000e+02, 2.98759003e+02,
    2.41772003e+02, 2.79669006e+02, 2.21091995e+02, 2.36947006e+02,
    2.23770004e+02, 2.20809998e+02, 2.30636002e+02, 2.39919006e+02,
    2.34541000e+02, 2.72246002e+02, 2.32227005e+02, 9.30152969e+01,
    2.01472000e+02, 1.24831001e+02, 1.88214996e+02, 1.61065002e+02,
    2.05494003e+02, 1.81570007e+02, 2.23212997e+02, 1.55442993e+02,
    2.15811005e+02, 1.23240997e+02, 2.01472000e+02, 1.17866997e+02,
    2.31807999e+02, 1.37634995e+02, 2.25962997e+02, 1.58063004e+02,
    2.42947006e+02, 1.34591003e+02, 2.41867996e+02, 1.35966995e+02,
    2.32227005e+02, 2.69593994e+02, 2.60862000e+02, 2.51796005e+02,
    2.49604004e+02, 2.27703003e+02, 2.57149994e+02, 2.49841003e+02,
    2.64493011e+02, 2.51035004e+02, 2.53968002e+02, 1.74675995e+02,
    2.53968002e+02, 1.66722000e+02, 2.87375000e+02, 1.55587006e+02,
    3.04873993e+02, 1.57177994e+02, 3.18661011e+02, 1.83690994e+02,
    3.31916992e+02, 2.10735001e+02, 3.30326996e+02, 2.17098007e+02,
    3.13888000e+02, 2.12856003e+02, 2.90557007e+02, 2.15507004e+02,
    2.58739990e+02, 1.67783005e+02, 3.19191010e+02, 2.01720001e+02,
    3.26084015e+02, 1.33845993e+02, 3.51536987e+02, 1.53451004e+02,
    3.49354004e+02, 1.69285995e+02, 3.49013000e+02, 1.79927002e+02,
    3.54975006e+02, 1.90292007e+02, 3.51699005e+02, 2.00358002e+02,
    3.56200989e+02, 2.09673996e+02, 3.65854004e+02, 2.04319000e+02,
    3.70492004e+02, 1.90889008e+02, 3.74263000e+02, 1.75563004e+02,
    3.75339996e+02, 1.59949997e+02, 3.70885010e+02, 1.45695007e+02,
    3.62863007e+02, 1.62957001e+02, 3.59540009e+02, 1.78828995e+02,
    3.63303009e+02, 1.90722000e+02, 3.62131012e+02, 1.91889008e+02,
    3.57679993e+02, 1.79044998e+02, 3.57662994e+02, 1.65082993e+02,
    3.55002991e+02, 1.79367996e+02, 3.60489014e+02, 1.91645004e+02,
    3.08585999e+02 ]
noOfLandmarkPoint: 68
