%YAML:1.0
landmark: [ 6.49084015e+01, 3.28200989e+02, 6.21786003e+01,
    3.82682007e+02, 7.18824997e+01, 4.36307007e+02, 8.78631973e+01,
    4.88429993e+02, 1.13455002e+02, 5.36575012e+02, 1.46222000e+02,
    5.80114014e+02, 1.95136002e+02, 6.02859009e+02, 2.48453995e+02,
    6.13156982e+02, 3.01001007e+02, 6.00914001e+02, 3.42802002e+02,
    5.66171997e+02, 3.78506012e+02, 5.24942993e+02, 4.02467987e+02,
    4.76190002e+02, 4.14955994e+02, 4.23067993e+02, 4.28795990e+02,
    3.70285004e+02, 4.35776001e+02, 3.16166992e+02, 4.11707001e+02,
    2.93192993e+02, 3.78182007e+02, 2.75467987e+02, 3.26608002e+02,
    2.73289001e+02, 2.80846008e+02, 2.95079987e+02, 3.27334991e+02,
    2.95079987e+02, 3.69464996e+02, 2.96532990e+02, 9.77285004e+01,
    3.01945007e+02, 1.40212997e+02, 2.87308014e+02, 1.87179001e+02,
    2.90048004e+02, 2.19828995e+02, 3.03796997e+02, 1.72264008e+02,
    3.08808990e+02, 1.31970993e+02, 3.14122986e+02, 1.32449005e+02,
    3.28609009e+02, 1.57264999e+02, 3.09511993e+02, 1.96585007e+02,
    3.32852997e+02, 1.59539001e+02, 3.38664001e+02, 1.57899002e+02,
    3.21636993e+02, 3.58312012e+02, 3.19101990e+02, 3.30649994e+02,
    2.99869995e+02, 2.97178986e+02, 3.29862000e+02, 3.37070007e+02,
    3.31447998e+02, 3.31845001e+02, 3.11790985e+02, 2.16975006e+02,
    3.33670990e+02, 2.08932999e+02, 3.85878998e+02, 1.90046997e+02,
    4.24377991e+02, 2.01669006e+02, 4.51253998e+02, 2.46513000e+02,
    4.60575012e+02, 2.86657013e+02, 4.51980988e+02, 2.96100006e+02,
    4.21471985e+02, 2.78666992e+02, 3.88785004e+02, 2.73863007e+02,
    3.33670990e+02, 2.17649994e+02, 4.49075012e+02, 2.69223999e+02,
    4.49075012e+02, 1.83061005e+02, 5.07618011e+02, 2.12401001e+02,
    4.93548004e+02, 2.31453995e+02, 4.90601013e+02, 2.48884995e+02,
    4.94838013e+02, 2.67169006e+02, 4.89389008e+02, 2.90372009e+02,
    4.93171997e+02, 3.21998993e+02, 4.98864990e+02, 2.92360992e+02,
    5.07782990e+02, 2.71757996e+02, 5.12437988e+02, 2.50337997e+02,
    5.17356018e+02, 2.22007996e+02, 5.12270996e+02, 2.05300995e+02,
    5.10817993e+02, 2.30492996e+02, 4.95145996e+02, 2.48964005e+02,
    4.96862000e+02, 2.79828003e+02, 4.94723999e+02, 2.83872986e+02,
    5.00270996e+02, 2.50658997e+02, 5.03118988e+02, 2.29880005e+02,
    5.02507996e+02, 2.50397995e+02, 5.01178986e+02, 2.45419006e+02,
    4.39789001e+02 ]
noOfLandmarkPoint: 68
