%YAML:1.0
landmark: [ 8.49838028e+01, 2.86170013e+02, 9.51566010e+01,
    3.23196991e+02, 1.12597000e+02, 3.57451996e+02, 1.30792999e+02,
    3.91316010e+02, 1.54819000e+02, 4.21306000e+02, 1.81332001e+02,
    4.49113007e+02, 2.16518997e+02, 4.63359985e+02, 2.54748993e+02,
    4.64657013e+02, 2.88535004e+02, 4.47243988e+02, 3.13225006e+02,
    4.17846985e+02, 3.32537994e+02, 3.84716003e+02, 3.43065002e+02,
    3.47829010e+02, 3.42091003e+02, 3.09493011e+02, 3.38092987e+02,
    2.71247986e+02, 3.29769012e+02, 2.33716003e+02, 2.98183014e+02,
    2.16796005e+02, 2.73231995e+02, 2.06531998e+02, 2.27238007e+02,
    2.18477997e+02, 2.02863998e+02, 2.42177002e+02, 2.36255997e+02,
    2.31248001e+02, 2.73807007e+02, 2.20037003e+02, 9.51362000e+01,
    2.59096985e+02, 1.08918999e+02, 2.41395004e+02, 1.48718002e+02,
    2.35408005e+02, 1.69022995e+02, 2.49509003e+02, 1.45891006e+02,
    2.50274002e+02, 1.16004997e+02, 2.55149002e+02, 1.23492996e+02,
    2.78289001e+02, 1.37912003e+02, 2.66493011e+02, 1.67029999e+02,
    2.73109009e+02, 1.42656006e+02, 2.83704010e+02, 1.43078003e+02,
    2.73761993e+02, 2.77881989e+02, 2.43460007e+02, 2.52893997e+02,
    2.37970001e+02, 2.32949005e+02, 2.60023010e+02, 2.59553009e+02,
    2.58333008e+02, 2.58138000e+02, 2.46688995e+02, 1.80867004e+02,
    2.73197998e+02, 1.84815002e+02, 3.10987000e+02, 1.78046997e+02,
    3.32420013e+02, 1.85378998e+02, 3.49341003e+02, 2.13016006e+02,
    3.45391998e+02, 2.40653000e+02, 3.36368011e+02, 2.44602005e+02,
    3.21704010e+02, 2.32192993e+02, 3.04218994e+02, 2.19785004e+02,
    2.65302002e+02, 1.97223999e+02, 3.39187988e+02, 2.27117004e+02,
    3.33548004e+02, 1.88764008e+02, 3.94462006e+02, 1.97576996e+02,
    3.83029999e+02, 2.07259995e+02, 3.75398010e+02, 2.17419998e+02,
    3.76416992e+02, 2.27132004e+02, 3.70649994e+02, 2.45865997e+02,
    3.70877014e+02, 2.69417999e+02, 3.74157013e+02, 2.56005005e+02,
    3.88658997e+02, 2.42363007e+02, 3.99204987e+02, 2.24860992e+02,
    4.08562988e+02, 2.06925995e+02, 4.06101013e+02, 1.95166000e+02,
    3.99216003e+02, 2.04115005e+02, 3.91873993e+02, 2.21449997e+02,
    3.91960999e+02, 2.44031006e+02, 3.83351013e+02, 2.43042007e+02,
    3.77287994e+02, 2.19434998e+02, 3.84765015e+02, 2.02990005e+02,
    3.87226013e+02, 2.20298004e+02, 3.87931000e+02, 2.09632004e+02,
    3.25652008e+02 ]
noOfLandmarkPoint: 68
