%YAML:1.0
landmark: [ 7.73952026e+01, 1.95585007e+02, 7.72274017e+01,
    2.33912994e+02, 7.85903015e+01, 2.72217987e+02, 7.97097015e+01,
    3.10524994e+02, 8.77050018e+01, 3.47839996e+02, 1.10944000e+02,
    3.77919006e+02, 1.45117996e+02, 3.92592010e+02, 1.83438004e+02,
    3.93402008e+02, 2.21470001e+02, 3.89709015e+02, 2.56149994e+02,
    3.73770996e+02, 2.82537994e+02, 3.46463013e+02, 2.94079987e+02,
    3.10096985e+02, 3.00509003e+02, 2.72308990e+02, 3.06807007e+02,
    2.34500000e+02, 3.10683990e+02, 1.96371002e+02, 2.75337006e+02,
    1.80660995e+02, 2.54914993e+02, 1.53955002e+02, 2.10507004e+02,
    1.52613007e+02, 1.93647003e+02, 1.70449997e+02, 2.16529007e+02,
    1.65466003e+02, 2.47059998e+02, 1.66522995e+02, 8.68209991e+01,
    1.76733994e+02, 9.25472031e+01, 1.52106003e+02, 1.28451996e+02,
    1.54740005e+02, 1.50445007e+02, 1.72020996e+02, 1.26095001e+02,
    1.66522995e+02, 1.00959999e+02, 1.63380997e+02, 1.01324997e+02,
    1.95617996e+02, 1.20873001e+02, 1.82076996e+02, 1.47798004e+02,
    1.94677994e+02, 1.21601997e+02, 1.99255997e+02, 1.19026001e+02,
    1.89302002e+02, 2.55753006e+02, 1.96296997e+02, 2.31447006e+02,
    1.84466003e+02, 2.08832993e+02, 1.95162003e+02, 2.32238007e+02,
    2.01009995e+02, 2.29779007e+02, 1.89302002e+02, 1.55944000e+02,
    1.93229004e+02, 1.45731995e+02, 2.36431000e+02, 1.36306000e+02,
    2.52139999e+02, 1.47302994e+02, 2.66278992e+02, 1.70082001e+02,
    2.70205994e+02, 1.93647003e+02, 2.67850006e+02, 2.04643997e+02,
    2.48998001e+02, 1.94341995e+02, 2.34876007e+02, 1.91289993e+02,
    1.94014999e+02, 1.54373001e+02, 2.59994995e+02, 1.81865005e+02,
    2.59209991e+02, 1.31593994e+02, 3.10265991e+02, 1.43613007e+02,
    3.00010986e+02, 1.59873993e+02, 2.95020996e+02, 1.70985001e+02,
    2.99744995e+02, 1.84223999e+02, 2.95070007e+02, 2.00505005e+02,
    3.02125000e+02, 2.16425995e+02, 3.13407990e+02, 2.02126007e+02,
    3.14739014e+02, 1.87356995e+02, 3.19313995e+02, 1.71899994e+02,
    3.23346008e+02, 1.54542007e+02, 3.20378998e+02, 1.41656006e+02,
    3.16545013e+02, 1.49291000e+02, 3.07842987e+02, 1.71533997e+02,
    3.10539001e+02, 1.86352997e+02, 3.08666992e+02, 1.88147995e+02,
    3.05888000e+02, 1.71716995e+02, 3.07612000e+02, 1.49343002e+02,
    3.04444000e+02, 1.71716995e+02, 3.09441986e+02, 1.63013000e+02,
    2.45856003e+02 ]
noOfLandmarkPoint: 68
