%YAML:1.0
landmark: [ 8.02241974e+01, 2.42397003e+02, 8.61307983e+01,
    2.78902008e+02, 9.47409973e+01, 3.14855988e+02, 1.04718002e+02,
    3.50460999e+02, 1.21078003e+02, 3.83438995e+02, 1.48731995e+02,
    4.07541992e+02, 1.81710999e+02, 4.24217987e+02, 2.17834000e+02,
    4.29752991e+02, 2.53100006e+02, 4.19100006e+02, 2.80718994e+02,
    3.95384003e+02, 3.03756012e+02, 3.66539001e+02, 3.15230011e+02,
    3.31558014e+02, 3.18407013e+02, 2.94747986e+02, 3.19050995e+02,
    2.57776001e+02, 3.17415985e+02, 2.20834000e+02, 2.83955994e+02,
    2.05962997e+02, 2.63872986e+02, 1.88828003e+02, 2.29009995e+02,
    1.90770996e+02, 2.15550003e+02, 2.03731995e+02, 2.37839996e+02,
    2.01179993e+02, 260., 1.99925995e+02, 9.73257980e+01, 2.26781998e+02,
    1.12123001e+02, 2.09218994e+02, 1.45153000e+02, 2.03199997e+02,
    1.65731995e+02, 2.13397995e+02, 1.45445007e+02, 2.15020004e+02,
    1.18746002e+02, 2.19626999e+02, 1.14948997e+02, 2.40462006e+02,
    1.36052002e+02, 2.24906006e+02, 1.63934998e+02, 2.33197006e+02,
    1.38835007e+02, 2.41503998e+02, 1.35990005e+02, 2.31987000e+02,
    2.66076996e+02, 2.22130005e+02, 2.41957993e+02, 2.10391006e+02,
    2.20888000e+02, 2.24302002e+02, 2.45371994e+02, 2.29061005e+02,
    2.40830994e+02, 2.18602997e+02, 1.66475998e+02, 2.35705002e+02,
    1.67207001e+02, 2.67322998e+02, 1.54509003e+02, 2.89299988e+02,
    1.62322998e+02, 3.06394012e+02, 1.92113998e+02, 3.08835999e+02,
    2.23371002e+02, 3.01510010e+02, 2.24835999e+02, 2.83928009e+02,
    2.13115005e+02, 2.63415985e+02, 2.06626999e+02, 2.30500000e+02,
    1.74395004e+02, 3.02862000e+02, 2.07966003e+02, 2.99332001e+02,
    1.53042999e+02, 3.44976013e+02, 1.68759995e+02, 3.35643005e+02,
    1.80910004e+02, 3.30819000e+02, 1.93091003e+02, 3.31302002e+02,
    2.07257996e+02, 3.27565002e+02, 2.26449005e+02, 3.30880005e+02,
    2.43395004e+02, 3.36674011e+02, 2.29518005e+02, 3.48270996e+02,
    2.15442001e+02, 3.54351990e+02, 1.96509995e+02, 3.59627991e+02,
    1.84563004e+02, 3.58822998e+02, 1.71003998e+02, 3.55485992e+02,
    1.82335999e+02, 3.42988007e+02, 1.95533005e+02, 3.42533997e+02,
    2.16753006e+02, 3.39048004e+02, 2.15852997e+02, 3.35157990e+02,
    1.94556000e+02, 3.37651001e+02, 1.81369003e+02, 3.38843994e+02,
    1.95044998e+02, 3.39604004e+02, 1.90268997e+02, 2.92214996e+02 ]
noOfLandmarkPoint: 68
