%YAML:1.0
landmark: [ 5.97374001e+01, 2.36843002e+02, 6.65880966e+01,
    2.72380005e+02, 7.67404022e+01, 3.07126007e+02, 8.78063965e+01,
    3.41588013e+02, 1.06737000e+02, 3.72290985e+02, 1.32653000e+02,
    3.97466003e+02, 1.65662003e+02, 4.10423004e+02, 2.01826004e+02,
    4.11464996e+02, 2.36919998e+02, 4.03675995e+02, 2.68769012e+02,
    3.86635986e+02, 2.89765991e+02, 3.57352997e+02, 3.05233002e+02,
    3.24648987e+02, 3.13894012e+02, 2.89591003e+02, 3.17277008e+02,
    2.53552994e+02, 3.18561005e+02, 2.17373993e+02, 2.91648010e+02,
    2.01341003e+02, 2.75041992e+02, 1.81871994e+02, 2.45839005e+02,
    1.79009003e+02, 2.17207993e+02, 1.94470001e+02, 2.39675995e+02,
    1.92718002e+02, 2.65575012e+02, 1.91539001e+02, 8.83684006e+01,
    2.13365997e+02, 9.86754990e+01, 1.93897003e+02, 1.30742004e+02,
    1.89889008e+02, 1.55365005e+02, 2.03632004e+02, 1.15280998e+02,
    2.02485992e+02, 9.75302963e+01, 2.08785004e+02, 1.05634003e+02,
    2.31460999e+02, 1.24774002e+02, 2.19445999e+02, 1.51766006e+02,
    2.30453003e+02, 1.27341003e+02, 2.36406006e+02, 1.27878998e+02,
    2.28826996e+02, 2.65144989e+02, 2.18966003e+02, 2.42091003e+02,
    2.10160995e+02, 2.18352997e+02, 2.25964005e+02, 2.45871994e+02,
    2.27755997e+02, 2.42403000e+02, 2.19091995e+02, 1.70826004e+02,
    2.32263000e+02, 1.66244995e+02, 2.66619995e+02, 1.57082993e+02,
    2.88951996e+02, 1.67962006e+02, 3.00976990e+02, 1.95447998e+02,
    2.99832001e+02, 2.20070999e+02, 2.95251007e+02, 2.28087006e+02,
    2.77498993e+02, 2.18352997e+02, 2.63756989e+02, 2.07473007e+02,
    2.29972000e+02, 1.78270004e+02, 2.94678009e+02, 2.07473007e+02,
    2.92388000e+02, 1.48492996e+02, 3.38196991e+02, 1.64832001e+02,
    3.29016998e+02, 1.82207993e+02, 3.22864990e+02, 1.96020996e+02,
    3.23881989e+02, 2.10126999e+02, 3.19786011e+02, 2.27048004e+02,
    3.21636993e+02, 2.43548004e+02, 3.25598999e+02, 2.27800003e+02,
    3.42622009e+02, 2.12692001e+02, 3.47899994e+02, 2.00602005e+02,
    3.49648987e+02, 1.81100006e+02, 3.50095001e+02, 1.65936996e+02,
    3.46739990e+02, 1.79016998e+02, 3.38432007e+02, 1.97738998e+02,
    3.35907013e+02, 2.20899994e+02, 3.32994995e+02, 2.19468994e+02,
    3.27804993e+02, 1.97166000e+02, 3.30752991e+02, 1.77082001e+02,
    3.32212006e+02, 1.97166000e+02, 3.33044006e+02, 1.97738998e+02,
    2.79790009e+02 ]
noOfLandmarkPoint: 68
