%YAML:1.0
landmark: [ 7.38068008e+01, 2.11514999e+02, 7.32848969e+01,
    2.43369995e+02, 7.58040009e+01, 2.75083008e+02, 8.54338989e+01,
    3.05381012e+02, 1.02936996e+02, 3.31799011e+02, 1.27988998e+02,
    3.51362000e+02, 1.56052002e+02, 3.66398010e+02, 1.86007004e+02,
    3.76928986e+02, 2.17153000e+02, 3.72158997e+02, 2.44828003e+02,
    3.56683014e+02, 2.66907990e+02, 3.33782013e+02, 2.81006989e+02,
    3.05415009e+02, 2.89294006e+02, 2.74661011e+02, 2.95037994e+02,
    2.43332001e+02, 3.01042999e+02, 2.12063995e+02, 2.84576996e+02,
    1.86266006e+02, 2.61846985e+02, 1.63869995e+02, 2.30757004e+02,
    1.62231995e+02, 2.11026993e+02, 1.73093002e+02, 2.31824997e+02,
    1.75639008e+02, 2.58778992e+02, 1.73641998e+02, 8.91754990e+01,
    1.88462006e+02, 1.12759003e+02, 1.61617004e+02, 1.41567993e+02,
    1.60826004e+02, 1.61628006e+02, 1.71445999e+02, 1.41210007e+02,
    1.73507996e+02, 1.16070999e+02, 1.70897995e+02, 1.06143997e+02,
    2.05988007e+02, 1.30182007e+02, 1.93591003e+02, 1.54921997e+02,
    2.02039001e+02, 1.31210007e+02, 2.12875000e+02, 1.28695007e+02,
    2.02184006e+02, 2.67709015e+02, 2.04022995e+02, 2.41369003e+02,
    1.93839005e+02, 2.19514999e+02, 2.02960007e+02, 2.43108994e+02,
    2.10972000e+02, 2.40117996e+02, 2.01085999e+02, 1.72056000e+02,
    2.03830002e+02, 1.68677994e+02, 2.29425003e+02, 1.58242004e+02,
    2.51673996e+02, 1.65054001e+02, 2.65966003e+02, 1.93462997e+02,
    2.68597992e+02, 2.14658005e+02, 2.66136993e+02, 2.20283005e+02,
    2.52500000e+02, 2.13046005e+02, 2.33216003e+02, 2.10477997e+02,
    2.07671997e+02, 1.77852005e+02, 2.59781006e+02, 2.01641006e+02,
    2.59118988e+02, 1.48455002e+02, 3.09764008e+02, 1.64332993e+02,
    2.97946014e+02, 1.81483994e+02, 2.92319000e+02, 1.92914001e+02,
    2.94944000e+02, 2.05263000e+02, 2.91059998e+02, 2.19580994e+02,
    2.95649994e+02, 2.33531006e+02, 3.05372986e+02, 2.15951996e+02,
    3.15214996e+02, 2.03011002e+02, 3.19415985e+02, 1.93462997e+02,
    3.20192993e+02, 1.77850006e+02, 3.19609985e+02, 1.64283005e+02,
    3.16263000e+02, 1.73998001e+02, 3.07157990e+02, 1.92876007e+02,
    3.08032990e+02, 2.08184998e+02, 3.05377014e+02, 2.07796005e+02,
    3.01303009e+02, 1.92779007e+02, 3.02046997e+02, 1.74507004e+02,
    3.03011993e+02, 1.93061005e+02, 3.05039001e+02, 1.92365005e+02,
    2.43899002e+02 ]
noOfLandmarkPoint: 68
