%YAML:1.0
landmark: [ 6.34887009e+01, 2.75022003e+02, 7.06741028e+01,
    3.13050995e+02, 8.02119980e+01, 3.50552002e+02, 9.33168030e+01,
    3.86938995e+02, 1.13039001e+02, 4.20123993e+02, 1.40143005e+02,
    4.47696014e+02, 1.71451996e+02, 4.69947998e+02, 2.09858002e+02,
    4.71738007e+02, 2.47714996e+02, 4.65182007e+02, 2.75683990e+02,
    4.38859985e+02, 2.97723999e+02, 4.07098999e+02, 3.12976013e+02,
    3.71588989e+02, 3.22351990e+02, 3.34079987e+02, 3.26194000e+02,
    2.95582001e+02, 3.28730011e+02, 2.56960999e+02, 3.04476013e+02,
    2.21871002e+02, 2.74029999e+02, 2.02778000e+02, 2.26039001e+02,
    2.14645996e+02, 2.13138000e+02, 2.34772003e+02, 2.42809006e+02,
    2.28604996e+02, 2.74546997e+02, 2.18774994e+02, 7.94857025e+01,
    2.41479996e+02, 1.01202003e+02, 2.15600998e+02, 1.48634003e+02,
    2.17742996e+02, 1.68244003e+02, 2.39416000e+02, 1.35121002e+02,
    2.34352997e+02, 1.04771004e+02, 2.32707993e+02, 1.06319000e+02,
    2.69346008e+02, 1.29479996e+02, 2.55709000e+02, 1.56891006e+02,
    2.64186005e+02, 1.30057007e+02, 2.73473999e+02, 1.31089005e+02,
    2.62638000e+02, 2.79565002e+02, 2.55173996e+02, 2.56316986e+02,
    2.44953995e+02, 2.32748001e+02, 2.59540985e+02, 2.59582001e+02,
    2.63670013e+02, 2.58549011e+02, 2.51285004e+02, 1.71339996e+02,
    2.66765991e+02, 1.71339996e+02, 3.12177002e+02, 1.62567001e+02,
    3.35914001e+02, 1.78563995e+02, 3.52427002e+02, 2.01785995e+02,
    3.52427002e+02, 2.23459000e+02, 3.49846985e+02, 2.40488007e+02,
    3.32302002e+02, 2.27070999e+02, 3.11661011e+02, 2.18298996e+02,
    2.66250000e+02, 1.82175995e+02, 3.42106995e+02, 2.18815002e+02,
    3.41075012e+02, 1.57406998e+02, 4.00419006e+02, 1.76714996e+02,
    3.85738007e+02, 1.94106995e+02, 3.77295013e+02, 2.03334000e+02,
    3.81841003e+02, 2.13427994e+02, 3.75299011e+02, 2.30460999e+02,
    3.81368988e+02, 2.49776993e+02, 3.92678009e+02, 2.42748001e+02,
    4.02325012e+02, 2.28462997e+02, 4.13151001e+02, 2.06429993e+02,
    4.20544006e+02, 1.84524002e+02, 4.18039001e+02, 1.69162003e+02,
    4.09622009e+02, 1.85007004e+02, 3.93911011e+02, 2.04669998e+02,
    3.94907013e+02, 2.22194000e+02, 3.91003998e+02, 2.24561005e+02,
    3.88520996e+02, 2.04292007e+02, 3.90020996e+02, 1.86707993e+02,
    3.92138000e+02, 2.04423004e+02, 3.90681000e+02, 1.99205994e+02,
    3.27141998e+02 ]
noOfLandmarkPoint: 68
