%YAML:1.0
landmark: [ 9.57208023e+01, 2.52459000e+02, 9.82755966e+01,
    2.94597992e+02, 1.01182999e+02, 3.24863007e+02, 1.06801003e+02,
    3.62022003e+02, 1.19338997e+02, 3.96398987e+02, 1.43548996e+02,
    4.23730988e+02, 1.75156006e+02, 4.39958008e+02, 2.15457001e+02,
    4.43713013e+02, 2.48779999e+02, 4.43238007e+02, 2.83682007e+02,
    4.27622986e+02, 3.08803009e+02, 4.01220001e+02, 3.21833008e+02,
    3.67028015e+02, 3.27984009e+02, 3.30806000e+02, 3.33313995e+02,
    2.94453003e+02, 3.36819000e+02, 2.57877014e+02, 3.30317993e+02,
    2.35662994e+02, 3.04502014e+02, 2.14266006e+02, 2.71743988e+02,
    2.15824005e+02, 2.49589996e+02, 2.30787003e+02, 2.76679993e+02,
    2.26453003e+02, 3.05394989e+02, 2.24285995e+02, 1.28227997e+02,
    2.28619995e+02, 1.58785995e+02, 2.08542007e+02, 1.88296997e+02,
    2.14660004e+02, 2.10039001e+02, 2.30787003e+02, 1.77531998e+02,
    2.25369003e+02, 1.54776001e+02, 2.18867996e+02, 1.50772995e+02,
    2.50261993e+02, 1.75216003e+02, 2.36472000e+02, 2.00533005e+02,
    2.52781998e+02, 1.74539993e+02, 2.57691010e+02, 1.75906006e+02,
    2.45416000e+02, 3.09730011e+02, 2.58960999e+02, 2.85821991e+02,
    2.43994003e+02, 2.58259003e+02, 2.55710007e+02, 2.86980011e+02,
    2.62752014e+02, 2.85890991e+02, 2.50834000e+02, 2.11664993e+02,
    2.53001007e+02, 2.05162994e+02, 2.91467987e+02, 1.95410995e+02,
    3.15307007e+02, 2.02453995e+02, 3.26684998e+02, 2.26835007e+02,
    3.31019012e+02, 2.47964996e+02, 3.30476990e+02, 2.56634003e+02,
    3.16933014e+02, 2.49048996e+02, 2.97970001e+02, 2.46880997e+02,
    2.55167999e+02, 2.10039001e+02, 3.19100006e+02, 2.42546997e+02,
    3.22891998e+02, 1.75365005e+02, 3.68945007e+02, 2.03778000e+02,
    3.64411011e+02, 2.21964996e+02, 3.61774994e+02, 2.28460007e+02,
    3.66235992e+02, 2.35839005e+02, 3.61770996e+02, 2.48884003e+02,
    3.66394012e+02, 2.64760986e+02, 3.71112000e+02, 2.58889008e+02,
    3.84394989e+02, 2.43147995e+02, 3.92467987e+02, 2.24126007e+02,
    3.93867004e+02, 2.09052994e+02, 3.91673004e+02, 1.93175995e+02,
    3.83795013e+02, 2.07884995e+02, 3.73554993e+02, 2.27572006e+02,
    3.75507996e+02, 2.42501007e+02, 3.75039001e+02, 2.43171997e+02,
    3.71658997e+02, 2.27919006e+02, 3.70570007e+02, 2.09171005e+02,
    3.70212006e+02, 2.27908997e+02, 3.73315002e+02, 2.30369003e+02,
    3.08468994e+02 ]
noOfLandmarkPoint: 68
