%YAML:1.0
landmark: [ 8.60314026e+01, 2.90928986e+02, 9.28837967e+01,
    3.28845001e+02, 1.03417999e+02, 3.65898010e+02, 1.17297997e+02,
    4.01825989e+02, 1.37399994e+02, 4.34576996e+02, 1.65498993e+02,
    4.60865997e+02, 1.97233994e+02, 4.82516998e+02, 2.34694000e+02,
    4.90656006e+02, 2.72847992e+02, 4.87220001e+02, 3.05335999e+02,
    4.67098999e+02, 3.29290009e+02, 4.37016998e+02, 3.48394012e+02,
    4.03592987e+02, 3.59484009e+02, 3.66829987e+02, 3.60207001e+02,
    3.28347992e+02, 3.59328003e+02, 2.89821014e+02, 3.49032013e+02,
    2.65954010e+02, 3.22528015e+02, 2.50662994e+02, 2.91946014e+02,
    2.52192001e+02, 2.69010010e+02, 2.67483002e+02, 2.87678986e+02,
    2.68032990e+02, 3.15391998e+02, 2.67483002e+02, 1.22219002e+02,
    2.77166992e+02, 1.51781006e+02, 2.59838013e+02, 1.83382004e+02,
    2.56779999e+02, 2.11414993e+02, 2.69522003e+02, 1.85723999e+02,
    2.73263000e+02, 1.58917007e+02, 2.74618988e+02, 1.48203995e+02,
    2.89829010e+02, 1.73041000e+02, 2.81540009e+02, 2.00151993e+02,
    2.90895996e+02, 1.75647995e+02, 2.98296997e+02, 1.70639999e+02,
    2.87360992e+02, 3.22136993e+02, 2.83425995e+02, 3.00549011e+02,
    2.75364014e+02, 2.82029999e+02, 2.87867004e+02, 3.05166992e+02,
    2.93792999e+02, 3.00101013e+02, 2.81753998e+02, 2.17531998e+02,
    3.00102997e+02, 2.17531998e+02, 3.46484985e+02, 2.10906006e+02,
    3.72479004e+02, 2.20080002e+02, 3.91847992e+02, 2.50151993e+02,
    3.98473999e+02, 2.77674988e+02, 3.87260010e+02, 2.86339996e+02,
    3.69420990e+02, 2.71558990e+02, 3.39859009e+02, 2.62384003e+02,
    2.98574005e+02, 2.30783005e+02, 3.86751007e+02, 2.67480988e+02,
    3.86751007e+02, 1.86949997e+02, 4.08157990e+02, 2.13664993e+02,
    4.07825012e+02, 2.30537994e+02, 4.09704010e+02, 2.45054993e+02,
    4.14273987e+02, 2.56662994e+02, 4.11321014e+02, 2.74824005e+02,
    4.11556000e+02, 2.95003998e+02, 4.07648010e+02, 2.84300995e+02,
    4.27015991e+02, 2.67218994e+02, 4.37311005e+02, 2.46639999e+02,
    4.40373993e+02, 2.27824997e+02, 4.36197998e+02, 2.09630997e+02,
    4.26725006e+02, 2.25755005e+02, 4.18153992e+02, 2.46065002e+02,
    4.22386993e+02, 2.66313995e+02, 4.21428009e+02, 2.67071014e+02,
    4.19398010e+02, 2.44914001e+02, 4.20686005e+02, 2.26531998e+02,
    4.16291992e+02, 2.45591995e+02, 4.23454987e+02, 2.50660995e+02,
    3.74518005e+02 ]
noOfLandmarkPoint: 68
