%YAML:1.0
landmark: [ 5.76930008e+01, 2.73433990e+02, 6.14557991e+01,
    3.14720001e+02, 6.53544998e+01, 3.55976990e+02, 7.60804977e+01,
    3.95980011e+02, 9.13477020e+01, 4.34493011e+02, 1.13635002e+02,
    4.69332001e+02, 1.45406998e+02, 4.95471985e+02, 1.85710007e+02,
    5.03808990e+02, 2.26737000e+02, 4.99057007e+02, 2.63843994e+02,
    4.81045990e+02, 2.92628998e+02, 4.51464996e+02, 3.13044006e+02,
    4.15447998e+02, 3.27653015e+02, 3.76681000e+02, 3.39424988e+02,
    3.36928986e+02, 3.52428986e+02, 2.97563995e+02, 3.34618011e+02,
    2.61368988e+02, 2.96838989e+02, 2.42199997e+02, 2.61348999e+02,
    2.45048996e+02, 2.36373001e+02, 2.56197998e+02, 2.58760010e+02,
    2.58571014e+02, 2.89270996e+02, 2.53608994e+02, 8.58451004e+01,
    2.34365997e+02, 1.10143997e+02, 2.29947998e+02, 1.54839005e+02,
    2.36572006e+02, 1.74897995e+02, 2.57346985e+02, 1.43671997e+02,
    2.49977997e+02, 1.13038002e+02, 2.46074997e+02, 1.06785004e+02,
    2.71113007e+02, 1.36378998e+02, 2.63989990e+02, 1.64606003e+02,
    2.79809998e+02, 1.34619995e+02, 2.81696991e+02, 1.34106003e+02,
    2.72285004e+02, 2.97424011e+02, 2.87795013e+02, 2.71247009e+02,
    2.73893005e+02, 2.40895004e+02, 2.87608002e+02, 2.71105988e+02,
    2.94662994e+02, 2.70270996e+02, 2.82626007e+02, 1.81218002e+02,
    2.88372009e+02, 1.69153000e+02, 3.29164001e+02, 1.53639999e+02,
    3.49272003e+02, 1.59386002e+02, 3.69955994e+02, 1.89835999e+02,
    3.83170013e+02, 2.28904007e+02, 3.78574005e+02, 2.32925995e+02,
    3.60763000e+02, 2.22584000e+02, 3.36058014e+02, 2.25457001e+02,
    2.90095001e+02, 1.69313004e+02, 3.69440002e+02, 2.14255997e+02,
    3.73088989e+02, 1.43298996e+02, 4.03852997e+02, 1.66723999e+02,
    3.98382996e+02, 1.81820007e+02, 3.96734009e+02, 1.92707993e+02,
    4.01554993e+02, 2.08203995e+02, 3.99091003e+02, 2.24274002e+02,
    4.03703003e+02, 2.46139999e+02, 4.14195007e+02, 2.30656998e+02,
    4.34941010e+02, 2.11750000e+02, 4.44419006e+02, 1.90410004e+02,
    4.46368988e+02, 1.70061005e+02, 4.40842010e+02, 1.53421005e+02,
    4.27122986e+02, 1.70451004e+02, 4.21834991e+02, 1.92108994e+02,
    4.27226990e+02, 2.16059998e+02, 4.24782990e+02, 2.14951004e+02,
    4.09847992e+02, 1.92108994e+02, 4.09013000e+02, 1.74414001e+02,
    4.07247009e+02, 1.92755997e+02, 4.17872009e+02, 1.90985001e+02,
    3.57890015e+02 ]
noOfLandmarkPoint: 68
