%YAML:1.0
landmark: [ 7.23871994e+01, 2.25496002e+02, 7.77031021e+01,
    2.55136002e+02, 8.46701965e+01, 2.84428009e+02, 9.34415970e+01,
    3.13140015e+02, 1.09471001e+02, 3.38589996e+02, 1.30533997e+02,
    3.59924988e+02, 1.57089996e+02, 3.73808990e+02, 1.86856995e+02,
    3.78299988e+02, 2.16949997e+02, 3.75463013e+02, 2.41718994e+02,
    3.60151001e+02, 2.59445007e+02, 3.35863007e+02, 2.74164001e+02,
    3.09612000e+02, 2.81966003e+02, 2.80678009e+02, 2.86584015e+02,
    2.50921005e+02, 2.89907013e+02, 2.20992004e+02, 2.76846985e+02,
    1.91718994e+02, 2.49826004e+02, 1.79559998e+02, 2.23475998e+02,
    1.91699997e+02, 2.06141998e+02, 2.05229996e+02, 2.20587006e+02,
    2.00117996e+02, 2.50276001e+02, 1.88115997e+02, 8.90502014e+01,
    2.00725998e+02, 1.09190002e+02, 1.85994995e+02, 1.40438004e+02,
    1.93412994e+02, 1.58854996e+02, 2.08382004e+02, 1.34363007e+02,
    2.02656998e+02, 1.09316002e+02, 1.96223007e+02, 1.12764000e+02,
    2.27153000e+02, 1.34210999e+02, 2.18354996e+02, 1.53789993e+02,
    2.31393005e+02, 1.32781998e+02, 2.33955994e+02, 1.35436005e+02,
    2.24145004e+02, 2.54363998e+02, 2.22393005e+02, 2.35733002e+02,
    2.14507004e+02, 2.14908005e+02, 2.29410004e+02, 2.38175003e+02,
    2.31289993e+02, 2.38117004e+02, 2.20542007e+02, 1.64259003e+02,
    2.34953003e+02, 1.60656006e+02, 2.64226013e+02, 1.53901001e+02,
    2.82690002e+02, 1.59304993e+02, 2.92597992e+02, 1.85876007e+02,
    3.00704010e+02, 2.07042007e+02, 2.92148010e+02, 2.13940994e+02,
    2.81158997e+02, 2.04339996e+02, 2.60622986e+02, 1.99386002e+02,
    2.34503006e+02, 1.64817001e+02, 2.90744995e+02, 2.00401001e+02,
    2.90294006e+02, 1.35886993e+02, 3.15115997e+02, 1.57789001e+02,
    3.14109009e+02, 1.72738007e+02, 3.12096008e+02, 1.83623993e+02,
    3.15566010e+02, 1.94929993e+02, 3.11891998e+02, 2.09675995e+02,
    3.13194000e+02, 2.30460999e+02, 3.13313995e+02, 2.14419998e+02,
    3.27101990e+02, 1.99065002e+02, 3.33210999e+02, 1.84975006e+02,
    3.35832001e+02, 1.65718002e+02, 3.32588989e+02, 1.52296005e+02,
    3.25734985e+02, 1.64384003e+02, 3.21785004e+02, 1.85285995e+02,
    3.23764008e+02, 2.02854996e+02, 3.20515015e+02, 2.01766998e+02,
    3.18071991e+02, 1.84807999e+02, 3.20731995e+02, 1.66156998e+02,
    3.19200989e+02, 1.85020996e+02, 3.23987000e+02, 1.83623993e+02,
    2.83591003e+02 ]
noOfLandmarkPoint: 68
