%YAML:1.0
landmark: [ 7.67494965e+01, 2.28602997e+02, 7.52515030e+01,
    2.66079010e+02, 7.57648010e+01, 3.03554993e+02, 8.02540970e+01,
    3.40782990e+02, 9.11036987e+01, 3.76480011e+02, 1.16918999e+02,
    4.03307007e+02, 1.49434998e+02, 4.21756012e+02, 1.86026993e+02,
    4.29362000e+02, 2.22774002e+02, 4.24239990e+02, 2.57593994e+02,
    4.10634003e+02, 2.81307007e+02, 3.82042999e+02, 2.98281006e+02,
    3.48681000e+02, 3.04868988e+02, 3.11834991e+02, 3.09153015e+02,
    2.74575989e+02, 3.10972992e+02, 2.37119995e+02, 2.99261993e+02,
    2.23811996e+02, 2.85954010e+02, 1.99324997e+02, 2.59338013e+02,
    1.92936996e+02, 2.35914993e+02, 2.03050995e+02, 2.56675995e+02,
    2.06778000e+02, 2.78502014e+02, 2.12100998e+02, 1.19867996e+02,
    2.19020996e+02, 1.35854996e+02, 1.94134003e+02, 1.73867004e+02,
    1.90218994e+02, 1.89602997e+02, 2.04647995e+02, 1.68841995e+02,
    2.02518997e+02, 1.40628998e+02, 2.05712997e+02, 1.20489998e+02,
    2.25490005e+02, 1.50778000e+02, 2.16460007e+02, 1.76085007e+02,
    2.24792007e+02, 1.49710999e+02, 2.29807999e+02, 1.52824997e+02,
    2.23817993e+02, 2.78726013e+02, 2.31957993e+02, 2.61580994e+02,
    2.18955002e+02, 2.35518005e+02, 2.29244003e+02, 2.61406006e+02,
    2.35800003e+02, 2.58516998e+02, 2.29147003e+02, 1.91731995e+02,
    2.27537994e+02, 1.88537994e+02, 2.57881012e+02, 1.72567993e+02,
    2.75980011e+02, 1.78955994e+02, 2.89287994e+02, 2.09830994e+02,
    2.93015015e+02, 2.32720993e+02, 2.93546997e+02, 2.43899994e+02,
    2.83433014e+02, 2.31123993e+02, 2.61606995e+02, 2.30059998e+02,
    2.30199997e+02, 1.95630005e+02, 2.84360992e+02, 2.22606995e+02,
    2.86093994e+02, 1.61389999e+02, 3.33471008e+02, 1.73595993e+02,
    3.14584015e+02, 1.93584000e+02, 3.07083008e+02, 2.09298996e+02,
    3.11645996e+02, 2.23227005e+02, 3.09901001e+02, 2.37345993e+02,
    3.20963013e+02, 2.48690994e+02, 3.43585999e+02, 2.37617004e+02,
    3.54489014e+02, 2.23630005e+02, 3.61119995e+02, 2.07701996e+02,
    3.63282013e+02, 1.86947998e+02, 3.58765015e+02, 1.70776993e+02,
    3.48765015e+02, 1.79791000e+02, 3.42463013e+02, 2.08766998e+02,
    3.48908997e+02, 2.29257996e+02, 3.46470001e+02, 2.27177994e+02,
    3.25717010e+02, 2.09298996e+02, 3.21760010e+02, 1.80591003e+02,
    3.20687012e+02, 2.08031998e+02, 3.33467010e+02, 2.12492996e+02,
    2.75447998e+02 ]
noOfLandmarkPoint: 68
