%YAML:1.0
landmark: [ 6.16677017e+01, 2.68665985e+02, 7.11065979e+01,
    2.99407013e+02, 8.17394028e+01, 3.29752014e+02, 9.32256012e+01,
    3.59786987e+02, 1.12240997e+02, 3.85243988e+02, 1.40656998e+02,
    3.99756989e+02, 1.72641998e+02, 4.02463013e+02, 2.04733994e+02,
    4.02739990e+02, 2.36507996e+02, 3.97869995e+02, 2.67032013e+02,
    3.88065002e+02, 2.93286011e+02, 3.69696991e+02, 3.09250000e+02,
    3.42235992e+02, 3.14290009e+02, 3.10542999e+02, 3.14601013e+02,
    2.78394012e+02, 3.13932007e+02, 2.46242996e+02, 2.88394012e+02,
    2.32539993e+02, 2.72199005e+02, 2.08248001e+02, 2.33007004e+02,
    2.06529999e+02, 2.16763000e+02, 2.14475998e+02, 2.35130997e+02,
    2.16677994e+02, 2.65347992e+02, 2.17591003e+02, 8.90742035e+01,
    2.44373993e+02, 9.96630020e+01, 2.21951004e+02, 1.33298004e+02,
    2.14475998e+02, 1.58212997e+02, 2.23195999e+02, 1.34770004e+02,
    2.23712006e+02, 1.07760002e+02, 2.27557007e+02, 1.15235001e+02,
    2.59946014e+02, 1.37401001e+02, 2.49326996e+02, 1.56738007e+02,
    2.56190002e+02, 1.39220001e+02, 2.64445007e+02, 1.35167007e+02,
    2.55585999e+02, 2.56994995e+02, 2.48324997e+02, 2.40419006e+02,
    2.40084000e+02, 2.21123001e+02, 2.50602997e+02, 2.43020996e+02,
    2.54397995e+02, 2.37317993e+02, 2.46242996e+02, 1.68802002e+02,
    2.59322998e+02, 1.68179001e+02, 2.83614990e+02, 1.60082001e+02,
    2.98563995e+02, 1.70671005e+02, 3.09776001e+02, 1.93093994e+02,
    3.06039001e+02, 2.14811996e+02, 3.04088013e+02, 2.21746002e+02,
    2.95450012e+02, 2.11667007e+02, 2.76200989e+02, 2.07419998e+02,
    2.54962997e+02, 1.76899002e+02, 2.97941010e+02, 2.05552002e+02,
    2.95450012e+02, 1.64123001e+02, 3.48536987e+02, 1.66835007e+02,
    3.36738007e+02, 1.83382004e+02, 3.30095001e+02, 1.94132004e+02,
    3.30399994e+02, 2.03638000e+02, 3.27869995e+02, 2.20227005e+02,
    3.33303986e+02, 2.27160004e+02, 3.43759003e+02, 2.26240005e+02,
    3.48967010e+02, 2.12641998e+02, 3.58644989e+02, 1.95585999e+02,
    3.63966003e+02, 1.77171997e+02, 3.61585999e+02, 1.65929993e+02,
    3.54470001e+02, 1.78826004e+02, 3.43390991e+02, 1.94263000e+02,
    3.42656006e+02, 2.15214996e+02, 3.41186005e+02, 2.15447006e+02,
    3.38352997e+02, 1.93895996e+02, 3.38796997e+02, 1.78093002e+02,
    3.40826996e+02, 1.94263000e+02, 3.40635010e+02, 1.91225998e+02,
    2.83614990e+02 ]
noOfLandmarkPoint: 68
