%YAML:1.0
landmark: [ 7.41182022e+01, 3.01670013e+02, 7.82561035e+01,
    3.43049011e+02, 8.92906036e+01, 3.95463013e+02, 1.05320999e+02,
    4.16994995e+02, 1.23773003e+02, 4.38221985e+02, 1.42393997e+02,
    4.52015015e+02, 1.65153000e+02, 4.67187012e+02, 2.07220993e+02,
    4.69946014e+02, 2.37154007e+02, 4.63203003e+02, 2.64283997e+02,
    4.52665009e+02, 2.90669006e+02, 4.34773010e+02, 3.15497009e+02,
    4.07187012e+02, 3.29980011e+02, 3.66497986e+02, 3.38256012e+02,
    3.25118011e+02, 3.41704010e+02, 2.87187012e+02, 2.94118011e+02,
    2.63739014e+02, 2.73428009e+02, 2.48567001e+02, 2.46839005e+02,
    2.55421005e+02, 2.30669998e+02, 2.66497986e+02, 2.44697998e+02,
    2.62852997e+02, 2.68578003e+02, 2.58266998e+02, 9.61871033e+01,
    2.76153015e+02, 1.25842003e+02, 2.56153015e+02, 1.53173004e+02,
    2.57264008e+02, 1.70669998e+02, 2.71325012e+02, 1.53283005e+02,
    2.65958008e+02, 1.32324997e+02, 2.64473999e+02, 1.25502998e+02,
    2.96248993e+02, 1.41584000e+02, 2.86136993e+02, 1.60089005e+02,
    2.94240997e+02, 1.42334000e+02, 3.01169006e+02, 1.41014999e+02,
    2.92015015e+02, 2.72920013e+02, 2.90687012e+02, 2.57415985e+02,
    2.82787994e+02, 2.39757004e+02, 2.92769012e+02, 2.56714996e+02,
    2.96932007e+02, 2.54807007e+02, 2.89946014e+02, 1.80324997e+02,
    3.03049011e+02, 1.75496994e+02, 3.29256012e+02, 1.69375000e+02,
    3.48378998e+02, 1.72048996e+02, 3.68566986e+02, 1.99634995e+02,
    3.77532013e+02, 2.27220993e+02, 3.63739014e+02, 2.25841995e+02,
    3.42359985e+02, 2.21703995e+02, 3.27187012e+02, 2.21703995e+02,
    2.98221985e+02, 1.84768005e+02, 3.64933990e+02, 2.09634995e+02,
    3.63506012e+02, 1.59634995e+02, 4.12704010e+02, 1.68112000e+02,
    4.03135010e+02, 1.82763000e+02, 3.97519012e+02, 1.95705002e+02,
    4.01425995e+02, 2.09134995e+02, 3.98006989e+02, 2.20612000e+02,
    4.01182007e+02, 2.25841995e+02, 4.08566986e+02, 2.22410995e+02,
    4.13165985e+02, 2.09442993e+02, 4.16692993e+02, 1.96682007e+02,
    4.19739990e+02, 1.79832993e+02, 4.20471985e+02, 1.69089005e+02,
    4.18763000e+02, 1.73973007e+02, 4.11192993e+02, 1.95949005e+02,
    4.11682007e+02, 2.14507004e+02, 4.09484009e+02, 2.13042007e+02,
    4.06065002e+02, 1.95949005e+02, 4.08019012e+02, 1.74949997e+02,
    4.08506989e+02, 1.95949005e+02, 4.09971985e+02, 1.96186996e+02,
    3.51325012e+02 ]
noOfLandmarkPoint: 68
