%YAML:1.0
landmark: [ 9.13074036e+01, 2.71670013e+02, 9.35734024e+01,
    3.05045990e+02, 1.00238998e+02, 3.37846008e+02, 1.05748001e+02,
    3.70850006e+02, 1.18947998e+02, 4.01506012e+02, 1.37087006e+02,
    4.29592987e+02, 1.61496994e+02, 4.52329987e+02, 1.92059998e+02,
    4.65147003e+02, 2.24770004e+02, 4.59683014e+02, 2.53959000e+02,
    4.43550995e+02, 2.77414001e+02, 4.19760986e+02, 2.97164001e+02,
    3.92768005e+02, 3.11877014e+02, 3.62738007e+02, 3.23372986e+02,
    3.31312012e+02, 3.31072998e+02, 2.98747986e+02, 3.15317993e+02,
    2.80039001e+02, 2.88574005e+02, 2.59563995e+02, 2.63890015e+02,
    2.55606003e+02, 2.31128998e+02, 2.68716003e+02, 2.58591003e+02,
    2.70256989e+02, 2.82136993e+02, 2.72744995e+02, 1.09524002e+02,
    2.55423004e+02, 1.31681000e+02, 2.40102997e+02, 1.61007996e+02,
    2.42078003e+02, 1.94697006e+02, 2.64777008e+02, 1.57324005e+02,
    2.55343002e+02, 1.35138000e+02, 2.56683990e+02, 1.36625000e+02,
    2.71643005e+02, 1.57613007e+02, 2.60760010e+02, 1.78371002e+02,
    2.79178986e+02, 1.56375000e+02, 2.80908997e+02, 1.57772003e+02,
    2.70192993e+02, 2.84063995e+02, 2.91727997e+02, 2.65927002e+02,
    2.75575012e+02, 2.42723999e+02, 2.86917999e+02, 2.64446991e+02,
    2.97350006e+02, 2.65592987e+02, 2.86440002e+02, 1.92235001e+02,
    2.86932007e+02, 1.86326996e+02, 3.24842010e+02, 1.72050003e+02,
    3.41088989e+02, 1.76481003e+02, 3.55858002e+02, 2.04050995e+02,
    3.70627991e+02, 2.34082993e+02, 3.64720001e+02, 2.39990997e+02,
    3.51427002e+02, 2.29651993e+02, 3.34196014e+02, 2.29160004e+02,
    2.91363007e+02, 1.88067001e+02, 3.61500000e+02, 2.17988998e+02,
    3.65902008e+02, 1.51371994e+02, 3.71613007e+02, 1.68212997e+02,
    3.70181000e+02, 1.83757996e+02, 3.73390015e+02, 1.97158997e+02,
    3.78013000e+02, 2.13253006e+02, 3.79317993e+02, 2.28457993e+02,
    3.82204987e+02, 2.48360992e+02, 3.90321991e+02, 2.29244003e+02,
    4.06795013e+02, 2.11031998e+02, 4.14763000e+02, 1.91742996e+02,
    4.15431000e+02, 1.73167999e+02, 4.07725006e+02, 1.60311996e+02,
    3.93944000e+02, 1.71263000e+02, 3.94631989e+02, 1.94490005e+02,
    4.05278015e+02, 2.18623001e+02, 4.03942993e+02, 2.17567001e+02,
    3.87157013e+02, 1.96626999e+02, 3.85389008e+02, 1.76358002e+02,
    3.78203003e+02, 1.95602005e+02, 3.95528015e+02, 2.07005005e+02,
    3.54873993e+02 ]
noOfLandmarkPoint: 68
