%YAML:1.0
landmark: [ 5.39259987e+01, 2.59816986e+02, 5.97295990e+01,
    2.94863007e+02, 6.93714981e+01, 3.29002014e+02, 8.36128006e+01,
    3.61544006e+02, 1.02802002e+02, 3.91296997e+02, 1.27716003e+02,
    4.16584015e+02, 1.57255997e+02, 4.36006989e+02, 1.92393997e+02,
    4.39178986e+02, 2.27651993e+02, 4.35166992e+02, 2.58324005e+02,
    4.18557007e+02, 2.81128998e+02, 3.91321991e+02, 2.95734009e+02,
    3.59177002e+02, 3.08239990e+02, 3.25933014e+02, 3.16835999e+02,
    2.91493011e+02, 3.21424988e+02, 2.56270996e+02, 3.13319000e+02,
    2.28912994e+02, 2.81570007e+02, 2.11490005e+02, 2.51710999e+02,
    2.13054993e+02, 2.36819000e+02, 2.22326996e+02, 2.52514999e+02,
    2.26121994e+02, 2.73109009e+02, 2.26026993e+02, 8.07772980e+01,
    2.30940002e+02, 1.06614998e+02, 2.17766998e+02, 1.47145004e+02,
    2.11181000e+02, 1.71464005e+02, 2.28912994e+02, 1.43091995e+02,
    2.28912994e+02, 1.12695000e+02, 2.27393005e+02, 1.12750999e+02,
    2.56809998e+02, 1.34985992e+02, 2.41578995e+02, 1.59393005e+02,
    2.56619995e+02, 1.35492996e+02, 2.67923004e+02, 136., 2.50190994e+02,
    2.82006012e+02, 2.53102997e+02, 2.57954987e+02, 2.40932007e+02,
    2.39059006e+02, 2.55417999e+02, 2.63670013e+02, 2.62856995e+02,
    2.57589996e+02, 2.49684998e+02, 1.80582993e+02, 2.62350006e+02,
    1.77037003e+02, 3.00854004e+02, 1.68929993e+02, 3.13013000e+02,
    1.75009995e+02, 3.29731995e+02, 2.05408005e+02, 3.33785004e+02,
    2.29218994e+02, 3.32772003e+02, 2.39352005e+02, 3.15040009e+02,
    2.29218994e+02, 2.94268005e+02, 2.25166000e+02, 2.60324005e+02,
    1.85649002e+02, 3.25678986e+02, 2.21619995e+02, 3.26691986e+02,
    1.63863998e+02, 3.74821991e+02, 1.72397003e+02, 3.59842010e+02,
    1.89578003e+02, 3.54101013e+02, 2.02875000e+02, 3.54049988e+02,
    2.15477005e+02, 3.53005005e+02, 2.31712006e+02, 3.58394989e+02,
    2.33272003e+02, 3.72795013e+02, 2.34298004e+02, 3.85402008e+02,
    2.19128998e+02, 3.94993011e+02, 1.95781998e+02, 4.01165985e+02,
    1.81171005e+02, 3.97371002e+02, 1.65399002e+02, 3.88261993e+02,
    1.79033005e+02, 3.79598999e+02, 1.98822006e+02, 3.83433990e+02,
    2.23503998e+02, 3.77972992e+02, 2.21858002e+02, 3.64419006e+02,
    1.99645004e+02, 3.64563995e+02, 1.83367996e+02, 3.64493011e+02,
    1.99529007e+02, 3.69894012e+02, 2.05408005e+02, 3.12506989e+02 ]
noOfLandmarkPoint: 68
