%YAML:1.0
landmark: [ 6.83275986e+01, 2.84966003e+02, 7.74094009e+01,
    3.27032990e+02, 8.84085007e+01, 3.68634003e+02, 1.03272003e+02,
    4.08989014e+02, 1.24973999e+02, 4.44455994e+02, 1.56871994e+02,
    4.71954987e+02, 1.90248993e+02, 4.88653015e+02, 2.40311005e+02,
    4.92136993e+02, 2.81713989e+02, 4.78003998e+02, 3.16362000e+02,
    4.54906006e+02, 3.39971008e+02, 4.25016998e+02, 3.55812012e+02,
    3.81925995e+02, 3.59440002e+02, 3.39052002e+02, 3.62118011e+02,
    2.96102997e+02, 3.62009003e+02, 2.53069000e+02, 3.27360992e+02,
    2.27770004e+02, 2.83653015e+02, 2.14895004e+02, 2.50798004e+02,
    2.24498001e+02, 2.26718002e+02, 2.44819000e+02, 2.53035995e+02,
    2.40671997e+02, 2.88402008e+02, 2.33498993e+02, 8.15268021e+01,
    2.62967987e+02, 1.06495003e+02, 2.38352005e+02, 1.46250000e+02,
    2.39675003e+02, 1.74470993e+02, 2.58018005e+02, 1.42319000e+02,
    2.55863007e+02, 1.09244003e+02, 2.56739014e+02, 1.05790001e+02,
    2.73683014e+02, 1.30983994e+02, 2.59050995e+02, 1.62863007e+02,
    2.71873993e+02, 1.32227997e+02, 2.81023010e+02, 1.34873001e+02,
    2.66817993e+02, 3.01277008e+02, 2.53080002e+02, 2.69218994e+02,
    2.43253998e+02, 2.43445007e+02, 2.63601990e+02, 2.74122986e+02,
    2.66261993e+02, 2.73464996e+02, 2.53617996e+02, 1.80520004e+02,
    2.78367004e+02, 1.80520004e+02, 3.16313995e+02, 1.72820999e+02,
    3.50411987e+02, 1.77770996e+02, 3.61962006e+02, 2.11319000e+02,
    3.64710999e+02, 2.42117004e+02, 3.54812012e+02, 2.48166000e+02,
    3.42162994e+02, 2.32766998e+02, 3.09165009e+02, 2.26718002e+02,
    2.72867004e+02, 1.89320007e+02, 3.57011993e+02, 2.29466995e+02,
    3.51511993e+02, 1.66220993e+02, 4.05959015e+02, 1.84237000e+02,
    4.01625000e+02, 1.99925995e+02, 3.95881012e+02, 2.18057999e+02,
    3.97404999e+02, 2.32459000e+02, 3.89674011e+02, 2.51365005e+02,
    3.89907990e+02, 2.72364990e+02, 3.91109985e+02, 2.49675003e+02,
    4.04596008e+02, 2.34389999e+02, 4.12541992e+02, 2.17367996e+02,
    4.19708008e+02, 2.00488998e+02, 4.19367004e+02, 1.84712006e+02,
    4.14631012e+02, 1.93524002e+02, 4.09976990e+02, 2.18779999e+02,
    4.08675995e+02, 2.39026001e+02, 4.01041992e+02, 2.39158005e+02,
    3.98817993e+02, 2.17617996e+02, 4.04605011e+02, 1.94641998e+02,
    4.06819000e+02, 2.18332001e+02, 4.06122009e+02, 2.09669006e+02,
    3.48212006e+02 ]
noOfLandmarkPoint: 68
