%YAML:1.0
landmark: [ 1.09114998e+02, 2.92885986e+02, 1.12238998e+02,
    3.20423004e+02, 1.16250999e+02, 3.47842010e+02, 1.21524002e+02,
    3.75042999e+02, 1.31623993e+02, 4.00802002e+02, 1.47110992e+02,
    4.23662994e+02, 1.69746994e+02, 4.39161011e+02, 1.96787003e+02,
    4.45173004e+02, 2.24069000e+02, 4.44001007e+02, 2.49167999e+02,
    4.32330994e+02, 2.73024994e+02, 4.18238007e+02, 2.93819000e+02,
    4.00069000e+02, 3.08734009e+02, 3.76898010e+02, 3.20148010e+02,
    3.51645996e+02, 3.30990997e+02, 3.26141998e+02, 3.25274994e+02,
    3.08993988e+02, 3.01759003e+02, 2.93876007e+02, 2.78455994e+02,
    2.93377014e+02, 2.62920990e+02, 3.04837006e+02, 2.77480988e+02,
    3.02295013e+02, 2.99983002e+02, 3.05161987e+02, 1.51203995e+02,
    2.87170013e+02, 1.80257996e+02, 2.77416992e+02, 1.96891998e+02,
    2.81192993e+02, 2.23429993e+02, 2.93924988e+02, 2.02593002e+02,
    2.91595001e+02, 1.77535004e+02, 2.86496002e+02, 1.64278000e+02,
    3.02707001e+02, 1.84367004e+02, 2.96707001e+02, 2.01207993e+02,
    3.11471008e+02, 1.79832001e+02, 3.13924011e+02, 1.80822006e+02,
    3.03278992e+02, 3.00342987e+02, 3.21350006e+02, 2.81931000e+02,
    3.08886993e+02, 2.61181000e+02, 3.19415985e+02, 2.79514008e+02,
    3.26615997e+02, 2.80069000e+02, 3.14709991e+02, 2.17714996e+02,
    3.18346985e+02, 2.13037994e+02, 3.49523987e+02, 2.04203995e+02,
    3.67710999e+02, 2.08360992e+02, 3.79143005e+02, 2.30184998e+02,
    3.81221008e+02, 2.52529007e+02, 3.81221008e+02, 2.59283997e+02,
    3.73427002e+02, 2.54606995e+02, 3.59397003e+02, 2.50970001e+02,
    3.24583008e+02, 2.17195007e+02, 3.73946014e+02, 2.45253998e+02,
    3.76024994e+02, 1.80302002e+02, 3.94210999e+02, 1.95623993e+02,
    3.92578003e+02, 2.10302994e+02, 3.93113007e+02, 2.19227997e+02,
    3.98269989e+02, 2.28556000e+02, 3.95278015e+02, 2.39427994e+02,
    3.97972992e+02, 2.52009003e+02, 4.03565002e+02, 2.43906998e+02,
    4.09253998e+02, 2.29362000e+02, 4.13579987e+02, 2.15550003e+02,
    4.14592987e+02, 1.98505005e+02, 4.08626007e+02, 1.87145004e+02,
    4.00806000e+02, 1.94677994e+02, 4.00678986e+02, 2.16731995e+02,
    4.08165985e+02, 2.33643005e+02, 4.07226013e+02, 2.33826004e+02,
    4.01920013e+02, 2.18100998e+02, 4.02167999e+02, 1.98003998e+02,
    3.96113007e+02, 2.17416000e+02, 4.04497986e+02, 2.32264008e+02,
    3.68750000e+02 ]
noOfLandmarkPoint: 68
