%YAML:1.0
landmark: [ 8.15726013e+01, 2.09781998e+02, 8.51418991e+01,
    2.50059006e+02, 9.01022034e+01, 2.90187988e+02, 9.42711029e+01,
    3.30390015e+02, 1.07614998e+02, 3.68398010e+02, 1.33084000e+02,
    3.99408997e+02, 1.69143997e+02, 4.17282990e+02, 2.08947998e+02,
    4.22623993e+02, 2.48369995e+02, 4.13997009e+02, 2.84598999e+02,
    3.96709015e+02, 3.05393005e+02, 3.62441986e+02, 3.18890991e+02,
    3.24368011e+02, 3.25454010e+02, 2.84485992e+02, 3.30282013e+02,
    2.44369995e+02, 3.26434998e+02, 2.04169006e+02, 3.19419006e+02,
    1.88031998e+02, 2.99072998e+02, 1.64878998e+02, 2.63290009e+02,
    1.67684998e+02, 2.40136993e+02, 1.83121002e+02, 2.63993988e+02,
    1.82061005e+02, 2.94863007e+02, 1.77507996e+02, 1.07531998e+02,
    1.94347000e+02, 1.24371002e+02, 1.66281998e+02, 1.64363007e+02,
    1.66983994e+02, 1.91725998e+02, 1.81718002e+02, 1.62960007e+02,
    1.82419006e+02, 1.31386993e+02, 1.79613007e+02, 1.31992004e+02,
    2.03546997e+02, 1.55337006e+02, 1.89639999e+02, 1.81479004e+02,
    2.07386002e+02, 1.54367996e+02, 2.13873001e+02, 1.53839005e+02,
    2.02065002e+02, 2.98118011e+02, 2.03501999e+02, 2.72777008e+02,
    1.90128006e+02, 2.48936005e+02, 2.08834000e+02, 2.75490997e+02,
    2.12929993e+02, 2.71709991e+02, 2.01363007e+02, 1.98039993e+02,
    2.09080994e+02, 1.98039993e+02, 2.45565002e+02, 1.86815002e+02,
    2.70822998e+02, 1.94531998e+02, 2.87661011e+02, 2.24701996e+02,
    2.95378998e+02, 2.51363007e+02, 2.90467987e+02, 2.58378998e+02,
    2.75032013e+02, 2.43645004e+02, 2.50475998e+02, 2.39434998e+02,
    2.07677002e+02, 2.05298004e+02, 2.89089996e+02, 2.39981995e+02,
    2.88997986e+02, 1.72781998e+02, 3.33265991e+02, 1.88143997e+02,
    3.23411011e+02, 2.07526993e+02, 3.20234985e+02, 2.21324997e+02,
    3.24848999e+02, 2.34835007e+02, 3.21153992e+02, 2.52677002e+02,
    3.26609009e+02, 2.64694000e+02, 3.32565002e+02, 2.54809998e+02,
    3.37575012e+02, 2.41348999e+02, 3.43546997e+02, 2.23535004e+02,
    3.48600006e+02, 2.04166000e+02, 3.46118988e+02, 1.87962997e+02,
    3.42127014e+02, 1.96257004e+02, 3.32079010e+02, 2.20772995e+02,
    3.34054993e+02, 2.47912003e+02, 3.30709991e+02, 2.46891998e+02,
    3.28487000e+02, 2.20589005e+02, 3.31109009e+02, 1.93520996e+02,
    3.27977997e+02, 2.20957001e+02, 3.32582001e+02, 224., 2.73628998e+02 ]
noOfLandmarkPoint: 68
