%YAML:1.0
landmark: [ 6.34980011e+01, 2.90398010e+02, 7.62043991e+01,
    3.32575012e+02, 9.37136993e+01, 3.73019989e+02, 1.12165001e+02,
    4.13032990e+02, 1.40350006e+02, 4.46407990e+02, 1.79028000e+02,
    4.67247009e+02, 2.21539993e+02, 4.78678009e+02, 2.65238007e+02,
    4.83029999e+02, 3.06920990e+02, 4.69648987e+02, 3.41221985e+02,
    4.42312012e+02, 3.64859985e+02, 4.05667999e+02, 3.73721985e+02,
    3.62544006e+02, 3.73174011e+02, 3.18656006e+02, 3.67079987e+02,
    2.75032990e+02, 3.60699005e+02, 2.31440002e+02, 3.34226990e+02,
    2.08578003e+02, 3.14373993e+02, 1.89326004e+02, 2.67446991e+02,
    1.92936005e+02, 2.42781006e+02, 2.13992996e+02, 2.73463989e+02,
    2.07975998e+02, 3.10764008e+02, 1.99554001e+02, 9.95951996e+01,
    2.50690994e+02, 1.12831001e+02, 2.23619003e+02, 1.57951996e+02,
    2.13391006e+02, 1.79009003e+02, 2.28432007e+02, 1.56748993e+02,
    2.28432007e+02, 1.22457001e+02, 2.33845993e+02, 1.28386993e+02,
    2.75941010e+02, 1.47123001e+02, 2.54903000e+02, 1.80658005e+02,
    2.58036011e+02, 1.57011002e+02, 2.71917999e+02, 1.49529999e+02,
    2.62122009e+02, 3.09561005e+02, 2.33845993e+02, 2.78877991e+02,
    2.27830002e+02, 2.58148010e+02, 2.43253998e+02, 2.83389008e+02,
    2.43673996e+02, 2.82488007e+02, 2.35048996e+02, 2.07285004e+02,
    2.60919006e+02, 2.11496994e+02, 3.06641998e+02, 2.03074005e+02,
    3.25894012e+02, 2.18113998e+02, 3.40333008e+02, 2.54212006e+02,
    3.42739014e+02, 2.81285004e+02, 3.28902008e+02, 2.84894012e+02,
    3.09649994e+02, 2.71658997e+02, 2.94609985e+02, 250., 2.54300995e+02,
    2.32552994e+02, 3.35519989e+02, 2.70454987e+02, 3.29503998e+02,
    1.97658997e+02, 3.89063995e+02, 2.12977005e+02, 3.73294006e+02,
    2.34358002e+02, 3.66203003e+02, 2.58423004e+02, 3.66203003e+02,
    2.67802002e+02, 3.57571014e+02, 2.89692993e+02, 3.55654999e+02,
    3.14975006e+02, 3.59584991e+02, 3.00015991e+02, 3.83490997e+02,
    2.83705994e+02, 3.97746002e+02, 2.68049011e+02, 4.05308014e+02,
    2.41369003e+02, 4.05924988e+02, 2.17651993e+02, 4.00585999e+02,
    2.24281006e+02, 3.91630005e+02, 2.62634003e+02, 3.90266998e+02,
    2.86355988e+02, 3.79407013e+02, 2.83562012e+02, 3.68550995e+02,
    2.59626007e+02, 3.74625000e+02, 2.22651993e+02, 3.80932007e+02,
    2.59227997e+02, 3.79152008e+02, 2.54813004e+02, 3.22283997e+02 ]
noOfLandmarkPoint: 68
