%YAML:1.0
landmark: [ 7.89721985e+01, 2.40074005e+02, 8.13029022e+01,
    2.74220001e+02, 8.96722031e+01, 3.07391998e+02, 9.93821030e+01,
    3.40227997e+02, 1.15887001e+02, 3.69985992e+02, 1.39981003e+02,
    3.94234009e+02, 1.69098999e+02, 4.12118988e+02, 2.02912994e+02,
    4.10915985e+02, 2.35335007e+02, 4.00093994e+02, 2.62441010e+02,
    3.79565002e+02, 2.85585999e+02, 3.54350006e+02, 2.96115997e+02,
    3.22175995e+02, 3.00785004e+02, 2.88256989e+02, 3.01453003e+02,
    2.54035995e+02, 3.01524994e+02, 2.19792007e+02, 2.62058014e+02,
    1.98414001e+02, 2.30690002e+02, 1.82115997e+02, 2.01311005e+02,
    1.88339996e+02, 1.89151993e+02, 2.02798996e+02, 2.13615997e+02,
    1.98134995e+02, 2.36794006e+02, 1.92565002e+02, 8.17129974e+01,
    2.17052002e+02, 1.04166000e+02, 1.98373993e+02, 1.28809006e+02,
    2.00376999e+02, 1.45300003e+02, 2.10473999e+02, 1.27822998e+02,
    2.12214005e+02, 1.02080002e+02, 2.09813004e+02, 1.09128998e+02,
    2.36632996e+02, 1.23556999e+02, 2.23041000e+02, 1.47136993e+02,
    2.33300995e+02, 1.26121002e+02, 2.41328995e+02, 1.26113998e+02,
    2.30207001e+02, 2.40873001e+02, 2.24160995e+02, 2.19201996e+02,
    2.13335007e+02, 1.99839996e+02, 2.25352005e+02, 2.20835007e+02,
    2.30319000e+02, 2.19848999e+02, 2.19244003e+02, 1.55714996e+02,
    2.36785004e+02, 1.49136993e+02, 2.77348999e+02, 1.41462006e+02,
    2.94342010e+02, 1.49684998e+02, 3.12980011e+02, 1.72158997e+02,
    3.12431000e+02, 1.97923004e+02, 3.05304993e+02, 2.03404999e+02,
    2.90505005e+02, 1.92440994e+02, 2.74608002e+02, 1.88056000e+02,
    2.32399994e+02, 1.56263000e+02, 3.06402008e+02, 1.85863007e+02,
    3.03113007e+02, 1.35981003e+02, 3.40388000e+02, 1.49128006e+02,
    3.35976990e+02, 1.63893005e+02, 3.32885986e+02, 1.75447998e+02,
    3.33261993e+02, 1.93783005e+02, 3.29188995e+02, 2.11065002e+02,
    3.29342987e+02, 2.33552994e+02, 3.32165009e+02, 2.18347000e+02,
    3.49092010e+02, 1.97910004e+02, 3.59766998e+02, 1.78188995e+02,
    3.65054993e+02, 1.57664993e+02, 3.62578003e+02, 1.44104004e+02,
    3.55460999e+02, 1.55059998e+02, 3.49229004e+02, 1.77296005e+02,
    3.50726013e+02, 1.99731995e+02, 3.45010986e+02, 1.97641006e+02,
    3.34585999e+02, 1.76445999e+02, 3.38027008e+02, 1.57447006e+02,
    3.38933990e+02, 1.76809998e+02, 3.44317993e+02, 1.64485001e+02,
    2.96535004e+02 ]
noOfLandmarkPoint: 68
