%YAML:1.0
landmark: [ 8.37341995e+01, 2.76138000e+02, 8.60098038e+01,
    3.12734009e+02, 9.51419983e+01, 3.48153992e+02, 1.09148003e+02,
    3.82049011e+02, 1.24458000e+02, 4.15364990e+02, 1.49923004e+02,
    4.41071991e+02, 1.82048004e+02, 4.58605011e+02, 2.18210999e+02,
    4.57490997e+02, 2.53072998e+02, 4.46259003e+02, 2.82979004e+02,
    4.25300995e+02, 3.04066986e+02, 3.95752014e+02, 3.12688995e+02,
    3.60158997e+02, 3.17615997e+02, 3.23822998e+02, 3.17941010e+02,
    2.87187012e+02, 3.14511993e+02, 2.50673004e+02, 2.96209015e+02,
    2.42714996e+02, 2.66687012e+02, 2.23460999e+02, 2.39222000e+02,
    2.27246002e+02, 2.15039001e+02, 2.39531998e+02, 2.42516006e+02,
    2.35250000e+02, 2.61377991e+02, 2.32274994e+02, 9.72626038e+01,
    2.63404999e+02, 1.11275002e+02, 2.41972000e+02, 1.43612000e+02,
    2.38852005e+02, 1.68087997e+02, 2.48285004e+02, 1.39643005e+02,
    2.48070999e+02, 1.14119003e+02, 2.51408997e+02, 1.18603996e+02,
    2.76002991e+02, 1.37313995e+02, 2.60238007e+02, 1.65235992e+02,
    2.69838013e+02, 1.39005997e+02, 2.78476990e+02, 1.37848007e+02,
    2.68179993e+02, 2.69195007e+02, 2.55358994e+02, 2.46311005e+02,
    2.43723999e+02, 2.22427994e+02, 2.59376007e+02, 2.49139999e+02,
    2.63901001e+02, 2.45279007e+02, 2.53059998e+02, 1.75250000e+02,
    2.73750000e+02, 1.73858994e+02, 3.11515991e+02, 1.65970001e+02,
    3.30023987e+02, 1.69914001e+02, 3.44890015e+02, 1.98326996e+02,
    3.46963013e+02, 2.24223007e+02, 3.40643005e+02, 2.28167007e+02,
    3.22135010e+02, 2.16335007e+02, 3.01807007e+02, 2.11059998e+02,
    2.68179993e+02, 1.80837006e+02, 3.41250000e+02, 2.14326004e+02,
    3.37572998e+02, 1.59334000e+02, 3.85160004e+02, 1.73884003e+02,
    3.73266998e+02, 1.90337997e+02, 3.67320007e+02, 2.04694000e+02,
    3.69244995e+02, 2.16998001e+02, 3.64041992e+02, 2.29330994e+02,
    3.67414001e+02, 2.47666000e+02, 3.76407013e+02, 2.31233994e+02,
    3.87195007e+02, 2.18649994e+02, 3.92677002e+02, 2.06929001e+02,
    3.96468994e+02, 1.86113998e+02, 3.96277008e+02, 1.71789001e+02,
    3.92472992e+02, 1.83529007e+02, 3.80937012e+02, 2.05108994e+02,
    3.79477997e+02, 2.22725998e+02, 3.76964996e+02, 2.22718994e+02,
    3.74915985e+02, 2.04475998e+02, 3.76320007e+02, 1.84733994e+02,
    3.78737000e+02, 2.04432007e+02, 3.77700989e+02, 1.95940002e+02,
    3.31046997e+02 ]
noOfLandmarkPoint: 68
