%YAML:1.0
landmark: [ 7.19198990e+01, 2.59204010e+02, 8.55214996e+01,
    2.99988007e+02, 9.95195999e+01, 3.40635986e+02, 1.14607002e+02,
    3.80890991e+02, 1.36509995e+02, 4.17462006e+02, 1.70822006e+02,
    4.43300995e+02, 2.10494995e+02, 4.58601990e+02, 2.53391006e+02,
    4.57184998e+02, 2.94304993e+02, 4.45135986e+02, 3.26598999e+02,
    4.16911011e+02, 3.49203003e+02, 3.81014008e+02, 3.57660004e+02,
    3.38912994e+02, 3.60523987e+02, 2.96039001e+02, 3.62151001e+02,
    2.53091003e+02, 3.61503998e+02, 2.10121994e+02, 3.28373993e+02,
    1.76990997e+02, 2.88493988e+02, 1.40179993e+02, 2.46921005e+02,
    1.50076996e+02, 2.28981995e+02, 1.70242004e+02, 2.56997986e+02,
    1.63604996e+02, 2.87266998e+02, 1.53063995e+02, 8.29634018e+01,
    2.21779007e+02, 9.95286026e+01, 1.84966995e+02, 1.49320999e+02,
    1.72272003e+02, 1.65175995e+02, 1.89261993e+02, 1.32656006e+02,
    1.87850006e+02, 1.06277000e+02, 1.96011002e+02, 1.18753998e+02,
    2.39356003e+02, 1.39841995e+02, 2.20220001e+02, 1.65082001e+02,
    2.25434006e+02, 1.41990997e+02, 2.36600998e+02, 1.39408005e+02,
    2.28526993e+02, 2.98096008e+02, 2.03705994e+02, 2.75714996e+02,
    1.93501007e+02, 2.47785004e+02, 2.10100998e+02, 2.79131989e+02,
    2.08011993e+02, 2.74382996e+02, 2.02145996e+02, 1.87263000e+02,
    2.26686996e+02, 1.90330002e+02, 2.66566010e+02, 1.81126999e+02,
    2.97242004e+02, 1.90944000e+02, 3.06445007e+02, 2.22847000e+02,
    2.99696014e+02, 2.51069000e+02, 2.91721008e+02, 2.62113007e+02,
    2.75769012e+02, 2.42479996e+02, 2.56135986e+02, 2.27141998e+02,
    2.19324997e+02, 2.00759995e+02, 2.89265991e+02, 2.36345001e+02,
    2.81290985e+02, 1.79899994e+02, 3.70252014e+02, 1.90128006e+02,
    3.48027008e+02, 2.09266006e+02, 3.36605988e+02, 2.27141998e+02,
    3.35281006e+02, 2.46222000e+02, 3.26903992e+02, 2.64752014e+02,
    3.30450012e+02, 2.82972992e+02, 3.45096985e+02, 2.78524994e+02,
    3.61298004e+02, 2.58309998e+02, 3.77959015e+02, 2.32664001e+02,
    3.86203003e+02, 2.03761002e+02, 3.87703003e+02, 1.84028000e+02,
    3.79401001e+02, 2.04225998e+02, 3.71832001e+02, 2.33276993e+02,
    3.69024994e+02, 2.58131012e+02, 3.59411011e+02, 2.51751999e+02,
    3.39015015e+02, 2.28369003e+02, 3.43256989e+02, 2.03343994e+02,
    3.50230011e+02, 2.30802994e+02, 3.57747986e+02, 2.21007004e+02,
    2.69634003e+02 ]
noOfLandmarkPoint: 68
