%YAML:1.0
landmark: [ 5.82518997e+01, 2.66730988e+02, 6.65472031e+01,
    3.11170013e+02, 8.43227997e+01, 3.57979004e+02, 1.00913002e+02,
    4.06566010e+02, 1.31733002e+02, 4.40072998e+02, 1.53841995e+02,
    4.53252014e+02, 1.70294998e+02, 4.60451996e+02, 2.09345001e+02,
    4.67002991e+02, 2.63399994e+02, 4.53591003e+02, 2.88188995e+02,
    4.34940002e+02, 3.08842010e+02, 4.14908997e+02, 3.24885986e+02,
    3.85234985e+02, 3.38514008e+02, 3.33686005e+02, 3.46217010e+02,
    2.96356995e+02, 3.52734985e+02, 2.53102997e+02, 3.23700989e+02,
    2.33550003e+02, 3.00506989e+02, 2.10082993e+02, 2.41514999e+02,
    2.14052002e+02, 2.17046997e+02, 2.37697006e+02, 2.47593002e+02,
    2.27485001e+02, 2.94683014e+02, 2.24376999e+02, 7.78050995e+01,
    2.46585007e+02, 1.04626999e+02, 2.14847000e+02, 1.65507996e+02,
    2.20141006e+02, 1.77348999e+02, 2.38882004e+02, 1.40850998e+02,
    2.32727005e+02, 1.03039001e+02, 2.32847000e+02, 1.10831001e+02,
    2.61739990e+02, 1.34936005e+02, 2.45688995e+02, 1.65261993e+02,
    2.61480011e+02, 1.36014008e+02, 2.67541992e+02, 1.34686996e+02,
    2.53102997e+02, 2.94058990e+02, 2.50005005e+02, 2.67942993e+02,
    2.39716995e+02, 2.40716003e+02, 2.55490005e+02, 2.69812988e+02,
    2.61476990e+02, 2.70373993e+02, 2.46585007e+02, 1.88014008e+02,
    2.62583008e+02, 1.78533997e+02, 3.09391998e+02, 1.65498001e+02,
    3.34871002e+02, 1.73201004e+02, 3.53830994e+02, 2.04011993e+02,
    3.61533997e+02, 2.34231003e+02, 3.50276001e+02, 2.41932999e+02,
    3.27760010e+02, 2.28304993e+02, 3.04059998e+02, 2.19417007e+02,
    2.63175995e+02, 1.84459000e+02, 3.49683990e+02, 2.22973007e+02,
    3.47906006e+02, 1.51869995e+02, 3.92345001e+02, 1.78296005e+02,
    3.85266998e+02, 1.94149002e+02, 3.82368988e+02, 2.07567001e+02,
    3.84641998e+02, 2.20679001e+02, 3.80139008e+02, 2.38143005e+02,
    3.81432007e+02, 2.60894012e+02, 3.87605011e+02, 2.39451004e+02,
    3.99696014e+02, 2.21039993e+02, 4.07645996e+02, 2.06975006e+02,
    4.10713013e+02, 1.83115005e+02, 4.08053986e+02, 1.69309998e+02,
    4.01817993e+02, 1.85356003e+02, 3.93516998e+02, 2.06901001e+02,
    3.95127991e+02, 2.25988007e+02, 3.90016998e+02, 2.25311996e+02,
    3.86894989e+02, 2.08091003e+02, 3.91292999e+02, 1.88570007e+02,
    3.90700012e+02, 2.07490997e+02, 3.93253998e+02, 2.01641998e+02,
    3.40795990e+02 ]
noOfLandmarkPoint: 68
