%YAML:1.0
landmark: [ 5.15680008e+01, 2.29869995e+02, 5.68833008e+01,
    2.64634003e+02, 6.45931015e+01, 2.98940002e+02, 7.48724976e+01,
    3.32566010e+02, 8.97638016e+01, 3.64299011e+02, 1.15362999e+02,
    3.88131989e+02, 1.46455994e+02, 4.04421997e+02, 1.80606003e+02,
    4.11951996e+02, 2.14949997e+02, 4.05226013e+02, 2.46044006e+02,
    3.89110992e+02, 2.69605011e+02, 3.63199005e+02, 2.85278992e+02,
    3.31839996e+02, 2.92760986e+02, 2.97510010e+02, 2.98877991e+02,
    2.62876007e+02, 3.05306000e+02, 2.28296997e+02, 2.76471985e+02,
    2.14143005e+02, 2.59696014e+02, 1.99988007e+02, 2.13037994e+02,
    2.01561005e+02, 1.93115997e+02, 2.13093994e+02, 2.18279999e+02,
    2.10473007e+02, 2.52356003e+02, 2.09423996e+02, 7.25381012e+01,
    2.11520996e+02, 9.61294022e+01, 2.00511993e+02, 1.31253998e+02,
    2.04182007e+02, 1.50126999e+02, 2.14143005e+02, 1.29156998e+02,
    2.12570007e+02, 9.82265015e+01, 2.10996994e+02, 9.63019028e+01,
    2.26085999e+02, 1.18405998e+02, 2.16035995e+02, 1.42343994e+02,
    2.27542007e+02, 1.17542000e+02, 2.31514008e+02, 1.17099998e+02,
    2.22005997e+02, 2.55089996e+02, 2.22514008e+02, 2.30863998e+02,
    2.13973007e+02, 2.08955002e+02, 2.25188004e+02, 2.30951996e+02,
    2.30778000e+02, 2.29289001e+02, 2.21481995e+02, 1.57466995e+02,
    2.33539993e+02, 1.54274994e+02, 2.66631989e+02, 1.43835999e+02,
    2.93829010e+02, 1.49078995e+02, 3.09032013e+02, 1.71097000e+02,
    3.16372009e+02, 1.97834000e+02, 3.07459991e+02, 2.06746994e+02,
    2.91208008e+02, 1.96363007e+02, 2.63046997e+02, 1.91018997e+02,
    2.34589005e+02, 1.56417999e+02, 3.06934998e+02, 1.88397995e+02,
    3.05886993e+02, 1.29156998e+02, 3.39963013e+02, 1.52666000e+02,
    3.35088989e+02, 1.65817993e+02, 3.34480988e+02, 1.74766998e+02,
    3.35244995e+02, 1.85445007e+02, 3.33873993e+02, 2.00822998e+02,
    3.34480988e+02, 2.19328995e+02, 3.40487000e+02, 1.97623001e+02,
    3.52088989e+02, 1.84792999e+02, 3.56694000e+02, 1.71097000e+02,
    3.59359985e+02, 1.56472000e+02, 3.55981995e+02, 1.44587997e+02,
    3.50105011e+02, 1.56712997e+02, 3.42980011e+02, 1.72494995e+02,
    3.44800995e+02, 1.89897003e+02, 3.41967987e+02, 1.90098999e+02,
    3.39135010e+02, 1.72899994e+02, 3.40147003e+02, 1.58735992e+02,
    3.38730988e+02, 1.72794998e+02, 3.43002991e+02, 1.70572998e+02,
    3.00644012e+02 ]
noOfLandmarkPoint: 68
