%YAML:1.0
landmark: [ 5.39113007e+01, 2.82628998e+02, 5.79812012e+01,
    3.26084991e+02, 6.89082031e+01, 3.68210999e+02, 8.55579987e+01,
    4.08562988e+02, 1.04975998e+02, 4.47613007e+02, 1.33796997e+02,
    4.80153015e+02, 1.71531998e+02, 5.01420990e+02, 2.14462997e+02,
    5.08154999e+02, 2.56579987e+02, 4.98886993e+02, 2.92006989e+02,
    4.73542999e+02, 3.16625000e+02, 4.37722992e+02, 3.30273987e+02,
    3.96359985e+02, 3.39191010e+02, 3.53631989e+02, 3.45545013e+02,
    3.10449005e+02, 3.51278992e+02, 2.67174011e+02, 3.27829987e+02,
    2.44259003e+02, 2.96876007e+02, 2.34401001e+02, 2.59835999e+02,
    2.41160004e+02, 2.48425995e+02, 2.51186005e+02, 2.63065002e+02,
    2.52033997e+02, 2.90029999e+02, 2.48608002e+02, 9.17482986e+01,
    2.58114014e+02, 1.26864998e+02, 2.46457993e+02, 1.63516998e+02,
    2.52205994e+02, 1.87673004e+02, 2.62911011e+02, 1.63324005e+02,
    2.64298004e+02, 1.34658997e+02, 2.61096008e+02, 1.18508003e+02,
    2.77873993e+02, 1.45285004e+02, 2.67636993e+02, 1.71882004e+02,
    2.75975006e+02, 1.44059006e+02, 2.84579987e+02, 1.38112000e+02,
    2.75700989e+02, 2.96169006e+02, 2.66768005e+02, 2.74535004e+02,
    2.59553986e+02, 2.50358994e+02, 2.72763000e+02, 2.78441986e+02,
    2.76123993e+02, 2.74006012e+02, 2.66640991e+02, 1.90337997e+02,
    2.83694000e+02, 1.89272003e+02, 3.34854004e+02, 1.75416000e+02,
    3.52972992e+02, 1.85542007e+02, 3.73223999e+02, 2.23378998e+02,
    3.81751007e+02, 2.54287994e+02, 3.69493988e+02, 2.57484985e+02,
    3.49776001e+02, 2.45761002e+02, 3.34854004e+02, 2.36169006e+02,
    2.79431000e+02, 1.95134003e+02, 3.72157990e+02, 2.43628998e+02,
    3.69493988e+02, 1.77548004e+02, 4.12127014e+02, 1.94369995e+02,
    4.05371002e+02, 2.08839996e+02, 4.04184998e+02, 2.22845993e+02,
    4.05731995e+02, 2.36666000e+02, 4.01526001e+02, 2.48936005e+02,
    4.00623993e+02, 2.65479004e+02, 4.04132996e+02, 2.58325012e+02,
    4.18686005e+02, 2.42393997e+02, 4.31268005e+02, 2.25509995e+02,
    4.41437988e+02, 2.02214005e+02, 4.35574005e+02, 1.82906998e+02,
    4.25778015e+02, 1.97266006e+02, 4.24916992e+02, 2.24444000e+02,
    4.28114990e+02, 2.44695007e+02, 4.20121002e+02, 2.38641998e+02,
    4.08295990e+02, 2.24444000e+02, 4.13726013e+02, 2.04630997e+02,
    4.11255005e+02, 2.25509995e+02, 4.20121002e+02, 2.23912003e+02,
    3.59901001e+02 ]
noOfLandmarkPoint: 68
