%YAML:1.0
landmark: [ 4.70075989e+01, 2.44087997e+02, 5.25914993e+01,
    2.76256989e+02, 6.02666016e+01, 3.07988007e+02, 6.81600037e+01,
    3.39660004e+02, 8.37994003e+01, 3.68135986e+02, 1.08250000e+02,
    3.89420990e+02, 1.37529999e+02, 4.03833008e+02, 1.68959000e+02,
    4.12127014e+02, 2.01494995e+02, 4.10438995e+02, 2.32559006e+02,
    4.00847992e+02, 2.60382996e+02, 3.83856995e+02, 2.81648010e+02,
    3.59377014e+02, 2.94820007e+02, 3.29559998e+02, 3.05149994e+02,
    2.99598999e+02, 3.15571991e+02, 2.67681000e+02, 2.81938995e+02,
    2.45091995e+02, 2.60352997e+02, 2.26016006e+02, 2.18908005e+02,
    2.20697006e+02, 2.01619995e+02, 2.30533997e+02, 2.24210007e+02,
    2.32039993e+02, 2.54830994e+02, 2.37059998e+02, 7.61230011e+01,
    2.25011993e+02, 1.00073997e+02, 2.07764008e+02, 1.30970993e+02,
    2.10464005e+02, 1.48408997e+02, 2.23003998e+02, 1.23309998e+02,
    2.20996002e+02, 1.00720001e+02, 2.19992004e+02, 1.02254997e+02,
    2.48983002e+02, 1.22902000e+02, 2.39578003e+02, 1.41054001e+02,
    2.51518997e+02, 1.22583000e+02, 2.55102997e+02, 1.19293999e+02,
    2.45091995e+02, 2.52016006e+02, 2.64841003e+02, 2.33018005e+02,
    2.52751007e+02, 2.13826996e+02, 2.59362000e+02, 2.31561996e+02,
    2.66132996e+02, 2.28727997e+02, 2.56135986e+02, 1.58951004e+02,
    2.58143005e+02, 1.49914993e+02, 2.90270996e+02, 1.40880005e+02,
    3.04325989e+02, 1.45899994e+02, 3.17880005e+02, 1.69492996e+02,
    3.22398010e+02, 1.94591995e+02, 3.22899994e+02, 1.96600006e+02,
    3.08342010e+02, 1.90074997e+02, 2.91777008e+02, 1.89070999e+02,
    2.63162994e+02, 1.54432999e+02, 3.14365997e+02, 1.82042999e+02,
    3.16373993e+02, 1.31843994e+02, 3.46493988e+02, 1.42524002e+02,
    3.42183014e+02, 1.58210999e+02, 3.42265991e+02, 1.67987000e+02,
    3.44988007e+02, 1.80619995e+02, 3.44234985e+02, 1.94766998e+02,
    3.48118988e+02, 2.03126007e+02, 3.54524994e+02, 1.92354996e+02,
    3.65433014e+02, 1.78438995e+02, 3.67303986e+02, 1.68990997e+02,
    3.68079010e+02, 1.54436996e+02, 3.64041992e+02, 1.43526001e+02,
    3.59231995e+02, 1.53251999e+02, 3.52420013e+02, 1.67876999e+02,
    3.55480988e+02, 1.86612000e+02, 3.55984985e+02, 1.87408005e+02,
    3.51141998e+02, 1.68302002e+02, 3.50247986e+02, 1.52104996e+02,
    3.47156006e+02, 1.68210007e+02, 3.53696991e+02, 1.70496994e+02,
    3.05329987e+02 ]
noOfLandmarkPoint: 68
