%YAML:1.0
landmark: [ 6.76411972e+01, 2.49983994e+02, 7.23927994e+01,
    2.85140991e+02, 7.80761032e+01, 3.20145996e+02, 9.09569016e+01,
    3.53105011e+02, 1.09890999e+02, 3.83066986e+02, 1.33253998e+02,
    4.09723999e+02, 1.59468994e+02, 4.33407990e+02, 1.94126999e+02,
    4.35033997e+02, 2.27231995e+02, 4.22415985e+02, 2.58880005e+02,
    4.06447998e+02, 2.82546997e+02, 3.80373993e+02, 2.98760986e+02,
    3.48873993e+02, 3.08234985e+02, 3.14756012e+02, 3.13368011e+02,
    2.79654999e+02, 3.14535004e+02, 2.44255005e+02, 2.82761993e+02,
    2.21856995e+02, 2.45688004e+02, 2.06738998e+02, 2.13987000e+02,
    2.12720993e+02, 1.93692993e+02, 2.30190994e+02, 2.15942993e+02,
    2.24695999e+02, 2.45923996e+02, 2.19018005e+02, 6.76411972e+01,
    2.23940002e+02, 9.19862976e+01, 2.07690002e+02, 1.18272003e+02,
    2.16811996e+02, 1.40042999e+02, 2.35921005e+02, 1.12754997e+02,
    2.29106003e+02, 9.21222992e+01, 2.22378006e+02, 9.40044022e+01,
    2.52195999e+02, 1.12713997e+02, 2.39380005e+02, 1.38345993e+02,
    2.53901993e+02, 1.13398003e+02, 2.60454010e+02, 1.16082001e+02,
    2.47380005e+02, 2.54863007e+02, 2.48190002e+02, 2.29072006e+02,
    2.36375000e+02, 2.04673004e+02, 2.53345993e+02, 2.32095993e+02,
    2.59054993e+02, 2.32757996e+02, 2.45817001e+02, 1.49938995e+02,
    2.60402008e+02, 1.45772003e+02, 2.92696014e+02, 1.36917007e+02,
    3.20822998e+02, 1.42647003e+02, 3.32803009e+02, 1.67649002e+02,
    3.39574005e+02, 1.95776001e+02, 3.30199005e+02, 2.06194000e+02,
    3.10406006e+02, 1.94733994e+02, 2.91132996e+02, 1.94733994e+02,
    2.63006012e+02, 1.49417999e+02, 3.27593994e+02, 1.84317001e+02,
    3.27593994e+02, 1.24936996e+02, 3.47388000e+02, 1.42197006e+02,
    3.45402008e+02, 1.60089005e+02, 3.43610992e+02, 1.79826004e+02,
    3.49045990e+02, 1.96843002e+02, 3.41612000e+02, 2.13619995e+02,
    3.43622009e+02, 2.42654999e+02, 3.44782990e+02, 2.17677002e+02,
    3.69688995e+02, 1.99727997e+02, 3.81776001e+02, 1.83626999e+02,
    3.88950989e+02, 1.61048996e+02, 3.84445007e+02, 1.44149994e+02,
    3.73089996e+02, 1.54886993e+02, 3.62937012e+02, 1.80477997e+02,
    3.66414001e+02, 2.05673004e+02, 3.58891998e+02, 2.03050995e+02,
    3.49882996e+02, 1.78362000e+02, 3.54352997e+02, 1.56862000e+02,
    3.51973999e+02, 1.79807999e+02, 3.60295013e+02, 1.59835999e+02,
    3.16656006e+02 ]
noOfLandmarkPoint: 68
