%YAML:1.0
landmark: [ 6.10968018e+01, 2.51613007e+02, 6.74209976e+01,
    2.90682007e+02, 7.35363998e+01, 3.29783997e+02, 8.31452026e+01,
    3.68113007e+02, 1.02960999e+02, 4.02199005e+02, 1.30871994e+02,
    4.30110992e+02, 1.65214996e+02, 4.49549988e+02, 2.03705994e+02,
    4.56945007e+02, 2.41529007e+02, 4.45894012e+02, 2.75350006e+02,
    4.25631989e+02, 3.03684998e+02, 3.98093994e+02, 3.21529999e+02,
    3.63046997e+02, 3.31085999e+02, 3.24678009e+02, 3.35053009e+02,
    2.85312012e+02, 3.39322998e+02, 2.45968002e+02, 3.27226013e+02,
    2.16128998e+02, 3.08841003e+02, 1.94492004e+02, 2.75114990e+02,
    1.91988007e+02, 2.51419006e+02, 2.07257996e+02, 2.79644989e+02,
    2.04031998e+02, 3.08677002e+02, 2.08065002e+02, 8.93226013e+01,
    2.17742004e+02, 1.19723999e+02, 1.98065994e+02, 1.46048004e+02,
    1.96130997e+02, 1.75613007e+02, 2.14516006e+02, 1.43404999e+02,
    2.08632004e+02, 1.15934998e+02, 2.10483994e+02, 1.19968002e+02,
    2.47580994e+02, 1.43945007e+02, 2.30358994e+02, 1.72276993e+02,
    2.44819000e+02, 1.46709000e+02, 2.53888000e+02, 1.44160995e+02,
    2.41934998e+02, 2.92548004e+02, 2.42742004e+02, 2.69790009e+02,
    2.27477997e+02, 2.44160995e+02, 2.44354996e+02, 2.70877991e+02,
    2.50671005e+02, 2.65128998e+02, 2.37097000e+02, 1.87710007e+02,
    2.47580994e+02, 1.88516006e+02, 2.85484009e+02, 1.79645004e+02,
    3.11290009e+02, 1.86097000e+02, 3.23386993e+02, 2.11097000e+02,
    3.24194000e+02, 2.32871002e+02, 3.23386993e+02, 2.44160995e+02,
    3.11290009e+02, 2.34483994e+02, 2.84677002e+02, 2.31257996e+02,
    2.46774002e+02, 1.97619995e+02, 3.15751007e+02, 2.23500000e+02,
    3.16114990e+02, 1.63516006e+02, 3.73184998e+02, 1.84550995e+02,
    3.62838013e+02, 2.05968002e+02, 3.57796997e+02, 2.11701996e+02,
    3.61290009e+02, 2.23091995e+02, 3.56953003e+02, 2.38201996e+02,
    3.62299011e+02, 2.52830994e+02, 3.69556000e+02, 2.45955002e+02,
    3.77484985e+02, 2.31352997e+02, 3.82355988e+02, 2.12104996e+02,
    3.85282013e+02, 1.96197998e+02, 3.84151001e+02, 1.80041000e+02,
    3.80691986e+02, 1.89056000e+02, 3.72210999e+02, 2.11903000e+02,
    3.72782013e+02, 2.35451996e+02, 3.71446991e+02, 2.35285004e+02,
    3.68308014e+02, 2.11701996e+02, 3.68951996e+02, 1.88936996e+02,
    3.69187988e+02, 2.11903000e+02, 3.70565002e+02, 2.13516006e+02,
    3.02419006e+02 ]
noOfLandmarkPoint: 68
