%YAML:1.0
landmark: [ 9.74350967e+01, 2.66016998e+02, 9.52388992e+01,
    3.24407013e+02, 9.86820984e+01, 3.61806000e+02, 1.07360001e+02,
    3.96421997e+02, 1.31210999e+02, 4.32936005e+02, 1.62755005e+02,
    4.63330994e+02, 2.01766006e+02, 4.83230988e+02, 2.43425995e+02,
    4.94750000e+02, 2.87260986e+02, 4.95194000e+02, 3.31183014e+02,
    4.82661011e+02, 3.51778992e+02, 4.49976990e+02, 3.75082001e+02,
    4.10256012e+02, 3.86484009e+02, 3.71488007e+02, 3.92755005e+02,
    3.33860992e+02, 3.95605988e+02, 2.84830994e+02, 3.86484009e+02,
    2.41501999e+02, 3.68239990e+02, 2.19837006e+02, 3.31944000e+02,
    2.30386993e+02, 3.23200989e+02, 2.54044006e+02, 3.42039001e+02,
    2.43457001e+02, 3.70520996e+02, 2.33520004e+02, 1.51595993e+02,
    2.43781998e+02, 1.88501999e+02, 2.16059006e+02, 2.42815002e+02,
    2.25539001e+02, 2.63908997e+02, 2.46063004e+02, 2.33123001e+02,
    2.40362000e+02, 1.93214996e+02, 2.29529007e+02, 1.88084000e+02,
    2.72858002e+02, 2.15923996e+02, 2.60942993e+02, 2.49212006e+02,
    2.79269989e+02, 2.14675003e+02, 2.86207001e+02, 2.10317993e+02,
    2.71148010e+02, 3.61968994e+02, 2.76848999e+02, 3.42903992e+02,
    2.65334991e+02, 3.15790009e+02, 2.78558990e+02, 3.42882996e+02,
    2.83674011e+02, 3.36313995e+02, 2.72858002e+02, 2.71321014e+02,
    2.86540985e+02, 2.71890991e+02, 3.26449005e+02, 2.59347992e+02,
    3.46403015e+02, 2.75311005e+02, 3.64076996e+02, 3.10088013e+02,
    3.72058014e+02, 3.33463013e+02, 3.61795990e+02, 3.35174011e+02,
    3.43553009e+02, 3.25481995e+02, 3.27019012e+02, 3.13509003e+02,
    2.88821014e+02, 2.84433014e+02, 3.57234985e+02, 3.24911011e+02,
    3.61795990e+02, 2.38253998e+02, 4.06265015e+02, 2.66226990e+02,
    3.91248993e+02, 2.93949005e+02, 3.86938995e+02, 3.04386993e+02,
    3.93153015e+02, 3.13914001e+02, 3.88397003e+02, 3.25503998e+02,
    3.92664001e+02, 3.39734009e+02, 4.06834991e+02, 3.36001007e+02,
    4.17093994e+02, 3.17151001e+02, 4.26886993e+02, 2.99256012e+02,
    4.27929993e+02, 2.76895996e+02, 4.26040985e+02, 2.55054001e+02,
    4.20083008e+02, 2.67220001e+02, 4.10467010e+02, 3.01473999e+02,
    4.15382996e+02, 3.21585999e+02, 4.13158997e+02, 3.20421997e+02,
    3.99153992e+02, 3.03247009e+02, 4.01134003e+02, 2.70227997e+02,
    3.97312988e+02, 3.02106995e+02, 4.07976013e+02, 3.14648987e+02,
    3.50963989e+02 ]
noOfLandmarkPoint: 68
