%YAML:1.0
landmark: [ 1.01806000e+02, 2.12903000e+02, 9.50807037e+01,
    2.51503998e+02, 9.06476974e+01, 2.90352997e+02, 9.41754990e+01,
    3.29348999e+02, 1.08341003e+02, 3.65686005e+02, 1.29880005e+02,
    3.98398010e+02, 1.57878006e+02, 4.25699005e+02, 1.91845993e+02,
    4.45057007e+02, 2.28796997e+02, 4.57420990e+02, 2.65265015e+02,
    4.45765991e+02, 2.89843994e+02, 4.15346985e+02, 3.15750000e+02,
    3.86023010e+02, 3.33046997e+02, 3.50893005e+02, 3.47196991e+02,
    3.14346985e+02, 3.54226013e+02, 2.75806000e+02, 3.65552002e+02,
    2.35154999e+02, 3.49563995e+02, 2.23688004e+02, 3.27606995e+02,
    2.17867996e+02, 3.22773987e+02, 225., 3.35234985e+02, 2.27781006e+02,
    3.48345001e+02, 2.33516006e+02, 1.80031998e+02, 1.95160995e+02,
    2.02500000e+02, 1.85994003e+02, 2.44720001e+02, 1.91552002e+02,
    2.69687012e+02, 2.12212997e+02, 2.31996994e+02, 1.99923004e+02,
    2.03319000e+02, 1.95005997e+02, 1.79585007e+02, 2.28561996e+02,
    2.17251999e+02, 2.16705994e+02, 2.40102997e+02, 2.41526001e+02,
    2.09809998e+02, 2.42651993e+02, 2.13097000e+02, 2.27419006e+02,
    3.38096985e+02, 2.66128998e+02, 3.21104004e+02, 2.47947006e+02,
    2.93480011e+02, 2.54645004e+02, 3.17994995e+02, 2.67631989e+02,
    3.14709991e+02, 2.56451996e+02, 2.58257996e+02, 2.49194000e+02,
    2.58937012e+02, 2.88140015e+02, 2.38240005e+02, 3.10054993e+02,
    2.46457993e+02, 3.22838013e+02, 2.76591003e+02, 3.39882996e+02,
    2.94548004e+02, 3.33795990e+02, 3.03375000e+02, 3.20708008e+02,
    2.93636993e+02, 2.91808990e+02, 2.99386993e+02, 2.56451996e+02,
    2.61067993e+02, 3.23446991e+02, 2.91505005e+02, 3.30143005e+02,
    1.88322998e+02, 3.45362000e+02, 2.23932999e+02, 3.47756012e+02,
    2.50744995e+02, 3.52157013e+02, 2.67934998e+02, 3.60484009e+02,
    2.77615997e+02, 3.58734009e+02, 2.85924011e+02, 3.61520996e+02,
    2.92417999e+02, 3.65450012e+02, 2.79584991e+02, 3.90807007e+02,
    2.62803986e+02, 4.01572998e+02, 251., 4.05644989e+02, 2.24531998e+02,
    3.93945007e+02, 2.05020996e+02, 3.76364014e+02, 2.19182007e+02,
    3.73915985e+02, 2.56502014e+02, 3.88278015e+02, 2.71157013e+02,
    3.84882996e+02, 2.75082001e+02, 3.67674011e+02, 2.65632996e+02,
    3.66058990e+02, 2.27824005e+02, 3.56548004e+02, 2.61675995e+02,
    3.76407013e+02, 2.91200012e+02, 3.17054993e+02 ]
noOfLandmarkPoint: 68
