%YAML:1.0
landmark: [ 6.26579018e+01, 2.64937988e+02, 6.84117966e+01,
    2.98347992e+02, 7.69000015e+01, 3.31130005e+02, 9.14558029e+01,
    3.61721985e+02, 1.07019997e+02, 3.91841003e+02, 1.26185997e+02,
    4.19631989e+02, 1.54341995e+02, 4.38023987e+02, 1.87781006e+02,
    4.39161011e+02, 2.18789993e+02, 4.25847992e+02, 2.45996994e+02,
    4.05651001e+02, 2.70997986e+02, 3.82885986e+02, 2.86529999e+02,
    3.52873993e+02, 2.98132996e+02, 3.21039001e+02, 3.05636993e+02,
    2.87983002e+02, 3.14884003e+02, 2.55371994e+02, 2.66553009e+02,
    2.33723999e+02, 2.43897995e+02, 2.26171997e+02, 2.14195007e+02,
    2.27682999e+02, 1.93050003e+02, 2.35738007e+02, 2.16712006e+02,
    2.38759003e+02, 2.37352997e+02, 2.35738007e+02, 6.71889038e+01,
    2.34227997e+02, 8.98439026e+01, 2.18117004e+02, 1.21056999e+02,
    2.26171997e+02, 1.31126007e+02, 2.34227997e+02, 1.13001999e+02,
    2.32716995e+02, 9.33679962e+01, 2.26675995e+02, 8.82409973e+01,
    2.57790009e+02, 1.06675003e+02, 2.51641006e+02, 1.34673004e+02,
    2.58324005e+02, 1.08559998e+02, 2.67005005e+02, 1.05450996e+02,
    2.57385986e+02, 2.47835007e+02, 2.59252014e+02, 2.23451996e+02,
    2.55018997e+02, 1.98399994e+02, 2.63618988e+02, 2.24139999e+02,
    2.68191010e+02, 2.23257004e+02, 2.59399994e+02, 1.42705994e+02,
    2.65441010e+02, 1.37167999e+02, 3.00178986e+02, 1.28608994e+02,
    3.20820007e+02, 1.32132996e+02, 3.33910004e+02, 1.57809006e+02,
    3.43475006e+02, 1.88016006e+02, 3.35420013e+02, 1.93554001e+02,
    3.17295990e+02, 1.78953995e+02, 3.00178986e+02, 1.74423004e+02,
    2.63427002e+02, 1.40638000e+02, 3.32819000e+02, 1.71401993e+02,
    3.32398987e+02, 1.24582001e+02, 3.72170990e+02, 1.41651993e+02,
    3.64364014e+02, 1.54591003e+02, 3.63498993e+02, 1.63671997e+02,
    3.66382996e+02, 1.73966003e+02, 3.62937012e+02, 1.90983994e+02,
    3.65761993e+02, 2.08656998e+02, 3.72674988e+02, 1.98796005e+02,
    3.82710999e+02, 1.84787994e+02, 3.91367004e+02, 1.66016006e+02,
    3.96174011e+02, 1.49483994e+02, 3.93235992e+02, 1.37341995e+02,
    3.85662994e+02, 1.45908005e+02, 3.80048004e+02, 1.64856995e+02,
    3.83751007e+02, 1.89761002e+02, 3.78957001e+02, 1.88572998e+02,
    3.72971985e+02, 1.65093994e+02, 3.75029999e+02, 1.46416000e+02,
    3.73403992e+02, 1.65270996e+02, 3.77779999e+02, 1.48746994e+02,
    3.17295990e+02 ]
noOfLandmarkPoint: 68
