%YAML:1.0
landmark: [ 5.34807014e+01, 2.47610001e+02, 5.36675987e+01,
    2.86489014e+02, 5.70877991e+01, 3.25221985e+02, 6.41882019e+01,
    3.63398987e+02, 7.86457977e+01, 3.99450012e+02, 9.89746017e+01,
    4.32519989e+02, 1.29003998e+02, 4.56566986e+02, 1.66718994e+02,
    4.64632996e+02, 2.05046005e+02, 4.58643005e+02, 2.39990997e+02,
    4.42264008e+02, 2.66415009e+02, 4.13867004e+02, 2.84382996e+02,
    3.79579987e+02, 2.94346008e+02, 3.42006989e+02, 3.02169006e+02,
    3.03915009e+02, 3.08803009e+02, 2.65598999e+02, 2.89653992e+02,
    2.33682999e+02, 2.63968994e+02, 2.07072998e+02, 2.34154007e+02,
    2.06279999e+02, 2.07835007e+02, 2.23817993e+02, 2.33194000e+02,
    2.22449997e+02, 2.56804993e+02, 2.21042007e+02, 6.37318001e+01,
    2.27968994e+02, 9.17790985e+01, 2.01188004e+02, 1.26596001e+02,
    2.05250000e+02, 1.49227005e+02, 2.20337006e+02, 1.19220001e+02,
    2.15619995e+02, 9.17425003e+01, 2.12337006e+02, 9.50990982e+01,
    2.40895996e+02, 1.18832001e+02, 2.28223999e+02, 1.46307999e+02,
    2.44442001e+02, 1.17601997e+02, 2.48429993e+02, 1.21373001e+02,
    2.38324997e+02, 2.58319000e+02, 2.53412994e+02, 2.34270996e+02,
    2.37983002e+02, 2.09576004e+02, 2.48770004e+02, 2.35725998e+02,
    2.55723999e+02, 2.33367004e+02, 2.46449005e+02, 1.57350998e+02,
    2.54572998e+02, 1.41682999e+02, 2.98093994e+02, 1.30658005e+02,
    3.12601013e+02, 1.37621002e+02, 3.30010010e+02, 1.70117004e+02,
    3.43936005e+02, 2.02612000e+02, 3.32911011e+02, 2.07835007e+02,
    3.22466003e+02, 1.99710999e+02, 2.99834991e+02, 1.95069000e+02,
    2.56313995e+02, 1.50386993e+02, 3.31750000e+02, 1.87524994e+02,
    3.33490997e+02, 1.03964996e+02, 3.53800995e+02, 1.30408997e+02,
    3.53597992e+02, 1.50856995e+02, 3.56381989e+02, 1.67796005e+02,
    3.61924988e+02, 1.87537003e+02, 3.59524994e+02, 2.05798996e+02,
    3.60183014e+02, 2.31046005e+02, 3.63665985e+02, 2.13860001e+02,
    3.90199005e+02, 1.92804001e+02, 4.04500000e+02, 1.67214996e+02,
    4.10667999e+02, 1.34190002e+02, 4.00330994e+02, 1.15752998e+02,
    3.83096985e+02, 1.33464005e+02, 3.81372009e+02, 1.66936996e+02,
    3.90342010e+02, 1.94761002e+02, 3.84863007e+02, 1.93725006e+02,
    3.68782013e+02, 1.68173996e+02, 3.69778015e+02, 1.39335007e+02,
    3.64725006e+02, 1.67412003e+02, 3.81183990e+02, 1.68376007e+02,
    3.30589996e+02 ]
noOfLandmarkPoint: 68
