%YAML:1.0
landmark: [ 1.04595001e+02, 3.54138000e+02, 1.30061996e+02,
    3.91375000e+02, 1.57610992e+02, 4.27067993e+02, 1.90044998e+02,
    4.58381989e+02, 2.25774002e+02, 4.85842987e+02, 2.66699005e+02,
    5.04625000e+02, 3.10584015e+02, 5.13752014e+02, 3.52234985e+02,
    4.98178009e+02, 3.81585999e+02, 4.64312012e+02, 4.00196991e+02,
    4.23291992e+02, 4.11416992e+02, 3.79699005e+02, 4.09989990e+02,
    3.34750000e+02, 3.99105011e+02, 2.91007996e+02, 3.84855011e+02,
    2.48207993e+02, 3.68977997e+02, 2.05981003e+02, 3.21083008e+02,
    1.98955994e+02, 2.66391998e+02, 1.85212997e+02, 2.40335007e+02,
    1.97380005e+02, 2.17628006e+02, 2.29610001e+02, 2.45606995e+02,
    2.13843994e+02, 2.72548004e+02, 1.98317993e+02, 9.18224030e+01,
    3.20291992e+02, 1.02011002e+02, 2.86662994e+02, 1.20559998e+02,
    2.74312012e+02, 1.55044998e+02, 2.74312012e+02, 1.27563004e+02,
    2.87602997e+02, 1.12556999e+02, 3.00540009e+02, 1.28817993e+02,
    3.35170013e+02, 1.41401001e+02, 3.08652008e+02, 1.77350006e+02,
    3.06635010e+02, 1.55567001e+02, 3.33579987e+02, 1.49936005e+02,
    3.16459991e+02, 2.96893005e+02, 2.31570999e+02, 2.62934998e+02,
    2.30548004e+02, 2.45065994e+02, 2.62306000e+02, 2.77738007e+02,
    2.54716995e+02, 2.72548004e+02, 2.39188995e+02, 1.91445007e+02,
    3.03687988e+02, 2.06132996e+02, 3.45197998e+02, 2.11242004e+02,
    3.77766998e+02, 2.29123001e+02, 3.89260986e+02, 2.52751007e+02,
    3.75212006e+02, 2.85320007e+02, 3.52221985e+02, 2.82765991e+02,
    3.34980011e+02, 2.54667007e+02, 3.17098999e+02, 2.29761993e+02,
    2.82614014e+02, 2.30162994e+02, 3.72424011e+02, 2.63608002e+02,
    3.52221985e+02, 2.45727005e+02, 4.44182007e+02, 2.53563995e+02,
    4.31364014e+02, 2.64415009e+02, 4.20428009e+02, 2.80212006e+02,
    4.13528992e+02, 2.97264008e+02, 4.01250000e+02, 3.13394012e+02,
    3.96630005e+02, 3.39601990e+02, 3.90539001e+02, 3.21635986e+02,
    4.23608002e+02, 3.07868011e+02, 4.37872009e+02, 2.92345001e+02,
    4.48013000e+02, 2.73828003e+02, 4.54441986e+02, 2.62171997e+02,
    4.52252991e+02, 2.69634003e+02, 4.39257996e+02, 2.89203003e+02,
    4.31920990e+02, 3.07122986e+02, 4.18186005e+02, 3.05522003e+02,
    4.15968994e+02, 2.86890015e+02, 4.26428009e+02, 2.69329987e+02,
    4.33592010e+02, 2.88493011e+02, 4.29645996e+02, 2.32955002e+02,
    3.47752014e+02 ]
noOfLandmarkPoint: 68
