%YAML:1.0
landmark: [ 6.51318970e+01, 2.11975998e+02, 7.01207962e+01,
    2.33091995e+02, 7.74232025e+01, 2.60071991e+02, 9.18519974e+01,
    2.96946014e+02, 1.04142998e+02, 3.24200012e+02, 1.21778999e+02,
    3.41835999e+02, 1.45292007e+02, 3.58936005e+02, 1.83768997e+02,
    3.70692993e+02, 2.15298996e+02, 3.63746002e+02, 2.40416000e+02,
    3.49316986e+02, 2.64997986e+02, 3.26338013e+02, 2.81029999e+02,
    2.94273987e+02, 2.88511993e+02, 2.59002991e+02, 2.95993988e+02,
    2.21595001e+02, 2.98131012e+02, 1.95408997e+02, 2.82098999e+02,
    1.80445999e+02, 2.53895004e+02, 1.74813995e+02, 2.27037003e+02,
    1.75386993e+02, 2.00335999e+02, 1.84720993e+02, 2.28776001e+02,
    1.84563004e+02, 2.50014999e+02, 1.84910995e+02, 8.43703995e+01,
    1.89531006e+02, 1.19205002e+02, 1.79725006e+02, 1.41651001e+02,
    1.80257004e+02, 1.55445999e+02, 1.85255997e+02, 1.33261002e+02,
    1.88143997e+02, 1.08990997e+02, 1.92453003e+02, 1.09652000e+02,
    2.03011993e+02, 1.27280998e+02, 1.90643997e+02, 1.51156998e+02,
    2.03475006e+02, 1.28214005e+02, 2.07692001e+02, 1.25518997e+02,
    1.99149994e+02, 2.55552002e+02, 1.94141998e+02, 2.30492996e+02,
    1.86373001e+02, 2.12449997e+02, 1.99231003e+02, 2.34065994e+02,
    2.01964005e+02, 2.29192993e+02, 1.94341003e+02, 1.63462006e+02,
    2.07166000e+02, 1.62927002e+02, 2.47781006e+02, 1.53307999e+02,
    2.66484985e+02, 1.57048996e+02, 2.81447998e+02, 1.83235001e+02,
    2.85188995e+02, 2.09955002e+02, 2.78776001e+02, 2.12626999e+02,
    2.63278015e+02, 2.02473007e+02, 2.43505997e+02, 1.94992004e+02,
    2.05563004e+02, 1.66134003e+02, 2.78242004e+02, 1.97128998e+02,
    2.75570007e+02, 1.42085999e+02, 3.02290009e+02, 1.60608002e+02,
    2.93480011e+02, 1.73276001e+02, 2.92356995e+02, 1.84304001e+02,
    2.94273987e+02, 1.96505005e+02, 2.90600006e+02, 2.10330002e+02,
    2.91490997e+02, 2.15832993e+02, 2.97480011e+02, 2.09832993e+02,
    3.11765015e+02, 1.97481003e+02, 3.19191986e+02, 1.81632004e+02,
    3.20993988e+02, 1.66011993e+02, 3.19470001e+02, 1.53070007e+02,
    3.12157990e+02, 1.67227005e+02, 3.07118011e+02, 1.80563004e+02,
    3.09770996e+02, 2.01494003e+02, 3.05321991e+02, 2.02278000e+02,
    3.00002014e+02, 1.81363007e+02, 3.00708008e+02, 1.68337997e+02,
    3.02596008e+02, 1.82166000e+02, 3.04427002e+02, 1.82166000e+02,
    2.68622009e+02 ]
noOfLandmarkPoint: 68
