%YAML:1.0
landmark: [ 7.88509979e+01, 2.70953003e+02, 8.42220001e+01,
    3.08576996e+02, 9.02823029e+01, 3.46095001e+02, 1.00683998e+02,
    3.82506012e+02, 1.24735001e+02, 4.11806000e+02, 1.53630997e+02,
    4.36342987e+02, 1.88804993e+02, 4.50411987e+02, 2.25410004e+02,
    4.60421997e+02, 2.63290009e+02, 4.62795990e+02, 2.95971985e+02,
    4.47050995e+02, 3.19355988e+02, 4.17175995e+02, 3.31679993e+02,
    3.81341003e+02, 3.37873993e+02, 3.43953003e+02, 3.35118988e+02,
    3.06070007e+02, 3.32359985e+02, 2.68191010e+02, 3.29598999e+02,
    2.35052994e+02, 3.25731995e+02, 2.22350006e+02, 3.04494995e+02,
    2.18654999e+02, 2.77128998e+02, 2.34501007e+02, 3.01141998e+02,
    2.31472000e+02, 3.19105011e+02, 2.30082001e+02, 1.51203003e+02,
    2.35052994e+02, 1.69376999e+02, 2.17306000e+02, 203., 2.18466003e+02,
    2.27421997e+02, 2.32291000e+02, 1.98701996e+02, 2.25664001e+02,
    1.76057007e+02, 2.27320999e+02, 1.52686005e+02, 2.64335999e+02,
    1.88207993e+02, 2.47203995e+02, 2.17279007e+02, 2.63122009e+02,
    1.85817001e+02, 2.73697998e+02, 1.82132996e+02, 2.57696991e+02,
    3.13535004e+02, 2.61726990e+02, 2.95300995e+02, 2.47970993e+02,
    2.75048004e+02, 2.61699005e+02, 2.97360992e+02, 2.71239014e+02,
    2.90385010e+02, 2.59354004e+02, 2.37916000e+02, 2.69295990e+02,
    2.38468002e+02, 3.06852997e+02, 2.30735992e+02, 3.25631012e+02,
    2.45095993e+02, 3.40544006e+02, 2.76024994e+02, 3.41648010e+02,
    2.92593994e+02, 3.36677002e+02, 2.98669006e+02, 3.21765015e+02,
    2.92041992e+02, 3.02433990e+02, 2.72710999e+02, 2.64325012e+02,
    2.57799011e+02, 3.32259003e+02, 2.89832001e+02, 3.33915985e+02,
    2.16927994e+02, 3.85279999e+02, 2.39651993e+02, 3.74368011e+02,
    2.57635986e+02, 3.69003998e+02, 2.72158997e+02, 3.72576996e+02,
    2.82769012e+02, 3.68855988e+02, 2.92527008e+02, 3.72761993e+02,
    3.00878998e+02, 3.82519012e+02, 2.91537994e+02, 3.95164001e+02,
    2.79661987e+02, 4.01651001e+02, 2.68845001e+02, 4.02954010e+02,
    2.50514008e+02, 4.01759003e+02, 2.34759995e+02, 3.96938995e+02,
    2.47177994e+02, 3.85580994e+02, 2.70363007e+02, 3.88088989e+02,
    2.88183014e+02, 3.84691986e+02, 2.87020996e+02, 3.76937988e+02,
    2.69549988e+02, 3.77494995e+02, 2.46643005e+02, 3.78175995e+02,
    2.69927002e+02, 3.82713013e+02, 2.87071014e+02, 3.22869995e+02 ]
noOfLandmarkPoint: 68
