%YAML:1.0
landmark: [ 5.74552994e+01, 2.71390991e+02, 6.47220993e+01,
    3.19873993e+02, 7.27863998e+01, 3.68221008e+02, 8.57418976e+01,
    4.15476990e+02, 1.03755997e+02, 4.61032990e+02, 1.32093002e+02,
    5.00541992e+02, 1.77117996e+02, 5.18505981e+02, 2.25964996e+02,
    5.18450012e+02, 2.73299011e+02, 5.06100006e+02, 3.15786987e+02,
    4.82115997e+02, 3.45705994e+02, 4.43653992e+02, 3.62359009e+02,
    3.97687012e+02, 3.69781006e+02, 3.49261993e+02, 3.73153992e+02,
    3.00364014e+02, 3.73191986e+02, 2.51345001e+02, 3.31984985e+02,
    2.35753006e+02, 3.14290985e+02, 2.13938995e+02, 2.69617004e+02,
    2.21274002e+02, 2.29524002e+02, 2.39651001e+02, 2.69617004e+02,
    2.35753006e+02, 3.06925995e+02, 2.29070007e+02, 8.58548965e+01,
    2.48003006e+02, 1.03674004e+02, 2.24059006e+02, 1.47666000e+02,
    2.19046997e+02, 1.81076996e+02, 2.40207001e+02, 1.47666000e+02,
    2.41878006e+02, 1.13140999e+02, 2.36865997e+02, 1.11914001e+02,
    2.64914001e+02, 1.33979004e+02, 2.52822998e+02, 1.66470001e+02,
    2.65846008e+02, 1.35171005e+02, 2.73431000e+02, 1.31516998e+02,
    2.62481995e+02, 3.10852997e+02, 2.53617996e+02, 2.80990997e+02,
    2.43850006e+02, 2.51240005e+02, 2.61546997e+02, 2.85053009e+02,
    2.66450989e+02, 2.80753998e+02, 2.52457993e+02, 1.83860992e+02,
    2.68049988e+02, 1.77735992e+02, 3.07029999e+02, 1.62143997e+02,
    3.38213989e+02, 1.71054001e+02, 3.59373993e+02, 2.10589996e+02,
    3.60488007e+02, 2.43445007e+02, 3.57147003e+02, 2.55695999e+02,
    3.38213989e+02, 2.40104004e+02, 3.05915985e+02, 2.31751007e+02,
    2.68606995e+02, 1.86703995e+02, 3.51053986e+02, 2.30080002e+02,
    3.49351013e+02, 1.61587006e+02, 4.20627991e+02, 1.78882004e+02,
    4.12256989e+02, 1.94130005e+02, 4.05164001e+02, 2.07248993e+02,
    4.08934998e+02, 2.17011993e+02, 4.04295013e+02, 2.41143005e+02,
    4.09072998e+02, 2.66276001e+02, 4.15617004e+02, 2.56890015e+02,
    4.30334991e+02, 2.36860992e+02, 4.41720001e+02, 2.08919998e+02,
    4.47914001e+02, 1.88376999e+02, 4.44121002e+02, 1.70307999e+02,
    4.33372986e+02, 1.92091003e+02, 4.24734985e+02, 2.09477005e+02,
    4.27868011e+02, 2.38488007e+02, 4.23203003e+02, 2.36248001e+02,
    4.15490997e+02, 2.07806000e+02, 4.17843994e+02, 1.92550003e+02,
    4.16970001e+02, 2.08919998e+02, 4.21742004e+02, 2.07248993e+02,
    3.29303986e+02 ]
noOfLandmarkPoint: 68
