%YAML:1.0
landmark: [ 8.25481033e+01, 2.67781006e+02, 8.46418991e+01,
    3.07707001e+02, 9.00523987e+01, 3.47278992e+02, 1.01584000e+02,
    3.85540985e+02, 1.16186996e+02, 4.22699005e+02, 1.41490005e+02,
    4.53554993e+02, 1.74001999e+02, 4.76231995e+02, 2.13007004e+02,
    4.84377991e+02, 2.51981995e+02, 4.77886993e+02, 2.86872009e+02,
    4.58539001e+02, 3.13679993e+02, 4.29109985e+02, 3.32533997e+02,
    3.93924988e+02, 3.45222992e+02, 3.56033997e+02, 3.56717010e+02,
    3.17742004e+02, 3.68058990e+02, 2.79403992e+02, 3.61994995e+02,
    2.44535995e+02, 3.25932007e+02, 2.22473999e+02, 2.87204987e+02,
    2.23845993e+02, 2.59919006e+02, 2.35440002e+02, 2.84542999e+02,
    2.43800995e+02, 3.21977997e+02, 2.41893997e+02, 1.05792999e+02,
    2.33419006e+02, 1.38639999e+02, 2.12699997e+02, 1.86662003e+02,
    2.18505997e+02, 2.08880005e+02, 2.37966995e+02, 1.74858002e+02,
    2.36445007e+02, 1.38134003e+02, 2.28871002e+02, 1.37347000e+02,
    2.63532013e+02, 1.61175003e+02, 2.51595001e+02, 1.88209000e+02,
    2.65088013e+02, 1.61759003e+02, 2.69953003e+02, 1.61378998e+02,
    2.59191010e+02, 3.26226013e+02, 2.70959015e+02, 2.97699005e+02,
    2.54804993e+02, 2.72131012e+02, 2.68506989e+02, 2.97690002e+02,
    2.76765015e+02, 2.97817993e+02, 2.63739014e+02, 2.09386002e+02,
    2.72834991e+02, 2.03322006e+02, 3.13765991e+02, 1.89173004e+02,
    3.35494995e+02, 1.95742004e+02, 3.53687012e+02, 2.28587997e+02,
    3.64803986e+02, 2.58907990e+02, 3.58739990e+02, 2.64971985e+02,
    3.43580994e+02, 2.54360001e+02, 3.10734009e+02, 2.52843994e+02,
    2.72834991e+02, 2.07792007e+02, 3.51403992e+02, 2.44759003e+02,
    3.54191986e+02, 1.76033997e+02, 4.00177002e+02, 1.97061005e+02,
    3.88559998e+02, 2.13878006e+02, 3.83431000e+02, 2.26061996e+02,
    3.86533997e+02, 2.39630005e+02, 3.83627014e+02, 2.54214996e+02,
    3.89670990e+02, 2.66993011e+02, 4.01187988e+02, 2.55341003e+02,
    4.19274994e+02, 2.40535995e+02, 4.27131012e+02, 2.20503006e+02,
    4.29485992e+02, 2.03671997e+02, 4.26113007e+02, 1.90059998e+02,
    4.17277008e+02, 2.04167007e+02, 4.04898987e+02, 2.24054001e+02,
    4.06848999e+02, 2.40867996e+02, 4.04673004e+02, 2.41535995e+02,
    3.96881012e+02, 2.24326004e+02, 3.96109009e+02, 2.06098999e+02,
    3.97529999e+02, 2.24216003e+02, 4.01756012e+02, 2.30608994e+02,
    3.41558990e+02 ]
noOfLandmarkPoint: 68
