%YAML:1.0
landmark: [ 7.97966995e+01, 2.91747009e+02, 8.43116989e+01,
    3.30596008e+02, 9.32767029e+01, 3.68610992e+02, 1.03387001e+02,
    4.07864014e+02, 1.20511002e+02, 4.41105988e+02, 1.42169006e+02,
    4.73339996e+02, 1.76283005e+02, 4.88389008e+02, 2.15199997e+02,
    4.91471985e+02, 2.53136993e+02, 4.80773010e+02, 2.87011993e+02,
    4.61423004e+02, 3.12911011e+02, 4.34558014e+02, 3.26467010e+02,
    3.97502014e+02, 3.30444000e+02, 3.58592987e+02, 3.32755005e+02,
    3.19553986e+02, 3.32272003e+02, 2.80449005e+02, 2.96906006e+02,
    2.60800995e+02, 2.58515015e+02, 2.44675995e+02, 2.24266006e+02,
    2.52735001e+02, 2.00630997e+02, 2.65713013e+02, 2.29302994e+02,
    2.65326996e+02, 2.63048004e+02, 2.59786011e+02, 8.66734009e+01,
    2.72098999e+02, 1.05401001e+02, 2.59786011e+02, 1.36904007e+02,
    2.62255005e+02, 1.56914993e+02, 2.74062988e+02, 1.31087997e+02,
    2.73385010e+02, 1.06408997e+02, 2.69355988e+02, 1.07597000e+02,
    2.92213013e+02, 1.27468002e+02, 2.81907990e+02, 1.50731003e+02,
    2.90510010e+02, 1.28792999e+02, 2.96880005e+02, 1.29408005e+02,
    2.86342987e+02, 2.77029999e+02, 2.86136993e+02, 2.43261993e+02,
    2.76201996e+02, 2.21421005e+02, 2.90828003e+02, 2.46291000e+02,
    2.91876007e+02, 2.47294998e+02, 2.80940002e+02, 1.64283005e+02,
    2.92729004e+02, 1.57897003e+02, 3.26622009e+02, 1.46108002e+02,
    3.59040985e+02, 1.47582001e+02, 3.70338013e+02, 1.78526993e+02,
    3.75250000e+02, 2.12419998e+02, 3.66899994e+02, 2.17822998e+02,
    3.52654999e+02, 2.06526001e+02, 3.37428009e+02, 2.00139999e+02,
    2.93220001e+02, 1.57406006e+02, 3.66408997e+02, 2.00139999e+02,
    3.63953003e+02, 1.48563995e+02, 4.16019989e+02, 1.61220001e+02,
    4.10385010e+02, 1.70533005e+02, 4.06364014e+02, 1.81557999e+02,
    4.08507996e+02, 1.93647995e+02, 4.04049011e+02, 2.14852005e+02,
    4.07622009e+02, 2.33542007e+02, 4.13563995e+02, 2.14367996e+02,
    4.24036987e+02, 2.00419998e+02, 4.27203003e+02, 1.86397995e+02,
    4.29372986e+02, 1.79460999e+02, 4.28869995e+02, 1.66764008e+02,
    4.25791992e+02, 1.72210007e+02, 4.16187012e+02, 1.83227005e+02,
    4.16687012e+02, 2.01755005e+02, 4.13850006e+02, 2.02089005e+02,
    4.11178986e+02, 1.82587006e+02, 4.13697998e+02, 1.71209000e+02,
    4.13182007e+02, 1.82893005e+02, 4.15351990e+02, 1.75089005e+02,
    3.57075989e+02 ]
noOfLandmarkPoint: 68
