%YAML:1.0
landmark: [ 7.77723007e+01, 2.37595001e+02, 7.66941986e+01,
    2.79020996e+02, 8.07934036e+01, 3.20248993e+02, 9.06790009e+01,
    3.60368988e+02, 1.14653000e+02, 3.93923004e+02, 1.46250000e+02,
    4.20664001e+02, 1.82272995e+02, 4.41007996e+02, 2.22102997e+02,
    4.52192993e+02, 2.63360992e+02, 4.54714996e+02, 3.01915009e+02,
    4.41295990e+02, 3.24720001e+02, 4.06976013e+02, 3.43755005e+02,
    3.70226990e+02, 3.51237000e+02, 3.29522003e+02, 3.58681000e+02,
    2.88751007e+02, 3.59694000e+02, 2.47347000e+02, 3.56148010e+02,
    2.25182999e+02, 3.21569000e+02, 2.09307007e+02, 2.93386993e+02,
    2.12279999e+02, 2.76359009e+02, 2.20750000e+02, 2.93403015e+02,
    2.26847000e+02, 3.19174011e+02, 2.26479996e+02, 1.26531998e+02,
    2.22524002e+02, 1.66246002e+02, 2.01326996e+02, 2.08938995e+02,
    2.04837006e+02, 2.40897003e+02, 2.19863998e+02, 2.03380005e+02,
    2.21020996e+02, 1.67313995e+02, 2.17203995e+02, 1.63903000e+02,
    2.39686996e+02, 1.88403000e+02, 2.26192001e+02, 2.10024994e+02,
    2.44235992e+02, 1.85020004e+02, 2.48311996e+02, 1.84158005e+02,
    2.34934998e+02, 3.28640991e+02, 2.46863998e+02, 3.09166992e+02,
    2.32128006e+02, 2.85437988e+02, 2.46957001e+02, 3.12029999e+02,
    2.54804993e+02, 3.08274994e+02, 2.41141006e+02, 2.32031998e+02,
    2.48233002e+02, 2.33804993e+02, 2.89901001e+02, 2.23166000e+02,
    3.15610992e+02, 2.28677994e+02, 3.33164001e+02, 2.63061005e+02,
    3.45753998e+02, 2.86110992e+02, 3.36888000e+02, 2.90544006e+02,
    3.17384003e+02, 2.79904999e+02, 2.85467987e+02, 2.72812988e+02,
    2.50893005e+02, 2.43878998e+02, 3.31063995e+02, 2.79084015e+02,
    3.32308014e+02, 1.97455994e+02, 3.73237000e+02, 2.22056000e+02,
    3.64285004e+02, 2.42925995e+02, 3.62591003e+02, 2.57044006e+02,
    3.65777008e+02, 2.69587006e+02, 3.63212006e+02, 2.81333008e+02,
    3.65118011e+02, 2.98523010e+02, 3.72350006e+02, 2.82596985e+02,
    3.79731995e+02, 2.68332001e+02, 3.85432007e+02, 2.51535004e+02,
    3.88596008e+02, 2.28621002e+02, 3.85729004e+02, 2.11272003e+02,
    3.80218994e+02, 2.29602997e+02, 3.72988007e+02, 2.53542007e+02,
    3.75270996e+02, 2.70015991e+02, 3.73697998e+02, 2.72278015e+02,
    3.73459991e+02, 2.55102997e+02, 3.74035004e+02, 2.31955994e+02,
    3.72182007e+02, 2.54619003e+02, 3.74290009e+02, 2.70153015e+02,
    3.21816986e+02 ]
noOfLandmarkPoint: 68
