%YAML:1.0
landmark: [ 4.73031006e+01, 2.49919006e+02, 4.81361008e+01,
    2.96571014e+02, 5.69403992e+01, 3.40683014e+02, 7.51331024e+01,
    3.83914001e+02, 9.92820969e+01, 4.23059998e+02, 1.30345993e+02,
    4.58054993e+02, 1.65891998e+02, 4.86569000e+02, 2.12391006e+02,
    4.87609985e+02, 2.56303986e+02, 4.71425995e+02, 2.95576996e+02,
    4.46167999e+02, 3.20756989e+02, 4.06970001e+02, 3.31631012e+02,
    3.61380005e+02, 3.45751007e+02, 3.16640991e+02, 3.50432007e+02,
    2.70157013e+02, 3.48872009e+02, 2.23261002e+02, 3.10550995e+02,
    2.18263000e+02, 2.72972992e+02, 1.95259003e+02, 2.42628998e+02,
    1.96923996e+02, 2.18080994e+02, 2.11598007e+02, 2.40306000e+02,
    2.14434006e+02, 2.74963989e+02, 2.10848007e+02, 6.64635010e+01,
    2.34923996e+02, 9.74382019e+01, 2.15412003e+02, 1.24308998e+02,
    2.09983002e+02, 1.42272003e+02, 2.17429001e+02, 1.30955002e+02,
    2.24591995e+02, 9.45050964e+01, 2.32360001e+02, 8.37492981e+01,
    2.54468994e+02, 1.09403999e+02, 2.35492004e+02, 1.44699005e+02,
    2.52677002e+02, 1.09444000e+02, 2.60445007e+02, 1.11448997e+02,
    2.42421005e+02, 2.90020996e+02, 2.35003998e+02, 2.55376007e+02,
    2.20009995e+02, 2.31561005e+02, 2.39953003e+02, 2.57144012e+02,
    2.41813995e+02, 2.58067993e+02, 2.28259003e+02, 1.58934006e+02,
    2.49085999e+02, 1.54856995e+02, 3.07053009e+02, 1.44699005e+02,
    3.32747986e+02, 1.48283997e+02, 3.51868988e+02, 1.84453995e+02,
    3.58407013e+02, 2.22380005e+02, 3.44697998e+02, 2.30147995e+02,
    3.24381989e+02, 2.16404007e+02, 3.08247986e+02, 2.08084000e+02,
    2.48253006e+02, 1.60832993e+02, 3.50075989e+02, 2.05647995e+02,
    3.45893005e+02, 1.33942001e+02, 4.02369995e+02, 1.63223007e+02,
    3.95292999e+02, 1.78651993e+02, 3.92247986e+02, 1.84746002e+02,
    3.91992004e+02, 1.99809006e+02, 3.89872986e+02, 2.18634995e+02,
    3.88253998e+02, 2.56402008e+02, 3.90707001e+02, 2.21951996e+02,
    4.05156006e+02, 2.04380005e+02, 4.07669006e+02, 1.89459000e+02,
    4.09489014e+02, 1.76811996e+02, 4.09812012e+02, 1.61345993e+02,
    4.08644012e+02, 1.68998993e+02, 4.00557007e+02, 1.90181000e+02,
    4.01545990e+02, 2.05067001e+02, 3.98571991e+02, 2.06498993e+02,
    3.96147003e+02, 1.88078995e+02, 3.98102997e+02, 1.70050995e+02,
    3.99691986e+02, 1.88014999e+02, 3.98657013e+02, 1.81242004e+02,
    3.39131989e+02 ]
noOfLandmarkPoint: 68
