%YAML:1.0
landmark: [ 5.44897995e+01, 2.29757996e+02, 5.58353996e+01,
    2.64337006e+02, 5.88124008e+01, 2.98800995e+02, 6.51344986e+01,
    3.32816010e+02, 7.98193970e+01, 3.63627014e+02, 1.04431000e+02,
    3.87881989e+02, 1.34042007e+02, 4.05558014e+02, 1.68195999e+02,
    4.09268005e+02, 2.02419006e+02, 4.04509003e+02, 2.34557007e+02,
    3.91968994e+02, 2.58328003e+02, 3.67484009e+02, 2.72549011e+02,
    3.35970001e+02, 2.80399994e+02, 3.02416992e+02, 2.83097992e+02,
    2.67920013e+02, 2.83981995e+02, 2.33328003e+02, 2.47263000e+02,
    2.11908997e+02, 2.28701004e+02, 1.95365997e+02, 1.99330994e+02,
    1.95386002e+02, 1.81475006e+02, 2.02729004e+02, 2.01065994e+02,
    2.07856995e+02, 2.26498001e+02, 2.07186005e+02, 7.38691025e+01,
    2.15988007e+02, 8.64928970e+01, 1.96701004e+02, 1.15764999e+02,
    1.96091003e+02, 1.32007004e+02, 2.09869003e+02, 1.12539001e+02,
    2.08681000e+02, 8.63863983e+01, 2.07337997e+02, 8.68258972e+01,
    2.24440994e+02, 1.06725998e+02, 2.17018005e+02, 1.28847000e+02,
    2.26442001e+02, 1.05561996e+02, 2.31098999e+02, 1.08547997e+02,
    2.23128006e+02, 2.34514008e+02, 2.28738007e+02, 2.12011993e+02,
    2.15098999e+02, 1.87438004e+02, 2.25070007e+02, 2.14365997e+02,
    2.30656006e+02, 2.12074005e+02, 2.23128006e+02, 1.38126999e+02,
    2.32307999e+02, 1.29966995e+02, 2.70046997e+02, 1.23847000e+02,
    2.85346008e+02, 1.29457001e+02, 2.95545990e+02, 1.50876007e+02,
    2.96056000e+02, 1.77906006e+02, 2.94526001e+02, 1.83005005e+02,
    2.79226013e+02, 1.77395996e+02, 2.65457001e+02, 1.77395996e+02,
    2.30778000e+02, 1.39878006e+02, 2.89683014e+02, 1.66160995e+02,
    2.88671997e+02, 1.23336998e+02, 3.32264008e+02, 1.32807007e+02,
    3.25065002e+02, 1.45819000e+02, 3.20294006e+02, 1.53914001e+02,
    3.22385010e+02, 1.65248001e+02, 3.19772003e+02, 1.78699997e+02,
    3.23907013e+02, 1.89125000e+02, 3.33283997e+02, 1.81016006e+02,
    3.40795990e+02, 1.69214005e+02, 3.44303009e+02, 1.54955994e+02,
    3.45014008e+02, 1.40330002e+02, 3.43723999e+02, 1.30604996e+02,
    3.39910004e+02, 1.37858994e+02, 3.34386993e+02, 1.54356003e+02,
    3.35787994e+02, 1.72987000e+02, 3.34032013e+02, 1.73341003e+02,
    3.29950989e+02, 1.54209000e+02, 3.30928009e+02, 1.37503998e+02,
    3.30484009e+02, 1.54356003e+02, 3.32695007e+02, 1.50365997e+02,
    2.78205994e+02 ]
noOfLandmarkPoint: 68
