%YAML:1.0
landmark: [ 8.44524002e+01, 2.79536011e+02, 9.19403000e+01,
    3.15851990e+02, 1.03495003e+02, 3.51098999e+02, 1.15056000e+02,
    3.86315002e+02, 1.35537994e+02, 4.17105988e+02, 1.62460007e+02,
    4.42450989e+02, 1.96268005e+02, 4.57348999e+02, 2.32858994e+02,
    4.62360992e+02, 2.68549011e+02, 4.53123993e+02, 2.98826996e+02,
    4.32022003e+02, 3.20092010e+02, 4.01799988e+02, 3.32949005e+02,
    3.67114990e+02, 3.37399994e+02, 3.30312012e+02, 3.41183014e+02,
    2.93410004e+02, 3.42888000e+02, 2.56355988e+02, 3.16255005e+02,
    2.43533005e+02, 2.89940002e+02, 2.25718994e+02, 2.53283005e+02,
    2.31774002e+02, 2.29945007e+02, 2.47477997e+02, 2.47417007e+02,
    2.46820999e+02, 2.85102997e+02, 2.38617004e+02, 1.01713997e+02,
    2.63260986e+02, 1.19039001e+02, 2.41035995e+02, 1.56166000e+02,
    2.38216995e+02, 1.86544006e+02, 2.49944000e+02, 1.60369003e+02,
    2.52636002e+02, 1.23875999e+02, 2.54740005e+02, 1.30625000e+02,
    2.78893005e+02, 1.53061005e+02, 2.64752014e+02, 1.80266006e+02,
    2.75864990e+02, 1.56501999e+02, 2.85842987e+02, 1.53992996e+02,
    2.72138000e+02, 2.89882996e+02, 2.63855988e+02, 2.64790985e+02, 254.,
    2.44518997e+02, 2.70946991e+02, 2.69019012e+02, 2.76492004e+02,
    2.67921997e+02, 2.62273987e+02, 1.91968994e+02, 2.79042999e+02,
    1.94434998e+02, 3.19484985e+02, 1.88516998e+02, 3.42171997e+02,
    1.95914993e+02, 3.54502014e+02, 2.26985992e+02, 3.59433990e+02,
    2.49179993e+02, 3.51542999e+02, 2.53126007e+02, 3.39705994e+02,
    2.41781998e+02, 3.14553009e+02, 2.29945007e+02, 2.76084015e+02,
    2.05285995e+02, 3.50557007e+02, 2.39315994e+02, 3.48584015e+02,
    1.77667007e+02, 3.90998993e+02, 1.96830994e+02, 3.83471985e+02,
    2.10279999e+02, 3.80165985e+02, 2.23533997e+02, 3.81627991e+02,
    2.34690002e+02, 3.77628998e+02, 2.51667007e+02, 3.79141998e+02,
    2.68415009e+02, 3.82121002e+02, 2.53207993e+02, 3.96700012e+02,
    2.39326004e+02, 4.03114014e+02, 2.25675995e+02, 4.06660004e+02,
    2.11735001e+02, 4.05493988e+02, 1.98313995e+02, 4.01308990e+02,
    2.08376007e+02, 3.89541992e+02, 2.24882004e+02, 3.90640015e+02,
    2.43147003e+02, 3.86035004e+02, 2.42242996e+02, 3.84888000e+02,
    2.23800003e+02, 3.88617004e+02, 2.08826996e+02, 3.87979004e+02,
    2.24576004e+02, 3.91062988e+02, 2.24026993e+02, 3.37733002e+02 ]
noOfLandmarkPoint: 68
