%YAML:1.0
landmark: [ 5.32108994e+01, 3.16730011e+02, 5.96334991e+01,
    3.58261993e+02, 6.90005035e+01, 3.99182007e+02, 8.47205963e+01,
    4.38078003e+02, 1.11635002e+02, 4.70187988e+02, 1.41070999e+02,
    5.00123993e+02, 1.76742996e+02, 5.17067017e+02, 2.18539001e+02,
    5.12905029e+02, 2.58261993e+02, 4.99777008e+02, 2.92497986e+02,
    4.75552002e+02, 3.18079987e+02, 4.42510010e+02, 3.34070007e+02,
    4.03691986e+02, 3.41364990e+02, 3.62565002e+02, 3.41571991e+02,
    3.20540985e+02, 3.36638000e+02, 2.78860992e+02, 2.76876007e+02,
    2.68209991e+02, 2.48473999e+02, 2.46317001e+02, 1.98802994e+02,
    2.47912003e+02, 1.85753006e+02, 2.67618011e+02, 2.10013000e+02,
    2.61109985e+02, 2.45516006e+02, 2.55783997e+02, 5.32108994e+01,
    2.77085999e+02, 8.10211029e+01, 2.59334015e+02, 1.08831001e+02,
    2.65252014e+02, 1.21848999e+02, 2.82411011e+02, 9.28553009e+01,
    2.75902008e+02, 6.80036011e+01, 2.72944000e+02, 7.88135986e+01,
    3.06464996e+02, 9.50674973e+01, 2.87802002e+02, 1.24396004e+02,
    3.03394012e+02, 1.00750999e+02, 3.15520996e+02, 1.01731003e+02,
    2.98386993e+02, 2.42707993e+02, 2.86664001e+02, 2.19035004e+02,
    2.76308014e+02, 1.95220001e+02, 2.94244995e+02, 2.24128998e+02,
    2.99576996e+02, 2.27173004e+02, 2.85960999e+02, 1.39600006e+02,
    3.08446014e+02, 1.35457993e+02, 3.51640991e+02, 1.29541000e+02,
    3.69984009e+02, 1.34274994e+02, 3.93652008e+02, 1.53800995e+02,
    3.96019012e+02, 1.90487000e+02, 3.85959991e+02, 1.94628998e+02,
    3.66433014e+02, 1.84570007e+02, 3.54007996e+02, 1.75694000e+02,
    3.06670990e+02, 1.39600006e+02, 3.90101990e+02, 1.74511002e+02,
    3.85959991e+02, 1.20665001e+02, 4.23237000e+02, 1.29779999e+02,
    4.19229004e+02, 1.47940994e+02, 4.18950989e+02, 1.61492996e+02,
    4.17320007e+02, 1.90873993e+02, 4.13136993e+02, 2.15298996e+02,
    4.09669006e+02, 2.46699005e+02, 4.06669006e+02, 2.19957993e+02,
    4.36221985e+02, 1.95292007e+02, 4.51338013e+02, 1.69776993e+02,
    4.60515015e+02, 1.43735992e+02, 4.56364990e+02, 1.26903000e+02,
    4.46006989e+02, 1.40604996e+02, 4.41785004e+02, 1.69776993e+02,
    4.44539001e+02, 2.04117004e+02, 4.32811005e+02, 2.01462006e+02,
    4.17127014e+02, 1.66819000e+02, 4.24420990e+02, 1.43735001e+02,
    4.23253998e+02, 1.69095993e+02, 4.32912994e+02, 1.41375000e+02,
    3.78266998e+02 ]
noOfLandmarkPoint: 68
