%YAML:1.0
landmark: [ 6.79325027e+01, 2.78192993e+02, 5.69141998e+01,
    3.18274994e+02, 5.98513985e+01, 3.59614014e+02, 6.97764969e+01,
    4.00023010e+02, 8.50160980e+01, 4.38739014e+02, 1.03056999e+02,
    4.76260986e+02, 1.27950996e+02, 5.08221985e+02, 1.68445999e+02,
    5.16783997e+02, 2.08938004e+02, 5.07670013e+02, 2.46337006e+02,
    4.89829987e+02, 2.77153992e+02, 4.62002991e+02, 3.00576996e+02,
    4.27674011e+02, 3.18149994e+02, 3.89951996e+02, 3.32204010e+02,
    3.50796997e+02, 3.40638000e+02, 3.10037994e+02, 2.85634003e+02,
    2.92088989e+02, 2.52052002e+02, 2.62561005e+02, 2.02259003e+02,
    2.59665985e+02, 1.81994003e+02, 2.71824005e+02, 2.05608994e+02,
    2.79009003e+02, 2.49156998e+02, 2.80509003e+02, 7.14064026e+01,
    2.58507996e+02, 8.35653000e+01, 2.41138000e+02, 1.20042000e+02,
    2.53876007e+02, 1.37412003e+02, 2.69507996e+02, 1.15263000e+02,
    2.67166992e+02, 8.70391998e+01, 2.59665985e+02, 9.02533035e+01,
    2.80335999e+02, 1.03469002e+02, 2.72622009e+02, 1.29889008e+02,
    2.88459991e+02, 1.02671997e+02, 2.90351990e+02, 1.04987999e+02,
    2.79351013e+02, 2.51994003e+02, 3.05518005e+02, 2.24837006e+02,
    2.85308014e+02, 2.03022003e+02, 2.99203003e+02, 2.23317001e+02,
    3.06907013e+02, 2.26576996e+02, 2.94984009e+02, 1.42044006e+02,
    2.93247009e+02, 1.24674004e+02, 3.38408997e+02, 1.07304001e+02,
    3.59830994e+02, 1.16568001e+02, 3.79516998e+02, 1.39727997e+02,
    3.89938995e+02, 1.72729996e+02, 3.83570007e+02, 1.87783997e+02,
    3.71989990e+02, 1.77362000e+02, 3.47093994e+02, 1.80257004e+02,
    3.00773987e+02, 1.18884003e+02, 3.76042999e+02, 1.56518005e+02,
    3.81833008e+02, 1.03830002e+02, 4.13098999e+02, 1.18059998e+02,
    4.09265991e+02, 1.28647003e+02, 4.08613007e+02, 1.37990997e+02,
    4.12519989e+02, 1.52345001e+02, 4.10165985e+02, 1.73531006e+02,
    4.15730988e+02, 1.99942993e+02, 4.25257996e+02, 1.74057999e+02,
    4.38962006e+02, 1.58132996e+02, 4.42028992e+02, 1.36832993e+02,
    4.43785004e+02, 1.27959000e+02, 4.39436005e+02, 1.18331001e+02,
    4.32346985e+02, 1.27695999e+02, 4.23101013e+02, 1.37923996e+02,
    4.27739990e+02, 1.62464005e+02, 4.26875000e+02, 1.63264999e+02,
    4.20658997e+02, 1.37630005e+02, 4.20001007e+02, 1.28802002e+02,
    4.17416992e+02, 1.38362000e+02, 4.23186005e+02, 1.33358994e+02,
    3.60410004e+02 ]
noOfLandmarkPoint: 68
