%YAML:1.0
landmark: [ 9.06973038e+01, 2.54401993e+02, 9.75994034e+01,
    2.88410004e+02, 1.05539001e+02, 3.23115997e+02, 1.16139999e+02,
    3.55281006e+02, 1.30852005e+02, 3.86652008e+02, 1.52216003e+02,
    4.13761993e+02, 1.83270004e+02, 4.28880005e+02, 2.16972000e+02,
    4.36772003e+02, 2.51309006e+02, 4.33243988e+02, 2.80319000e+02,
    4.15208008e+02, 3.00472992e+02, 3.87003998e+02, 3.12779999e+02,
    3.54695007e+02, 3.23476013e+02, 3.21681000e+02, 3.30648987e+02,
    2.87760986e+02, 3.34768005e+02, 2.53302994e+02, 3.14428986e+02,
    2.30214996e+02, 2.92989990e+02, 2.09326004e+02, 2.51212006e+02,
    2.15923004e+02, 2.33621994e+02, 2.32414001e+02, 2.54511002e+02,
    2.31313995e+02, 2.86394012e+02, 2.22518997e+02, 1.06639000e+02,
    2.32964005e+02, 1.24230003e+02, 2.10425995e+02, 1.68205994e+02,
    2.14272995e+02, 1.87996002e+02, 2.32414001e+02, 1.57761993e+02,
    2.25817001e+02, 1.29177002e+02, 2.21419998e+02, 1.28078003e+02,
    2.53302994e+02, 1.53936005e+02, 2.42923996e+02, 1.76281006e+02,
    2.56834015e+02, 1.53585999e+02, 2.60230988e+02, 1.53914001e+02,
    2.48904999e+02, 2.89632996e+02, 2.53537003e+02, 2.69371002e+02,
    2.45039993e+02, 2.47804001e+02, 2.56796997e+02, 2.71061005e+02,
    2.60834991e+02, 2.68252991e+02, 2.50554001e+02, 1.92393997e+02,
    2.58799988e+02, 1.91533997e+02, 2.88434998e+02, 1.81778000e+02,
    3.16428986e+02, 1.92393997e+02, 3.30812012e+02, 2.11632996e+02,
    3.35759003e+02, 2.33072006e+02, 3.34109985e+02, 2.45714996e+02,
    3.17618988e+02, 2.33072006e+02, 2.92881989e+02, 2.30322998e+02,
    2.57700989e+02, 1.96035995e+02, 3.21897003e+02, 2.27024994e+02,
    3.22566010e+02, 1.70404999e+02, 3.62144989e+02, 1.87632004e+02,
    3.61686005e+02, 2.03848007e+02, 3.58981995e+02, 2.14382004e+02,
    3.62144989e+02, 2.28389008e+02, 3.57054993e+02, 2.45177994e+02,
    3.60428986e+02, 2.60007996e+02, 3.63244995e+02, 2.52626007e+02,
    3.70591003e+02, 2.38436005e+02, 3.79888000e+02, 2.14932007e+02,
    3.87981995e+02, 1.94848999e+02, 3.83774994e+02, 1.80524002e+02,
    3.75399994e+02, 1.98072006e+02, 3.68321991e+02, 2.14382004e+02,
    3.70390991e+02, 2.31615005e+02, 3.66562012e+02, 2.32973007e+02,
    3.65657990e+02, 2.16031006e+02, 3.66542999e+02, 1.99940002e+02,
    3.67092010e+02, 2.14932007e+02, 3.68191986e+02, 2.13283005e+02,
    3.10472992e+02 ]
noOfLandmarkPoint: 68
