%YAML:1.0
landmark: [ 9.06037979e+01, 3.36029999e+02, 9.16250000e+01,
    3.81894012e+02, 9.63309021e+01, 4.27479004e+02, 1.06281998e+02,
    4.72251007e+02, 1.28026993e+02, 5.12226013e+02, 1.59479004e+02,
    5.45609985e+02, 1.93104004e+02, 5.72252014e+02, 2.37973999e+02,
    5.82768982e+02, 2.85001007e+02, 5.80499023e+02, 3.21856995e+02,
    5.57166992e+02, 3.53334015e+02, 5.24536011e+02, 3.77056000e+02,
    4.85506012e+02, 3.95660004e+02, 4.43636993e+02, 4.07419006e+02,
    3.99360992e+02, 4.11063995e+02, 3.55468994e+02, 4.06941010e+02,
    3.18356995e+02, 3.83511993e+02, 3.05889008e+02, 3.47600006e+02,
    3.15127991e+02, 3.20346008e+02, 3.28960999e+02, 3.54937012e+02,
    3.25516998e+02, 3.80889008e+02, 3.18391998e+02, 1.55992004e+02,
    3.04218994e+02, 1.94281998e+02, 2.94794006e+02, 2.36688004e+02,
    3.08914001e+02, 2.59670013e+02, 3.26015015e+02, 2.24386002e+02,
    3.16592010e+02, 1.94901993e+02, 3.05329987e+02, 1.75751007e+02,
    3.46488007e+02, 2.07395996e+02, 3.34984985e+02, 2.36809006e+02,
    3.52682007e+02, 2.04755997e+02, 3.56303986e+02, 2.06653000e+02,
    3.43098999e+02, 3.78665009e+02, 3.56058990e+02, 3.54227997e+02,
    3.40157990e+02, 3.21074005e+02, 3.57166992e+02, 3.55385986e+02,
    3.65263000e+02, 3.48622009e+02, 3.50167999e+02, 2.61437012e+02,
    3.59003998e+02, 2.61437012e+02, 4.02006989e+02, 2.46710007e+02,
    4.27337006e+02, 2.50244995e+02, 4.47954987e+02, 2.90891998e+02,
    4.61503998e+02, 3.17989014e+02, 4.49722992e+02, 3.20934998e+02,
    4.32049988e+02, 3.11692993e+02, 3.95535004e+02, 3.10920013e+02,
    3.62537994e+02, 2.66149994e+02, 4.46777008e+02, 3.07385986e+02,
    4.49722992e+02, 2.07242004e+02, 4.86246002e+02, 2.42789001e+02,
    4.83890991e+02, 2.65591003e+02, 4.83174988e+02, 2.82054993e+02,
    4.86834991e+02, 2.93792999e+02, 4.82859985e+02, 3.08665009e+02,
    4.86976013e+02, 3.23290985e+02, 4.88601990e+02, 3.15243011e+02,
    5.05006012e+02, 2.97425995e+02, 5.16760010e+02, 2.70273987e+02,
    5.22179993e+02, 2.45182999e+02, 5.15015015e+02, 2.24921997e+02,
    5.02433990e+02, 2.47813004e+02, 4.98479004e+02, 2.75151001e+02,
    5.04600006e+02, 2.98282990e+02, 4.99946014e+02, 2.98279999e+02,
    4.94457001e+02, 2.76575012e+02, 4.96131989e+02, 2.50604996e+02,
    4.93850006e+02, 2.76200989e+02, 5.00891998e+02, 2.95604004e+02,
    4.43243011e+02 ]
noOfLandmarkPoint: 68
