%YAML:1.0
landmark: [ 4.14864006e+01, 2.57377014e+02, 4.88177986e+01,
    3.15242004e+02, 5.77228012e+01, 3.59459991e+02, 6.93499985e+01,
    4.09822998e+02, 9.52304993e+01, 4.54170013e+02, 1.40772995e+02,
    4.93337006e+02, 1.75927002e+02, 5.17369995e+02, 2.25832001e+02,
    5.25898010e+02, 2.79997009e+02, 5.22940002e+02, 3.21635986e+02,
    5.01783997e+02, 3.50759003e+02, 4.65294006e+02, 3.69596008e+02,
    4.06028015e+02, 3.77451996e+02, 3.69908997e+02, 3.87250000e+02,
    3.14765015e+02, 3.90721008e+02, 2.52865997e+02, 3.68812988e+02,
    2.20649002e+02, 3.34019012e+02, 1.97453003e+02, 2.90509003e+02,
    2.16145004e+02, 2.61851990e+02, 2.39335007e+02, 2.96990997e+02,
    2.29298996e+02, 3.34662994e+02, 2.12272995e+02, 8.01471024e+01,
    2.31602997e+02, 1.21954002e+02, 2.05078995e+02, 1.65845001e+02,
    2.20005005e+02, 1.99350998e+02, 2.41268005e+02, 1.54246994e+02,
    2.32891998e+02, 1.15585999e+02, 2.23227005e+02, 1.17641998e+02,
    2.65447998e+02, 1.48675995e+02, 2.54335007e+02, 1.79852997e+02,
    2.71635010e+02, 1.46520004e+02, 2.81223999e+02, 1.45225998e+02,
    2.62532013e+02, 3.34615997e+02, 2.59619995e+02, 3.07362000e+02,
    2.48886002e+02, 2.76411987e+02, 2.67532990e+02, 3.10459991e+02,
    2.73743988e+02, 3.02446014e+02, 2.55444000e+02, 2.05149994e+02,
    2.75419006e+02, 2.04505997e+02, 3.17945007e+02, 1.93552002e+02,
    3.51450989e+02, 2.04505997e+02, 3.69493011e+02, 2.40589005e+02,
    3.75936005e+02, 2.69584015e+02, 3.72070007e+02, 2.80537994e+02,
    3.54673004e+02, 2.66363007e+02, 3.16011993e+02, 2.56053009e+02,
    2.74130005e+02, 2.16104004e+02, 3.63049011e+02, 2.62416992e+02,
    3.61938995e+02, 1.81953995e+02, 4.26195007e+02, 2.08908997e+02,
    4.13342987e+02, 2.33121994e+02, 4.05556000e+02, 2.43423996e+02,
    4.09864014e+02, 2.55617004e+02, 4.04484009e+02, 2.75420013e+02,
    4.11610992e+02, 2.94069000e+02, 4.21040009e+02, 2.82666992e+02,
    4.37739014e+02, 2.63691986e+02, 4.48817993e+02, 2.41574005e+02,
    4.53920013e+02, 2.21382004e+02, 4.50395996e+02, 2.01464996e+02,
    4.40898010e+02, 2.19410004e+02, 4.25544006e+02, 2.42544006e+02,
    4.28643005e+02, 2.63080994e+02, 4.26088989e+02, 2.66032990e+02,
    4.19742004e+02, 2.44376999e+02, 4.18916992e+02, 2.20811996e+02,
    4.20200989e+02, 2.42742004e+02, 4.24514008e+02, 2.43811005e+02,
    3.52096008e+02 ]
noOfLandmarkPoint: 68
