%YAML:1.0
landmark: [ 7.59340973e+01, 3.07893005e+02, 8.47684021e+01,
    3.46868011e+02, 9.72686005e+01, 3.84772003e+02, 1.18656998e+02,
    4.18319000e+02, 1.45559998e+02, 4.47859985e+02, 1.78561996e+02,
    4.70037994e+02, 2.03522003e+02, 4.81859009e+02, 2.51860992e+02,
    4.81795990e+02, 2.80907990e+02, 4.68964996e+02, 3.02648987e+02,
    4.56449005e+02, 3.26553986e+02, 4.28532990e+02, 3.44575989e+02,
    3.70524994e+02, 3.46846985e+02, 3.29104004e+02, 3.46567993e+02,
    2.89143005e+02, 3.42505005e+02, 2.49403000e+02, 2.93850006e+02,
    2.19899002e+02, 2.58134003e+02, 2.05406006e+02, 2.29307007e+02,
    2.12550003e+02, 2.07925995e+02, 2.38014999e+02, 2.34292007e+02,
    2.27348999e+02, 2.61239990e+02, 2.16792999e+02, 8.31807022e+01,
    2.73213013e+02, 9.57002029e+01, 2.50102005e+02, 1.27889000e+02,
    2.45604996e+02, 1.52022995e+02, 2.58720001e+02, 1.24070999e+02,
    2.59980988e+02, 1.02849998e+02, 2.63377991e+02, 1.13445000e+02,
    2.94688995e+02, 1.29746994e+02, 2.74348999e+02, 1.60322998e+02,
    2.83164001e+02, 1.35973007e+02, 2.96815002e+02, 1.35460007e+02,
    2.84083008e+02, 2.78321014e+02, 2.54578995e+02, 2.46164001e+02,
    2.40850998e+02, 2.23815994e+02, 2.67166992e+02, 2.55014999e+02,
    2.68585999e+02, 2.53475998e+02, 2.53026001e+02, 1.75834000e+02,
    2.81494995e+02, 1.77904007e+02, 3.26010010e+02, 1.74281006e+02,
    3.50855011e+02, 1.81009995e+02, 3.71041992e+02, 2.07408005e+02,
    3.71041992e+02, 2.37429993e+02, 3.57066986e+02, 2.42087997e+02,
    3.39984985e+02, 2.24488998e+02, 3.18246002e+02, 2.13619003e+02,
    2.70106995e+02, 1.89292007e+02, 3.61208008e+02, 2.21901001e+02,
    3.51890991e+02, 1.67033997e+02, 4.11415985e+02, 1.92147995e+02,
    4.02643005e+02, 2.06854004e+02, 3.97441986e+02, 2.17598007e+02,
    3.97378998e+02, 2.31912994e+02, 3.90766998e+02, 2.47608994e+02,
    3.88153015e+02, 2.78838989e+02, 3.85018005e+02, 2.53806000e+02,
    4.09162994e+02, 2.39365997e+02, 4.18506012e+02, 2.19830994e+02,
    4.25908997e+02, 2.06313995e+02, 4.27075012e+02, 1.91434006e+02,
    4.23725006e+02, 1.99009995e+02, 4.14747986e+02, 2.19774002e+02,
    4.12065002e+02, 2.38347000e+02, 4.04644989e+02, 2.36268005e+02,
    3.99023010e+02, 2.19774002e+02, 4.05809998e+02, 2.00658005e+02,
    4.08223999e+02, 2.19501999e+02, 4.08529999e+02, 2.02750000e+02,
    3.50855011e+02 ]
noOfLandmarkPoint: 68
