%YAML:1.0
landmark: [ 6.46322021e+01, 2.76759003e+02, 7.35315018e+01,
    3.16803986e+02, 8.39583969e+01, 3.56471985e+02, 9.85413971e+01,
    3.94769012e+02, 1.20246002e+02, 4.29487000e+02, 1.46699997e+02,
    4.60835999e+02, 1.80098007e+02, 4.84260010e+02, 2.19764008e+02,
    4.92960999e+02, 2.58888000e+02, 4.81962006e+02, 2.90243988e+02,
    4.55773010e+02, 3.12587006e+02, 4.21639008e+02, 3.27316986e+02,
    3.83368988e+02, 3.38882996e+02, 3.44019012e+02, 3.46721985e+02,
    3.05902008e+02, 3.47270996e+02, 2.63010986e+02, 3.23076996e+02,
    2.37716995e+02, 2.86783997e+02, 2.11322998e+02, 2.46643005e+02,
    2.21220001e+02, 2.25748001e+02, 2.36617004e+02, 2.53242004e+02,
    2.33867996e+02, 2.84584991e+02, 2.27268997e+02, 7.72795029e+01,
    2.46514999e+02, 9.79932022e+01, 2.24089996e+02, 1.42425003e+02,
    2.29936996e+02, 1.62511002e+02, 2.42666000e+02, 1.37766006e+02,
    2.42666000e+02, 1.04223999e+02, 2.37716995e+02, 9.93889999e+01,
    2.68972992e+02, 1.26913002e+02, 2.56994995e+02, 1.56886002e+02,
    2.67697998e+02, 1.27363998e+02, 2.76044006e+02, 1.31718002e+02,
    2.62462006e+02, 2.93022003e+02, 2.57447998e+02, 2.67984985e+02,
    2.47106995e+02, 2.38459000e+02, 2.62358002e+02, 2.69475006e+02,
    2.61446014e+02, 2.71388000e+02, 2.51464005e+02, 1.81757004e+02,
    2.76209015e+02, 1.74059006e+02, 3.16899994e+02, 1.60311996e+02,
    3.42743988e+02, 1.70209000e+02, 3.62540009e+02, 2.03751999e+02,
    3.66938995e+02, 2.35645004e+02, 3.60890015e+02, 2.43893997e+02,
    3.38894989e+02, 2.27947006e+02, 3.15250000e+02, 2.19699005e+02,
    2.73459015e+02, 1.79557007e+02, 3.57040985e+02, 2.21897995e+02,
    3.56490997e+02, 1.56462006e+02, 4.07079987e+02, 1.70572998e+02,
    4.02774994e+02, 1.87867004e+02, 3.99670990e+02, 2.07052002e+02,
    4.03230988e+02, 2.21408997e+02, 3.98618988e+02, 2.37748993e+02,
    3.98307007e+02, 2.63140015e+02, 3.98282013e+02, 2.50705994e+02,
    4.20907013e+02, 2.28255997e+02, 4.32985992e+02, 2.12550003e+02,
    4.36773987e+02, 1.83199005e+02, 4.34958008e+02, 1.65621002e+02,
    4.25174988e+02, 1.80317993e+02, 4.17993988e+02, 2.09800995e+02,
    4.18627991e+02, 2.31320999e+02, 4.15471008e+02, 2.29809006e+02,
    4.10154999e+02, 2.08024994e+02, 4.12457001e+02, 1.82792999e+02, 412.,
    2.08294006e+02, 4.15733002e+02, 2.01003006e+02, 3.39445007e+02 ]
noOfLandmarkPoint: 68
