%YAML:1.0
landmark: [ 1.03724998e+02, 2.52205002e+02, 1.07346001e+02,
    2.82803009e+02, 1.13348999e+02, 3.13010010e+02, 1.23769997e+02,
    3.41960999e+02, 1.40087006e+02, 3.68018005e+02, 1.62229996e+02,
    3.89324005e+02, 1.89352997e+02, 4.03678986e+02, 2.19639999e+02,
    4.08786011e+02, 2.50156006e+02, 4.05756012e+02, 2.76346008e+02,
    3.90114014e+02, 2.93049988e+02, 3.64411987e+02, 3.03842010e+02,
    3.35570007e+02, 3.12542999e+02, 3.06011993e+02, 3.18888000e+02,
    2.75902008e+02, 3.18307007e+02, 2.45130997e+02, 3.09817993e+02,
    2.33341003e+02, 2.89954010e+02, 2.17556000e+02, 2.67459015e+02,
    2.17098999e+02, 2.51809998e+02, 2.24380005e+02, 2.65493988e+02,
    2.27292999e+02, 2.86855011e+02, 2.27360001e+02, 1.42869003e+02,
    2.35227005e+02, 1.65858002e+02, 2.20751999e+02, 1.91701004e+02,
    2.18281006e+02, 2.12195007e+02, 2.26738007e+02, 1.87401001e+02,
    2.29110001e+02, 1.67945999e+02, 2.32498001e+02, 1.55729996e+02,
    2.46535004e+02, 1.78876007e+02, 2.36296005e+02, 1.99509003e+02,
    2.46386002e+02, 1.78766006e+02, 2.51809998e+02, 1.74466995e+02,
    2.43244003e+02, 2.86040009e+02, 2.43231995e+02, 2.69794006e+02,
    2.34617004e+02, 2.53360001e+02, 2.46660995e+02, 2.71955994e+02,
    2.50179993e+02, 2.68316986e+02, 2.41830002e+02, 2.11251999e+02,
    2.51733002e+02, 2.12195007e+02, 2.86631989e+02, 2.05593002e+02,
    3.03139008e+02, 2.12195007e+02, 3.13041992e+02, 2.41434998e+02,
    3.19173004e+02, 2.60299011e+02, 3.12571014e+02, 2.64071991e+02,
    2.97007996e+02, 2.53697006e+02, 2.81915985e+02, 2.43792999e+02,
    2.49375000e+02, 2.23042007e+02, 3.11156006e+02, 2.53225006e+02,
    3.10213013e+02, 1.87671997e+02, 3.43696991e+02, 2.05345993e+02,
    3.35476013e+02, 2.22037003e+02, 3.32694000e+02, 2.35304001e+02,
    3.36151001e+02, 2.46434998e+02, 3.32746002e+02, 2.59994995e+02,
    3.36292999e+02, 2.68316986e+02, 3.41811005e+02, 2.55891006e+02,
    3.57934998e+02, 2.43227005e+02, 3.62582001e+02, 2.35304001e+02,
    3.63505005e+02, 2.20697998e+02, 3.62020996e+02, 2.07326004e+02,
    3.57220001e+02, 2.15167999e+02, 3.47665009e+02, 2.33641006e+02,
    3.48075012e+02, 2.53988007e+02, 3.46162994e+02, 2.53399002e+02,
    3.40114014e+02, 2.32785995e+02, 3.41436005e+02, 2.12531006e+02,
    3.40329987e+02, 2.33348007e+02, 3.47325989e+02, 2.45207993e+02,
    3.02666992e+02 ]
noOfLandmarkPoint: 68
