%YAML:1.0
landmark: [ 9.64866028e+01, 2.12796005e+02, 1.04087997e+02,
    2.44751999e+02, 1.11238998e+02, 2.76809998e+02, 1.22591003e+02,
    3.07506989e+02, 1.39022003e+02, 3.35921997e+02, 1.62875000e+02,
    3.58054993e+02, 1.91787994e+02, 3.73540009e+02, 2.24078003e+02,
    3.73372986e+02, 2.55348999e+02, 3.63442993e+02, 2.82764008e+02,
    3.45584015e+02, 3.00044006e+02, 3.17916992e+02, 3.10460999e+02,
    2.86812988e+02, 3.12386993e+02, 2.54138000e+02, 3.12546997e+02,
    2.21296997e+02, 3.10040009e+02, 1.88554993e+02, 2.95032990e+02,
    1.79320007e+02, 2.76572998e+02, 1.52011002e+02, 2.46186996e+02,
    1.58593994e+02, 2.29235992e+02, 1.77589005e+02, 2.51662994e+02,
    1.73270996e+02, 2.75516998e+02, 1.66820999e+02, 1.22459000e+02,
    2.07024002e+02, 1.42759003e+02, 1.70740997e+02, 1.71246002e+02,
    1.67503998e+02, 1.96914001e+02, 1.81628998e+02, 1.74207001e+02,
    1.83205994e+02, 1.51878998e+02, 1.84442993e+02, 1.51983002e+02,
    2.04128998e+02, 1.67384003e+02, 1.90130997e+02, 1.85371002e+02,
    2.01253006e+02, 1.68388000e+02, 2.06264999e+02, 1.68632996e+02,
    1.98944000e+02, 2.75897003e+02, 1.85893005e+02, 2.61700012e+02,
    1.77526993e+02, 2.44278000e+02, 1.93296005e+02, 2.64946991e+02,
    1.94237000e+02, 2.62712006e+02, 1.86246002e+02, 2.03263000e+02,
    2.00675003e+02, 1.98069000e+02, 2.26647995e+02, 1.88834000e+02,
    2.43962997e+02, 1.99223007e+02, 2.54929993e+02, 2.22886993e+02,
    2.56661011e+02, 2.43664993e+02, 2.52621002e+02, 2.53477005e+02,
    2.36460007e+02, 2.40779007e+02, 2.17412994e+02, 2.34431000e+02,
    1.95481003e+02, 2.07852005e+02, 2.49813995e+02, 2.35863998e+02,
    2.47610001e+02, 1.78445007e+02, 2.98217010e+02, 1.97438995e+02,
    2.85744995e+02, 2.15173996e+02, 2.81126007e+02, 2.26927002e+02,
    2.83787994e+02, 2.38404999e+02, 2.78316010e+02, 2.51634003e+02,
    2.80558014e+02, 2.62712006e+02, 2.85519989e+02, 2.57942993e+02,
    3.00243988e+02, 2.45417007e+02, 3.12075012e+02, 2.26350006e+02,
    3.20149994e+02, 2.07455002e+02, 3.17782990e+02, 1.90722000e+02,
    3.10778992e+02, 2.05016006e+02, 3.03858002e+02, 2.27503998e+02,
    3.02834991e+02, 2.43832993e+02, 2.98299011e+02, 2.41470001e+02,
    2.86851013e+02, 2.26350006e+02, 2.90713989e+02, 2.07197006e+02,
    2.90533997e+02, 2.27503998e+02, 2.95908997e+02, 2.22886993e+02,
    2.37613998e+02 ]
noOfLandmarkPoint: 68
