%YAML:1.0
landmark: [ 6.34809990e+01, 2.48647995e+02, 6.51864014e+01,
    2.87191986e+02, 7.19285965e+01, 3.26313995e+02, 8.19570999e+01,
    3.64114014e+02, 9.24553986e+01, 4.00278015e+02, 1.09680000e+02,
    4.33147003e+02, 1.45886993e+02, 4.45071014e+02, 1.84414001e+02,
    4.49333008e+02, 2.22623993e+02, 4.44690002e+02, 2.54147003e+02,
    4.22630005e+02, 2.75121002e+02, 3.90308014e+02, 2.83799011e+02,
    3.52640015e+02, 2.84947998e+02, 3.13895996e+02, 2.91358002e+02,
    2.75665009e+02, 2.94312988e+02, 2.37029007e+02, 2.37766998e+02,
    2.17662994e+02, 2.03070999e+02, 1.92856995e+02, 1.57557007e+02,
    2.01343002e+02, 1.33970001e+02, 2.22311005e+02, 1.56014008e+02,
    2.19085999e+02, 2.04613998e+02, 2.10600006e+02, 5.49570999e+01,
    2.28343002e+02, 5.95857010e+01, 2.08285995e+02, 8.88527985e+01,
    2.10289993e+02, 1.09957001e+02, 2.29283005e+02, 8.81286011e+01,
    2.22942993e+02, 6.42143021e+01, 2.23714005e+02, 7.63901978e+01,
    2.47188004e+02, 8.57242966e+01, 2.35934006e+02, 1.04658997e+02,
    2.42867004e+02, 8.89382019e+01, 2.48962997e+02, 8.74936981e+01,
    2.40126999e+02, 2.09156998e+02, 2.35897995e+02, 1.82869995e+02,
    2.24839005e+02, 1.64824997e+02, 2.39201004e+02, 1.87886002e+02,
    2.41787003e+02, 1.88192001e+02, 2.30832001e+02, 1.12280998e+02,
    2.43225006e+02, 1.02013000e+02, 2.85399994e+02, 9.18501968e+01,
    3.02890015e+02, 1.03250999e+02, 3.24683990e+02, 1.21575996e+02,
    3.27657013e+02, 1.48686996e+02, 3.23010010e+02, 1.54110001e+02,
    3.00545990e+02, 1.44813995e+02, 2.84278992e+02, 1.44813995e+02,
    2.47098007e+02, 1.04871002e+02, 3.18253998e+02, 1.29477005e+02,
    3.16476013e+02, 9.98872986e+01, 3.64838013e+02, 1.06070999e+02,
    3.54781006e+02, 1.15344002e+02, 3.53173004e+02, 1.25492996e+02,
    3.55894989e+02, 1.40634995e+02, 3.51570007e+02, 1.63746994e+02,
    3.56032013e+02, 1.81994995e+02, 3.60964996e+02, 1.68927994e+02,
    3.67070007e+02, 1.51442001e+02, 3.72725006e+02, 1.30091003e+02,
    3.76143005e+02, 1.14603996e+02, 3.73286011e+02, 1.05237000e+02,
    3.68415009e+02, 1.17094002e+02, 3.63407013e+02, 1.28003998e+02,
    3.67373993e+02, 1.57580994e+02, 3.62130005e+02, 1.58966003e+02,
    3.60550995e+02, 1.26928001e+02, 3.63070007e+02, 1.17139999e+02,
    3.61079010e+02, 1.27644997e+02, 3.65221985e+02, 1.03760002e+02,
    3.06743011e+02 ]
noOfLandmarkPoint: 68
