%YAML:1.0
landmark: [ 8.17731018e+01, 2.58720001e+02, 8.21252975e+01,
    3.00812988e+02, 8.36258011e+01, 3.42877991e+02, 8.65958023e+01,
    3.84807007e+02, 1.04682999e+02, 4.22415009e+02, 1.32901993e+02,
    4.53533997e+02, 1.68205994e+02, 4.76221008e+02, 2.08658005e+02,
    4.86893005e+02, 2.50317001e+02, 4.83098999e+02, 2.87670990e+02,
    4.64688995e+02, 3.11722992e+02, 4.30260010e+02, 3.31183990e+02,
    3.92975006e+02, 3.40084991e+02, 3.51993011e+02, 3.47415009e+02,
    3.10545013e+02, 3.51238007e+02, 2.68639008e+02, 3.26441010e+02,
    2.45494003e+02, 3.09908997e+02, 2.26483002e+02, 2.80979004e+02,
    2.24830002e+02, 2.64446991e+02, 2.38054993e+02, 2.91429993e+02,
    2.37682999e+02, 3.08625000e+02, 2.37401993e+02, 1.28888000e+02,
    2.41360992e+02, 1.49759995e+02, 2.21552994e+02, 1.88459000e+02,
    2.21108994e+02, 2.05759995e+02, 2.32268997e+02, 1.83442001e+02,
    2.33095993e+02, 1.56992004e+02, 2.34748993e+02, 1.45503998e+02,
    2.50578995e+02, 1.73485992e+02, 2.43057999e+02, 1.96692993e+02,
    2.55626007e+02, 1.70940994e+02, 2.59438995e+02, 1.67737000e+02,
    2.52106995e+02, 3.11502991e+02, 2.59161011e+02, 2.87558990e+02,
    2.49975998e+02, 2.62819000e+02, 2.58812988e+02, 2.90514008e+02,
    2.66239990e+02, 2.85112000e+02, 2.57066010e+02, 2.07412994e+02,
    2.60372986e+02, 2.13069000e+02, 3.06963989e+02, 1.98294006e+02,
    3.27505005e+02, 2.01537003e+02, 3.42640991e+02, 2.30727997e+02,
    3.48766998e+02, 2.55953995e+02, 3.47325989e+02, 2.68566986e+02,
    3.31109009e+02, 2.55953995e+02, 3.09487000e+02, 2.57007996e+02,
    2.66158997e+02, 2.13069000e+02, 3.37955994e+02, 2.45503006e+02,
    3.42281006e+02, 1.75177002e+02, 3.85186005e+02, 2.05725006e+02,
    3.74856995e+02, 2.25669006e+02, 3.70562012e+02, 2.35516998e+02,
    3.75266998e+02, 2.44606003e+02, 3.72251007e+02, 2.54397003e+02,
    3.78201996e+02, 2.71059998e+02, 3.90145996e+02, 2.48802002e+02,
    4.04033997e+02, 2.34994995e+02, 4.05949005e+02, 2.27845001e+02,
    4.04625000e+02, 2.15141006e+02, 4.02329010e+02, 1.98037003e+02,
    3.97850006e+02, 2.11904999e+02, 3.87440002e+02, 2.32169006e+02,
    3.87687988e+02, 2.43686996e+02, 3.90134003e+02, 2.45800995e+02,
    3.84015991e+02, 2.32529999e+02, 3.83002991e+02, 2.11988007e+02,
    3.81395996e+02, 2.32169006e+02, 3.85524994e+02, 2.37214005e+02,
    3.27505005e+02 ]
noOfLandmarkPoint: 68
