%YAML:1.0
landmark: [ 5.20978012e+01, 3.07928009e+02, 6.15794983e+01,
    3.57385010e+02, 7.52714996e+01, 4.05829010e+02, 9.20707016e+01,
    4.53291992e+02, 1.16084999e+02, 4.97454987e+02, 1.47932999e+02,
    5.36361023e+02, 1.91354996e+02, 5.60903992e+02, 2.41167999e+02,
    5.65159973e+02, 2.90156006e+02, 5.53898987e+02, 3.31226013e+02,
    5.26340027e+02, 3.59109009e+02, 4.84408997e+02, 3.77135010e+02,
    4.37933990e+02, 3.88092010e+02, 3.88778992e+02, 3.98524994e+02,
    3.39519989e+02, 4.04855988e+02, 2.89562012e+02, 3.87756989e+02,
    2.49029007e+02, 3.52290985e+02, 2.19264008e+02, 2.96558990e+02,
    2.21796997e+02, 2.66158997e+02, 2.43962997e+02, 3.10492004e+02,
    2.42063004e+02, 3.47223999e+02, 2.39529999e+02, 7.86970978e+01,
    2.57263000e+02, 1.20689003e+02, 2.25156998e+02, 1.74496002e+02,
    2.26063004e+02, 1.98393997e+02, 2.50296005e+02, 1.50686005e+02,
    2.40072006e+02, 1.12896004e+02, 2.43962997e+02, 1.06680000e+02,
    3.01950989e+02, 1.35695999e+02, 2.81962006e+02, 1.80817001e+02,
    2.99417999e+02, 1.41996994e+02, 3.13072998e+02, 1.43296005e+02,
    2.92727997e+02, 3.54388000e+02, 2.91109985e+02, 3.19358002e+02,
    2.71829010e+02, 2.76769989e+02, 2.95884003e+02, 3.20735992e+02,
    3.04343994e+02, 3.12391998e+02, 2.85761993e+02, 2.03460999e+02,
    2.99695007e+02, 1.99028000e+02, 3.58593994e+02, 1.89528000e+02,
    3.79493011e+02, 1.97128006e+02, 3.97859009e+02, 2.38292999e+02,
    4.07359009e+02, 2.78825989e+02, 3.94058990e+02, 2.83891998e+02,
    3.73792999e+02, 2.71859009e+02, 3.50993988e+02, 2.61092987e+02,
    2.97795013e+02, 2.14860992e+02, 3.96592987e+02, 2.60959991e+02,
    3.94247009e+02, 1.78128006e+02, 4.54225006e+02, 1.91694000e+02,
    4.44095001e+02, 2.18158997e+02, 4.36214996e+02, 2.40826996e+02,
    4.37125000e+02, 2.68583008e+02, 4.31386993e+02, 2.97304993e+02,
    4.37510010e+02, 3.04791992e+02, 4.49157990e+02, 3.00359009e+02,
    4.66890991e+02, 2.77125000e+02, 4.79759003e+02, 2.40826996e+02,
    4.87157013e+02, 2.07865005e+02, 4.82536987e+02, 1.84576996e+02,
    4.71097992e+02, 2.08102997e+02, 4.63535004e+02, 2.41787003e+02,
    4.67260010e+02, 2.79910004e+02, 4.58941010e+02, 2.76375000e+02,
    4.45006012e+02, 2.42220001e+02, 4.47114990e+02, 2.09565002e+02,
    4.49617004e+02, 2.41654007e+02, 4.55566010e+02, 2.41460007e+02,
    3.82026001e+02 ]
noOfLandmarkPoint: 68
