%YAML:1.0
landmark: [ 8.87807999e+01, 1.94442993e+02, 9.04782028e+01,
    2.25949005e+02, 9.77798004e+01, 2.56626007e+02, 1.09235001e+02,
    2.86015991e+02, 1.25500000e+02, 3.13037994e+02, 1.45895004e+02,
    3.37057007e+02, 1.71582001e+02, 3.55311005e+02, 2.01494003e+02,
    3.63540009e+02, 2.32167999e+02, 3.56415985e+02, 2.58391998e+02,
    3.40144012e+02, 2.75035004e+02, 3.13351990e+02, 2.85872009e+02,
    2.83764008e+02, 2.92733002e+02, 2.52947998e+02, 2.99075012e+02,
    2.22037994e+02, 2.99450989e+02, 1.90501999e+02, 2.86311005e+02,
    1.85684006e+02, 2.65661987e+02, 1.65024002e+02, 2.45268997e+02,
    1.65354996e+02, 2.27621994e+02, 1.77362000e+02, 2.52485001e+02,
    1.76016006e+02, 2.64604004e+02, 1.77723999e+02, 1.13746002e+02,
    1.87873993e+02, 1.44147995e+02, 1.69259995e+02, 1.69395996e+02,
    1.68531998e+02, 1.78567001e+02, 1.79113998e+02, 1.63145004e+02,
    1.78085007e+02, 1.48492996e+02, 1.81369995e+02, 1.34244995e+02,
    1.94628998e+02, 1.53035004e+02, 1.82955994e+02, 1.72932007e+02,
    1.96061005e+02, 1.52210999e+02, 1.98576004e+02, 1.50975006e+02,
    1.90501999e+02, 2.67261993e+02, 1.93804993e+02, 2.49082993e+02,
    1.82179993e+02, 2.28936005e+02, 1.97070999e+02, 2.51955002e+02,
    1.97589005e+02, 2.48645004e+02, 1.87873993e+02, 1.83822998e+02,
    1.98384995e+02, 1.78567001e+02, 2.43059998e+02, 1.68494003e+02,
    2.56636993e+02, 1.72436005e+02, 2.67587006e+02, 2.03095001e+02,
    2.78973999e+02, 2.25432007e+02, 2.71091003e+02, 2.27621994e+02,
    2.59265015e+02, 2.20613998e+02, 2.47438995e+02, 2.14044006e+02,
    1.99699005e+02, 1.82070999e+02, 2.67587006e+02, 2.17548004e+02,
    2.69338989e+02, 1.57981995e+02, 2.89924011e+02, 1.81082993e+02,
    2.86648010e+02, 1.94175995e+02, 2.88054993e+02, 2.02656998e+02,
    2.89485992e+02, 2.11822006e+02, 2.87434998e+02, 2.23964005e+02,
    2.86722992e+02, 2.38570999e+02, 2.87734009e+02, 2.29811996e+02,
    2.94742004e+02, 2.20175995e+02, 3.00872986e+02, 2.02326004e+02,
    3.03296997e+02, 1.89516998e+02, 3.03062988e+02, 1.76378006e+02,
    2.99997009e+02, 1.87917999e+02, 2.94782990e+02, 2.02656998e+02,
    2.96493988e+02, 2.14919998e+02, 2.94742004e+02, 2.16139999e+02,
    2.91721008e+02, 2.02552994e+02, 2.93303986e+02, 1.88261002e+02,
    2.91562988e+02, 2.02656998e+02, 2.93865997e+02, 2.03970993e+02,
    2.64520996e+02 ]
noOfLandmarkPoint: 68
