%YAML:1.0
landmark: [ 6.01753006e+01, 2.41824997e+02, 6.35094986e+01,
    2.75184998e+02, 7.12210999e+01, 3.07748993e+02, 8.40753021e+01,
    3.38696014e+02, 1.01691002e+02, 3.67148987e+02, 1.25853996e+02,
    3.90260010e+02, 1.55468002e+02, 4.05580994e+02, 1.88153000e+02,
    4.12739014e+02, 2.20552994e+02, 4.05697998e+02, 2.48302002e+02,
    3.87104004e+02, 2.69684998e+02, 3.61458008e+02, 2.83556000e+02,
    3.30985992e+02, 2.91040985e+02, 2.98381012e+02, 2.95240997e+02,
    2.65122009e+02, 3.02595001e+02, 2.32417999e+02, 2.95345001e+02,
    2.08404999e+02, 2.75410004e+02, 1.83938995e+02, 2.37804993e+02,
    1.86203995e+02, 2.20908997e+02, 1.98382996e+02, 2.42787994e+02,
    2.02061996e+02, 2.71332001e+02, 1.99343002e+02, 8.33442001e+01,
    2.14311996e+02, 1.09129997e+02, 1.88921997e+02, 1.58968994e+02,
    1.88921997e+02, 1.73847000e+02, 2.03451004e+02, 1.44923004e+02,
    2.02968002e+02, 1.11396004e+02, 2.00701996e+02, 1.11334000e+02,
    2.33171997e+02, 1.34238007e+02, 2.21600006e+02, 1.57259003e+02,
    2.32468994e+02, 1.34931000e+02, 2.38098007e+02, 1.32578003e+02,
    2.30240005e+02, 2.69717010e+02, 2.28182999e+02, 2.47772003e+02,
    2.16106995e+02, 2.26498993e+02, 2.31011002e+02, 2.51253006e+02,
    2.36134995e+02, 2.45526001e+02, 2.27343994e+02, 1.71675003e+02,
    2.36755997e+02, 1.70748993e+02, 2.72289001e+02, 1.62593994e+02,
    2.86786987e+02, 1.68936996e+02, 2.98566986e+02, 1.96292007e+02,
    3.05539001e+02, 2.18774994e+02, 2.98566986e+02, 2.27384003e+02,
    2.84975006e+02, 2.19681000e+02, 2.69570007e+02, 2.15117004e+02,
    2.35307999e+02, 1.78904007e+02, 2.95395996e+02, 2.09714005e+02,
    2.95395996e+02, 1.44162003e+02, 3.35947998e+02, 1.66100998e+02,
    3.23402008e+02, 1.86457993e+02, 3.18192993e+02, 1.95567993e+02,
    3.21467987e+02, 2.09845993e+02, 3.17200989e+02, 2.24703003e+02,
    3.22613007e+02, 2.36837997e+02, 3.32328003e+02, 2.30283997e+02,
    3.49230011e+02, 2.14636002e+02, 3.58446991e+02, 1.97016006e+02,
    3.61289001e+02, 1.79908005e+02, 3.59817993e+02, 1.62921997e+02,
    3.52278015e+02, 1.77738007e+02, 3.44187988e+02, 1.97016006e+02,
    3.46084015e+02, 2.17473999e+02, 3.42135986e+02, 2.16302994e+02,
    3.29330994e+02, 1.96292007e+02, 3.30156006e+02, 1.79475998e+02,
    3.30175995e+02, 1.96957001e+02, 3.38664001e+02, 1.97481003e+02,
    2.81803986e+02 ]
noOfLandmarkPoint: 68
