%YAML:1.0
landmark: [ 7.74656982e+01, 2.85427002e+02, 8.25000992e+01,
    3.18071014e+02, 9.06446991e+01, 3.50056000e+02, 1.03147003e+02,
    3.80618011e+02, 1.16767998e+02, 4.10712006e+02, 1.33197998e+02,
    4.39205994e+02, 1.58419998e+02, 4.60385986e+02, 1.90800003e+02,
    4.64190002e+02, 2.21695007e+02, 4.52924011e+02, 2.49358994e+02,
    4.35427002e+02, 2.66687012e+02, 4.07411011e+02, 2.80046997e+02,
    3.77209991e+02, 2.86096985e+02, 345., 2.92174988e+02, 3.12540985e+02,
    2.95095001e+02, 2.79644012e+02, 2.53567001e+02, 2.63347992e+02,
    2.30436996e+02, 2.50207001e+02, 1.95742004e+02, 2.46001007e+02,
    1.72087006e+02, 2.55988998e+02, 1.96947006e+02, 2.58835999e+02,
    2.24020996e+02, 2.59796997e+02, 7.79913025e+01, 2.66502014e+02,
    8.82070007e+01, 2.51020996e+02, 1.11109001e+02, 2.51783997e+02,
    1.28455994e+02, 2.62822998e+02, 1.10764999e+02, 2.61953003e+02,
    9.25354004e+01, 2.62947998e+02, 9.27229996e+01, 2.83373993e+02,
    1.14630997e+02, 2.72584991e+02, 1.37244003e+02, 2.82501007e+02,
    1.15434998e+02, 2.93434998e+02, 1.16890999e+02, 2.83324005e+02,
    2.35119995e+02, 2.81898010e+02, 2.06975998e+02, 2.68165985e+02,
    1.84281006e+02, 2.83187012e+02, 2.12026001e+02, 2.92054993e+02,
    2.10987000e+02, 2.78592987e+02, 1.37393005e+02, 2.85951996e+02,
    1.31610001e+02, 3.19596008e+02, 1.24250999e+02, 3.41674011e+02,
    1.30559006e+02, 3.56393005e+02, 1.46854996e+02, 3.57444000e+02,
    1.73138000e+02, 3.57444000e+02, 1.79972000e+02, 3.41148010e+02,
    1.71561005e+02, 3.26428986e+02, 1.73664001e+02, 2.86477997e+02,
    1.35815002e+02, 3.51661987e+02, 1.61574005e+02, 3.50084991e+02,
    1.24776001e+02, 3.93716003e+02, 1.33218002e+02, 3.83884003e+02,
    1.45278000e+02, 3.81098999e+02, 1.55231003e+02, 3.83062988e+02,
    1.69983994e+02, 3.81098999e+02, 1.86279999e+02, 3.84778992e+02,
    2.03626999e+02, 3.92664001e+02, 1.87744003e+02, 4.01858002e+02,
    1.74059998e+02, 4.07454010e+02, 1.59712006e+02, 4.11545013e+02,
    1.42735001e+02, 4.06559998e+02, 1.31916000e+02, 3.99166992e+02,
    1.38903000e+02, 3.92510010e+02, 1.58139008e+02, 3.96679993e+02,
    1.76985992e+02, 3.92434998e+02, 1.77477997e+02, 3.86880005e+02,
    1.56522995e+02, 3.88765015e+02, 1.39089996e+02, 3.86979004e+02,
    1.57274994e+02, 3.92636993e+02, 1.43701004e+02, 3.36942993e+02 ]
noOfLandmarkPoint: 68
