%YAML:1.0
landmark: [ 6.19522018e+01, 2.93290009e+02, 6.59213028e+01,
    3.47468994e+02, 7.17702026e+01, 4.01445007e+02, 8.45325012e+01,
    4.54208008e+02, 1.09432999e+02, 5.02114990e+02, 1.43932007e+02,
    5.44012024e+02, 1.88442993e+02, 5.74817993e+02, 2.39453003e+02,
    5.92825012e+02, 2.91653992e+02, 5.81109009e+02, 3.39303009e+02,
    5.55208008e+02, 3.76708008e+02, 5.16223022e+02, 4.01070007e+02,
    4.67829987e+02, 4.15563995e+02, 4.15526001e+02, 4.22778015e+02,
    3.61721008e+02, 4.25024994e+02, 3.07449005e+02, 4.18533997e+02,
    2.86074005e+02, 3.85690002e+02, 2.65368988e+02, 3.42851013e+02,
    2.64654999e+02, 3.08720001e+02, 2.82165009e+02, 3.35710999e+02,
    2.80362000e+02, 3.79265015e+02, 2.82503998e+02, 1.23643997e+02,
    2.72052002e+02, 1.71248001e+02, 2.52082001e+02, 2.09335999e+02,
    2.55373001e+02, 2.45005997e+02, 2.75085999e+02, 2.11477997e+02,
    2.72509003e+02, 1.66054993e+02, 2.73898987e+02, 1.52623993e+02,
    2.92204010e+02, 1.85300995e+02, 2.81800995e+02, 2.22897995e+02,
    3.01010010e+02, 1.84608994e+02, 3.08557007e+02, 1.82302002e+02,
    2.92278992e+02, 3.81170013e+02, 3.08661987e+02, 3.59757996e+02,
    2.93102997e+02, 3.25037994e+02, 3.09391998e+02, 3.60463013e+02,
    3.19020996e+02, 3.55242004e+02, 3.01381012e+02, 2.39949005e+02,
    3.10483002e+02, 2.33610992e+02, 3.81748993e+02, 2.17190002e+02,
    4.08880005e+02, 2.25757004e+02, 4.31727997e+02, 2.71300995e+02,
    4.40946991e+02, 3.03582001e+02, 4.37438995e+02, 3.12864014e+02,
    4.19589996e+02, 3.03582001e+02, 3.83175995e+02, 3.02652008e+02,
    3.10483002e+02, 2.42983002e+02, 4.28809998e+02, 2.93549988e+02,
    4.33867004e+02, 1.98483994e+02, 4.76343994e+02, 2.28498993e+02,
    4.69031006e+02, 2.53296005e+02, 4.66389008e+02, 2.69278015e+02,
    4.74321014e+02, 2.75471985e+02, 4.70148010e+02, 2.94389008e+02,
    4.75356995e+02, 3.21868011e+02, 4.79377991e+02, 3.08002014e+02,
    4.96640991e+02, 2.86550995e+02, 5.03636993e+02, 2.70289001e+02,
    5.05673004e+02, 2.43703995e+02, 4.99557007e+02, 2.20093994e+02,
    4.89125000e+02, 2.38371002e+02, 4.79020996e+02, 2.68596985e+02,
    4.83848999e+02, 2.87339996e+02, 4.86102997e+02, 2.88731995e+02,
    4.80919006e+02, 2.69306000e+02, 4.77932007e+02, 2.38770996e+02,
    4.75066010e+02, 2.68640991e+02, 4.79341003e+02, 2.75346008e+02,
    4.29821991e+02 ]
noOfLandmarkPoint: 68
