%YAML:1.0
landmark: [ 4.90886993e+01, 2.77665009e+02, 4.95115013e+01,
    3.14634003e+02, 5.84922981e+01, 3.50420013e+02, 7.45208969e+01,
    3.83753998e+02, 9.19162979e+01, 4.16408997e+02, 1.12600998e+02,
    4.47072998e+02, 1.39251007e+02, 4.71997009e+02, 1.75858002e+02,
    4.72992004e+02, 2.11552994e+02, 4.63759003e+02, 2.42052002e+02,
    4.43010010e+02, 2.67617004e+02, 4.16375000e+02, 2.84190002e+02,
    3.83468994e+02, 2.92036011e+02, 3.47329010e+02, 2.99127991e+02,
    3.11016998e+02, 3.01725006e+02, 2.74121002e+02, 2.48565002e+02,
    2.43744003e+02, 2.28093002e+02, 2.30584000e+02, 1.84673004e+02,
    2.29565994e+02, 1.55914993e+02, 2.45263000e+02, 1.87697998e+02,
    2.43548004e+02, 2.12438995e+02, 2.41287003e+02, 4.45321999e+01,
    2.41212006e+02, 5.52753983e+01, 2.26451996e+02, 7.81887970e+01,
    2.33604996e+02, 9.31354980e+01, 2.48300003e+02, 7.21565018e+01,
    2.44921005e+02, 5.86642990e+01, 2.39942993e+02, 5.70560989e+01,
    2.75062988e+02, 7.97755966e+01, 2.58174988e+02, 1.09035004e+02,
    2.73423004e+02, 8.10747986e+01, 2.83346985e+02, 8.60475006e+01,
    2.67539001e+02, 2.33029007e+02, 2.68523987e+02, 1.95878006e+02,
    2.56790985e+02, 1.66912994e+02, 2.73049988e+02, 1.99848999e+02,
    2.78734009e+02, 2.03505997e+02, 2.65007996e+02, 1.13387001e+02,
    2.77158997e+02, 1.07818001e+02, 3.18167999e+02, 9.76921005e+01,
    3.49050995e+02, 1.04274002e+02, 3.63733002e+02, 1.26043999e+02,
    3.64746002e+02, 1.59459000e+02, 3.60188995e+02, 1.66546997e+02,
    3.40950989e+02, 1.48826996e+02, 3.19179993e+02, 1.48826996e+02,
    2.76652008e+02, 1.10771004e+02, 3.56200989e+02, 1.43779007e+02,
    3.53526001e+02, 1.03261002e+02, 3.98666992e+02, 1.21375999e+02,
    3.93678986e+02, 1.34177002e+02, 3.92337006e+02, 1.44500000e+02,
    3.92972992e+02, 1.62259003e+02, 3.89515015e+02, 1.78074997e+02,
    3.88359985e+02, 1.98949005e+02, 3.92592010e+02, 1.75945007e+02,
    4.10759003e+02, 1.58054993e+02, 4.16843994e+02, 1.45020004e+02,
    4.20165009e+02, 1.23469002e+02, 4.18048004e+02, 1.10335999e+02,
    4.12088013e+02, 1.24419998e+02, 4.07199005e+02, 1.44882004e+02,
    4.09101013e+02, 1.72255997e+02, 4.01338013e+02, 1.72001999e+02,
    3.95928009e+02, 1.44888000e+02, 4.01109009e+02, 1.28559006e+02,
    4.01075989e+02, 1.45218994e+02, 4.05276001e+02, 1.16931000e+02,
    3.45001007e+02 ]
noOfLandmarkPoint: 68
