%YAML:1.0
landmark: [ 1.10785004e+02, 2.25302002e+02, 1.11781998e+02,
    2.57716003e+02, 1.18763000e+02, 2.87636993e+02, 1.28737000e+02,
    3.31023010e+02, 1.56164993e+02, 3.73411011e+02, 1.75115005e+02,
    3.89867004e+02, 1.95561005e+02, 3.99841003e+02, 2.29470993e+02,
    4.08816986e+02, 2.62882996e+02, 4.02833008e+02, 2.89812012e+02,
    3.90365997e+02, 3.15743011e+02, 3.71915009e+02, 3.39679993e+02,
    3.39001007e+02, 3.51149994e+02, 3.05091003e+02, 3.57134003e+02,
    2.71181000e+02, 3.61122986e+02, 2.30787003e+02, 3.39679993e+02,
    2.10341003e+02, 3.16242004e+02, 1.92389008e+02, 2.83390015e+02,
    1.90794006e+02, 2.57397003e+02, 2.05354004e+02, 2.79407013e+02,
    2.04966995e+02, 3.08066986e+02, 2.04240997e+02, 1.33723999e+02,
    2.08347000e+02, 1.56662994e+02, 1.88897995e+02, 2.03539993e+02,
    1.91391006e+02, 2.15009003e+02, 2.08347000e+02, 1.87367996e+02,
    2.01300003e+02, 1.60154007e+02, 2.01863998e+02, 1.56802002e+02,
    2.22391006e+02, 1.81166000e+02, 2.10679993e+02, 2.04050995e+02,
    2.25266006e+02, 1.80498001e+02, 2.31080994e+02, 1.76610992e+02,
    2.21311996e+02, 3.28104004e+02, 2.23125000e+02, 2.98364990e+02,
    2.11690002e+02, 2.79140991e+02, 2.23132004e+02, 3.00289001e+02,
    2.32360001e+02, 2.94798004e+02, 2.21811005e+02, 2.18998993e+02,
    2.30289001e+02, 2.12733002e+02, 2.67739014e+02, 2.00546997e+02,
    2.98608002e+02, 2.10520996e+02, 3.07584015e+02, 2.33460007e+02,
    3.12571014e+02, 2.60888000e+02, 3.08582001e+02, 2.68368011e+02,
    2.94119995e+02, 2.57872009e+02, 2.67181000e+02, 2.52908997e+02,
    2.30787003e+02, 2.20022003e+02, 3.03612000e+02, 2.49412994e+02,
    3.04429993e+02, 1.93565994e+02, 3.35510986e+02, 2.03942001e+02,
    3.27859985e+02, 2.17423996e+02, 3.26049011e+02, 2.28490997e+02,
    3.29268005e+02, 2.41167999e+02, 3.27658997e+02, 2.56786011e+02,
    3.28242004e+02, 2.73854004e+02, 3.36507996e+02, 2.58862000e+02,
    3.48602997e+02, 2.45125000e+02, 3.53636993e+02, 2.28589996e+02,
    3.54862000e+02, 2.12727005e+02, 3.50782013e+02, 1.99360001e+02,
    3.43290985e+02, 2.10985001e+02, 3.37920990e+02, 2.28893997e+02,
    3.40335999e+02, 2.50223007e+02, 3.39731995e+02, 2.49417999e+02,
    3.36511993e+02, 2.28684006e+02, 3.35665985e+02, 2.10582001e+02,
    3.34903015e+02, 2.28692001e+02, 3.38726013e+02, 2.32962006e+02,
    2.97112000e+02 ]
noOfLandmarkPoint: 68
