%YAML:1.0
landmark: [ 9.92279968e+01, 2.13022995e+02, 1.06384003e+02,
    2.43589005e+02, 1.17130997e+02, 2.73092987e+02, 1.28494003e+02,
    3.02356995e+02, 1.45419998e+02, 3.28722992e+02, 1.67552994e+02,
    3.50945007e+02, 1.94179001e+02, 3.67151001e+02, 2.25292999e+02,
    3.66890015e+02, 2.54664993e+02, 3.56316986e+02, 2.76723999e+02,
    3.34190002e+02, 2.93518005e+02, 3.07709991e+02, 3.03330994e+02,
    2.77984985e+02, 3.05562988e+02, 2.46688995e+02, 3.05985992e+02,
    2.15287994e+02, 3.04467987e+02, 1.83921997e+02, 2.70261993e+02,
    1.65542007e+02, 2.49839996e+02, 1.52268005e+02, 2.23054993e+02,
    1.58806000e+02, 2.07464005e+02, 1.73710999e+02, 2.27181000e+02,
    1.68445999e+02, 2.50350006e+02, 1.63500000e+02, 1.07397003e+02,
    1.95154007e+02, 1.19139000e+02, 1.75753006e+02, 1.46488007e+02,
    1.71513000e+02, 1.61514999e+02, 1.82389999e+02, 1.39050995e+02,
    1.82899994e+02, 1.19650002e+02, 1.84432007e+02, 1.27242996e+02,
    2.08718994e+02, 1.45843994e+02, 1.92475006e+02, 1.67130997e+02,
    2.01791000e+02, 1.48863007e+02, 2.07824005e+02, 1.48751007e+02,
    1.98727005e+02, 2.56476990e+02, 1.89537994e+02, 2.32470001e+02,
    1.79227997e+02, 2.13591003e+02, 1.95154007e+02, 2.37087997e+02,
    1.94218002e+02, 2.32481003e+02, 1.86473999e+02, 1.77852005e+02,
    2.05365005e+02, 1.72235992e+02, 2.38039993e+02, 1.64578003e+02,
    2.54888000e+02, 1.72235992e+02, 2.69183014e+02, 1.97764008e+02,
    2.70714996e+02, 2.23291000e+02, 2.65098999e+02, 2.27694000e+02,
    2.47800003e+02, 2.15121994e+02, 2.33445007e+02, 2.01848007e+02,
    2.04343002e+02, 1.82447006e+02, 2.64588013e+02, 2.10016998e+02,
    2.61014008e+02, 1.59983002e+02, 2.91136993e+02, 1.72513000e+02,
    2.86281006e+02, 1.85427002e+02, 2.84454987e+02, 2.01337997e+02,
    2.85010010e+02, 2.17987000e+02, 2.79756012e+02, 2.36345001e+02,
    2.80070007e+02, 2.52903000e+02, 2.78882996e+02, 2.38304993e+02,
    3.00066986e+02, 2.24759003e+02, 3.11307007e+02, 2.06442993e+02,
    3.19217010e+02, 1.88162994e+02, 3.16437012e+02, 1.75113007e+02,
    3.08079987e+02, 1.85876999e+02, 3.00575989e+02, 2.04061005e+02,
    3.02105988e+02, 2.29130005e+02, 2.94686005e+02, 2.27227997e+02,
    2.85394012e+02, 2.01718002e+02, 2.90175995e+02, 1.84173004e+02,
    2.90480988e+02, 2.03169006e+02, 2.97704010e+02, 1.93169006e+02,
    2.55397995e+02 ]
noOfLandmarkPoint: 68
