%YAML:1.0
landmark: [ 6.01666985e+01, 2.61053009e+02, 6.63333969e+01,
    3.03373993e+02, 7.32289963e+01, 3.45579987e+02, 8.29306030e+01,
    3.87222992e+02, 9.79923019e+01, 4.27157990e+02, 1.21588997e+02,
    4.62779999e+02, 1.54110992e+02, 4.90128998e+02, 1.94940002e+02,
    4.98964996e+02, 2.37167007e+02, 4.92450989e+02, 2.73848999e+02,
    4.71928009e+02, 3.01188995e+02, 4.39088989e+02, 3.18113007e+02,
    4.01513000e+02, 3.31688995e+02, 3.59218994e+02, 3.42893005e+02,
    3.18365997e+02, 3.49441986e+02, 2.76195007e+02, 3.44743011e+02,
    2.45910004e+02, 3.26895996e+02, 2.28533997e+02, 2.75126007e+02,
    2.25990005e+02, 2.54408997e+02, 2.40688995e+02, 2.81108002e+02,
    2.41382996e+02, 3.11842010e+02, 2.41960007e+02, 8.67967987e+01,
    2.39121994e+02, 1.22315002e+02, 2.13261002e+02, 1.65742996e+02,
    2.15026001e+02, 2.00626999e+02, 2.36511002e+02, 1.57873993e+02,
    2.29733002e+02, 1.28727997e+02, 2.28468994e+02, 1.11647003e+02,
    2.62959991e+02, 1.50843994e+02, 2.49287994e+02, 1.77572998e+02,
    2.65080994e+02, 1.49376007e+02, 2.75102997e+02, 1.51022003e+02,
    2.58963989e+02, 3.06996002e+02, 2.70704987e+02, 2.82605988e+02,
    2.55830994e+02, 2.49367004e+02, 2.72329987e+02, 2.84737000e+02,
    2.82287994e+02, 2.81039001e+02, 2.67319000e+02, 2.01149002e+02,
    2.67319000e+02, 1.95406006e+02, 3.15356995e+02, 1.79740997e+02,
    3.36243988e+02, 1.86529007e+02, 3.55562988e+02, 2.19425003e+02,
    3.68095001e+02, 2.54931000e+02, 3.57652008e+02, 2.57541992e+02,
    3.39377014e+02, 2.50753998e+02, 3.17967987e+02, 2.46054993e+02,
    2.70973999e+02, 2.01149002e+02, 3.55562988e+02, 2.39266998e+02,
    3.59218994e+02, 1.67209000e+02, 3.97858002e+02, 1.86300003e+02,
    3.93395996e+02, 2.04522995e+02, 3.91092010e+02, 2.17335999e+02,
    3.94203003e+02, 2.26567993e+02, 3.92608002e+02, 2.39298004e+02,
    3.95192993e+02, 2.65375000e+02, 4.00990997e+02, 2.42559006e+02,
    4.13380005e+02, 2.27001007e+02, 4.17800995e+02, 2.17335999e+02,
    4.16134003e+02, 1.97264008e+02, 4.15360992e+02, 1.78809998e+02,
    4.09661011e+02, 1.94623993e+02, 4.03916992e+02, 2.17031998e+02,
    4.07399994e+02, 2.35330002e+02, 4.06088989e+02, 2.34641006e+02,
    4.00556000e+02, 2.18281006e+02, 4.01381012e+02, 1.95707993e+02,
    3.98851013e+02, 2.17300995e+02, 4.04579010e+02, 2.26735001e+02,
    3.48252991e+02 ]
noOfLandmarkPoint: 68
