%YAML:1.0
landmark: [ 8.18355026e+01, 2.39182999e+02, 8.05145035e+01,
    2.74881989e+02, 8.48657990e+01, 3.10230011e+02, 9.59873962e+01,
    3.44127991e+02, 1.16035004e+02, 3.73503998e+02, 1.40787994e+02,
    3.99247009e+02, 1.68501007e+02, 4.21730988e+02, 2.02177994e+02,
    4.31013000e+02, 2.37757004e+02, 4.28276001e+02, 2.69981995e+02,
    4.13691010e+02, 2.91117004e+02, 3.85351990e+02, 3.03160004e+02,
    3.51731995e+02, 3.14638000e+02, 3.17936005e+02, 3.19187988e+02,
    2.82524994e+02, 3.21990997e+02, 2.46910995e+02, 3.15459991e+02,
    2.28084000e+02, 2.99260010e+02, 2.18470993e+02, 2.79358002e+02,
    2.18705994e+02, 2.54951004e+02, 2.26639008e+02, 2.73674011e+02,
    2.30052994e+02, 2.92941010e+02, 2.31154999e+02, 1.26160004e+02,
    2.23292999e+02, 1.55712997e+02, 2.07953995e+02, 1.85009995e+02,
    2.08807007e+02, 2.08117996e+02, 2.24966003e+02, 1.80662994e+02,
    2.21375000e+02, 1.53740997e+02, 2.22298004e+02, 1.35662003e+02,
    2.34550995e+02, 1.63459000e+02, 2.28084000e+02, 1.91701996e+02,
    2.39936996e+02, 1.61248001e+02, 2.43320007e+02, 1.64481995e+02,
    2.32690002e+02, 2.95446991e+02, 2.43712997e+02, 2.74005005e+02,
    2.34737000e+02, 2.49102005e+02, 2.44429001e+02, 2.75059998e+02,
    2.50565994e+02, 2.75540985e+02, 2.41391006e+02, 2.05936996e+02,
    2.51115005e+02, 1.99796005e+02, 2.89498993e+02, 1.88024994e+02,
    3.16112000e+02, 1.93654007e+02, 3.31464996e+02, 2.26516006e+02,
    3.38703003e+02, 2.50975006e+02, 3.35048004e+02, 2.56604004e+02,
    3.26347992e+02, 2.49160004e+02, 2.91768005e+02, 2.42889999e+02,
    2.51251999e+02, 2.06436996e+02, 3.28022003e+02, 2.45300995e+02,
    3.29389008e+02, 1.70774994e+02, 3.49904999e+02, 1.86423996e+02,
    3.47558014e+02, 1.98914001e+02, 3.48089996e+02, 2.16386993e+02,
    3.51040009e+02, 2.32044998e+02, 3.48542999e+02, 2.49164993e+02,
    3.51054993e+02, 2.58295990e+02, 3.54592987e+02, 2.41966003e+02,
    3.62779999e+02, 2.32296997e+02, 3.64837006e+02, 2.15839996e+02,
    3.64837006e+02, 2.03085999e+02, 3.64220001e+02, 1.88955002e+02,
    3.60164001e+02, 1.99384003e+02, 3.57226013e+02, 2.16457993e+02,
    3.59694000e+02, 2.37440002e+02, 3.57842987e+02, 2.34541000e+02,
    3.51493011e+02, 2.16613998e+02, 3.52627991e+02, 2.00729004e+02,
    3.50585999e+02, 2.16613998e+02, 3.55804993e+02, 2.30503006e+02,
    3.20205994e+02 ]
noOfLandmarkPoint: 68
