%YAML:1.0
landmark: [ 4.05793991e+01, 1.94718994e+02, 4.36509018e+01,
    2.23343002e+02, 4.99547005e+01, 2.51432007e+02, 5.81321983e+01,
    2.79029999e+02, 7.06488037e+01, 3.04920990e+02, 8.89207001e+01,
    3.26945007e+02, 1.15264999e+02, 3.38019989e+02, 1.43871994e+02,
    3.40641998e+02, 1.72151993e+02, 3.35860992e+02, 1.96792999e+02,
    3.21299988e+02, 2.14964005e+02, 2.99096008e+02, 2.27483994e+02,
    2.73208008e+02, 2.35716995e+02, 2.45641998e+02, 2.39673004e+02,
    2.17139008e+02, 2.40917007e+02, 1.88371994e+02, 2.18701004e+02,
    1.63378998e+02, 1.92604996e+02, 1.46054001e+02, 1.72029999e+02,
    1.51626007e+02, 1.57608002e+02, 1.63378998e+02, 1.71987000e+02,
    1.59962997e+02, 1.92914993e+02, 1.55048004e+02, 5.12905006e+01,
    1.70520004e+02, 6.62754974e+01, 1.53188995e+02, 8.50106964e+01,
    1.51477997e+02, 1.00482002e+02, 1.60205002e+02, 8.31680984e+01,
    1.60800995e+02, 6.88294983e+01, 1.61647003e+02, 7.13376999e+01,
    1.93613007e+02, 8.88806000e+01, 1.79251007e+02, 1.06856003e+02,
    1.91095993e+02, 8.98853989e+01, 1.98608002e+02, 8.97712021e+01,
    1.87182007e+02, 1.97207993e+02, 1.86697998e+02, 1.79341995e+02,
    1.74634003e+02, 1.61427994e+02, 1.87419006e+02, 1.81181000e+02,
    1.93735992e+02, 1.80617004e+02, 1.82024002e+02, 1.15161003e+02,
    1.91942001e+02, 1.13177002e+02, 2.18917999e+02, 1.06830002e+02,
    2.35580002e+02, 1.12384003e+02, 2.44703995e+02, 1.29839005e+02,
    2.45100998e+02, 1.50468002e+02, 2.45893997e+02, 1.58798004e+02,
    2.36373001e+02, 1.52054001e+02, 2.20901993e+02, 1.47294006e+02,
    1.91544998e+02, 1.18731003e+02, 2.39149994e+02, 1.42423004e+02,
    2.39110001e+02, 1.07623001e+02, 2.82787994e+02, 1.12146004e+02,
    2.74842987e+02, 1.24221001e+02, 2.69355988e+02, 1.31942001e+02,
    2.70072998e+02, 1.43401993e+02, 2.68003998e+02, 1.55546005e+02,
    2.73351013e+02, 1.62369003e+02, 2.81597992e+02, 1.56990005e+02,
    2.91079987e+02, 1.45384995e+02, 2.95350006e+02, 1.32787994e+02,
    2.97350006e+02, 1.20234001e+02, 2.95950989e+02, 1.10357002e+02,
    2.91787994e+02, 1.19944000e+02, 2.82260010e+02, 1.32270004e+02,
    2.82487000e+02, 1.47136993e+02, 2.80502014e+02, 1.46082993e+02,
    2.77667999e+02, 1.31927994e+02, 2.77598999e+02, 1.20571999e+02,
    2.79071991e+02, 1.32253006e+02, 2.80427002e+02, 1.29442001e+02,
    2.28042999e+02 ]
noOfLandmarkPoint: 68
