%YAML:1.0
landmark: [ 7.69592972e+01, 2.71205994e+02, 7.58706970e+01,
    3.10506989e+02, 7.73802032e+01, 3.49773987e+02, 8.40357971e+01,
    3.88503998e+02, 9.56527023e+01, 4.25959991e+02, 1.18684998e+02,
    4.57656006e+02, 1.48181000e+02, 4.83487000e+02, 1.84576004e+02,
    4.97635010e+02, 2.23417007e+02, 4.94897003e+02, 2.56578003e+02,
    4.74329987e+02, 2.81903015e+02, 4.44341003e+02, 3.02329987e+02,
    4.10824005e+02, 3.15670013e+02, 3.73855988e+02, 3.30427002e+02,
    3.37415985e+02, 3.42613007e+02, 3.00045013e+02, 3.24865997e+02,
    2.83407013e+02, 3.15437988e+02, 2.63996002e+02, 2.88282990e+02,
    2.56009003e+02, 2.64415009e+02, 2.69541992e+02, 2.89334991e+02,
    2.67865997e+02, 3.09975006e+02, 2.70388000e+02, 1.27983002e+02,
    2.64550995e+02, 1.47712997e+02, 2.45559998e+02, 1.82376999e+02,
    2.43084000e+02, 1.96199005e+02, 2.57895996e+02, 1.73052002e+02,
    2.53162003e+02, 1.50095993e+02, 2.55694000e+02, 1.39891006e+02,
    2.75243011e+02, 1.64707993e+02, 2.63544006e+02, 1.87688995e+02,
    2.82864990e+02, 1.62516006e+02, 2.87519989e+02, 1.64585999e+02,
    2.76197998e+02, 3.02516998e+02, 2.99307007e+02, 2.84880005e+02,
    2.82627991e+02, 2.56994995e+02, 2.92497009e+02, 2.81074005e+02,
    3.04631989e+02, 2.81053009e+02, 2.92835999e+02, 2.00634995e+02,
    2.87290009e+02, 1.94535004e+02, 3.28329987e+02, 1.82334000e+02,
    3.52178009e+02, 1.87880005e+02, 3.69924988e+02, 2.16164001e+02,
    3.78799011e+02, 2.41675995e+02, 3.77690002e+02, 2.51104004e+02,
    3.66042999e+02, 2.43893997e+02, 3.33321991e+02, 2.44449005e+02,
    2.95053986e+02, 1.96199005e+02, 3.66042999e+02, 2.33356995e+02,
    3.72144012e+02, 1.57931000e+02, 4.13739014e+02, 1.85251007e+02,
    4.06679993e+02, 2.02901001e+02, 4.03710999e+02, 2.11173004e+02,
    4.07638000e+02, 2.22716003e+02, 4.07053986e+02, 2.33306000e+02,
    4.13057007e+02, 2.49994995e+02, 4.25385010e+02, 2.30584000e+02,
    4.32040985e+02, 2.19492004e+02, 4.30931000e+02, 2.08399994e+02,
    4.27604004e+02, 1.92725006e+02, 4.25872009e+02, 1.81223999e+02,
    4.23166992e+02, 1.90089996e+02, 4.14690002e+02, 2.10063995e+02,
    4.19285004e+02, 2.22212006e+02, 4.21019012e+02, 2.23544998e+02,
    4.17498993e+02, 2.10617996e+02, 4.14847992e+02, 1.89869995e+02,
    4.11864014e+02, 2.10063995e+02, 4.17621002e+02, 2.18382996e+02,
    3.60497009e+02 ]
noOfLandmarkPoint: 68
