%YAML:1.0
landmark: [ 6.66107025e+01, 2.22315002e+02, 7.84393997e+01,
    2.47248993e+02, 9.15180969e+01, 2.71557007e+02, 1.04664001e+02,
    2.95820007e+02, 1.22018997e+02, 3.17214996e+02, 1.40671005e+02,
    3.37554993e+02, 1.57117996e+02, 3.53696991e+02, 1.87882996e+02,
    3.60671997e+02, 2.12858002e+02, 3.49704010e+02, 2.29604996e+02,
    3.29330994e+02, 2.44242996e+02, 3.05928986e+02, 2.56981995e+02,
    2.81463989e+02, 2.63838013e+02, 2.54798996e+02, 2.68105988e+02,
    2.27528000e+02, 2.71687012e+02, 2.00156998e+02, 2.63673004e+02,
    1.81300003e+02, 2.45757996e+02, 1.74227997e+02, 2.18886002e+02,
    1.78942001e+02, 2.07570999e+02, 1.87427994e+02, 2.20772003e+02,
    1.86957001e+02, 2.43401001e+02, 1.80828003e+02, 9.15970001e+01,
    2.00156998e+02, 1.08097000e+02, 1.89785995e+02, 1.37281998e+02,
    1.88166000e+02, 1.59955994e+02, 1.94500000e+02, 1.37798004e+02,
    1.96856995e+02, 1.17055000e+02, 1.97328995e+02, 1.11001999e+02,
    2.16339996e+02, 1.28792999e+02, 2.01669998e+02, 1.52412994e+02,
    2.11942993e+02, 1.31518997e+02, 2.19623993e+02, 1.30727005e+02,
    2.09115005e+02, 2.47255005e+02, 1.98518005e+02, 2.27171005e+02,
    1.89528000e+02, 2.10399994e+02, 2.03457001e+02, 2.29733994e+02,
    2.05679993e+02, 2.30199997e+02, 1.95914001e+02, 1.71742004e+02,
    2.15242996e+02, 1.69384995e+02, 2.46830002e+02, 1.59483994e+02,
    2.60502014e+02, 1.67026993e+02, 2.73230988e+02, 1.96257004e+02,
    2.77002014e+02, 217., 2.69459015e+02, 2.21714996e+02, 2.54373001e+02,
    2.11343002e+02, 2.42115005e+02, 2.00028000e+02, 2.12886002e+02,
    1.76455994e+02, 2.69459015e+02, 2.08514008e+02, 2.66630005e+02,
    1.42041000e+02, 2.99631012e+02, 1.63050003e+02, 2.92010010e+02,
    1.78046005e+02, 2.88368988e+02, 1.86356995e+02, 2.90674011e+02,
    1.95009003e+02, 2.86367004e+02, 2.09057999e+02, 2.86498993e+02,
    2.27843002e+02, 2.87845001e+02, 2.18076004e+02, 3.06285004e+02,
    2.06341003e+02, 3.16592987e+02, 1.91315994e+02, 3.23054993e+02,
    1.76246002e+02, 3.20854004e+02, 1.62046997e+02, 3.14036987e+02,
    1.69384995e+02, 3.07645996e+02, 1.88714005e+02, 3.10473999e+02,
    2.09457001e+02, 3.02459991e+02, 2.01442993e+02, 2.93973999e+02,
    1.88615997e+02, 2.96917999e+02, 1.72212997e+02, 2.97273987e+02,
    1.88794006e+02, 3.01881989e+02, 1.95313995e+02, 2.56730011e+02 ]
noOfLandmarkPoint: 68
