%YAML:1.0
landmark: [ 6.68814011e+01, 2.98149994e+02, 7.32837982e+01,
    3.40647003e+02, 8.35226974e+01, 3.82390991e+02, 9.66352997e+01,
    4.23221008e+02, 1.22169998e+02, 4.57640991e+02, 1.52910995e+02,
    4.87667999e+02, 1.87664993e+02, 5.14112976e+02, 2.30311005e+02,
    5.20072998e+02, 2.72407013e+02, 5.14229980e+02, 3.04279999e+02,
    4.85739990e+02, 3.24786011e+02, 4.63864014e+02, 3.48798004e+02,
    4.14161987e+02, 3.54447998e+02, 3.96614014e+02, 3.63312988e+02,
    3.46984009e+02, 3.67873993e+02, 2.87125000e+02, 3.45272003e+02,
    2.63971008e+02, 3.06561005e+02, 2.50179001e+02, 2.77791992e+02,
    2.59238007e+02, 2.55966003e+02, 2.73342987e+02, 2.82561005e+02,
    2.70037994e+02, 3.07785004e+02, 2.63420013e+02, 9.72011032e+01,
    2.77752991e+02, 1.25931000e+02, 2.61433014e+02, 1.66511993e+02,
    2.67753998e+02, 1.89263000e+02, 2.80509003e+02, 1.62356995e+02,
    2.79285004e+02, 1.26970001e+02, 2.76098999e+02, 1.24764999e+02,
    2.94842010e+02, 1.50123001e+02, 2.82162994e+02, 1.78669998e+02,
    2.97700012e+02, 1.49891998e+02, 3.01825989e+02, 1.50673996e+02,
    2.89329987e+02, 3.13794006e+02, 2.85125000e+02, 2.83649994e+02,
    2.76475006e+02, 2.59252991e+02, 2.93787994e+02, 2.88282013e+02,
    2.94433990e+02, 2.87388000e+02, 2.83816986e+02, 2.00287994e+02,
    3.01458008e+02, 2.00287994e+02, 3.47764008e+02, 1.89263000e+02,
    3.72571014e+02, 1.99186005e+02, 3.90763000e+02, 2.36671997e+02,
    4.00134003e+02, 2.69196991e+02, 3.85250000e+02, 2.73606995e+02,
    3.69815002e+02, 2.57069000e+02, 3.43354004e+02, 2.47697006e+02,
    2.98149994e+02, 2.12985992e+02, 3.89726013e+02, 2.58170990e+02,
    3.86903992e+02, 1.80442993e+02, 4.26044006e+02, 2.10554993e+02,
    4.25789001e+02, 2.27794006e+02, 4.26372986e+02, 2.39098007e+02,
    4.28377991e+02, 2.51873001e+02, 4.22803986e+02, 2.65777008e+02,
    4.18319000e+02, 2.81325012e+02, 4.14467010e+02, 2.66634003e+02,
    4.35622009e+02, 2.53442001e+02, 4.45307007e+02, 2.37285995e+02,
    4.51937012e+02, 2.21016006e+02, 4.49649994e+02, 2.03858002e+02,
    4.42612000e+02, 2.15837006e+02, 4.35031006e+02, 2.38876999e+02,
    4.36518005e+02, 2.53641998e+02, 4.31481995e+02, 2.56781006e+02,
    4.27106995e+02, 2.39098007e+02, 4.32404999e+02, 2.18216995e+02,
    4.31242004e+02, 2.39098007e+02, 4.34619995e+02, 2.37223007e+02,
    3.82493988e+02 ]
noOfLandmarkPoint: 68
