%YAML:1.0
landmark: [ 9.29455032e+01, 2.18494995e+02, 9.95518036e+01,
    2.40746002e+02, 1.08425003e+02, 2.62165009e+02, 1.20122002e+02,
    2.82208008e+02, 1.34921997e+02, 2.99998993e+02, 1.54977997e+02,
    3.11329987e+02, 1.76445007e+02, 3.20088013e+02, 1.99455994e+02,
    3.22218994e+02, 2.22018005e+02, 3.17119995e+02, 2.41817001e+02,
    3.05316010e+02, 2.58151001e+02, 2.88830994e+02, 2.70962006e+02,
    2.69566010e+02, 2.77513000e+02, 2.47371002e+02, 2.80234009e+02,
    2.24328003e+02, 2.81411987e+02, 2.01145996e+02, 2.69188995e+02,
    1.84192001e+02, 2.51052002e+02, 1.78278000e+02, 2.30798004e+02,
    1.85427002e+02, 2.19904007e+02, 1.93654999e+02, 2.32580002e+02,
    1.92085999e+02, 2.49080994e+02, 1.86951996e+02, 1.09504997e+02,
    2.01541000e+02, 1.24438004e+02, 1.90578003e+02, 1.50787994e+02,
    1.88725006e+02, 1.65888000e+02, 1.97598007e+02, 1.52401993e+02,
    1.96636993e+02, 1.36167007e+02, 1.96093002e+02, 1.33095993e+02,
    2.14276993e+02, 1.48242996e+02, 2.04660995e+02, 1.68412994e+02,
    2.09889999e+02, 1.50947006e+02, 2.18585007e+02, 1.48932999e+02,
    2.11397995e+02, 2.52434998e+02, 2.01643005e+02, 2.33145004e+02,
    1.96188995e+02, 2.15567001e+02, 2.07848999e+02, 2.35139999e+02,
    2.10548996e+02, 2.34098007e+02, 2.02723007e+02, 1.81658997e+02,
    2.09820999e+02, 1.80475998e+02, 2.36237000e+02, 1.76533005e+02,
    2.49248993e+02, 1.80869995e+02, 2.57528992e+02, 2.00584000e+02,
    2.60289001e+02, 2.19509995e+02, 2.54373993e+02, 2.22270004e+02,
    2.44912003e+02, 2.14779007e+02, 2.31899994e+02, 2.09259003e+02,
    2.09820999e+02, 1.89938995e+02, 2.55557007e+02, 2.09653000e+02,
    2.52796997e+02, 1.78899002e+02, 2.90253998e+02, 1.84481003e+02,
    2.80860992e+02, 1.94936996e+02, 2.76895996e+02, 2.01996002e+02,
    2.78928986e+02, 2.10412003e+02, 2.75031006e+02, 2.19630997e+02,
    2.77230988e+02, 2.27789993e+02, 2.83945007e+02, 2.23145004e+02,
    2.90019989e+02, 2.15169998e+02, 2.95428009e+02, 2.02225998e+02,
    2.99084991e+02, 1.89774002e+02, 2.98070007e+02, 1.80925003e+02,
    2.94438995e+02, 1.87033997e+02, 2.87615997e+02, 2.01850998e+02,
    2.88208008e+02, 2.16735992e+02, 2.85072998e+02, 2.16315994e+02,
    2.82381989e+02, 2.01832001e+02, 2.84388000e+02, 1.88451004e+02,
    2.84768005e+02, 2.01798004e+02, 2.85549011e+02, 1.99007004e+02,
    2.46488998e+02 ]
noOfLandmarkPoint: 68
