%YAML:1.0
landmark: [ 9.93907013e+01, 2.84105988e+02, 1.04971001e+02,
    3.31882996e+02, 1.17524002e+02, 3.78325012e+02, 1.38729996e+02,
    4.21181000e+02, 1.69026001e+02, 4.58566010e+02, 2.01227997e+02,
    4.94333008e+02, 2.38710999e+02, 5.24023987e+02, 2.83506989e+02,
    5.37206970e+02, 3.30031006e+02, 5.25288025e+02, 3.63540985e+02,
    4.91980988e+02, 3.85786011e+02, 4.49364014e+02, 4.07862000e+02,
    4.06605988e+02, 4.26140991e+02, 3.62226013e+02, 4.34006989e+02,
    3.14774994e+02, 4.40317993e+02, 2.67059998e+02, 4.26113007e+02,
    2.37701996e+02, 4.10959991e+02, 2.26337997e+02, 3.74973999e+02,
    2.36755005e+02, 3.44669006e+02, 2.62325012e+02, 3.82549988e+02,
    2.47171997e+02, 4.10959991e+02, 2.38649002e+02, 1.53371002e+02,
    2.55695007e+02, 2.12085999e+02, 2.43384003e+02, 2.46179001e+02,
    2.53800995e+02, 2.65118988e+02, 2.68006989e+02, 2.43337997e+02,
    2.66113007e+02, 2.01669006e+02, 2.52854004e+02, 1.88410995e+02,
    2.90734985e+02, 2.17768005e+02, 2.74635986e+02, 2.53755005e+02,
    2.96416992e+02, 2.14927002e+02, 3.04940002e+02, 2.14927002e+02,
    2.85053009e+02, 4.01489990e+02, 2.74635986e+02, 3.58713013e+02,
    2.68177002e+02, 3.26829987e+02, 2.91718994e+02, 3.64556000e+02,
    2.92628998e+02, 3.66450012e+02, 2.73688995e+02, 2.72695007e+02,
    3.02098999e+02, 2.75641998e+02, 3.50058014e+02, 2.66049011e+02,
    3.73897003e+02, 2.78377014e+02, 3.90171997e+02, 3.11523010e+02,
    3.95854004e+02, 3.44669006e+02, 3.80701996e+02, 3.50065002e+02,
    3.69244995e+02, 3.40179993e+02, 3.51802002e+02, 3.27622986e+02,
    2.98311005e+02, 2.91635986e+02, 3.86384003e+02, 3.35199005e+02,
    3.84489990e+02, 2.55582993e+02, 4.35528015e+02, 2.83782013e+02,
    4.27678986e+02, 3.05876007e+02, 4.25933990e+02, 3.14364014e+02,
    4.32787994e+02, 3.29424011e+02, 4.22735992e+02, 3.44540985e+02,
    4.22446014e+02, 3.58873993e+02, 4.20476990e+02, 3.48841003e+02,
    4.38471985e+02, 3.32677002e+02, 4.52872009e+02, 3.12470001e+02,
    4.61199005e+02, 2.90691986e+02, 4.57567993e+02, 2.68717010e+02,
    4.48582001e+02, 2.81906006e+02, 4.41023010e+02, 3.12274994e+02,
    4.46785004e+02, 3.33691010e+02, 4.37351013e+02, 3.35644989e+02,
    4.30928986e+02, 3.13950012e+02, 4.38766998e+02, 2.85712006e+02,
    4.34890991e+02, 313., 4.41164001e+02, 3.17204987e+02, 3.68390991e+02 ]
noOfLandmarkPoint: 68
