%YAML:1.0
landmark: [ 8.71574020e+01, 2.47322998e+02, 9.42296982e+01,
    2.79285004e+02, 1.03504997e+02, 3.10665985e+02, 1.14332001e+02,
    3.41556000e+02, 1.28697006e+02, 3.70907990e+02, 1.47473999e+02,
    3.97700012e+02, 1.74011993e+02, 4.15903992e+02, 2.06097000e+02,
    4.20717010e+02, 2.37080994e+02, 4.10717010e+02, 2.61963989e+02,
    3.89946991e+02, 2.79058014e+02, 3.62066986e+02, 2.88941010e+02,
    3.31032013e+02, 2.93355011e+02, 2.98596008e+02, 2.96042999e+02,
    2.65989990e+02, 2.96095001e+02, 2.33255005e+02, 2.73691010e+02,
    2.15018997e+02, 2.46074997e+02, 1.92613998e+02, 2.14432007e+02,
    2.00233002e+02, 2.01787003e+02, 2.12414001e+02, 2.18029999e+02,
    2.10048996e+02, 2.45554001e+02, 2.05119003e+02, 9.70571976e+01,
    2.28565994e+02, 1.14773003e+02, 2.10328995e+02, 1.45300003e+02,
    2.08977997e+02, 1.61666000e+02, 2.19707993e+02, 1.44207993e+02,
    2.20792999e+02, 1.18419998e+02, 2.20750000e+02, 1.18070999e+02,
    2.46460999e+02, 1.35613998e+02, 2.31692001e+02, 1.56977005e+02,
    2.39507996e+02, 1.35764999e+02, 2.49076004e+02, 1.38740997e+02,
    2.40029007e+02, 2.45667999e+02, 2.31029007e+02, 2.27317993e+02,
    2.20750000e+02, 2.08488007e+02, 2.34623001e+02, 2.27518005e+02,
    2.37751007e+02, 2.29923004e+02, 2.29608002e+02, 1.71044998e+02,
    2.44718002e+02, 1.66356003e+02, 2.78065002e+02, 1.57498001e+02,
    2.98385986e+02, 1.64272003e+02, 3.14016998e+02, 1.88761002e+02,
    3.18184998e+02, 2.14813004e+02, 3.09326996e+02, 2.17938995e+02,
    2.93696014e+02, 2.07518005e+02, 2.74938995e+02, 1.98660004e+02,
    2.41591995e+02, 1.72740997e+02, 3.09272003e+02, 2.02828995e+02,
    3.06200989e+02, 1.50725006e+02, 3.41631989e+02, 1.66828003e+02,
    3.37213013e+02, 1.80692993e+02, 3.34949005e+02, 1.94492004e+02,
    3.35901001e+02, 2.08878998e+02, 3.31730011e+02, 2.22876007e+02,
    3.31893005e+02, 2.39302002e+02, 3.34859009e+02, 2.31686996e+02,
    3.51299011e+02, 2.17190002e+02, 3.64114014e+02, 2.01787003e+02,
    3.73415985e+02, 1.76604004e+02, 3.69532990e+02, 1.61315994e+02,
    3.59591003e+02, 1.73406998e+02, 3.53455994e+02, 1.98319000e+02,
    3.56377991e+02, 2.18688995e+02, 3.47696991e+02, 2.15626007e+02,
    3.37087006e+02, 1.96322006e+02, 3.41256012e+02, 1.76195007e+02,
    3.41734009e+02, 1.97089996e+02, 3.47447998e+02, 1.87718994e+02,
    3.03075012e+02 ]
noOfLandmarkPoint: 68
