%YAML:1.0
landmark: [ 6.31678009e+01, 2.10617004e+02, 5.82549019e+01,
    2.49274002e+02, 5.71707993e+01, 2.88209015e+02, 5.89425011e+01,
    3.27132996e+02, 6.82360992e+01, 3.64812988e+02, 8.76757965e+01,
    3.98516998e+02, 1.12554001e+02, 4.28386993e+02, 1.45557007e+02,
    4.48662994e+02, 1.84386993e+02, 4.48020996e+02, 2.21660004e+02,
    4.37621002e+02, 2.47979996e+02, 4.09135986e+02, 2.72218994e+02,
    3.78716003e+02, 2.89105988e+02, 3.43644012e+02, 3.03080994e+02,
    3.07264008e+02, 3.14897003e+02, 2.70144012e+02, 3.12878998e+02,
    2.43912003e+02, 3.01980988e+02, 2.27537994e+02, 2.59540985e+02,
    2.15526993e+02, 2.25102005e+02, 2.21714996e+02, 2.56882996e+02,
    2.32813995e+02, 2.86141998e+02, 2.37354004e+02, 8.88955994e+01,
    1.97501007e+02, 1.05542999e+02, 1.82367004e+02, 1.62548004e+02,
    1.88421005e+02, 1.85753006e+02, 2.11626007e+02, 1.48927002e+02,
    2.04563995e+02, 1.08369003e+02, 1.99977005e+02, 1.14119003e+02,
    2.21210999e+02, 1.39684998e+02, 2.12914993e+02, 1.61251007e+02,
    2.33404007e+02, 1.34026001e+02, 2.32865997e+02, 1.39847000e+02,
    2.20201996e+02, 2.77062012e+02, 2.55009995e+02, 2.55542007e+02,
    2.40447998e+02, 2.29973007e+02, 2.48811005e+02, 2.56354004e+02,
    2.60093994e+02, 2.54360992e+02, 2.48451996e+02, 1.79699997e+02,
    2.40884995e+02, 1.65070007e+02, 2.75188995e+02, 1.50945007e+02,
    2.92845001e+02, 1.53972000e+02, 3.11006012e+02, 1.86257996e+02,
    3.27148987e+02, 2.16526001e+02, 3.23113007e+02, 2.21065994e+02,
    3.08988007e+02, 2.17029999e+02, 2.84269012e+02, 2.18039001e+02,
    2.48957001e+02, 1.66078995e+02, 3.12519989e+02, 2.03410004e+02,
    3.20591003e+02, 1.24712997e+02, 3.45813995e+02, 1.44891006e+02,
    3.40769989e+02, 1.62548004e+02, 3.40769989e+02, 1.77682007e+02,
    3.48841003e+02, 1.92311005e+02, 3.47832001e+02, 2.06940994e+02,
    3.54894989e+02, 2.20561005e+02, 3.65489014e+02, 2.03712997e+02,
    3.75283997e+02, 1.87406998e+02, 3.79098999e+02, 1.69610001e+02,
    3.77596008e+02, 1.54214005e+02, 3.71911987e+02, 1.40893005e+02,
    3.61985992e+02, 1.57382996e+02, 3.58351013e+02, 1.73645996e+02,
    3.61957001e+02, 1.96253006e+02, 3.65687012e+02, 1.97341995e+02,
    3.57157990e+02, 1.75886002e+02, 3.54372009e+02, 1.58382004e+02,
    3.49657013e+02, 1.76167999e+02, 3.57416992e+02, 1.90798004e+02,
    3.09997009e+02 ]
noOfLandmarkPoint: 68
