%YAML:1.0
landmark: [ 5.41374016e+01, 2.90304993e+02, 6.26169014e+01,
    3.40937012e+02, 7.40205994e+01, 3.90985992e+02, 8.89035034e+01,
    4.39950012e+02, 1.17446999e+02, 4.82467987e+02, 1.57572998e+02,
    5.14008972e+02, 2.05182007e+02, 5.32664978e+02, 2.56085999e+02,
    5.38755005e+02, 3.05585999e+02, 5.26703979e+02, 3.52455994e+02,
    5.06256989e+02, 3.86697998e+02, 4.68307007e+02, 4.13247986e+02,
    4.24414001e+02, 4.29329010e+02, 3.75851013e+02, 4.39372986e+02,
    3.25511993e+02, 4.44932007e+02, 2.74487000e+02, 4.01200012e+02,
    2.32615997e+02, 3.58398987e+02, 2.05632004e+02, 3.09074005e+02,
    2.15953995e+02, 2.82101013e+02, 2.39128998e+02, 3.12806000e+02,
    2.27964005e+02, 3.61190002e+02, 2.21449997e+02, 7.46075974e+01,
    2.47503006e+02, 1.12757004e+02, 2.15867996e+02, 1.59279999e+02,
    2.21449997e+02, 1.94636993e+02, 2.44712006e+02, 1.53697006e+02,
    2.38199005e+02, 1.18338997e+02, 2.36337997e+02, 1.15761002e+02,
    2.88634003e+02, 1.49863007e+02, 2.70657013e+02, 1.88417007e+02,
    2.84381012e+02, 1.52194000e+02, 2.95024994e+02, 1.49044998e+02, 281.,
    3.64283997e+02, 2.77796997e+02, 3.24601990e+02, 2.62221985e+02,
    2.84885010e+02, 2.85783997e+02, 3.27837006e+02, 2.90324005e+02,
    3.27694000e+02, 2.73556000e+02, 2.03942001e+02, 2.86583008e+02,
    1.98464996e+02, 3.37803986e+02, 1.85332993e+02, 3.72184998e+02,
    2.04300003e+02, 3.86338989e+02, 2.34647003e+02, 3.87072998e+02,
    2.67915985e+02, 3.83674988e+02, 2.84891998e+02, 3.64742004e+02,
    2.69075012e+02, 3.39618988e+02, 2.69075012e+02, 2.91234985e+02,
    2.09703003e+02, 3.78050995e+02, 2.59450989e+02, 3.74218994e+02,
    1.63001999e+02, 4.34526001e+02, 1.90531998e+02, 4.27681000e+02,
    2.20145996e+02, 4.22415009e+02, 2.38369003e+02, 4.28944000e+02,
    2.61661987e+02, 4.18954010e+02, 2.87330994e+02, 4.21181000e+02,
    3.26763000e+02, 4.21500000e+02, 2.90071014e+02, 4.51553009e+02,
    2.61567993e+02, 4.59535004e+02, 2.41962006e+02, 4.60927002e+02,
    2.14608002e+02, 4.59132996e+02, 1.89539001e+02, 4.51221985e+02,
    2.03363007e+02, 4.35304993e+02, 2.39388000e+02, 4.34580994e+02,
    2.70377991e+02, 4.31351990e+02, 2.69824005e+02, 4.32522003e+02,
    2.38444000e+02, 4.38903015e+02, 2.04779007e+02, 4.37609985e+02,
    2.39513000e+02, 4.40772003e+02, 2.29994995e+02, 3.55437012e+02 ]
noOfLandmarkPoint: 68
