%YAML:1.0
landmark: [ 7.12596970e+01, 2.51500000e+02, 7.75531998e+01,
    2.91937012e+02, 8.47499008e+01, 3.32216003e+02, 9.58261032e+01,
    3.71381012e+02, 1.18150002e+02, 4.05598999e+02, 1.47431000e+02,
    4.33993011e+02, 1.82332993e+02, 4.55291992e+02, 2.21248993e+02,
    4.67540985e+02, 2.61670990e+02, 4.64945007e+02, 2.95476990e+02,
    4.42705994e+02, 3.23825012e+02, 4.13453003e+02, 3.42899994e+02,
    3.77295013e+02, 3.56311005e+02, 3.38730011e+02, 3.60915009e+02,
    2.98092010e+02, 3.61701996e+02, 2.57178986e+02, 3.56834015e+02,
    2.27160995e+02, 3.30872986e+02, 2.09313004e+02, 3.01665985e+02,
    2.10123993e+02, 2.83817993e+02, 2.27160995e+02, 3.08967987e+02,
    2.23916000e+02, 3.28438995e+02, 2.19860001e+02, 1.14258003e+02,
    2.32839996e+02, 1.49143997e+02, 2.08501999e+02, 1.84839996e+02,
    2.07690002e+02, 2.22160004e+02, 2.25539001e+02, 1.81595001e+02,
    2.18237000e+02, 1.45087006e+02, 2.20671005e+02, 1.46057007e+02,
    2.51580994e+02, 1.76623993e+02, 2.38190002e+02, 2.03994003e+02,
    2.56397003e+02, 1.75104996e+02, 2.58802002e+02, 1.74294006e+02,
    2.49065994e+02, 3.29250000e+02, 2.56368011e+02, 3.03320007e+02,
    2.43289993e+02, 2.76515991e+02, 2.56368011e+02, 3.04100006e+02,
    2.61234985e+02, 2.97609985e+02, 2.53123001e+02, 2.18914993e+02,
    2.57178986e+02, 2.21348007e+02, 2.96932007e+02, 2.09990005e+02,
    3.22082001e+02, 2.21348007e+02, 3.35062988e+02, 2.50554993e+02,
    3.42364990e+02, 2.74894012e+02, 3.37497009e+02, 2.85011993e+02,
    3.25804993e+02, 2.72459991e+02, 2.95309998e+02, 2.67592010e+02,
    2.57178986e+02, 2.30272995e+02, 3.31006012e+02, 2.69214996e+02,
    3.32628998e+02, 1.72671005e+02, 3.67515015e+02, 2.07141998e+02,
    3.63740997e+02, 2.30684998e+02, 3.62600006e+02, 2.43253006e+02,
    3.66703003e+02, 2.58309998e+02, 3.62842010e+02, 2.76333008e+02,
    3.65161987e+02, 2.93553009e+02, 3.69136993e+02, 2.80750000e+02,
    3.93697998e+02, 2.64131012e+02, 4.03128998e+02, 2.42442001e+02,
    4.07268005e+02, 2.24748993e+02, 4.04888000e+02, 2.02820007e+02,
    3.95328003e+02, 2.18692993e+02, 3.86766998e+02, 2.42442001e+02,
    3.91041992e+02, 2.63311005e+02, 3.87541992e+02, 2.62756012e+02,
    3.73104004e+02, 2.41630997e+02, 3.74005005e+02, 2.20925003e+02,
    3.71937988e+02, 2.42203003e+02, 3.82688995e+02, 2.55423004e+02,
    3.18026001e+02 ]
noOfLandmarkPoint: 68
