%YAML:1.0
landmark: [ 8.09304962e+01, 2.78489014e+02, 8.43254013e+01,
    3.11269012e+02, 8.92563019e+01, 3.43847992e+02, 9.77285995e+01,
    3.75565002e+02, 1.12181000e+02, 4.05166992e+02, 1.30352997e+02,
    4.32579987e+02, 1.57281998e+02, 4.51359985e+02, 1.87753006e+02,
    4.62062988e+02, 2.20123993e+02, 4.56389008e+02, 2.47865005e+02,
    4.39320007e+02, 2.71282990e+02, 4.16173004e+02, 2.88229004e+02,
    3.88050995e+02, 3.00479004e+02, 3.57769989e+02, 3.10157013e+02,
    3.25923004e+02, 3.15959015e+02, 2.93500000e+02, 3.07515015e+02,
    2.77549988e+02, 2.86404999e+02, 2.54563004e+02, 2.48472000e+02,
    2.57743988e+02, 2.27740005e+02, 2.68325012e+02, 2.50475006e+02,
    2.66756989e+02, 2.79837006e+02, 2.66290985e+02, 1.10015999e+02,
    2.65352997e+02, 1.28744995e+02, 2.55423004e+02, 1.60212006e+02,
    2.49871994e+02, 1.84733002e+02, 2.57632996e+02, 1.58731995e+02,
    2.62160004e+02, 1.30296005e+02, 2.66222992e+02, 1.35615005e+02,
    2.79701996e+02, 1.57048996e+02, 2.68196014e+02, 1.80009003e+02,
    2.85863007e+02, 1.55667007e+02, 2.88782013e+02, 1.55050995e+02,
    2.78489014e+02, 2.81381012e+02, 2.88644012e+02, 2.60812988e+02,
    2.74674988e+02, 2.36348999e+02, 2.89571014e+02, 2.62463989e+02,
    2.96230011e+02, 2.59196014e+02, 2.84587006e+02, 1.91643005e+02,
    2.90686005e+02, 1.93050003e+02, 3.31029999e+02, 1.82259995e+02,
    3.49325989e+02, 1.88358994e+02, 3.61523010e+02, 2.19789993e+02,
    3.71373993e+02, 2.41369003e+02, 3.65276001e+02, 2.45591995e+02,
    3.49325989e+02, 2.35270996e+02, 3.34313995e+02, 2.28233994e+02,
    2.92092987e+02, 1.99149002e+02, 3.61053986e+02, 2.33393997e+02,
    3.63398987e+02, 1.59274002e+02, 3.84510010e+02, 1.82544006e+02,
    3.80131012e+02, 1.96899002e+02, 3.80871002e+02, 2.07123993e+02,
    3.84040009e+02, 2.21113007e+02, 3.82247009e+02, 2.33115997e+02,
    3.84837006e+02, 2.42776993e+02, 3.89670013e+02, 2.33621002e+02,
    4.02072998e+02, 2.21436005e+02, 4.10872009e+02, 2.01962997e+02,
    4.16410004e+02, 1.87645996e+02, 4.09877991e+02, 1.75070999e+02,
    3.99846985e+02, 1.85544006e+02, 3.96707001e+02, 2.05059998e+02,
    4.00779999e+02, 2.24011993e+02, 3.97644989e+02, 2.24856003e+02,
    3.90234009e+02, 2.06897995e+02, 3.90294006e+02, 1.91212006e+02,
    3.86915985e+02, 2.06136002e+02, 3.94549011e+02, 2.24949997e+02,
    3.54485992e+02 ]
noOfLandmarkPoint: 68
