%YAML:1.0
landmark: [ 7.45378036e+01, 2.25399994e+02, 7.90389023e+01,
    2.56191986e+02, 8.48926010e+01, 2.86747009e+02, 9.32543030e+01,
    3.16716003e+02, 1.05028999e+02, 3.45450989e+02, 1.27473000e+02,
    3.66516998e+02, 1.54820999e+02, 3.81326996e+02, 1.84487000e+02,
    3.90309998e+02, 2.15358994e+02, 3.87997009e+02, 2.44104996e+02,
    3.76609985e+02, 2.64027008e+02, 3.52786011e+02, 2.77203003e+02,
    3.24734009e+02, 2.84552002e+02, 2.94510986e+02, 2.89783997e+02,
    2.63837006e+02, 2.94044006e+02, 2.33011002e+02, 2.77220001e+02,
    2.13382996e+02, 2.59885010e+02, 1.99197006e+02, 2.34641006e+02,
    1.99742004e+02, 2.16335999e+02, 2.13783997e+02, 2.36462997e+02,
    2.08658997e+02, 2.58795013e+02, 2.06574005e+02, 1.01375000e+02,
    2.10578995e+02, 1.23753998e+02, 1.91356995e+02, 1.50317993e+02,
    1.94138000e+02, 1.74276993e+02, 2.11380997e+02, 1.47580994e+02,
    2.04992004e+02, 1.23405998e+02, 1.98563004e+02, 1.25609001e+02,
    2.25436996e+02, 1.41589996e+02, 2.18061005e+02, 1.60733994e+02,
    2.30270996e+02, 1.40360992e+02, 2.32453003e+02, 1.42632996e+02,
    2.23798004e+02, 2.55190002e+02, 2.31408997e+02, 2.36824005e+02,
    2.23804993e+02, 2.17179001e+02, 2.33600998e+02, 2.37434006e+02,
    2.38005997e+02, 2.35962997e+02, 2.29406006e+02, 1.76679993e+02,
    2.34613007e+02, 1.76279999e+02, 2.56243011e+02, 1.67067001e+02,
    2.75869995e+02, 1.71473007e+02, 2.89890015e+02, 1.95906998e+02,
    2.99903992e+02, 2.15533997e+02, 2.93095001e+02, 2.21542999e+02,
    2.81078003e+02, 2.11128006e+02, 2.59447998e+02, 2.05520004e+02,
    2.35414001e+02, 1.84690994e+02, 2.89088989e+02, 2.07923996e+02,
    2.89489014e+02, 1.51445007e+02, 3.17528992e+02, 1.63951996e+02,
    3.15606995e+02, 1.78578995e+02, 3.14010010e+02, 1.90699997e+02,
    3.16326996e+02, 2.01998993e+02, 3.15459015e+02, 2.16076004e+02,
    3.19364990e+02, 2.27951996e+02, 3.23135986e+02, 2.18210007e+02,
    3.33029999e+02, 2.05029999e+02, 3.39763000e+02, 1.91442001e+02,
    3.42902008e+02, 1.73279999e+02, 3.38826996e+02, 1.61345001e+02,
    3.30674011e+02, 1.76341003e+02, 3.24372009e+02, 1.91100006e+02,
    3.26341003e+02, 2.07785004e+02, 3.25744995e+02, 2.07729004e+02,
    3.22070007e+02, 1.91501007e+02, 3.20733002e+02, 1.76403000e+02,
    3.19760986e+02, 1.91501007e+02, 3.23536987e+02, 1.97509003e+02,
    2.84683014e+02 ]
noOfLandmarkPoint: 68
