%YAML:1.0
landmark: [ 9.55572968e+01, 2.30904999e+02, 1.00304001e+02,
    2.66817993e+02, 1.05519997e+02, 3.02524994e+02, 1.12600998e+02,
    3.37912994e+02, 1.27041000e+02, 3.71117004e+02, 1.46274002e+02,
    4.01725006e+02, 1.74371002e+02, 4.24386993e+02, 2.09328003e+02,
    4.31291992e+02, 2.45126999e+02, 4.26247986e+02, 2.75410004e+02,
    4.06846008e+02, 2.96710999e+02, 3.77755005e+02, 3.10875000e+02,
    3.44437988e+02, 3.19390991e+02, 3.09299988e+02, 3.28018005e+02,
    2.74239990e+02, 3.36242004e+02, 2.38975006e+02, 3.27221985e+02,
    2.23309006e+02, 3.01112000e+02, 1.97673996e+02, 2.60718994e+02,
    2.00391998e+02, 2.44145004e+02, 2.18087006e+02, 2.62660004e+02,
    2.12391006e+02, 2.97313995e+02, 2.10492004e+02, 1.12172997e+02,
    2.20936005e+02, 1.36382996e+02, 1.93876007e+02, 1.73037994e+02,
    1.98166000e+02, 2.00945999e+02, 2.17612000e+02, 1.67871002e+02,
    2.11806000e+02, 1.40656006e+02, 2.06694000e+02, 1.41130997e+02,
    2.30429993e+02, 1.62781006e+02, 2.14949005e+02, 1.88929001e+02,
    2.34690994e+02, 1.62028000e+02, 2.36162003e+02, 1.58220993e+02,
    2.26632004e+02, 2.98264008e+02, 2.34701996e+02, 2.75933990e+02,
    2.20871994e+02, 2.52216003e+02, 2.35651993e+02, 2.77273987e+02,
    2.42869995e+02, 2.72628998e+02, 2.31854004e+02, 2.02845001e+02,
    2.39449997e+02, 1.97147995e+02, 2.73154999e+02, 1.85755005e+02,
    2.94992004e+02, 1.94774002e+02, 3.16829010e+02, 2.23656006e+02,
    3.32528015e+02, 2.48893005e+02, 3.19203003e+02, 2.54589005e+02,
    2.96415985e+02, 2.41296997e+02, 2.74104004e+02, 2.37973999e+02,
    2.40873993e+02, 2.03787003e+02, 3.19533997e+02, 2.39337006e+02,
    3.20566986e+02, 1.60593994e+02, 3.36768005e+02, 1.87703003e+02,
    3.32204010e+02, 2.07255005e+02, 3.32121002e+02, 2.20408997e+02,
    3.37243011e+02, 2.32179001e+02, 3.33661987e+02, 2.46647995e+02,
    3.35617004e+02, 2.70730011e+02, 3.39615997e+02, 2.53050003e+02,
    3.57644012e+02, 2.37322006e+02, 3.69356995e+02, 2.18035995e+02,
    3.74270996e+02, 1.93352997e+02, 3.68170990e+02, 1.76828003e+02,
    3.55558014e+02, 1.94526993e+02, 3.52641998e+02, 2.18985001e+02,
    3.60028992e+02, 2.37255997e+02, 3.53743011e+02, 2.38231003e+02,
    3.44226013e+02, 2.19934998e+02, 3.48635986e+02, 1.97667999e+02,
    3.42790985e+02, 2.19460007e+02, 3.54807007e+02, 2.19934998e+02,
    3.07809998e+02 ]
noOfLandmarkPoint: 68
