%YAML:1.0
landmark: [ 8.05444031e+01, 2.08334000e+02, 7.27942963e+01,
    2.39324997e+02, 7.65905991e+01, 2.70502014e+02, 8.76317978e+01,
    3.00450989e+02, 9.81332016e+01, 3.30567993e+02, 1.06386002e+02,
    3.61423004e+02, 1.25314003e+02, 3.86062988e+02, 1.56317993e+02,
    3.92743011e+02, 1.87419998e+02, 3.87053986e+02, 2.16522995e+02,
    3.73989990e+02, 2.40044006e+02, 3.52612000e+02, 2.58399994e+02,
    3.26497009e+02, 2.73065002e+02, 2.98140015e+02, 2.84912994e+02,
    2.68496002e+02, 2.92789001e+02, 2.37542007e+02, 2.64554993e+02,
    2.21477005e+02, 2.42526001e+02, 1.98345001e+02, 2.14783005e+02,
    1.95272995e+02, 1.86667007e+02, 2.01518997e+02, 2.10565994e+02,
    2.05854996e+02, 2.35664001e+02, 2.09656006e+02, 8.49255981e+01,
    1.88375000e+02, 9.90428009e+01, 1.74257996e+02, 1.28738007e+02,
    1.84481003e+02, 1.40421005e+02, 1.96651001e+02, 1.23033997e+02,
    1.90811005e+02, 1.00989998e+02, 1.85453995e+02, 9.36072006e+01,
    2.10121994e+02, 1.21510002e+02, 1.98826996e+02, 1.43108002e+02,
    2.17179001e+02, 1.18233002e+02, 2.20921997e+02, 1.20948997e+02,
    2.09794006e+02, 2.53397003e+02, 2.35931000e+02, 2.22658997e+02,
    2.13054993e+02, 1.97841995e+02, 2.26908997e+02, 2.21042007e+02,
    2.39190002e+02, 2.18796005e+02, 2.26345001e+02, 1.47235992e+02,
    2.22938004e+02, 1.37013000e+02, 2.58473999e+02, 1.21435997e+02,
    2.75998993e+02, 1.27277000e+02, 2.88656006e+02, 1.49182999e+02,
    3.01799011e+02, 1.75470001e+02, 2.97417999e+02, 1.85205994e+02,
    2.84274994e+02, 1.74496994e+02, 2.68209991e+02, 1.80337997e+02,
    2.29266006e+02, 1.33606003e+02, 2.88169006e+02, 1.64761002e+02,
    2.95471008e+02, 1.17541000e+02, 3.01799011e+02, 1.27287003e+02,
    3.01976990e+02, 1.39542007e+02, 3.03126007e+02, 1.48210007e+02,
    3.08127991e+02, 1.64078995e+02, 3.07790985e+02, 1.80106995e+02,
    3.11200012e+02, 2.05164993e+02, 3.21757996e+02, 1.84304993e+02,
    3.35914001e+02, 1.67893997e+02, 3.43164001e+02, 1.39934006e+02,
    3.45610992e+02, 1.24541000e+02, 3.34588989e+02, 1.14597000e+02,
    3.19791992e+02, 1.26478996e+02, 3.23329987e+02, 1.47641006e+02,
    3.32507996e+02, 1.74542999e+02, 3.31329987e+02, 1.73664001e+02,
    3.17507996e+02, 1.48966003e+02, 3.15057007e+02, 1.30636993e+02,
    3.10002014e+02, 1.48330002e+02, 3.24296997e+02, 1.46748993e+02,
    2.82326996e+02 ]
noOfLandmarkPoint: 68
