%YAML:1.0
landmark: [ 7.30298996e+01, 2.72792999e+02, 7.87942963e+01,
    3.14429993e+02, 8.77591019e+01, 3.55479004e+02, 1.01128998e+02,
    3.95308014e+02, 1.23127998e+02, 4.30903992e+02, 1.53108002e+02,
    4.60309998e+02, 1.87970001e+02, 4.83651001e+02, 2.28229004e+02,
    4.93372986e+02, 2.68553986e+02, 4.81980011e+02, 3.05739990e+02,
    4.62622986e+02, 3.31917999e+02, 4.29929993e+02, 3.47248993e+02,
    3.91095001e+02, 3.56179993e+02, 3.50018005e+02, 3.62868988e+02,
    3.08527008e+02, 3.71264008e+02, 2.67359985e+02, 3.48992004e+02,
    2.39654999e+02, 3.22372986e+02, 2.15210007e+02, 2.77285004e+02,
    2.28248001e+02, 2.52296005e+02, 2.52692993e+02, 2.85433990e+02,
    2.40199005e+02, 3.22372986e+02, 2.32593002e+02, 9.96483002e+01,
    2.45630997e+02, 1.32552002e+02, 2.24395004e+02, 1.74330002e+02,
    2.33496002e+02, 2.03949005e+02, 2.53235992e+02, 1.69102005e+02,
    2.46737000e+02, 1.40654999e+02, 2.39016006e+02, 1.33768005e+02,
    2.69529999e+02, 1.56425995e+02, 2.54220993e+02, 1.85167999e+02,
    2.75044006e+02, 1.56787003e+02, 2.79317993e+02, 1.55057999e+02,
    2.66816986e+02, 3.17852997e+02, 2.64540985e+02, 2.96154999e+02,
    2.50371994e+02, 2.72049011e+02, 2.71790009e+02, 2.98117004e+02,
    2.75898010e+02, 2.94669006e+02, 2.62471008e+02, 2.08837997e+02,
    2.78225006e+02, 2.06121994e+02, 3.24399994e+02, 1.91453995e+02,
    3.58079987e+02, 2.03406006e+02, 3.77092987e+02, 2.36542999e+02,
    3.80895996e+02, 2.65877014e+02, 3.74920013e+02, 2.71852997e+02,
    3.49388000e+02, 2.57186005e+02, 3.21140015e+02, 2.49580002e+02,
    2.80941010e+02, 2.13727005e+02, 3.67858002e+02, 2.54468994e+02,
    3.67315002e+02, 1.86022003e+02, 4.10230011e+02, 2.04666000e+02,
    4.04700012e+02, 2.22042999e+02, 4.02376007e+02, 236., 4.05884003e+02,
    2.49320999e+02, 4.00140015e+02, 2.65216003e+02, 4.01772003e+02,
    2.79458008e+02, 4.05884003e+02, 2.71877014e+02, 4.11355988e+02,
    2.55681000e+02, 4.19625000e+02, 2.35455994e+02, 4.24898010e+02,
    2.15257996e+02, 4.22320007e+02, 1.97233002e+02, 4.15657013e+02,
    2.15884003e+02, 4.12898010e+02, 2.36378998e+02, 4.13545990e+02,
    2.55363998e+02, 4.09230988e+02, 2.55363998e+02, 4.05562988e+02,
    2.36378998e+02, 4.08368011e+02, 2.16531998e+02, 4.08152008e+02,
    2.36378998e+02, 4.10957001e+02, 2.35455994e+02, 3.54277008e+02 ]
noOfLandmarkPoint: 68
