%YAML:1.0
landmark: [ 1.00579002e+02, 2.85105988e+02, 1.03143997e+02,
    3.19605988e+02, 1.11228996e+02, 3.53187988e+02, 1.21888000e+02,
    3.86101990e+02, 1.38770996e+02, 4.16101013e+02, 1.65755997e+02,
    4.37580994e+02, 1.96080994e+02, 4.53923004e+02, 2.30244995e+02,
    4.58446014e+02, 2.62975006e+02, 4.48507996e+02, 2.90549988e+02,
    4.27665985e+02, 3.15296997e+02, 4.03627014e+02, 3.30635010e+02,
    3.72766998e+02, 3.38105988e+02, 3.39006012e+02, 3.44089996e+02,
    3.04959991e+02, 3.45303009e+02, 2.70381989e+02, 3.01638000e+02,
    2.51089005e+02, 2.72190002e+02, 2.42457001e+02, 2.39854996e+02,
    2.46662994e+02, 2.20910004e+02, 2.60734985e+02, 2.45621994e+02,
    2.56648010e+02, 2.74221008e+02, 2.50580994e+02, 1.16319000e+02,
    2.59720001e+02, 1.34597000e+02, 2.48550003e+02, 1.59475006e+02,
    2.53119995e+02, 1.79783997e+02, 2.71398010e+02, 1.52578995e+02,
    2.64794006e+02, 1.35341003e+02, 2.60002014e+02, 1.33983002e+02,
    2.82747986e+02, 1.51718994e+02, 2.72334991e+02, 1.77763000e+02,
    2.83187012e+02, 1.52376007e+02, 2.90627991e+02, 1.52367004e+02,
    2.79520996e+02, 2.84721985e+02, 2.72910004e+02, 2.54679993e+02,
    2.62687988e+02, 2.34419006e+02, 2.79915009e+02, 2.56963989e+02,
    2.83774994e+02, 2.54419998e+02, 2.70890015e+02, 1.91970001e+02,
    2.85614014e+02, 1.85369003e+02, 3.32832001e+02, 1.77246002e+02,
    3.52126007e+02, 1.78261002e+02, 3.65834991e+02, 2.05171005e+02,
    3.71420013e+02, 2.29541000e+02, 3.63803986e+02, 2.34619003e+02,
    3.49587006e+02, 2.23449005e+02, 3.33339996e+02, 2.22432999e+02,
    2.83075012e+02, 1.87399994e+02, 3.62787994e+02, 2.19386993e+02,
    3.59742004e+02, 1.65567993e+02, 3.96806000e+02, 1.82703003e+02,
    3.94364990e+02, 1.94768997e+02, 3.92923004e+02, 2.07709000e+02,
    3.96806000e+02, 2.19291000e+02, 3.90993011e+02, 2.35973007e+02,
    3.91388000e+02, 2.61528015e+02, 3.93252014e+02, 2.39009003e+02,
    4.02635986e+02, 2.25598999e+02, 4.10751007e+02, 2.10248001e+02,
    4.16606995e+02, 1.92080994e+02, 4.13145996e+02, 1.80156998e+02,
    4.05653992e+02, 1.88871002e+02, 4.01819000e+02, 2.08725006e+02,
    4.04421997e+02, 2.28227005e+02, 3.99040009e+02, 2.28158005e+02,
    3.96584015e+02, 2.08725006e+02, 3.99851990e+02, 1.89050003e+02,
    3.98734985e+02, 2.09740005e+02, 4.02390991e+02, 1.97554993e+02,
    3.53648987e+02 ]
noOfLandmarkPoint: 68
