%YAML:1.0
landmark: [ 1.18505997e+02, 3.41602997e+02, 1.44039993e+02,
    3.73790985e+02, 1.70940994e+02, 4.04841003e+02, 1.99367004e+02,
    4.34501007e+02, 2.31470001e+02, 4.59958008e+02, 2.70682007e+02,
    4.71385010e+02, 3.10730988e+02, 4.80420013e+02, 3.51337006e+02,
    4.83602997e+02, 3.86320007e+02, 4.63257996e+02, 4.02377991e+02,
    4.27174011e+02, 4.07462006e+02, 3.86533997e+02, 4.06234009e+02,
    3.45467987e+02, 4.05009003e+02, 3.04403992e+02, 3.97147003e+02,
    2.64200989e+02, 3.81278015e+02, 2.26322998e+02, 3.73648987e+02,
    2.16151001e+02, 3.61549988e+02, 2.05309998e+02, 3.25417999e+02,
    2.18056000e+02, 3.21941986e+02, 2.36494003e+02, 3.37588989e+02,
    2.27031006e+02, 3.59040985e+02, 2.23800003e+02, 2.02423996e+02,
    2.82266998e+02, 2.13873001e+02, 2.67380005e+02, 2.42565002e+02,
    2.51246002e+02, 2.67692993e+02, 2.54294998e+02, 2.48319000e+02,
    2.66260986e+02, 2.21759003e+02, 2.80763000e+02, 2.09259995e+02,
    3.10981995e+02, 2.29513000e+02, 2.88941986e+02, 2.54531998e+02,
    2.89536987e+02, 2.31389999e+02, 3.06135986e+02, 2.33787003e+02,
    2.93286987e+02, 3.61398987e+02, 2.40067993e+02, 3.37967010e+02,
    2.37126999e+02, 3.22440002e+02, 2.54988007e+02, 3.48436005e+02,
    2.55442993e+02, 3.37200012e+02, 2.42427994e+02, 2.75321991e+02,
    2.84809998e+02, 2.92059998e+02, 3.21109009e+02, 2.90273010e+02,
    3.47914001e+02, 3.02186005e+02, 3.61019012e+02, 3.47372009e+02,
    3.61098999e+02, 3.65329010e+02, 3.40765991e+02, 3.66519989e+02,
    3.28852997e+02, 3.49244995e+02, 3.06812012e+02, 3.20057007e+02,
    2.59157990e+02, 3.19460999e+02, 3.55062988e+02, 3.59967987e+02,
    3.40765991e+02, 2.85506989e+02, 4.14631012e+02, 3.14707001e+02,
    3.96454010e+02, 3.33570007e+02, 3.83316986e+02, 3.46372986e+02,
    3.82023010e+02, 3.53287994e+02, 3.76330994e+02, 3.70019012e+02,
    3.72799988e+02, 3.82604004e+02, 3.74123993e+02, 3.86773010e+02,
    4.00334991e+02, 3.75010986e+02, 4.16002014e+02, 3.61755005e+02,
    4.26545013e+02, 3.41170990e+02, 4.29738007e+02, 3.16352997e+02,
    4.28791992e+02, 3.27800995e+02, 4.12247986e+02, 3.54605988e+02,
    4.05696014e+02, 3.70093994e+02, 3.96165009e+02, 3.64937012e+02,
    3.80234009e+02, 3.48649994e+02, 3.87825012e+02, 3.23677002e+02,
    3.96717987e+02, 3.52223999e+02, 3.96165009e+02, 3.49915009e+02,
    3.37364990e+02 ]
noOfLandmarkPoint: 68
