%YAML:1.0
landmark: [ 6.65118027e+01, 2.49507004e+02, 7.41990967e+01,
    2.81484985e+02, 8.35362015e+01, 3.13018005e+02, 9.50552979e+01,
    3.43809998e+02, 1.11069000e+02, 3.72445007e+02, 1.37065994e+02,
    3.92087006e+02, 1.67889008e+02, 4.03165009e+02, 2.00473999e+02,
    4.00442993e+02, 2.31412003e+02, 3.89641998e+02, 2.57476990e+02,
    3.69648010e+02, 2.82761993e+02, 3.48729004e+02, 2.96872009e+02,
    3.19309998e+02, 3.01681000e+02, 2.86847992e+02, 3.00388000e+02,
    2.53998993e+02, 2.97992004e+02, 2.21195999e+02, 2.61355011e+02,
    2.14535004e+02, 2.48031998e+02, 1.97882004e+02, 2.04362000e+02,
    2.05222000e+02, 1.81973999e+02, 2.15645004e+02, 2.11395004e+02,
    2.15645004e+02, 2.40815994e+02, 2.10093994e+02, 7.98342972e+01,
    2.33964005e+02, 9.31568985e+01, 2.18975998e+02, 1.20947998e+02,
    2.16483002e+02, 1.49223007e+02, 2.23972000e+02, 1.24541000e+02,
    2.28052002e+02, 1.04639999e+02, 2.28619003e+02, 1.01894997e+02,
    2.41261002e+02, 1.21517998e+02, 2.29561005e+02, 1.43292999e+02,
    2.35084000e+02, 1.23630997e+02, 2.44388000e+02, 1.19802002e+02,
    2.37850006e+02, 2.46921997e+02, 2.25082001e+02, 2.25587997e+02,
    2.14242004e+02, 2.05891998e+02, 2.23789993e+02, 2.28391998e+02,
    2.29667999e+02, 2.24162003e+02, 2.22307007e+02, 1.55328995e+02,
    2.37850006e+02, 1.50332993e+02, 2.68936005e+02, 1.42561005e+02,
    2.95580994e+02, 1.47557007e+02, 3.11678986e+02, 1.67541000e+02,
    3.15565002e+02, 1.96962006e+02, 3.05572998e+02, 2.02513000e+02,
    2.90029999e+02, 1.91410995e+02, 2.67269989e+02, 1.87524994e+02,
    2.36738998e+02, 1.54774002e+02, 3.07792999e+02, 1.84238007e+02,
    3.05187988e+02, 1.35899994e+02, 3.43320007e+02, 1.53554001e+02,
    3.32121002e+02, 1.68348007e+02, 3.29457001e+02, 1.76423004e+02,
    3.31662994e+02, 1.86873001e+02, 3.26917999e+02, 2.05274002e+02,
    3.27687988e+02, 2.23052002e+02, 3.32773010e+02, 2.08878006e+02,
    3.42283997e+02, 1.95953995e+02, 3.48584015e+02, 1.77533005e+02,
    3.53312012e+02, 1.62563995e+02, 3.52384003e+02, 1.50436996e+02,
    3.49399994e+02, 1.60070999e+02, 3.44117004e+02, 1.77352997e+02,
    3.45837006e+02, 2.01488007e+02, 3.40136993e+02, 2.00621002e+02,
    3.32938995e+02, 1.77518997e+02, 3.37332001e+02, 1.61716003e+02,
    3.37058014e+02, 1.77531998e+02, 3.41902008e+02, 1.62544998e+02,
    2.96691010e+02 ]
noOfLandmarkPoint: 68
