%YAML:1.0
landmark: [ 6.14031982e+01, 2.33766006e+02, 6.05178986e+01,
    2.76333008e+02, 6.11349983e+01, 3.18902008e+02, 6.63405991e+01,
    3.61006012e+02, 8.15401993e+01, 4.00730011e+02, 1.03864998e+02,
    4.36802002e+02, 1.34895004e+02, 4.65891998e+02, 1.74656998e+02,
    4.79587006e+02, 2.16541000e+02, 4.74273010e+02, 2.54149994e+02,
    4.54575989e+02, 2.82976013e+02, 4.23338989e+02, 3.08016998e+02,
    3.88931000e+02, 3.24855011e+02, 3.50020996e+02, 3.36299988e+02,
    3.09019989e+02, 3.44040009e+02, 2.67161011e+02, 3.34675995e+02,
    2.34796997e+02, 3.05121002e+02, 2.13451996e+02, 2.67355988e+02,
    2.15914993e+02, 2.51184998e+02, 2.23177002e+02, 2.68177002e+02,
    2.28229004e+02, 2.99373993e+02, 2.28229004e+02, 8.74676971e+01,
    2.06072998e+02, 1.16531998e+02, 1.88389999e+02, 1.54063004e+02,
    1.98673996e+02, 1.86839005e+02, 2.20733994e+02, 1.50940002e+02,
    2.11477997e+02, 1.17119003e+02, 2.01136993e+02, 1.10871002e+02,
    2.39167007e+02, 1.44020996e+02, 2.25709000e+02, 1.70550003e+02,
    2.49261993e+02, 1.39972000e+02, 2.52363998e+02, 1.41225998e+02,
    2.38653000e+02, 2.96061005e+02, 2.62209015e+02, 2.71125000e+02,
    2.44766006e+02, 2.43535995e+02, 2.57578003e+02, 2.70399994e+02,
    2.70054993e+02, 2.68290009e+02, 2.55757996e+02, 1.87653000e+02,
    2.56572998e+02, 1.77643997e+02, 2.95821991e+02, 1.58214005e+02,
    3.27460999e+02, 1.65697006e+02, 3.40877991e+02, 1.97427002e+02,
    3.51871002e+02, 2.28802002e+02, 3.48791992e+02, 2.42069000e+02,
    3.34169006e+02, 2.29559006e+02, 3.01346008e+02, 2.30822998e+02,
    2.63088989e+02, 1.70856995e+02, 3.38296997e+02, 2.18848007e+02,
    3.42683990e+02, 1.29434006e+02, 3.60404999e+02, 1.54240997e+02,
    3.62612000e+02, 1.75311005e+02, 3.63500000e+02, 1.93046005e+02,
    3.69774994e+02, 2.09317001e+02, 3.67502014e+02, 2.27869003e+02,
    3.71230011e+02, 2.51098999e+02, 3.74934998e+02, 2.30177002e+02,
    4.04381012e+02, 2.09662003e+02, 4.17303986e+02, 1.86595993e+02,
    4.20862000e+02, 1.63408997e+02, 4.13346008e+02, 1.42987000e+02,
    3.95997009e+02, 1.59886993e+02, 3.90976990e+02, 1.89175995e+02,
    4.00994995e+02, 2.15072998e+02, 3.95648987e+02, 2.13718002e+02,
    3.77511993e+02, 1.91498001e+02, 3.77257996e+02, 1.65772995e+02,
    3.71942993e+02, 1.89949997e+02, 3.88093994e+02, 2.02315002e+02,
    3.29065002e+02 ]
noOfLandmarkPoint: 68
