%YAML:1.0
landmark: [ 6.53973999e+01, 3.12450012e+02, 7.96756973e+01,
    3.55274994e+02, 9.54652023e+01, 3.97529999e+02, 1.19313004e+02,
    4.35778992e+02, 1.48725998e+02, 4.69951996e+02, 185., 4.96593994e+02,
    2.27623993e+02, 5.10582001e+02, 2.72488007e+02, 5.07295990e+02,
    3.16106995e+02, 4.95904999e+02, 3.55455994e+02, 4.74125000e+02,
    3.85954987e+02, 4.41115997e+02, 4.05559998e+02, 4.00566010e+02,
    4.17425995e+02, 3.57075012e+02, 4.20703003e+02, 3.12108002e+02,
    4.18641998e+02, 2.67019989e+02, 3.75066010e+02, 2.38278000e+02,
    3.22552002e+02, 2.27554993e+02, 2.79846008e+02, 2.39214996e+02,
    2.59171997e+02, 2.61457001e+02, 2.88587006e+02, 2.51470993e+02,
    3.28891998e+02, 2.41389008e+02, 9.41390991e+01, 2.67019989e+02,
    1.33514008e+02, 2.42477997e+02, 1.69289993e+02, 2.47352997e+02,
    2.03542999e+02, 2.66092987e+02, 1.67932999e+02, 2.62574005e+02,
    1.39117004e+02, 2.55335999e+02, 1.22945999e+02, 2.99398010e+02,
    1.52210999e+02, 2.84791992e+02, 1.91272003e+02, 2.94618988e+02,
    1.54432007e+02, 3.04820007e+02, 1.52550003e+02, 2.97615997e+02,
    3.53480988e+02, 2.75308990e+02, 3.12532990e+02, 2.70696014e+02,
    2.82278992e+02, 2.89127014e+02, 3.18350006e+02, 2.90423004e+02,
    3.13873993e+02, 2.81854004e+02, 2.03143005e+02, 2.99976013e+02,
    1.98985992e+02, 3.53325989e+02, 1.89285995e+02, 3.79653992e+02,
    2.08686005e+02, 4.03210999e+02, 2.40628998e+02, 4.02384003e+02,
    2.75200012e+02, 3.91432007e+02, 2.91135010e+02, 3.66489990e+02,
    2.68270996e+02, 3.44317993e+02, 2.55386002e+02, 2.91519989e+02,
    2.13535995e+02, 3.90739014e+02, 2.63420990e+02, 3.84503998e+02,
    1.77582993e+02, 4.27416992e+02, 2.09932999e+02, 4.23088013e+02,
    2.34281998e+02, 4.20891998e+02, 2.48207993e+02, 4.24686005e+02,
    2.59927002e+02, 4.16303009e+02, 2.91756012e+02, 4.12766998e+02,
    3.31489990e+02, 4.08873993e+02, 3.02231995e+02, 4.25165985e+02,
    2.79988007e+02, 4.37001007e+02, 2.51649002e+02, 4.44463989e+02,
    2.30179993e+02, 4.43781006e+02, 2.05682007e+02, 4.38287994e+02,
    2.23917007e+02, 4.26329010e+02, 2.49151001e+02, 4.27545990e+02,
    2.78552002e+02, 4.20733002e+02, 2.80410004e+02, 4.22415009e+02,
    2.50378006e+02, 4.30503998e+02, 2.26768005e+02, 4.28243011e+02,
    2.49518997e+02, 4.28278992e+02, 2.34139008e+02, 3.69933990e+02 ]
noOfLandmarkPoint: 68
