%YAML:1.0
landmark: [ 4.58322983e+01, 2.52042999e+02, 4.60564995e+01,
    2.93390991e+02, 4.84403992e+01, 3.34673004e+02, 5.54649010e+01,
    3.75335999e+02, 7.21486969e+01, 4.13036987e+02, 1.00807999e+02,
    4.42450989e+02, 1.37317993e+02, 4.61520996e+02, 1.78089005e+02,
    4.67696991e+02, 2.19317001e+02, 4.65283997e+02, 2.58178009e+02,
    4.52170990e+02, 2.83958008e+02, 4.20553986e+02, 2.95489014e+02,
    3.80911011e+02, 3.06321991e+02, 3.41009003e+02, 3.14105988e+02,
    3.00431000e+02, 3.17415985e+02, 2.59217010e+02, 2.92820007e+02,
    2.36671005e+02, 2.62132996e+02, 2.13382004e+02, 2.33522995e+02,
    2.16026001e+02, 2.07244995e+02, 2.28983994e+02, 2.36339996e+02,
    2.29904999e+02, 2.62507996e+02, 2.27225006e+02, 8.32390976e+01,
    2.28983994e+02, 1.00207001e+02, 2.08046005e+02, 1.32684006e+02,
    2.11399994e+02, 1.65738998e+02, 2.28472000e+02, 1.30427994e+02,
    2.25462997e+02, 1.03053001e+02, 2.24990997e+02, 1.03069000e+02,
    2.45264008e+02, 1.24542999e+02, 2.32268997e+02, 1.51313004e+02,
    2.46998993e+02, 1.25378998e+02, 2.52274002e+02, 1.24233002e+02,
    2.40257996e+02, 2.72239990e+02, 2.54016006e+02, 2.48720993e+02,
    2.37882996e+02, 2.18863998e+02, 2.52362000e+02, 2.50738998e+02,
    2.59217987e+02, 2.48238998e+02, 2.45893997e+02, 1.63688995e+02,
    2.49481003e+02, 1.56003006e+02, 2.92524994e+02, 1.48317001e+02,
    3.17121002e+02, 1.57028000e+02, 3.29932007e+02, 1.87772995e+02,
    3.30957001e+02, 2.16468994e+02, 3.29419006e+02, 2.20056000e+02,
    3.09946991e+02, 2.12369995e+02, 2.89450012e+02, 2.08270004e+02,
    2.53067993e+02, 1.67889008e+02, 3.21338013e+02, 2.03658005e+02,
    3.22757996e+02, 1.35505997e+02, 3.73488007e+02, 1.52658997e+02,
    3.64726990e+02, 1.71498993e+02, 3.60839996e+02, 1.86235992e+02,
    3.63239014e+02, 2.01399994e+02, 3.61217010e+02, 2.16772003e+02,
    3.68270996e+02, 2.26205002e+02, 3.78098999e+02, 2.11584000e+02,
    3.87105011e+02, 1.97315994e+02, 3.90088013e+02, 1.81623993e+02,
    3.90910004e+02, 1.66606003e+02, 3.87570007e+02, 1.52673996e+02,
    3.82256012e+02, 1.63511002e+02, 3.74757996e+02, 1.84434006e+02,
    3.78502014e+02, 2.05947006e+02, 3.77592010e+02, 2.07016006e+02,
    3.73882996e+02, 1.85255005e+02, 3.73036011e+02, 1.63735001e+02,
    3.70871002e+02, 1.84921005e+02, 3.76546997e+02, 1.91360001e+02,
    3.08921997e+02 ]
noOfLandmarkPoint: 68
