%YAML:1.0
landmark: [ 7.60123978e+01, 2.77734009e+02, 7.69932022e+01,
    3.21049011e+02, 8.45129013e+01, 3.63739990e+02, 9.22389984e+01,
    4.06381012e+02, 1.10995003e+02, 4.45194000e+02, 1.42158997e+02,
    4.75098999e+02, 1.81804001e+02, 4.91803009e+02, 2.24895996e+02,
    4.95143005e+02, 2.67355011e+02, 4.86889008e+02, 3.05509003e+02,
    4.66855011e+02, 3.37105011e+02, 4.37201996e+02, 3.56403992e+02,
    3.98779999e+02, 3.64923004e+02, 3.56292999e+02, 3.69052002e+02,
    3.13166992e+02, 3.68019012e+02, 2.69826996e+02, 3.37447998e+02,
    2.48744003e+02, 3.11092987e+02, 2.33985992e+02, 2.76971985e+02,
    2.30253998e+02, 2.55222000e+02, 2.43473007e+02, 2.81309998e+02,
    2.45156006e+02, 3.12674011e+02, 2.45054001e+02, 1.08692001e+02,
    2.60867004e+02, 1.27905998e+02, 2.36628006e+02, 1.66214005e+02,
    2.32962997e+02, 2.00932007e+02, 2.52960999e+02, 1.62731995e+02,
    2.48998001e+02, 1.34481995e+02, 2.49195007e+02, 1.37016998e+02,
    2.75311005e+02, 1.57061996e+02, 2.62765991e+02, 1.81843994e+02,
    2.74436005e+02, 1.57416000e+02, 2.76415009e+02, 1.58238007e+02,
    2.68773010e+02, 3.09622009e+02, 2.70411011e+02, 2.85803986e+02,
    2.59265015e+02, 2.59899994e+02, 2.73515991e+02, 2.87858002e+02,
    2.75205994e+02, 2.86846985e+02, 2.66665009e+02, 2.01459000e+02,
    2.77734009e+02, 1.95660995e+02, 3.20428009e+02, 1.83011002e+02,
    3.37821991e+02, 1.89863007e+02, 3.55216003e+02, 2.24651001e+02,
    3.64703003e+02, 2.59966003e+02, 3.54687988e+02, 2.65237000e+02,
    3.37821991e+02, 2.51531998e+02, 3.20428009e+02, 2.42572006e+02,
    2.79842010e+02, 2.02513000e+02, 3.53634003e+02, 2.44153000e+02,
    3.53106995e+02, 1.54548004e+02, 3.93165985e+02, 1.87014999e+02,
    3.88040985e+02, 2.07440002e+02, 3.86854004e+02, 2.22014999e+02,
    3.90529999e+02, 2.37108994e+02, 3.86308014e+02, 2.62092010e+02,
    3.88187988e+02, 2.91591003e+02, 3.90529999e+02, 2.64759003e+02,
    4.09967987e+02, 2.45979996e+02, 4.18871002e+02, 2.21488007e+02,
    4.26372009e+02, 2.03143005e+02, 4.21925995e+02, 1.82283005e+02,
    4.13040985e+02, 1.98332993e+02, 4.03760986e+02, 223., 4.06204987e+02,
    2.52139008e+02, 4.02134003e+02, 2.51981003e+02, 3.93904999e+02,
    2.23485992e+02, 3.95391998e+02, 1.99317993e+02, 3.93321991e+02,
    2.23240005e+02, 3.99507996e+02, 2.24651001e+02, 3.44674011e+02 ]
noOfLandmarkPoint: 68
