%YAML:1.0
landmark: [ 4.78970985e+01, 2.02498993e+02, 5.21024017e+01,
    2.32302002e+02, 5.69255981e+01, 2.62010986e+02, 6.23451996e+01,
    2.91608002e+02, 7.15645981e+01, 3.20225006e+02, 9.21605988e+01,
    3.40885986e+02, 1.20040001e+02, 3.51565002e+02, 1.50011993e+02,
    3.53306000e+02, 1.79089996e+02, 3.45923004e+02, 2.05559998e+02,
    3.32002991e+02, 2.25591003e+02, 3.09686005e+02, 2.37391998e+02,
    2.82191010e+02, 2.39651001e+02, 2.52212997e+02, 2.42130997e+02,
    2.22223007e+02, 2.40546997e+02, 1.92186005e+02, 2.12494995e+02,
    1.74035004e+02, 1.89311996e+02, 1.54026001e+02, 1.57759003e+02,
    1.59889008e+02, 1.44841003e+02, 1.75272003e+02, 1.61539993e+02,
    1.73447006e+02, 1.89806000e+02, 1.67847000e+02, 5.44975014e+01,
    1.93011002e+02, 6.65506973e+01, 1.65145004e+02, 9.52418976e+01,
    1.66113007e+02, 1.12250999e+02, 1.79397003e+02, 9.30358963e+01,
    1.79531006e+02, 7.18237000e+01, 1.76921997e+02, 7.29593964e+01,
    1.98419998e+02, 8.48534012e+01, 1.88227005e+02, 1.03707001e+02,
    1.97412994e+02, 8.57125015e+01, 2.01925995e+02, 8.74997025e+01,
    1.95899002e+02, 1.92382996e+02, 1.88563004e+02, 1.73925003e+02,
    1.79440002e+02, 1.57481995e+02, 1.93266998e+02, 1.76498001e+02,
    1.97022995e+02, 1.75367996e+02, 1.88061005e+02, 1.13075996e+02,
    2.00848999e+02, 1.07301003e+02, 2.17763000e+02, 1.00700996e+02,
    2.34264008e+02, 1.02763000e+02, 2.47876999e+02, 1.21738998e+02,
    2.52414993e+02, 1.46490997e+02, 2.49940002e+02, 1.53917007e+02,
    2.35501007e+02, 1.44841003e+02, 2.21063004e+02, 1.41953003e+02,
    1.97548996e+02, 1.11014000e+02, 2.43751999e+02, 1.34528000e+02,
    2.42514008e+02, 9.57502975e+01, 2.90779999e+02, 1.13559998e+02,
    2.78799988e+02, 1.24953003e+02, 2.73947998e+02, 1.32052994e+02,
    2.75928986e+02, 1.40481995e+02, 2.72136993e+02, 1.55479004e+02,
    2.77481995e+02, 1.70830002e+02, 2.86654999e+02, 1.60847000e+02,
    2.93281006e+02, 1.49524002e+02, 2.99541992e+02, 1.33289993e+02,
    3.05217987e+02, 1.23402000e+02, 3.03916992e+02, 1.12175003e+02,
    2.99881012e+02, 1.20647003e+02, 2.90321991e+02, 1.33289993e+02,
    2.90367004e+02, 1.50822998e+02, 2.86295990e+02, 1.49598999e+02,
    2.81760010e+02, 1.33289993e+02, 2.83354004e+02, 1.21179001e+02,
    2.84454987e+02, 1.33703003e+02, 2.86654999e+02, 1.19677002e+02,
    2.34675995e+02 ]
noOfLandmarkPoint: 68
