%YAML:1.0
landmark: [ 6.54371033e+01, 2.16524002e+02, 6.75635986e+01,
    2.47591995e+02, 7.11224976e+01, 2.78524994e+02, 7.51061020e+01,
    3.09356995e+02, 8.90702972e+01, 3.37056000e+02, 1.10130997e+02,
    3.59787994e+02, 1.38850998e+02, 3.71205994e+02, 1.69811005e+02,
    3.73687988e+02, 2.00516006e+02, 3.68764008e+02, 2.29572998e+02,
    3.57869995e+02, 2.50675003e+02, 3.35388000e+02, 2.65089996e+02,
    3.07807007e+02, 2.74707001e+02, 2.78265991e+02, 2.80187988e+02,
    2.47649994e+02, 2.80511993e+02, 2.16524002e+02, 2.39404007e+02,
    1.92692993e+02, 2.17054993e+02, 1.75585007e+02, 1.83274994e+02,
    1.78287003e+02, 1.70889008e+02, 1.88522003e+02, 1.88593994e+02,
    1.85768005e+02, 2.15703995e+02, 1.83692001e+02, 7.61611023e+01,
    1.95671997e+02, 8.37379990e+01, 1.80539001e+02, 1.13014000e+02,
    1.79188004e+02, 1.30972000e+02, 1.93287994e+02, 1.08959999e+02,
    1.89996994e+02, 8.86922989e+01, 1.87294998e+02, 8.14328995e+01,
    2.11341995e+02, 1.01447998e+02, 2.01347000e+02, 1.29184998e+02,
    2.14735992e+02, 1.01574997e+02, 2.20964996e+02, 9.88005981e+01,
    2.11757004e+02, 2.21037003e+02, 2.09802002e+02, 1.94401993e+02,
    1.99955002e+02, 1.75399002e+02, 2.13171997e+02, 1.96537994e+02,
    2.17804001e+02, 1.91742004e+02, 2.08779007e+02, 1.35983994e+02,
    2.17921997e+02, 1.29227997e+02, 2.49449997e+02, 1.23822998e+02,
    2.64763000e+02, 1.31567993e+02, 2.74910004e+02, 1.48845993e+02,
    2.73717987e+02, 1.70294006e+02, 2.74313995e+02, 1.78320999e+02,
    2.62061005e+02, 1.69313004e+02, 2.45845993e+02, 1.66610992e+02,
    2.18822998e+02, 1.34632996e+02, 2.69266998e+02, 1.60755997e+02,
    2.68365997e+02, 1.19056999e+02, 3.07677002e+02, 1.28722000e+02,
    3.00429993e+02, 1.38776993e+02, 2.95407990e+02, 1.47694000e+02,
    2.96740997e+02, 1.59403000e+02, 2.94285004e+02, 1.76949997e+02,
    2.98717987e+02, 1.95315994e+02, 3.06485992e+02, 1.81156006e+02,
    3.16063995e+02, 1.67608002e+02, 3.21027008e+02, 1.50847000e+02,
    3.23313995e+02, 1.40776001e+02, 3.21532013e+02, 1.30828995e+02,
    3.17165009e+02, 1.40419998e+02, 3.09321991e+02, 1.51925995e+02,
    3.10557007e+02, 1.69209000e+02, 3.08848999e+02, 1.68406998e+02,
    3.04149994e+02, 1.50820007e+02, 3.04979004e+02, 1.38798004e+02,
    3.04441010e+02, 1.51268005e+02, 3.08238007e+02, 1.42289001e+02,
    2.58006989e+02 ]
noOfLandmarkPoint: 68
