%YAML:1.0
landmark: [ 4.25484009e+01, 2.80644989e+02, 5.24373016e+01,
    3.17368011e+02, 6.34571991e+01, 3.53757996e+02, 7.65942001e+01,
    3.89174988e+02, 9.67913971e+01, 4.21355011e+02, 1.25737999e+02,
    4.45455994e+02, 1.60970001e+02, 4.59720001e+02, 1.98112000e+02,
    4.62941986e+02, 2.33610992e+02, 4.49423004e+02, 2.66141998e+02,
    4.30054993e+02, 2.89072998e+02, 3.99958008e+02, 3.01371002e+02,
    3.64074005e+02, 3.10138000e+02, 3.27069000e+02, 3.15523987e+02,
    2.89457001e+02, 3.19161011e+02, 2.51613007e+02, 2.94161011e+02,
    2.29839005e+02, 2.61096985e+02, 2.12097000e+02, 2.32065002e+02,
    2.14516006e+02, 2.07065002e+02, 2.29031998e+02, 2.33677002e+02,
    2.24194000e+02, 2.59484009e+02, 2.24194000e+02, 6.59355011e+01,
    2.51613007e+02, 9.98065033e+01, 2.31451996e+02, 1.21581001e+02,
    2.30645004e+02, 1.44160995e+02, 2.37097000e+02, 1.26418999e+02,
    2.39516006e+02, 9.49676971e+01, 2.41128998e+02, 9.25550003e+01,
    2.70865997e+02, 1.17057999e+02, 2.55246994e+02, 1.46533005e+02,
    2.69509003e+02, 1.18008003e+02, 2.78769012e+02, 1.17547997e+02,
    2.66934998e+02, 2.62696991e+02, 2.55156998e+02, 2.33667999e+02,
    2.44104996e+02, 2.06313995e+02, 2.63497986e+02, 2.37192001e+02,
    2.66339996e+02, 2.34483994e+02, 2.54839005e+02, 1.53031998e+02,
    2.70967987e+02, 1.56257996e+02, 3.03226013e+02, 1.44968002e+02,
    3.28226013e+02, 1.55451996e+02, 3.36290009e+02, 1.81257996e+02,
    3.37096985e+02, 2.09483994e+02, 3.32257996e+02, 2.16742004e+02,
    3.20161011e+02, 1.97386993e+02, 2.96773987e+02, 1.94968002e+02,
    2.63709991e+02, 1.62378006e+02, 3.28670013e+02, 1.94339005e+02, 325.,
    1.28031998e+02, 3.73386993e+02, 1.51496002e+02, 3.63415985e+02,
    1.70360992e+02, 3.60204987e+02, 1.80223999e+02, 3.61325012e+02,
    1.97932007e+02, 3.57290985e+02, 2.18110001e+02, 3.56997986e+02,
    2.40128998e+02, 3.62903015e+02, 2.24593002e+02, 3.87153992e+02,
    2.05447006e+02, 3.98612000e+02, 1.85602997e+02, 4.03690002e+02,
    1.64362000e+02, 4.01529999e+02, 1.45447998e+02, 3.91972992e+02,
    1.57421005e+02, 3.87365997e+02, 1.83809998e+02, 3.87102997e+02,
    2.12979996e+02, 3.81233002e+02, 2.08789993e+02, 3.65424988e+02,
    1.80671997e+02, 3.69170990e+02, 1.57817993e+02, 3.70092010e+02,
    1.82464996e+02, 3.77912994e+02, 1.76419006e+02, 3.08871002e+02 ]
noOfLandmarkPoint: 68
